File: C:\MED-PC IV\Data\ALFE\AU019.999


Start Date: 01/25/24
End Date: 01/25/24
Subject: 19
Experiment: AU
Group: LINEAR
Box: 5
Start Time: 14:32:09
End Time: 15:22:09
MSN: DRRD_500ms
C:       0.000
F:       0.000
G:       0.000
H:       0.000
I:       0.000
J:       0.000
K:      15.000
L:       0.000
M:       0.000
N:       0.000
O:       0.000
P:       0.000
Q:       0.000
R:       0.000
S:       0.000
U:  292049.000
V:       0.000
X:       0.000
Y:    2136.000
Z:       0.000
A:
     0:    13094.005    13199.009    15000.011    16241.005    16337.009
     5:    16621.001    16690.003    16804.005    17155.009    17519.001
    10:    17633.003    17688.001    17839.003    18280.001    18589.003
    15:    18597.005    18795.009    19083.001    19209.003    19941.001
    20:    20195.003    20274.005    20376.009    20657.001    20723.003
    25:    21012.001    21263.003    21505.001    22255.018    22655.003
    30:    22661.016    22711.026    22785.001    23006.003    23008.005
    35:    23574.009    24053.001    24120.003    24226.005    24988.009
    40:    25378.001    25412.003    25504.005    25880.009    26200.001
    45:    26301.003    26382.005    26755.009    26966.001    27101.003
    50:    27173.005    27332.009    27579.001    28241.003    28375.001
    55:    29125.018    29431.003    29437.016    29487.026    29508.005
    60:    30009.009    31044.001    31142.003    31334.001    31469.003
    65:    31542.005    31904.009    32275.001    32434.003    32522.005
    70:    32832.009    34553.005    34568.009    35157.001    35526.003
    75:    35670.001    35685.003    36477.001    36639.003    37925.001
    80:    38048.003    39937.001    40052.003    40171.001    40328.003
    85:    40510.005    40625.009    41210.001    41379.003    46488.001
    90:    47228.003    47841.001    47932.003    48014.001    48282.003
    95:    48319.001    48826.003    48929.005    49047.009    53249.005
   100:    53331.009    59211.001    59320.003    59738.005    59917.009
   105:    63816.001    63927.003    64374.001    64465.003    64562.005
   110:    64737.009    77076.005    77516.009    78183.005    78267.009
   115:    80733.005    80851.009    80949.005    81087.009    81787.005
   120:    81861.009    81964.005    82137.009    82153.005    82166.009
   125:    82230.005    82523.009    82804.005    82829.009    82864.005
   130:    82989.009    83990.005    84306.009    86264.001    86646.003
   135:    88699.005    88862.009   107814.002   107995.004   108852.005
   140:   108865.009   108938.005   108965.009   110080.005   110120.009
   145:   111760.005   111827.009   113454.005   114036.009   115338.005
   150:   115433.009   115483.005   115645.009   115767.005   116296.009
   155:   119653.005   119760.009   120723.001   121031.003   121087.001
   160:   121837.018   122259.003   122265.016   122305.001   122315.026
   165:   122487.003   122571.005   123306.009   129007.005   129104.009
   170:   129592.005   129795.009   130528.005   130757.009   134617.001
   175:   134678.003   134842.005   134945.009   148752.001   149164.003
   180:   150194.001   150238.003   150333.005   150474.009   150860.001
   185:   151113.003   160814.005   160892.009   160939.005   161073.009
   190:   161086.005   161536.009   163039.001   163282.003   163408.005
   195:   163886.009   163939.005   164068.009   164091.005   164094.009
   200:   167672.005   167753.009   169597.005   169625.009   194340.005
   205:   194391.009   212751.005   212794.009   212799.005   212840.009
   210:   212871.005   212879.009   215437.001   216187.018   216480.003
   215:   216486.016   216536.026   216700.005   217863.009   220404.001
   220:   220508.003   220601.005   220767.009   222627.005   222859.009
   225:   233262.005   233562.009   234389.005   234479.009   236772.005
   230:   238271.009   245278.005   245599.009   246180.005   246666.009
   235:   247602.002   248085.004   250630.001   251380.018   253854.003
   240:   253860.016   253910.026   254042.005   254740.009   258648.001
   245:   258765.003   258838.005   259006.009   260163.001   260551.003
   250:   260597.001   260768.003   261351.001   261468.003   263702.001
   255:   263772.003   263896.005   263968.009   266032.005   266259.009
   260:   266503.005   266699.009   267805.001   267921.003   267987.001
   265:   268462.003   268619.005   268703.009   273572.001   273814.003
   270:   273925.005   274071.009   278702.001   278817.003   278893.005
   275:   279047.009   282852.005   282970.009   285212.005   285234.009
   280:   292344.005   292448.009   292550.005   292733.009   294404.001
   285:   294540.003   294652.005   294782.009   297172.005   297362.009
   290:   298400.001   298533.003   301386.001   301395.003   302832.001
   295:   302948.003   307522.001   307567.003   307919.001   308165.003
   300:   308234.001   308444.003   308814.001   309133.003   311757.001
   305:   312085.003   312231.001   312671.003   313226.001   313469.003
   310:   313655.001   313932.003   314047.005   314223.009   314499.001
   315:   315249.018   316557.003   316563.016   316613.026   316802.005
   320:   317654.009   317834.005   319092.009   322836.005   322853.009
   325:   323796.001   323879.003   323979.005   324117.009   324370.001
   330:   325120.018   326795.003   326801.016   326851.026   326886.005
   335:   327957.009   330982.001   331732.018   332267.003   332273.016
   340:   332323.026   332359.005   332991.009   333162.005   333493.009
   345:   336431.001   336745.003   336826.005   337013.009   337248.001
   350:   337936.003   338049.001   338129.003   338257.005   338378.009
   355:   338596.001   338958.003   340331.001   340439.003   340630.001
   360:   340864.003   343536.001   343664.003   344418.001   344787.003
   365:   344952.005   345093.009   345331.001   345427.003   345527.005
   370:   345761.009   345775.005   345776.009   345778.005   345802.009
   375:   345862.005   346021.009   346055.005   346345.009   346586.005
   380:   346699.009   347074.001   347404.003   347827.001   347942.003
   385:   348035.005   348180.009   351871.002   352199.004   352754.005
   390:   352837.009   353174.002   353776.004   354045.005   354051.009
   395:   354164.005   354334.009   354802.002   356397.004   357234.001
   400:   357313.003   357406.005   357564.009   359287.005   359373.009
   405:   360989.001   361369.003   361510.005   361660.009   361984.001
   410:   362120.003   362985.005   363358.009   363711.001   363845.003
   415:   365308.005   365462.009   367613.005   367847.009   368107.001
   420:   368520.003   371492.001   372229.003   372256.005   372542.009
   425:   373424.001   373603.003   373759.001   373782.003   373881.005
   430:   374074.009   374301.001   375051.018   375461.005   375496.003
   435:   375502.016   375552.026   376480.009   376983.005   377148.009
   440:   377162.005   377254.009   379529.001   379663.003   379773.005
   445:   380023.009   380502.001   380615.003   380721.005   380920.009
   450:   381290.001   382022.003   382280.005   382449.009   382747.001
   455:   382844.003   382895.001   383030.003   383147.005   383263.009
   460:   383623.001   383810.003   387382.001   387403.003   387710.001
   465:   387771.003   392523.001   393273.018   394384.003   394390.016
   470:   394440.026   394563.005   395385.009   396796.005   396898.009
   475:   398824.005   398976.009   400531.005   400664.009   400987.001
   480:   401200.003   401361.001   401450.003   401559.005   401609.009
   485:   405024.005   405057.009   406781.001   406827.003   406997.001
   490:   407055.003   407369.005   407600.009   407849.001   407950.003
   495:   408182.001   408517.003   408690.001   408804.003   408897.005
   500:   409105.009   414823.002   414993.004   415372.002   415600.004
   505:   415734.005   415890.009   421869.001   422091.003   422977.001
   510:   423011.003   424377.001   424818.003   424933.005   425172.009
   515:   425533.001   425637.003   425908.001   426456.003   427203.001
   520:   427953.018   428026.003   428032.016   428082.026   428188.005
   525:   429276.009   467312.005   467532.009   468917.005   469245.009
   530:   469990.001   470182.003   470400.005   470414.009   470793.001
   535:   471152.003   471393.001   471664.003   473421.005   473730.009
   540:   473841.005   473875.009   474174.005   475122.009   501637.005
   545:   501717.009   502170.002   502494.004   508426.005   509024.009
   550:   535056.005   535085.009   535099.005   535254.009   535262.005
   555:   535621.009   551363.005   551369.009   553697.005   554011.009
   560:   569395.002   569837.004   575054.001   575804.018   576045.003
   565:   576051.016   576101.026   576240.005   577248.009   577279.005
   570:   577608.009   580661.005   581227.009   581993.001   582396.003
   575:   582629.005   582750.009   583106.001   583691.003   583781.001
   580:   584044.003   585603.001   585643.003   586378.001   586592.003
   585:   586680.005   587384.009   590731.005   590813.009   591960.005
   590:   592283.009   608229.005   608405.009   608722.001   608968.003
   595:   612439.001   612487.003   612667.005   612678.009   612691.005
   600:   612878.009   614046.001   614079.003   614256.005   614398.009
   605:   617871.001   618002.003   619300.001   619548.003   619726.005
   610:   620005.009   643155.005   643179.009   643203.005   643613.009
   615:   653212.001   653330.003   653458.005   653711.009   655399.001
   620:   655562.003   655592.001   655786.003   656323.001   656404.003
   625:   656641.005   657345.009   657361.005   657567.009   661086.005
   630:   661531.009   675451.005   675784.009   675878.005   675906.009
   635:   676602.002   677010.004   696959.001   697476.003   697669.001
   640:   697989.003   699068.005   699373.009   700074.001   700824.018
   645:   701240.003   701246.016   701296.026   701378.005   702267.009
   650:   708038.005   708415.009   717623.005   717650.009   717785.005
   655:   718044.009   719185.005   719628.009   719640.005   720701.009
   660:   747103.005   747222.009   748765.001   748873.003   749103.001
   665:   749188.003   749373.005   749552.009   754175.002   754367.004
   670:   755267.005   755289.009   755616.005   755633.009   755740.005
   675:   755863.009   755936.005   756057.009   759081.001   759173.003
   680:   760259.001   760366.003   760472.005   760570.009   762333.005
   685:   762430.009   762461.005   762745.009   763102.001   763445.003
   690:   763478.001   764228.018   764657.003   764663.016   764713.026
   695:   764889.005   765538.009   774734.005   775019.009   775038.005
   700:   775059.009   788480.001   789083.003   790073.005   790184.009
   705:   790260.005   790274.009   790991.001   791096.003   791252.005
   710:   791319.009   791640.001   791910.003   792072.005   792339.009
   715:   792369.005   792393.009   792460.005   792611.009   793539.001
   720:   793751.003   793860.005   793960.009   794988.005   795307.009
   725:   806935.005   806972.009   806992.005   807070.009   807108.005
   730:   807194.009   808570.001   808916.003   809173.001   809265.003
   735:   809650.001   810400.018   810548.003   810554.016   810604.026
   740:   810787.005   811371.009   811446.005   811482.009   814931.005
   745:   814935.009   814946.005   814973.009   815007.005   815164.009
   750:   816312.001   816404.003   816907.005   817022.009   817320.001
   755:   817794.003   817962.001   818363.003   818515.001   818630.003
   760:   818781.001   819325.003   819597.005   819803.009   823084.001
   765:   823178.003   824157.001   824607.003   825812.001   825883.003
   770:   825955.005   826066.009   826310.001   827060.018   827641.003
   775:   827647.016   827697.026   827813.005   828372.009   830635.005
   780:   830648.009   830660.005   830667.009   830675.005   830865.009
   785:   835450.001   835550.003   835670.005   835746.009   836000.001
   790:   836123.003   836231.005   836504.009   837022.001   837330.003
   795:   838118.001   838233.003   838265.001   838418.003   838457.001
   800:   839207.018   839569.003   839575.016   839625.026   839757.005
   805:   840461.009   843205.005   843304.009   843526.001   843711.003
   810:   843785.005   843992.009   844245.001   844995.018   845097.003
   815:   845103.016   845153.026   845208.005   845612.009   849053.001
   820:   849120.003   849207.005   849320.009   849358.005   849565.009
   825:   849857.001   849982.003   850212.005   851180.009   851581.001
   830:   851683.003   851794.001   851936.003   852365.001   852612.003
   835:   853881.001   854163.003   854335.005   854436.009   854611.001
   840:   855018.003   855312.005   855506.009   855692.001   855988.003
   845:   856066.001   856816.018   857056.003   857062.016   857112.026
   850:   857262.005   858078.009   863870.001   863958.003   864083.005
   855:   864227.009   864448.001   864551.003   864930.001   865658.003
   860:   865775.005   865885.009   866393.001   866519.003   867264.001
   865:   867391.003   868336.001   868418.003   869599.001   869700.003
   870:   869945.001   870295.003   870337.001   870405.003   870774.005
   875:   870877.009   871546.001   872296.018   872615.003   872621.016
   880:   872671.026   872772.005   874095.009   874154.005   874158.009
   885:   874510.001   874550.003   874628.005   875146.009   875177.005
   890:   875180.009   875189.005   875240.009   876657.001   876708.003
   895:   876779.005   877389.009   877472.005   877475.009   877505.005
   900:   877540.009   877851.001   878601.018   878988.003   878994.016
   905:   879041.005   879044.026   879074.009   879082.005   879601.009
   910:   879660.005   879688.009   879692.005   879786.009   881982.001
   915:   882116.003   882187.005   882372.009   882549.001   882675.003
   920:   882754.005   883062.009   884231.001   884981.018   885229.003
   925:   885235.016   885285.026   885363.005   885994.009   891203.005
   930:   891307.009   892042.005   892142.009   892946.001   893069.003
   935:   893411.005   893695.009   894647.001   895187.003   895206.005
   940:   895469.009   895500.005   895649.009   895954.001   896704.018
   945:   897449.003   897455.016   897505.026   897544.005   898608.009
   950:   898638.005   898648.009   898738.005   898760.009   898771.005
   955:   898944.009   899555.001   899633.003   899759.005   900302.009
   960:   900323.005   900339.009   903230.001   903359.003   903429.001
   965:   903585.003   903733.005   903880.009   904046.001   904376.003
   970:   905005.001   905217.003   906240.001   906913.003   907357.001
   975:   908107.018   908815.003   908821.016   908871.026   908983.005
   980:   909655.009   912277.001   912348.003   912437.005   912603.009
   985:   912851.001   912920.003   913443.001   913722.003   913840.005
   990:   913955.009   914206.001   914243.003   914502.001   914600.003
   995:   914653.001   914821.003   914918.005   915153.009   915889.001
  1000:   916421.003   916491.005   916883.009   916885.005   916901.009
  1005:   918305.001   918373.003   918460.005   918768.009   919081.001
  1010:   919831.018   919955.003   919961.016   920011.026   920041.005
  1015:   920464.009   927633.005   927799.009   928390.005   928452.009
  1020:   928938.001   929137.003   930560.001   930924.003   933490.001
  1025:   933511.003   933987.005   934202.009   934535.001   934786.003
  1030:   935087.001   935431.003   935711.005   935726.009   935753.005
  1035:   935770.009   935780.005   935950.009   937325.001   937428.003
  1040:   937742.005   937892.009   942002.001   942094.003   942178.005
  1045:   942328.009   944591.001   944712.003   944981.005   945019.009
  1050:   945249.001   945510.003   946651.001   947401.018   948091.003
  1055:   948097.016   948147.026   948152.005   948766.009   948845.005
  1060:   949155.009   953899.005   953956.009   955367.001   955519.003
  1065:   955640.005   956260.009   959194.001   959213.003   959375.005
  1070:   959520.009   960592.001   960720.003   961636.001   962108.003
  1075:   962711.001   962873.003   963137.001   963213.003   963391.005
  1080:   963581.009   965588.005   965628.009   970883.001   970972.003
  1085:   971116.005   971337.009   972872.001   973041.003   973168.001
  1090:   973610.003   973690.005   974601.009   975070.001   975459.003
  1095:   975537.005   975811.009   976059.001   976316.003   976495.001
  1100:   977245.018   977272.003   977278.016   977328.026   977418.005
  1105:   977956.009   978210.005   978683.009   978775.005   978847.009
  1110:   981952.001   982221.003   982332.005   982440.009   982680.001
  1115:   982842.003   982913.001   983613.003   984207.001   984737.003
  1120:   984809.005   985032.009   987219.001   987296.003   987379.005
  1125:   987482.009   987558.005   987618.009   989851.001   989951.003
  1130:   990025.005   990622.009   990639.005   990845.009   995013.001
  1135:   995104.003   995178.005   995429.009   996972.001   997080.003
  1140:   997155.005   998024.009   998186.005   998189.009   998710.001
  1145:   998882.003   998972.001   999332.003   999455.005   999548.009
  1150:   999869.001  1000619.018  1000779.003  1000785.016  1000835.026
  1155:  1000959.005  1001388.009  1001400.005  1001672.009  1001693.005
  1160:  1001874.009  1001938.005  1002110.009  1002149.005  1002385.009
  1165:  1004985.001  1005166.003  1005343.005  1005438.009  1005889.001
  1170:  1006001.003  1006258.001  1006488.003  1006626.005  1006692.009
  1175:  1007140.001  1007769.003  1007884.005  1008023.009  1008330.001
  1180:  1008553.003  1009050.001  1009256.003  1009375.005  1009421.009
  1185:  1009954.001  1010704.018  1011256.003  1011262.016  1011267.005
  1190:  1011312.026  1012334.009  1012427.005  1012746.009  1012815.005
  1195:  1012959.009  1016706.005  1016825.009  1016899.005  1016929.009
  1200:  1017138.001  1017888.018  1018299.003  1018305.016  1018355.026
  1205:  1018431.005  1019214.009  1019306.005  1019323.009  1019351.005
  1210:  1019617.009  1020094.005  1020095.009  1020118.005  1020605.009
  1215:  1020665.005  1020694.009  1020727.005  1020761.009  1020770.005
  1220:  1020806.009  1020826.005  1022157.009  1025430.001  1025480.003
  1225:  1025829.005  1025865.009  1026084.001  1026541.003  1026567.001
  1230:  1026887.003  1027490.001  1027990.003  1028030.001  1028403.003
  1235:  1028910.001  1029660.018  1030536.003  1030542.016  1030592.026
  1240:  1030623.005  1031098.009  1031174.005  1032394.009  1035831.005
  1245:  1036053.009  1036384.002  1036639.004  1038638.001  1038862.003
  1250:  1039629.001  1039925.003  1040834.001  1040985.003  1041421.005
  1255:  1041629.009  1041928.001  1042304.003  1042777.001  1043144.003
  1260:  1043733.001  1044483.018  1045381.003  1045387.016  1045437.026
  1265:  1045438.005  1047038.009  1047051.005  1047221.009  1047272.005
  1270:  1047306.009  1047315.005  1047376.009  1048097.001  1048118.003
  1275:  1048359.005  1048465.009  1049292.001  1049381.003  1049574.005
  1280:  1049720.009  1052840.005  1053667.009  1053710.005  1053733.009
  1285:  1053779.005  1054176.009  1054751.001  1054891.003  1055010.005
  1290:  1055108.009  1058024.001  1058117.003  1058201.005  1059000.009
  1295:  1059354.005  1059515.009  1059764.001  1059994.003  1060082.001
  1300:  1060832.018  1061856.003  1061862.016  1061885.005  1061912.026
  1305:  1063296.009  1063653.001  1063925.003  1064275.005  1064861.009
  1310:  1064877.005  1065038.009  1065453.001  1065884.003  1066102.005
  1315:  1066226.009  1066990.001  1067148.003  1067170.001  1067309.003
  1320:  1067435.005  1067573.009  1067782.001  1068059.003  1068583.001
  1325:  1069015.003  1069105.001  1069855.018  1070512.003  1070518.016
  1330:  1070568.026  1070681.005  1070990.009  1071013.005  1071029.009
  1335:  1071144.005  1071394.009  1073549.001  1073625.003  1073706.005
  1340:  1073971.009  1076116.001  1076210.003  1076363.005  1076475.009
  1345:  1076836.001  1077586.018  1077605.003  1077611.016  1077661.026
  1350:  1077752.005  1078352.009  1078445.005  1078457.009  1083530.005
  1355:  1083885.009  1085401.001  1085690.003  1086528.001  1086867.003
  1360:  1087587.001  1088050.003  1088190.005  1088460.009  1088702.001
  1365:  1088809.003  1088877.001  1088922.003  1089535.001  1089884.003
  1370:  1090016.005  1090304.009  1090844.001  1090972.003  1091650.005
  1375:  1092187.009  1092632.001  1092907.003  1092948.001  1093570.003
  1380:  1093708.005  1093833.009  1094091.001  1094717.003  1094844.001
  1385:  1095199.003  1095285.005  1095918.009  1095936.005  1096023.009
  1390:  1097239.001  1097989.018  1098335.003  1098341.016  1098391.026
  1395:  1098407.005  1098968.009  1102541.005  1102867.009  1106057.001
  1400:  1106169.003  1106370.005  1106546.009  1107368.001  1107503.003
  1405:  1107651.001  1107756.003  1108891.001  1109108.003  1109161.001
  1410:  1109463.003  1109624.005  1109695.009  1111017.001  1111149.003
  1415:  1111275.001  1111563.003  1111954.001  1112704.018  1113089.003
  1420:  1113095.016  1113125.005  1113145.026  1113611.009  1113671.005
  1425:  1113676.009  1118086.002  1118303.004  1118481.005  1118738.009
  1430:  1121511.001  1121875.003  1122222.001  1122758.003  1123035.005
  1435:  1123269.009  1123552.001  1123813.003  1124253.001  1124586.003
  1440:  1124733.005  1124971.009  1126643.005  1126812.009  1128132.001
  1445:  1128812.003  1128892.001  1129344.003  1129404.001  1129815.003
  1450:  1129826.005  1130195.009  1130449.001  1131199.018  1131253.003
  1455:  1131259.016  1131303.005  1131309.026  1131928.009  1133980.001
  1460:  1134286.003  1134316.005  1134653.009  1134855.001  1134877.003
  1465:  1134902.001  1135027.003  1135072.001  1135384.003  1135416.001
  1470:  1135857.003  1135873.005  1136260.009  1136891.001  1137029.003
  1475:  1137104.005  1137388.009  1138857.001  1138936.003  1139041.005
  1480:  1139178.009  1139836.001  1140219.003  1140320.005  1140630.009
  1485:  1169840.005  1170012.009  1170060.005  1170130.009  1170208.005
  1490:  1170358.009  1177836.005  1177861.009  1177872.005  1178119.009
  1495:  1179210.005  1179838.009  1192044.005  1192215.009  1192304.005
  1500:  1192343.009  1192348.005  1192408.009  1193463.001  1193760.003
  1505:  1194372.001  1195106.003  1195126.005  1195587.009  1195629.005
  1510:  1195806.009  1196117.005  1196541.009  1206716.005  1206722.009
  1515:  1206746.005  1207853.009  1209333.005  1209348.009  1209945.001
  1520:  1210183.003  1210403.005  1211314.009  1211356.005  1211396.009
  1525:  1211416.005  1211593.009  1211984.001  1212734.018  1213139.003
  1530:  1213145.016  1213195.026  1213262.005  1214811.009  1218533.001
  1535:  1218645.003  1218727.005  1218980.009  1219386.001  1219628.003
  1540:  1219668.001  1219872.003  1219983.005  1220279.009  1220618.001
  1545:  1221117.003  1221153.001  1221292.003  1221547.005  1221568.009
  1550:  1221820.001  1222081.003  1222181.005  1222528.009  1223083.001
  1555:  1223314.003  1223381.001  1224131.018  1224349.003  1224355.016
  1560:  1224405.026  1224437.005  1225351.009  1225567.005  1225588.009
  1565:  1225610.005  1225822.009  1227925.001  1228042.003  1228134.005
  1570:  1228409.009  1231105.005  1231320.009  1231353.005  1231514.009
  1575:  1232341.005  1232536.009  1234213.005  1234341.009  1234570.001
  1580:  1234648.003  1234763.001  1235513.018  1235779.003  1235785.016
  1585:  1235835.026  1235851.005  1236798.009  1236821.005  1236871.009
  1590:  1238996.001  1239470.003  1239558.005  1239746.009  1239926.001
  1595:  1240116.003  1243331.001  1243994.003  1244082.005  1244403.009
  1600:  1244635.005  1244753.009  1244974.001  1245724.018  1246470.003
  1605:  1246476.016  1246526.026  1246595.005  1247360.009  1247385.005
  1610:  1247575.009  1250328.001  1250377.003  1250488.005  1250616.009
  1615:  1252222.001  1252729.003  1252830.005  1252986.009  1253200.005
  1620:  1253305.009  1253576.001  1254326.018  1254746.003  1254752.016
  1625:  1254802.026  1254847.005  1255282.009  1256240.001  1256329.003
  1630:  1256409.005  1256855.009  1259082.001  1259323.003  1259436.005
  1635:  1259593.009  1259824.001  1260184.003  1260286.005  1260632.009
  1640:  1262812.001  1263173.003  1263240.001  1263303.003  1263378.005
  1645:  1263589.009  1267085.001  1267180.003  1268346.001  1268701.003
  1650:  1268730.001  1269148.003  1269267.005  1269389.009  1269642.001
  1655:  1269733.003  1270648.001  1270997.003  1271168.005  1271370.009
  1660:  1271728.001  1271975.003  1272098.005  1272745.009  1272765.005
  1665:  1272783.009  1273183.001  1273452.003  1275805.001  1276100.003
  1670:  1276714.001  1277367.003  1277474.005  1277599.009  1277827.001
  1675:  1278003.003  1278428.001  1278891.003  1279238.001  1279457.003
  1680:  1279651.005  1279960.009  1280128.001  1280878.018  1281528.003
  1685:  1281534.016  1281584.026  1281663.005  1282170.009  1282200.005
  1690:  1282815.009  1282859.005  1282873.009  1283342.001  1283464.003
  1695:  1283551.005  1283954.009  1284693.001  1284820.003  1284895.005
  1700:  1285041.009  1287806.001  1288256.003  1288351.005  1288507.009
  1705:  1288747.001  1289376.003  1289799.001  1289898.003  1290025.005
  1710:  1290249.009  1290417.001  1291167.018  1291721.003  1291727.016
  1715:  1291777.026  1291834.005  1293051.009  1293083.005  1293374.009
  1720:  1293913.005  1293927.009  1296235.001  1296273.003  1298792.001
  1725:  1299429.003  1299686.005  1299818.009  1300993.001  1301310.003
  1730:  1301417.005  1301632.009  1304139.001  1304508.003  1304637.005
  1735:  1304730.009  1304851.005  1305027.009  1306046.001  1306228.003
  1740:  1308588.001  1309322.003  1309391.001  1309416.003  1309522.005
  1745:  1309915.009  1311379.005  1311613.009  1311995.001  1312745.018
  1750:  1313255.003  1313261.016  1313311.026  1313343.005  1313765.009
  1755:  1315192.005  1315352.009  1315448.005  1315554.009  1315713.005
  1760:  1315754.009  1316965.005  1317122.009  1317151.005  1317360.009
  1765:  1317645.001  1318395.018  1318496.003  1318502.016  1318552.026
  1770:  1318583.005  1319735.009  1319795.005  1319819.009  1320678.001
  1775:  1320805.003  1320900.005  1321287.009  1321926.001  1321970.003
  1780:  1322373.005  1322479.009  1325988.001  1326738.018  1327281.003
  1785:  1327287.016  1327337.026  1327398.005  1327910.009  1327951.005
  1790:  1327969.009  1329578.001  1330328.018  1330370.003  1330376.016
  1795:  1330426.026  1330615.005  1331229.009  1336101.001  1336685.003
  1800:  1336760.001  1337433.003  1337537.005  1337785.009  1337857.005
  1805:  1338074.009  1341135.005  1341225.009  1346525.001  1347275.018
  1810:  1348659.003  1348665.016  1348715.026  1348738.005  1349104.009
  1815:  1349538.005  1349628.009  1352772.001  1352946.003  1353182.005
  1820:  1353362.009  1353623.001  1353842.003  1353912.001  1354219.003
  1825:  1354614.005  1354802.009  1355072.001  1355822.018  1356159.003
  1830:  1356165.016  1356215.026  1356264.005  1356968.009  1359809.005
  1835:  1359985.009  1360008.005  1360132.009  1360640.001  1360815.003
  1840:  1361912.005  1362133.009  1364979.001  1365131.003  1366170.001
  1845:  1366920.018  1367596.003  1367602.016  1367652.026  1367689.005
  1850:  1368306.009  1368594.005  1368608.009  1368613.005  1369143.009
  1855:  1369206.005  1369321.009  1369752.001  1370435.003  1370515.005
  1860:  1370667.009  1371817.001  1372455.003  1372545.005  1372803.009
  1865:  1372840.005  1372875.009  1373136.001  1373886.018  1374424.003
  1870:  1374430.016  1374480.026  1374517.005  1374833.009  1374988.005
  1875:  1375033.009  1378178.001  1378267.003  1378407.005  1378517.009
  1880:  1379283.001  1379702.003  1380010.005  1380142.009  1380379.001
  1885:  1380676.003  1380736.001  1381486.018  1381716.003  1381722.016
  1890:  1381772.026  1381827.005  1382158.009  1384159.001  1384816.003
  1895:  1384967.005  1385131.009  1388999.005  1389012.009  1389180.005
  1900:  1389222.009  1389660.001  1390410.018  1390806.003  1390812.016
  1905:  1390862.026  1390916.005  1391708.009  1392541.005  1392600.009
  1910:  1392989.005  1393005.009  1393743.001  1393828.003  1394119.001
  1915:  1394488.003  1394536.001  1394562.003  1394580.005  1394831.009
  1920:  1394846.005  1395110.009  1395415.001  1396165.018  1396344.003
  1925:  1396350.016  1396400.026  1396438.005  1397446.009  1402132.005
  1930:  1402248.009  1402282.005  1402408.009  1405465.005  1405572.009
  1935:  1407618.001  1407657.003  1407871.001  1408308.003  1408386.005
  1940:  1408614.009  1408950.001  1409700.018  1409900.003  1409906.016
  1945:  1409956.026  1409997.005  1411205.009  1411237.005  1411430.009
  1950:  1411559.005  1411566.009  1412096.001  1412345.003  1412470.001
  1955:  1412489.003  1412590.005  1412723.009  1413626.001  1413936.003
  1960:  1414471.005  1414618.009  1414969.001  1415079.003  1415601.001
  1965:  1415765.003  1416482.001  1417232.018  1417630.003  1417636.016
  1970:  1417686.026  1417723.005  1418694.009  1418722.005  1418732.009
  1975:  1418776.005  1419038.009  1419119.005  1419160.009  1425185.001
  1980:  1425288.003  1425418.005  1425521.009  1426899.001  1427156.003
  1985:  1427407.005  1427887.009  1428087.005  1428222.009  1428471.001
  1990:  1428676.003  1429254.001  1429477.003  1429712.001  1429727.003
  1995:  1429805.005  1430081.009  1431464.001  1432113.003  1432257.005
  2000:  1432348.009  1433903.001  1434407.003  1434514.005  1434617.009
  2005:  1436191.001  1436626.003  1436755.005  1436925.009  1437593.001
  2010:  1437822.003  1439083.001  1439579.003  1439681.005  1440305.009
  2015:  1441162.001  1441243.003  1441339.005  1441659.009  1442102.001
  2020:  1442308.003  1442374.001  1443124.018  1443647.003  1443653.016
  2025:  1443703.026  1443746.005  1444278.009  1449168.005  1449179.009
  2030:  1449192.005  1449198.009  1449283.005  1449610.009  1449961.001
  2035:  1450497.003  1451268.001  1451733.003  1454266.005  1454342.009
  2040:  1454353.005  1454584.009  1455475.001  1455540.003  1455619.001
  2045:  1455896.003  1456312.001  1456525.003  1456564.001  1457188.003
  2050:  1458111.005  1458122.009  1460921.001  1461389.003  1461578.005
  2055:  1461670.009  1462028.001  1462532.003  1463617.001  1464212.003
  2060:  1464277.005  1464542.009  1464814.001  1464989.003  1465245.001
  2065:  1465776.003  1465881.005  1465987.009  1466219.001  1466373.003
  2070:  1466395.001  1466764.003  1466863.005  1467309.009  1467599.001
  2075:  1467641.003  1467679.001  1468429.018  1468721.003  1468727.016
  2080:  1468777.026  1469100.005  1469693.009  1472927.001  1473677.018
  2085:  1474581.005  1474595.003  1474601.016  1474651.026  1475571.009
  2090:  1475605.005  1475614.009  1478771.001  1479065.003  1479228.005
  2095:  1479803.009  1480089.001  1480839.018  1481348.003  1481354.016
  2100:  1481404.026  1481447.005  1482170.009  1482178.005  1482179.009
  2105:  1482190.005  1482208.009  1482258.005  1482629.009  1483662.001
  2110:  1483802.003  1483935.005  1484068.009  1485893.001  1486643.018
  2115:  1486724.003  1486730.016  1486780.026  1486808.005  1488647.009
  2120:  1489013.005  1490021.009  1490029.005  1490078.009  1490124.005
  2125:  1490347.009  1492395.001  1492955.003  1493254.005  1493337.009
  2130:  1493882.001  1493945.003  1494869.001  1495033.003  1495860.001
  2135:  1495899.003
B:
     0:        0.000      440.000       13.000      440.000       13.000
     5:      520.000        0.000        0.000        0.000      520.000
    10:        0.000        1.000        0.000        0.000        0.000
    15:        0.000       63.000        0.000       63.000        0.000
    20:        0.000        0.000        0.000        0.000        0.000
    25:        0.000       63.000        0.000        0.000        0.000
    30:        0.000
D:
     0:  1787947.000  1787909.000  1787948.000
E:
     0:      750.000      750.000
T:
     0:        0.000        0.000        0.000        0.000
W:
     0:        0.000        0.000        0.000
