File: C:\MED-PC IV\Data\ALFE\AU017.999


Start Date: 01/25/24
End Date: 01/25/24
Subject: 17
Experiment: AU
Group: LINEAR
Box: 3
Start Time: 14:32:09
End Time: 15:22:09
MSN: DRRD_500ms
C:       0.000
F:       0.000
G:       0.000
H:       0.000
I:       0.000
J:       0.000
K:      15.000
L:       0.000
M:       0.000
N:       0.000
O:       0.000
P:       0.000
Q:       0.000
R:       0.000
S:       0.000
U:  292049.000
V:       0.000
X:       0.000
Y:    2703.000
Z:       0.000
A:
     0:     8474.005     8537.009     9454.005     9505.009    12627.005
     5:    12639.009    15000.011    15609.001    15768.003    15874.005
    10:    16128.009    16146.005    16178.009    16193.005    16611.009
    15:    16660.005    16668.009    16676.005    16741.009    17025.001
    20:    17192.003    17231.005    17985.009    18087.005    18115.009
    25:    18391.001    18581.003    18633.005    19323.009    19473.005
    30:    19555.009    19812.001    20043.003    20094.005    20697.009
    35:    20986.001    21226.003    21318.005    21326.009    21348.005
    40:    21371.009    22089.001    22839.018    24226.003    24232.016
    45:    24282.026    24407.001    24555.003    24635.005    25358.009
    50:    25588.001    25839.003    25891.005    25917.009    25928.005
    55:    25961.009    25978.005    26000.009    26273.005    26354.009
    60:    26577.001    26937.003    27059.005    27248.009    27259.005
    65:    27269.009    28140.001    28890.018    29542.003    29548.016
    70:    29598.026    30441.001    30999.003    31421.005    31931.009
    75:    32652.001    32985.003    33203.005    33241.009    33248.005
    80:    33828.009    34218.005    34246.009    34743.001    34966.003
    85:    36205.001    36586.003    42421.001    43084.003    46716.001
    90:    47016.003    47162.005    47170.009    47225.005    47391.009
    95:    47618.001    48000.003    48033.005    48080.009    53982.005
   100:    54029.009    64189.005    64218.009    64221.005    64230.009
   105:    64310.005    64320.009    67134.001    67467.003    71052.001
   110:    71361.003   102682.005   102690.009   102796.005   102881.009
   115:   103456.005   103508.009   103524.005   103534.009   110565.005
   120:   110591.009   110601.005   110770.009   133697.005   133715.009
   125:   157036.001   157786.018   162638.003   162644.016   162694.026
   130:   164379.005   164854.009   165294.001   165705.003   165882.005
   135:   166348.009   166351.005   166362.009   166461.005   166761.009
   140:   166793.005   166803.009   171434.005   171617.009   171627.005
   145:   171640.009   173055.005   173181.009   175178.005   175224.009
   150:   175257.005   175264.009   175266.005   175272.009   188956.005
   155:   189078.009   189704.005   189918.009   189924.005   189931.009
   160:   199992.005   200019.009   200020.005   200157.009   200795.002
   165:   201466.004   201584.005   202503.009   203167.001   203509.003
   170:   203889.005   203952.009   210041.001   210459.003   210749.005
   175:   211105.009   211949.001   212177.003   212874.001   213624.018
   180:   215465.003   215471.016   215521.026   216019.005   216417.009
   185:   216780.001   217067.003   217199.005   218342.009   219624.005
   190:   219647.009   221081.005   221111.009   221114.005   221245.009
   195:   224727.005   224896.009   226008.005   226024.009   226038.005
   200:   226136.009   226213.005   226219.009   226422.001   226821.003
   205:   228615.005   228918.009   235762.005   235783.009   235801.005
   210:   235982.009   243086.002   243200.004   243276.005   244266.009
   215:   244709.002   244838.004   244886.005   245656.009   246196.002
   220:   246421.004   246561.005   246581.009   246592.005   247137.009
   225:   247426.005   247458.009   247471.005   247502.009   248002.002
   230:   248382.004   248448.005   248680.009   248960.002   249333.004
   235:   249384.005   249730.009   249998.002   251117.004   251167.005
   240:   251342.009   251815.002   252347.004   253159.002   253386.004
   245:   253996.002   254596.004   255953.002   256120.004   256820.002
   250:   257194.004   257531.001   257884.003   260516.001   260894.003
   255:   261095.005   261115.009   261124.005   261459.009   261771.001
   260:   262521.018   263038.003   263044.016   263094.026   263220.005
   265:   263818.009   264556.001   264803.003   264886.005   265313.009
   270:   265314.005   265503.009   265831.001   266244.003   266481.005
   275:   266512.009   267311.001   267715.003   267858.005   268062.009
   280:   268589.001   269339.018   269636.003   269642.016   269692.026
   285:   269783.005   270168.009   276233.005   276270.009   276467.005
   290:   277190.009   277736.005   277749.009   277989.002   278717.004
   295:   278813.005   279042.009   279467.002   279698.004   279827.005
   300:   279873.009   280094.002   281019.004   281282.001   281520.003
   305:   281757.005   281820.009   281822.005   281902.009   281908.005
   310:   281922.009   282200.002   282307.004   282369.002   282462.004
   315:   282707.001   282836.003   283029.005   283046.009   283061.005
   320:   283085.009   283635.001   283782.003   284107.005   284137.009
   325:   284713.001   285463.018   285473.003   285479.016   285529.026
   330:   285658.005   286056.009   290574.002   290932.004   294724.005
   335:   294738.009   294965.005   294979.009   294992.005   295127.009
   340:   295441.002   295956.004   297266.001   297763.003   297879.005
   345:   298086.009   298345.001   299095.018   299237.003   299243.016
   350:   299293.026   299391.005   299958.009   300335.001   300544.003
   355:   300640.005   301057.009   301072.005   301200.009   301564.005
   360:   301923.009   303048.001   303396.003   303502.005   303985.009
   365:   310522.005   310548.009   310562.005   310703.009   312308.005
   370:   312346.009   312395.005   312447.009   312554.005   312638.009
   375:   313396.002   313821.004   320798.001   321023.003   321278.005
   380:   321476.009   321754.001   322098.003   322587.001   323150.003
   385:   323323.005   323587.009   323806.001   324556.018   324705.003
   390:   324711.016   324761.026   324869.005   325404.009   325448.005
   395:   325475.009   325798.001   325943.003   326304.005   326683.009
   400:   326896.001   327412.003   327640.005   327668.009   327672.005
   405:   327715.009   327730.005   327746.009   327955.001   328362.003
   410:   328700.005   328913.009   329155.001   329362.003   329443.001
   415:   330193.018   330368.003   330374.016   330424.026   330521.005
   420:   330932.009   331817.001   331993.003   342452.002   342901.004
   425:   350741.002   351199.004   351354.002   351591.004   355949.005
   430:   355969.009   355984.005   356011.009   356214.005   356433.009
   435:   374388.005   374544.009   374773.005   374855.009   374903.005
   440:   375325.009   375356.005   375367.009   376281.001   376544.003
   445:   377052.001   377588.003   377765.005   377783.009   378022.001
   450:   378420.003   378549.005   378582.009   378622.005   378678.009
   455:   378682.005   378726.009   378738.005   378759.009   379353.001
   460:   380103.018   380685.003   380691.016   380741.026   380865.005
   465:   381427.009   381751.001   381961.003   382117.005   382325.009
   470:   382523.001   382830.003   383129.005   383495.009   383844.001
   475:   384362.003   385572.001   385741.003   386472.001   386829.003
   480:   387958.001   388708.018   390290.003   390296.016   390346.026
   485:   390449.005   390853.009   391563.001   391706.003   391878.005
   490:   391952.009   391957.005   391999.009   392030.005   392117.009
   495:   392701.005   393366.009   393605.001   393838.003   394727.001
   500:   394801.003   395643.001   395843.003   396346.005   396467.009
   505:   396659.001   397409.018   398734.003   398740.016   398790.026
   510:   398993.005   399408.009   400308.001   400508.003   400611.005
   515:   400862.009   401406.005   401422.009   402400.001   402533.003
   520:   409312.001   409528.003   410058.001   410195.003   410291.001
   525:   410767.003   411680.001   412430.018   412491.003   412497.016
   530:   412547.026   412767.005   413091.009   413751.001   413935.003
   535:   414015.005   414864.009   417508.001   417862.003   418295.001
   540:   418902.003   418948.001   419309.003   419964.001   420714.018
   545:   420755.003   420761.016   420811.026   420932.005   421366.009
   550:   422224.001   422379.003   422525.005   422745.009   424498.001
   555:   424843.003   425382.001   425680.003   426246.005   426456.009
   560:   427268.005   427393.009   427414.005   427425.009   427468.005
   565:   427475.009   427707.001   428025.003   431329.005   431559.009
   570:   435181.005   435214.009   435245.005   435256.009   435727.001
   575:   435798.003   438816.002   439006.004   439520.002   440784.004
   580:   444702.002   445032.004   445425.001   445616.003   445843.005
   585:   446231.009   446460.001   446928.003   447443.001   448193.018
   590:   448415.003   448421.016   448471.026   448582.005   448961.009
   595:   449718.001   450146.003   450278.005   450609.009   450846.001
   600:   450956.003   450991.001   451287.003   451719.005   451746.009
   605:   451909.005   452207.009   452245.005   452287.009   452374.005
   610:   452379.009   452630.001   453314.003   453770.001   454520.018
   615:   454541.003   454547.016   454597.026   454691.005   455245.009
   620:   456374.001   456515.003   456676.005   456876.009   457147.001
   625:   457511.003   458505.001   459255.018   459271.003   459277.016
   630:   459327.026   459545.005   459993.009   460968.001   461195.003
   635:   463154.005   463174.009   463195.005   463358.009   463372.005
   640:   463383.009   463671.001   463905.003   463981.005   464002.009
   645:   464006.005   464067.009   464300.001   464698.003   465087.001
   650:   465563.003   465969.001   466719.018   466806.003   466812.016
   655:   466862.026   466964.005   467425.009   469108.001   469475.003
   660:   469545.005   469626.009   469688.005   469980.009   470341.001
   665:   470481.003   470723.005   470732.009   470734.005   470830.009
   670:   471412.005   471420.009   471427.005   471440.009   471517.005
   675:   471524.009   471692.001   472042.003   472400.001   473005.003
   680:   473209.005   473239.009   473462.001   473875.003   474378.001
   685:   475128.018   475870.003   475876.016   475926.026   476000.005
   690:   476410.009   476892.001   477264.003   477567.005   478008.009
   695:   478200.001   478525.003   479318.001   479638.003   480046.001
   700:   480475.003   480696.005   480724.009   480990.001   481740.018
   705:   481785.003   481791.016   481841.026   481914.005   482292.009
   710:   483323.001   483773.003   483865.005   484413.009   484579.001
   715:   484874.003   485228.001   485978.018   486178.003   486184.016
   720:   486234.026   486302.005   486844.009   486859.005   486875.009
   725:   486879.005   486961.009   487084.005   487099.009   487303.001
   730:   487672.003   487751.005   488329.009   488590.001   488779.003
   735:   489304.001   490054.018   490212.003   490218.016   490268.026
   740:   490345.005   490839.009   492400.001   492560.003   492651.005
   745:   493676.009   493685.005   493691.009   493721.005   493727.009
   750:   493736.005   493744.009   493946.001   494231.003   494306.005
   755:   494670.009   494680.005   494801.009   495371.001   496121.018
   760:   496225.003   496231.016   496281.026   496339.005   496778.009
   765:   507589.002   508381.004   514240.002   514388.004   514780.002
   770:   515242.004   524209.001   524346.003   526758.001   526981.003
   775:   527560.001   528004.003   528462.001   528721.003   528833.005
   780:   529150.009   529390.001   529966.003   530409.001   531150.003
   785:   531572.001   532038.003   532060.001   532573.003   533058.001
   790:   533808.018   534078.003   534084.016   534134.026   534230.005
   795:   534699.009   535549.001   535759.003   535854.005   536348.009
   800:   536372.005   536387.009   536583.005   536667.009   536770.005
   805:   536875.009   536884.005   536894.009   537135.001   537430.003
   810:   537535.005   537742.009   537936.001   538563.003   538674.005
   815:   538834.009   539221.001   539369.003   539711.005   539744.009
   820:   539754.005   539888.009   540062.001   540464.003   540588.005
   825:   540612.009   540852.001   540906.003   541494.001   541908.003
   830:   542041.005   542171.009   542510.001   543260.018   543497.003
   835:   543503.016   543553.026   543633.005   544470.009   544514.005
   840:   544527.009   544931.001   545125.003   545201.005   545703.009
   845:   546659.001   546743.003   546797.001   546876.003   547012.005
   850:   547100.009   547296.001   547464.003   549202.002   549240.004
   855:   549366.005   549372.009   549379.005   549492.009   549694.001
   860:   550003.003   550350.001   550973.003   551326.001   551824.003
   865:   552301.001   553051.018   553141.003   553147.016   553197.026
   870:   553311.005   554121.009   554124.005   554208.009   554507.001
   875:   554688.003   554800.005   555213.009   555877.001   556035.003
   880:   556167.005   556260.009   556680.001   557206.003   557284.005
   885:   557481.009   557654.001   558273.003   558376.005   558591.009
   890:   559111.001   559322.003   559839.001   560589.018   560699.003
   895:   560705.016   560755.026   560801.005   561550.009   561927.001
   900:   562101.003   562197.005   562506.009   562577.005   562671.009
   905:   562739.005   562825.009   563419.005   563507.009   563508.005
   910:   563533.009   563554.005   563563.009   563577.005   563585.009
   915:   563781.001   564068.003   564166.005   564548.009   564587.005
   920:   564831.009   564862.005   564870.009   565329.001   565695.003
   925:   565784.005   565947.009   566139.001   566747.003   566862.005
   930:   567030.009   567254.005   567346.009   568112.005   568152.009
   935:   568383.001   568593.003   568705.005   568739.009   568950.001
   940:   569014.003   569049.001   569337.003   569579.005   569603.009
   945:   569813.001   570200.003   570290.005   570360.009   570380.005
   950:   570405.009   570423.005   570954.009   570997.005   571004.009
   955:   571204.001   571549.003   572014.001   572347.003   572396.001
   960:   572883.003   573035.005   573054.009   573203.005   573402.009
   965:   573573.001   574323.018   574425.003   574431.016   574481.026
   970:   574596.005   575210.009   575485.001   575641.003   575741.005
   975:   575830.009   575871.005   576434.009   576648.001   576849.003
   980:   576956.005   577048.009   577232.001   577493.003   577714.005
   985:   577731.009   577737.005   577766.009   577928.001   578502.003
   990:   578590.005   578759.009   578951.001   579343.003   579779.001
   995:   580257.003   580393.005   580551.009   580714.001   581464.018
  1000:   581495.003   581501.016   581551.026   581664.005   582051.009
  1005:   582297.001   582542.003   583226.005   584588.009   586074.001
  1010:   586282.003   586385.005   586462.009   586688.001   586814.003
  1015:   587200.001   587469.003   587832.001   588500.003   588591.005
  1020:   588612.009   588613.005   588928.009   589290.001   590040.018
  1025:   590088.003   590094.016   590144.026   590242.005   590894.009
  1030:   590897.005   590908.009   590914.005   590999.009   591700.001
  1035:   591887.003   591972.005   592093.009   592110.005   592132.009
  1040:   592146.005   592633.009   592676.005   592684.009   592845.001
  1045:   593541.003   593606.005   593828.009   593853.005   593860.009
  1050:   593898.005   593905.009   594095.001   594711.003   594829.005
  1055:   594958.009   595153.001   595903.018   595922.003   595928.016
  1060:   595978.026   596043.005   596579.009   598062.001   598243.003
  1065:   598333.005   598660.009   598765.005   598872.009   598877.005
  1070:   598889.009   598945.005   598950.009   599130.001   599645.003
  1075:   599756.005   599845.009   600009.001   600216.003   600227.001
  1080:   600416.003   600563.005   600590.009   600773.001   601235.003
  1085:   601400.005   601582.009   601771.001   601817.003   601856.001
  1090:   602527.003   602635.005   602680.009   602861.001   603611.018
  1095:   603707.003   603713.016   603763.026   603867.005   604288.009
  1100:   604820.001   605024.003   605125.005   605196.009   605902.005
  1105:   606006.009   606225.001   606507.003   606816.001   607235.003
  1110:   607369.005   607534.009   607582.005   607591.009   607776.001
  1115:   607840.003   608677.001   609058.003   609167.005   609191.009
  1120:   609361.001   610058.003   610468.001   611141.003   611245.005
  1125:   611357.009   611579.001   612329.018   612441.003   612447.016
  1130:   612497.026   612732.005   613186.009   613588.001   613722.003
  1135:   614064.005   614250.009   614431.001   614758.003   615911.001
  1140:   616405.003   617147.001   617839.003   617973.005   618035.009
  1145:   622756.001   623066.003   623408.001   624158.018   624403.003
  1150:   624409.016   624459.026   624640.005   625229.009   625248.005
  1155:   625259.009   626171.001   626913.003   626939.001   627146.003
  1160:   627442.005   627469.009   627472.005   627481.009   627488.005
  1165:   627636.009   627812.001   628508.003   628922.001   629576.003
  1170:   629796.005   629814.009   630016.001   630766.018   630821.003
  1175:   630827.016   630846.001   630877.026   630992.003   631143.005
  1180:   632002.009   632535.001   633276.003   633676.001   634288.003
  1185:   634829.001   635579.018   635669.003   635675.016   635725.026
  1190:   635975.005   636931.009   643518.002   643727.004   644167.002
  1195:   644924.004   646205.002   646272.004   646491.001   646772.003
  1200:   647021.005   647256.009   647477.001   647812.003   648196.001
  1205:   648672.003   648994.001   649456.003   649844.001   650594.018
  1210:   651654.003   651660.016   651710.026   651802.001   651895.003
  1215:   651963.005   652717.009   652955.001   653213.003   653569.001
  1220:   653951.003   654247.005   654394.009   654672.001   655250.003
  1225:   655384.001   655736.003   656366.001   657116.018   657196.003
  1230:   657202.016   657252.026   657373.005   657889.009   657893.005
  1235:   657903.009   674138.005   674263.009   674563.001   674851.003
  1240:   675233.001   675983.018   676178.003   676184.016   676234.026
  1245:   676394.005   676729.009   676737.005   676744.009   681950.005
  1250:   681981.009   682091.005   682110.009   683127.005   683138.009
  1255:   683153.005   683194.009   683196.005   683298.009   683414.005
  1260:   683424.009   683459.005   684038.009   685128.005   685144.009
  1265:   685167.005   685184.009   685260.005   685271.009   685317.005
  1270:   685327.009   686042.005   686052.009   686117.005   686681.009
  1275:   686722.005   686895.009   686898.005   687386.009   687390.005
  1280:   687402.009   687414.005   687494.009   687555.005   687588.009
  1285:   690068.005   690083.009   690170.005   690178.009   697189.005
  1290:   697239.009   711243.002   711573.004   716020.001   716656.003
  1295:   716676.001   716687.003   717046.005   717140.009   717392.001
  1300:   718142.018   718227.003   718233.016   718283.026   718409.005
  1305:   719043.009   738950.001   739648.003   740111.001   740861.018
  1310:   740920.003   740926.016   740976.026   741123.005   741811.009
  1315:   743457.001   743821.003   759267.001   759625.003   760632.001
  1320:   761039.003   761492.001   762006.003   762539.001   763202.003
  1325:   764003.001   764753.018   764830.003   764836.016   764886.026
  1330:   765012.005   765457.009   768697.005   768721.009   768728.005
  1335:   768774.009   768775.005   768783.009   769263.001   769892.003
  1340:   771262.001   771566.003   771916.001   772430.003   772891.001
  1345:   773386.003   773828.001   773978.003   774005.001   774531.003
  1350:   775016.001   775758.003   776304.001   777054.018   777085.003
  1355:   777091.016   777141.026   777236.005   778056.009   778088.005
  1360:   778557.009   778653.005   778659.009   778663.005   778668.009
  1365:   778940.001   779148.003   779258.005   779312.009   779599.001
  1370:   779850.003   779941.001   780390.003   780661.005   780796.009
  1375:   789022.001   789614.003   790029.001   790514.003   791070.001
  1380:   791820.018   791955.003   791961.016   792011.026   792183.005
  1385:   792499.009   793091.001   793635.003   793734.005   794010.009
  1390:   794934.001   795163.003   797191.001   797941.018   798233.003
  1395:   798239.016   798289.026   798398.005   798842.009   799332.001
  1400:   799640.003   800292.005   800308.009   800313.005   800744.009
  1405:   800747.005   800758.009   801199.001   801864.003   802334.001
  1410:   802774.003   803565.001   804315.018   804576.003   804582.016
  1415:   804632.026   804809.005   805296.009   807173.001   807528.003
  1420:   808343.001   808680.003   809521.001   810271.018   810329.003
  1425:   810335.016   810385.026   810564.005   811025.009   815191.001
  1430:   815646.003   829958.001   830273.003   830946.001   831281.003
  1435:   831834.001   832328.003   832700.001   833164.003   833578.001
  1440:   834077.003   834485.001   835109.003   835502.001   836007.003
  1445:   836723.001   837473.018   837721.003   837727.016   837777.026
  1450:   837887.005   838527.009   838562.005   838591.009   839391.001
  1455:   840137.003   840490.001   840828.003   841229.001   841878.003
  1460:   842350.001   843100.018   843587.003   843593.016   843643.026
  1465:   843763.005   844290.009   844643.001   844814.003   845124.001
  1470:   845594.003   845724.005   845860.009   846078.001   846828.018
  1475:   847081.003   847087.016   847137.026   847301.005   848079.009
  1480:   848083.005   848093.009   849065.001   849483.003   849516.001
  1485:   849651.003   850055.001   850805.018   850960.003   850966.016
  1490:   851016.026   851167.005   851818.009   851832.005   851845.009
  1495:   851853.005   851859.009   852857.001   853034.003   853076.001
  1500:   853248.003   853351.005   853371.009   853736.005   854206.009
  1505:   854213.005   854220.009   854226.005   854237.009   854244.005
  1510:   854252.009   854323.005   854330.009   854331.005   854363.009
  1515:   854563.001   854941.003   855758.001   855966.003   856820.001
  1520:   857055.003   857844.001   858594.018   858595.003   858601.016
  1525:   858651.026   858785.005   859276.009   859284.005   859333.009
  1530:   859339.005   859399.009   859786.001   860536.018   860774.003
  1535:   860780.016   860830.026   860949.005   861274.009   863075.001
  1540:   863350.003   863460.005   863562.009   863766.001   864131.003
  1545:   864427.005   864478.009   864696.001   864735.003   864787.001
  1550:   865533.003   866014.001   866654.003   866706.001   866876.003
  1555:   867037.005   867337.009   867389.005   867417.009   867595.005
  1560:   867602.009   867673.005   867686.009   867883.001   868633.018
  1565:   868644.003   868650.016   868700.026   868917.005   869477.009
  1570:   870158.001   870638.003   870985.001   871548.003   872244.001
  1575:   872994.018   873070.003   873076.016   873126.026   873258.005
  1580:   873736.009   874014.001   874503.003   874953.001   875334.003
  1585:   876144.001   876894.018   877024.003   877030.016   877080.026
  1590:   877123.005   877607.009   877929.001   878679.018   878848.003
  1595:   878854.016   878904.026   878909.005   879550.009   880230.001
  1600:   880444.003   880537.005   880985.009   881193.001   881830.003
  1605:   881942.005   882174.009   882399.001   883030.003   883397.005
  1610:   883529.009   883565.005   883686.009   883688.005   883696.009
  1615:   883868.001   884508.003   884824.001   885557.003   885977.001
  1620:   886443.003   886538.005   886775.009   886840.005   886848.009
  1625:   887127.001   887464.003   887489.001   887724.003   888150.001
  1630:   888900.018   889140.003   889146.016   889196.026   889341.005
  1635:   889354.009   889356.005   889989.009   890253.001   890730.003
  1640:   890807.005   890985.009   891222.001   891959.003   892463.001
  1645:   893213.018   893285.003   893291.016   893341.026   893411.005
  1650:   894032.009   894050.005   894092.009   894640.001   894826.003
  1655:   894967.005   894981.009   895004.005   895036.009   895058.005
  1660:   895080.009   895150.005   895768.009   896107.001   896697.003
  1665:   896763.005   896882.009   897094.001   897844.018   897866.003
  1670:   897872.016   897922.026   898005.005   898648.009   898682.005
  1675:   898916.009   898955.005   898972.009   898994.005   899088.009
  1680:   899377.005   899405.009   899820.005   899842.009   899868.005
  1685:   899925.009   900038.005   900056.009   900148.005   900172.009
  1690:   900382.001   900546.003   900956.001   901388.003   901854.001
  1695:   902604.018   902700.003   902706.016   902756.026   902885.005
  1700:   903548.009   903846.001   904011.003   904624.001   905197.003
  1705:   905613.001   906363.018   906495.003   906501.016   906551.026
  1710:   906657.005   907102.009   907838.001   908411.003   908483.005
  1715:   908724.009   908931.001   909635.003   909801.005   910050.009
  1720:   910232.001   910622.003   910664.001   910828.003   911179.005
  1725:   911363.009   911541.001   912114.003   912802.001   913488.003
  1730:   913913.001   914663.018   914668.003   914674.016   914724.026
  1735:   914837.005   915399.009   915430.005   915438.009   916067.001
  1740:   916676.003   916780.005   916879.009   917087.001   917680.003
  1745:   918120.001   918870.018   919108.003   919114.016   919164.026
  1750:   919282.005   919663.009   919886.001   920636.018   920825.003
  1755:   920831.016   920881.026   921015.005   922214.009   923599.001
  1760:   923934.003   924068.005   924200.009   924395.001   925145.018
  1765:   925269.003   925275.016   925325.026   925484.005   926193.009
  1770:   926987.001   927317.003   927639.001   928271.003   928698.001
  1775:   929448.018   929570.003   929576.016   929626.026   929759.005
  1780:   930460.009   931083.001   931833.018   932208.003   932214.016
  1785:   932264.026   932271.005   933850.009   933865.005   933881.009
  1790:   933899.005   934006.009   934284.005   934386.009   934411.005
  1795:   934419.009   934427.005   934434.009   934441.005   934449.009
  1800:   934457.005   934542.009   934584.005   934603.009   934866.001
  1805:   935081.003   935166.005   935296.009   935483.001   935797.003
  1810:   935887.005   935908.009   936159.001   936909.018   936960.003
  1815:   936966.016   937016.026   937072.005   938249.009   938265.005
  1820:   938280.009   938313.005   938318.009   938406.005   938526.009
  1825:   938549.005   938564.009   938799.001   938996.003   939579.001
  1830:   940329.018   940353.003   940359.016   940409.026   940475.005
  1835:   941175.009   941176.005   941185.009   941186.005   941215.009
  1840:   941277.005   941303.009   941306.005   941324.009   941673.005
  1845:   941680.009   941926.001   942472.003   942567.005   942799.009
  1850:   943004.001   943705.003   944073.005   944207.009   944477.001
  1855:   945086.003   945443.001   946051.003   946693.001   946850.003
  1860:   946860.001   947103.003   947521.001   948271.018   948696.003
  1865:   948702.016   948752.026   948869.005   949261.009   951007.005
  1870:   951240.009   951473.001   951553.003   951577.001   951970.003
  1875:   952311.001   952876.003   952915.001   953074.003   953586.001
  1880:   953779.003   953858.001   954500.003   954817.005   954842.009
  1885:   954873.005   954888.009   955128.001   955229.003   955376.001
  1890:   955960.003   956140.005   956160.009   956396.001   957146.018
  1895:   957316.003   957322.016   957372.026   957466.005   959263.009
  1900:   959293.005   959307.009   959331.005   959342.009   959601.001
  1905:   959980.003   960388.005   960571.009   960580.005   960588.009
  1910:   961139.001   961599.003   962495.005   962678.009   962927.001
  1915:   963317.003   963393.005   963546.009   964299.001   964999.003
  1920:   965577.001   966237.003   966500.005   966650.009   966852.001
  1925:   967412.003   968183.001   968933.018   969515.003   969521.016
  1930:   969571.026   969752.005   970256.009   970656.001   970739.003
  1935:   970765.001   971417.003   972404.001   973154.018   973389.003
  1940:   973395.016   973445.026   973648.005   974126.009   975038.001
  1945:   975788.018   975878.003   975884.016   975934.026   976147.005
  1950:   976157.009   976160.005   976894.009   978041.001   978450.003
  1955:   978548.005   978716.009   979223.001   979331.003   979387.001
  1960:   979532.003   979911.001   980436.003   981349.001   981503.003
  1965:   981603.005   981664.009   981905.001   982501.003   982952.001
  1970:   983151.003   983257.001   983320.003   983526.001   983919.003
  1975:   983993.001   984080.003   984527.001   984586.003   986260.001
  1980:   986337.003   987157.001   987907.018   988236.003   988242.016
  1985:   988292.026   988472.005   989067.009   990295.001   990510.003
  1990:   990834.001   991411.003   991828.005   992143.009   992148.005
  1995:   992155.009   992183.005   992192.009   992397.001   992625.003
  2000:   992635.001   993115.003   993490.001   994240.018   994296.003
  2005:   994302.016   994352.026   994526.005   994951.009   995475.001
  2010:   995942.003   996107.005   996166.009   996369.001   997119.018
  2015:   997276.003   997282.016   997332.026   997431.005   998324.009
  2020:   998330.005   998387.009   999463.001   999993.003  1000420.001
  2025:  1001037.003  1001512.001  1002262.018  1002429.003  1002435.016
  2030:  1002485.026  1002702.005  1003124.009  1004272.001  1004817.003
  2035:  1005804.001  1006395.003  1006410.001  1006637.003  1007025.001
  2040:  1007247.003  1008286.001  1008419.003  1008488.001  1009134.003
  2045:  1009533.001  1010283.018  1010658.003  1010664.016  1010681.001
  2050:  1010714.026  1010899.003  1010990.005  1011609.009  1013150.001
  2055:  1013600.003  1013693.005  1013799.009  1013800.005  1013891.009
  2060:  1014105.001  1014205.003  1014361.001  1014692.003  1016261.001
  2065:  1017011.018  1017168.003  1017174.016  1017224.026  1017336.005
  2070:  1017907.009  1024941.005  1025068.009  1025122.005  1025196.009
  2075:  1025882.001  1026027.003  1026707.001  1027457.018  1027588.003
  2080:  1027594.016  1027644.026  1027775.005  1028988.009  1029041.005
  2085:  1029058.009  1029130.005  1029137.009  1029140.005  1029556.009
  2090:  1029896.001  1030293.003  1030908.001  1031658.018  1031766.003
  2095:  1031772.016  1031822.026  1032027.005  1032037.009  1032045.005
  2100:  1032735.009  1033382.001  1033861.003  1034265.001  1034508.003
  2105:  1034611.001  1034873.003  1040953.001  1041449.003  1041863.001
  2110:  1042567.003  1043452.001  1043605.003  1096576.002  1096910.004
  2115:  1098737.001  1099288.003  1100336.001  1101086.018  1101403.003
  2120:  1101409.016  1101459.026  1101591.005  1102709.009  1103436.005
  2125:  1103447.009  1104741.001  1105458.003  1106093.001  1106407.003
  2130:  1106449.001  1106630.003  1107404.001  1108154.018  1109065.003
  2135:  1109071.016  1109121.026  1109822.005  1110494.009  1113272.001
  2140:  1113946.003  1114749.001  1115499.018  1116174.003  1116180.016
  2145:  1116230.026  1116392.005  1117143.009  1118945.001  1119695.018
  2150:  1119844.003  1119850.016  1119900.026  1120045.005  1120798.009
  2155:  1120820.005  1120866.009  1121978.005  1121993.009  1122006.005
  2160:  1122044.009  1122047.005  1122057.009  1122622.001  1122737.003
  2165:  1122771.001  1123184.003  1123992.001  1124742.018  1124865.003
  2170:  1124871.016  1124921.026  1125179.005  1125802.009  1125839.005
  2175:  1126055.009  1126702.001  1127452.018  1127650.003  1127656.016
  2180:  1127706.026  1127827.005  1128467.009  1130161.001  1130841.003
  2185:  1131836.001  1132306.003  1132595.001  1133046.003  1133093.001
  2190:  1133490.003  1133909.001  1134659.018  1134955.003  1134961.016
  2195:  1135011.026  1135185.005  1135728.009  1137079.001  1137612.003
  2200:  1138056.001  1138706.003  1139123.001  1139873.018  1140089.003
  2205:  1140095.016  1140145.026  1140346.005  1140822.009  1141585.001
  2210:  1142141.003  1142612.001  1143362.018  1143621.003  1143627.016
  2215:  1143677.026  1143767.005  1144889.009  1144925.005  1144932.009
  2220:  1144988.005  1145180.009  1145416.001  1145594.003  1145656.001
  2225:  1145875.003  1146576.001  1147290.003  1147726.001  1148006.003
  2230:  1148011.001  1148508.003  1149010.001  1149760.018  1150060.003
  2235:  1150066.016  1150116.026  1150234.005  1151184.009  1152234.001
  2240:  1152657.003  1152797.005  1152835.009  1153185.001  1153935.018
  2245:  1153936.003  1153942.016  1153992.026  1154153.005  1156230.009
  2250:  1156243.005  1156272.009  1157298.001  1157449.003  1157469.001
  2255:  1158208.003  1158841.001  1159591.018  1159765.003  1159771.016
  2260:  1159821.026  1159979.005  1160454.009  1170387.005  1170454.009
  2265:  1170547.005  1170555.009  1171059.001  1171716.003  1172536.001
  2270:  1173286.018  1173767.003  1173773.016  1173823.026  1174070.005
  2275:  1174546.009  1193448.002  1193995.004  1194647.001  1194970.003
  2280:  1195512.001  1195993.003  1196580.001  1197229.003  1197949.001
  2285:  1198345.003  1199000.001  1199104.003  1199146.001  1199526.003
  2290:  1200416.001  1201166.018  1201316.003  1201322.016  1201372.026
  2295:  1201498.005  1202043.009  1202895.001  1203518.003  1204364.001
  2300:  1204971.003  1205203.005  1205292.009  1205527.001  1206277.018
  2305:  1206444.003  1206450.016  1206500.026  1206704.005  1207416.009
  2310:  1208233.001  1208983.018  1209012.003  1209018.016  1209068.026
  2315:  1209279.005  1209658.009  1211263.001  1211851.003  1211986.005
  2320:  1212009.009  1212315.001  1212952.003  1213567.005  1213645.009
  2325:  1213860.001  1214466.003  1214622.001  1214836.003  1215234.001
  2330:  1215912.003  1215951.001  1216169.003  1216571.001  1217321.018
  2335:  1217535.003  1217541.016  1217591.026  1217836.005  1218578.009
  2340:  1219298.001  1219900.003  1219956.005  1219974.009  1219983.005
  2345:  1220091.009  1220744.001  1221494.018  1221862.003  1221868.016
  2350:  1221918.026  1222134.005  1222926.009  1222927.005  1222937.009
  2355:  1224520.001  1225270.018  1225588.003  1225594.016  1225644.026
  2360:  1225915.005  1226612.009  1226615.005  1226666.009  1228089.001
  2365:  1228768.003  1229573.001  1230255.003  1230745.001  1231495.018
  2370:  1232015.003  1232021.016  1232071.026  1232343.005  1232924.009
  2375:  1234493.001  1235243.018  1235245.003  1235251.016  1235301.026
  2380:  1235499.005  1236315.009  1237268.001  1237396.003  1237482.001
  2385:  1237727.003  1238152.001  1238902.018  1239113.003  1239119.016
  2390:  1239169.026  1239321.005  1239829.009  1240521.001  1241271.018
  2395:  1241313.003  1241319.016  1241369.026  1241519.005  1242172.009
  2400:  1243043.001  1243793.018  1243865.003  1243871.016  1243921.026
  2405:  1243923.017  1244005.005  1244532.009  1246107.001  1246587.003
  2410:  1246645.005  1246709.009  1246718.005  1246792.009  1247014.001
  2415:  1247442.003  1247791.001  1248791.018  1248836.003  1248842.016
  2420:  1248892.026  1249117.005  1249811.009  1250761.001  1251516.003
  2425:  1252160.001  1252942.003  1253362.001  1254362.018  1254581.003
  2430:  1254587.016  1254637.026  1254829.005  1255521.009  1255551.005
  2435:  1255560.009  1257644.001  1258497.003  1260871.001  1261507.003
  2440:  1262097.001  1262872.003  1263416.001  1264416.018  1264602.003
  2445:  1264608.016  1264658.026  1264726.005  1265276.009  1266859.001
  2450:  1267859.018  1267945.003  1267951.016  1268001.026  1268092.005
  2455:  1268934.009  1269117.005  1269335.009  1269988.001  1270622.003
  2460:  1271058.001  1271922.003  1272030.005  1272589.009  1272635.005
  2465:  1272895.009  1273219.001  1273315.003  1273349.001  1274201.003
  2470:  1274666.001  1275609.003  1276165.001  1277165.018  1277278.003
  2475:  1277284.016  1277334.026  1277486.005  1278161.009  1279235.005
  2480:  1279263.009  1279265.005  1279309.009  1279589.001  1280588.003
  2485:  1281424.001  1282424.018  1282431.003  1282437.016  1282487.026
  2490:  1282753.005  1283243.009  1287036.001  1287580.003  1288112.001
  2495:  1289002.003  1289655.001  1290655.018  1290823.003  1290829.016
  2500:  1290879.026  1291013.005  1291614.009  1293429.001  1294186.003
  2505:  1294617.001  1295617.018  1295701.003  1295707.016  1295757.026
  2510:  1295990.005  1296737.009  1299294.001  1299633.003  1300570.001
  2515:  1301384.003  1301828.001  1302374.003  1302952.001  1303919.003
  2520:  1304478.005  1304500.009  1304528.005  1304867.009  1304899.005
  2525:  1304906.009  1305225.001  1305763.003  1306218.005  1306252.009
  2530:  1306490.001  1307350.003  1307933.001  1308805.003  1309427.001
  2535:  1310427.018  1310525.003  1310531.016  1310581.026  1310714.005
  2540:  1311208.009  1312543.001  1313034.003  1313896.001  1314896.018
  2545:  1314977.003  1314983.016  1315033.026  1315155.005  1315994.009
  2550:  1318037.001  1318552.003  1318665.005  1318746.009  1319103.001
  2555:  1319192.003  1319237.001  1319633.003  1320514.001  1321374.003
  2560:  1321910.001  1322766.003  1324335.001  1325258.003  1325801.001
  2565:  1326801.018  1327218.003  1327224.016  1327274.026  1327499.005
  2570:  1328254.009  1330102.001  1330640.003  1330682.001  1330927.003
  2575:  1331236.005  1331623.009  1331644.005  1331664.009  1331898.001
  2580:  1332898.018  1332901.003  1332907.016  1332957.026  1333161.005
  2585:  1334794.009  1334833.005  1334861.009  1334911.005  1335012.009
  2590:  1335885.001  1336650.003  1337346.001  1338018.003  1338446.001
  2595:  1339446.018  1339558.003  1339564.016  1339614.026  1339754.005
  2600:  1339778.009  1339779.005  1340505.009  1342689.001  1343330.003
  2605:  1343825.001  1344825.018  1344912.003  1344918.016  1344968.026
  2610:  1345070.005  1346663.009  1347737.001  1348563.003  1349464.001
  2615:  1350354.003  1351292.001  1352236.003  1352273.001  1352459.003
  2620:  1353051.001  1353928.003  1355283.001  1356283.018  1356458.003
  2625:  1356464.016  1356514.026  1356643.005  1357469.009  1359484.001
  2630:  1360480.003  1361149.001  1361939.003  1362918.001  1363788.003
  2635:  1364266.001  1365065.003  1365138.001  1365358.003  1365778.001
  2640:  1366778.018  1367040.003  1367046.016  1367096.026  1367362.005
  2645:  1368534.009  1369872.001  1370668.003  1371328.001  1372282.003
  2650:  1372893.001  1373306.003  1373347.001  1374347.003  1374353.016
  2655:  1374403.026  1374601.005  1375015.009  1378706.001  1378867.003
  2660:  1388087.001  1388441.003  1388929.001  1389929.018  1389941.003
  2665:  1389947.016  1389997.026  1390178.005  1392381.009  1392385.005
  2670:  1392414.009  1394021.001  1394684.003  1397718.001  1398640.003
  2675:  1414289.001  1414455.003  1415286.001  1416286.018  1416398.003
  2680:  1416404.016  1416454.026  1416602.005  1417304.009  1417335.005
  2685:  1417405.009  1493187.001  1493595.003  1494087.005  1494113.009
  2690:  1494187.005  1494486.009  1494567.005  1494609.009  1494870.001
  2695:  1495567.003  1496391.001  1497154.003  1498111.001  1498836.003
  2700:  1499557.001  1499655.003  1499689.001
B:
     0:        0.000      557.000       36.000      556.000       36.000
     5:      568.000        0.000        0.000        0.000      568.000
    10:        0.000        1.000        0.000        0.000        0.000
    15:        0.000      127.000        1.000      126.000        0.000
    20:        0.000        0.000        0.000        0.000        0.000
    25:        0.000      127.000        0.000        0.000        0.000
    30:        0.000
D:
     0:  1792054.000  1791738.000  1791704.000
E:
     0:      750.000     1000.000
T:
     0:        0.000        0.000        0.000        0.000
W:
     0:        2.000        0.000        0.000
