File: C:\MED-PC IV\Data\ALFE\AU015.999


Start Date: 01/25/24
End Date: 01/25/24
Subject: 15
Experiment: AU
Group: LINEAR
Box: 1
Start Time: 14:32:09
End Time: 15:22:09
MSN: DRRD_500ms
C:       0.000
F:       0.000
G:       0.000
H:       0.000
I:       0.000
J:       0.000
K:       0.000
L:       0.000
M:       0.000
N:       0.000
O:       0.000
P:       0.000
Q:       0.000
R:       0.000
S:       0.000
U:  292049.000
V:       0.000
X:       0.000
Y:     291.000
Z:       0.000
A:
     0:    15000.011    15477.001    15575.003    15663.005    16552.009
     5:    16822.001    17000.003    17305.001    17421.003    17520.005
    10:    17610.009    17839.001    18414.003    18483.001    18802.003
    15:    18885.001    19438.003    19902.001    20528.003    21186.001
    20:    21323.003    21517.001    21696.003    21812.001    21926.003
    25:    22419.005    22496.009    22756.001    22852.003    23908.001
    30:    23971.003    26433.001    26537.003    61077.005    61372.009
    35:    71165.001    71480.003    71601.005    71631.009    71638.005
    40:    71663.009    73102.001    73157.003    73267.005    74435.009
    45:    82660.001    82803.003    82930.005    83065.009    84461.001
    50:    85067.003    85141.001    85387.003    85834.001    85937.003
    55:    86375.001    86450.003   102111.005   102200.009   127322.001
    60:   127516.003   133783.001   133899.003   136622.001   136693.003
    65:   137084.001   137444.003   146059.005   146081.009   146108.005
    70:   146135.009   146166.005   146192.009   146198.005   147325.009
    75:   161333.005   161663.009   209030.002   209133.004   209285.005
    80:   210253.009   243923.002   244458.004   254639.002   255132.004
    85:   261282.005   261297.009   261306.005   261989.009   262603.005
    90:   262658.009   262819.005   262835.009   262925.005   263116.009
    95:   263203.005   263821.009   263867.005   264456.009   315101.002
   100:   315567.004   353361.005   353929.009   451997.005   452978.009
   105:   453615.005   453777.009   455173.005   455513.009   464898.005
   110:   464923.009   473869.002   474099.004   474099.005   474560.009
   115:   476831.002   477290.004   477347.002   477461.004   478975.002
   120:   479176.004   480038.005   480378.009   507698.005   508496.009
   125:   538210.002   538459.004   539095.005   539384.009   570559.005
   130:   570585.009   570590.005   570889.009   624332.005   624993.009
   135:   629376.005   629410.009   641864.002   642124.004   642183.005
   140:   642317.009   648435.005   648693.009   650846.005   651265.009
   145:   651282.005   651308.009   651570.005   651581.009   657473.002
   150:   657628.004   678126.005   678388.009   692488.002   692503.004
   155:   699595.005   699747.009   701698.005   701720.009   701752.005
   160:   702457.009   702514.005   703562.009   704584.005   704607.009
   165:   704623.005   704849.009   718449.005   718471.009   718491.005
   170:   718522.009   718538.005   718684.009   731696.005   731962.009
   175:   760662.005   760685.009   760688.005   761057.009   833020.005
   180:   833063.009   833069.005   833077.009   833096.005   834688.009
   185:   842724.005   843952.009   844049.005   844341.009   844818.005
   190:   845238.009   845252.005   845575.009   845589.005   845598.009
   195:   845731.005   845746.009   845791.005   845811.009   845823.005
   200:   845837.009   846012.005   846048.009   846063.005   846310.009
   205:   850578.005   850595.009   915448.005   915544.009   915550.005
   210:   915744.009   915778.005   916381.009  1038012.005  1038031.009
   215:  1038042.005  1038228.009  1042199.005  1042295.009  1048476.005
   220:  1048567.009  1048575.005  1048599.009  1103137.005  1103652.009
   225:  1134896.005  1135155.009  1135348.005  1135612.009  1145567.005
   230:  1145762.009  1148190.005  1148236.009  1158503.001  1158596.003
   235:  1158768.005  1158908.009  1164069.005  1164225.009  1182147.005
   240:  1182660.009  1185966.002  1186930.004  1197508.005  1197541.009
   245:  1216615.005  1216659.009  1219166.005  1219334.009  1222031.001
   250:  1222613.003  1226331.005  1226620.009  1312327.005  1312363.009
   255:  1312514.005  1312523.009  1312526.005  1312629.009  1332736.005
   260:  1333874.009  1333916.005  1334190.009  1337000.005  1337212.009
   265:  1403200.002  1404907.004  1405155.005  1405177.009  1405266.005
   270:  1405560.009  1415711.002  1416194.004  1418344.002  1418449.004
   275:  1455110.002  1455573.004  1459723.005  1459742.009  1459766.005
   280:  1459817.009  1459829.005  1459839.009  1471658.005  1471685.009
   285:  1471703.005  1471777.009  1471813.005  1472093.009  1472138.005
   290:  1472446.009
B:
     0:        0.000       26.000       17.000       26.000       17.000
     5:      102.000        0.000        0.000        0.000      102.000
    10:        0.000        1.000        0.000        0.000        0.000
    15:        0.000        0.000        0.000        0.000        0.000
    20:        0.000        0.000        0.000        0.000        0.000
    25:        0.000        0.000        0.000        0.000        0.000
    30:        0.000
D:
     0:  1514661.000  1514080.000  1514662.000
E:
     0:      750.000      750.000
T:
     0:        0.000        0.000        0.000        0.000
W:
     0:        0.000        0.000        0.000
