File: C:\MED-PC IV\Data\ALFE\AU018.999


Start Date: 01/25/24
End Date: 01/25/24
Subject: 18
Experiment: AU
Group: EXP40
Box: 4
Start Time: 14:32:09
End Time: 15:22:09
MSN: DRRD_general_exp
C:       0.000
F:       0.000
G:       0.000
H:       0.000
I:       0.000
J:       0.000
K:      15.000
L:       0.000
M:       0.000
N:       0.000
O:       0.000
P:       0.000
Q:       0.000
R:       0.000
S:       0.000
U:  292049.000
V:       0.000
X:       0.000
Y:    2280.000
Z:       0.000
A:
     0:     2335.005     2812.009     4620.002     4852.004     7705.005
     5:     7781.009     8797.005     8814.009    12184.001    12348.003
    10:    12426.005    12818.009    14423.002    14472.004    15000.011
    15:    15355.002    15720.004    15845.002    16017.004    16099.005
    20:    16240.009    16257.005    16584.009    16876.002    17003.004
    25:    17072.005    17089.009    17267.002    18943.004    19119.002
    30:    19574.004    19706.002    20368.004    20644.001    21394.018
    35:    24018.003    24024.016    24074.026    24186.005    24853.009
    40:    25096.001    25846.018    26544.003    26550.016    26600.026
    45:    26680.005    27222.009    27472.001    28222.018    29063.003
    50:    29069.016    29119.026    29121.017    29143.005    29915.009
    55:    30152.001    30504.003    30533.005    31045.009    31236.001
    60:    31912.003    31929.005    32213.009    32577.001    33540.003
    65:    33554.005    33970.009    34383.002    34546.004    34563.005
    70:    34767.009    35399.001    35566.003    35629.005    35918.009
    75:    36421.001    36926.003    36985.005    37061.009    37368.001
    80:    38418.018    40507.003    40513.016    40563.026    40603.005
    85:    41075.009    41389.001    42298.003    42483.005    42607.009
    90:    43008.005    43021.009    43037.005    43045.009    43753.001
    95:    43821.003    44403.001    44505.003    44633.005    44918.009
   100:    46689.005    46787.009    47530.001    47878.003    48645.005
   105:    48847.009    49079.001    49265.003    50226.001    51106.003
   110:    51303.001    51505.003    51588.005    51678.009    51890.001
   115:    52416.003    52788.001    53441.003    53652.005    53819.009
   120:    55008.002    55635.004    56473.005    56507.009    57822.005
   125:    57845.009    58109.001    59159.018    59823.003    59829.016
   130:    59879.026    60216.005    60274.009    60299.005    60671.009
   135:    61386.005    61497.009    63388.001    63921.003    63992.005
   140:    64229.009    66206.005    66248.009    67440.005    67478.009
   145:    68524.001    68729.003    68822.005    68940.009    69111.001
   150:    69659.003    69821.001    70048.003    70211.001    70309.003
   155:    70623.005    70709.009    71047.001    71171.003    71269.005
   160:    71358.009    76615.005    76650.009    76823.001    76917.003
   165:    80382.001    80652.003    81397.001    82229.003    84738.002
   170:    84812.004    84902.005    85067.009    85112.005    85122.009
   175:    85350.005    85355.009    85754.002    85813.004    86241.001
   180:    87291.018    89178.003    89184.016    89234.026    89407.005
   185:    89908.009    91005.005    91017.009    91385.001    91717.003
   190:    91828.005    92137.009    92629.001    93188.003    93321.001
   195:    93452.003    93595.001    93707.003    94118.001    94216.003
   200:    94297.005    94685.009    95169.001    95514.003    96662.005
   205:    96748.009    96920.001    97212.003    98938.005    99039.009
   210:   101730.001   101908.003   102900.001   103950.018   105435.003
   215:   105441.016   105491.026   105696.005   106364.009   107021.001
   220:   107193.003   107251.005   107760.009   108090.001   109140.018
   225:   109764.003   109770.016   109820.026   109883.005   110225.009
   230:   110598.001   111101.003   111137.005   111595.009   111854.001
   235:   112904.018   113131.003   113137.016   113187.026   113206.005
   240:   113668.009   113870.005   113915.009   114328.001   114440.003
   245:   114559.005   114739.009   116903.005   116924.009   117481.001
   250:   118104.003   118200.001   118738.003   120231.001   120771.003
   255:   121486.005   121592.009   121816.001   121896.003   123799.005
   260:   123888.009   125443.005   125491.009   126768.001   127818.018
   265:   128073.003   128079.016   128129.026   128263.005   129077.009
   270:   129633.001   129708.003   130398.001   131116.003   131131.005
   275:   131383.009   133820.005   133832.009   133849.005   133890.009
   280:   134754.001   135328.003   135397.001   135836.003   135925.005
   285:   136011.009   136184.001   137234.018   141387.003   141393.016
   290:   141397.005   141443.026   141918.009   142753.005   142791.009
   295:   143242.001   143631.003   143725.005   143939.009   145456.005
   300:   145481.009   146403.001   146794.003   146848.005   147026.009
   305:   148249.005   148264.009   148292.005   148296.009   148582.002
   310:   148843.004   148906.005   148963.009   150185.001   150419.003
   315:   151856.001   152906.018   154543.003   154549.016   154599.026
   320:   154966.001   154976.003   155211.001   155398.003   155965.001
   325:   156025.003   156161.005   156355.009   156488.005   156558.009
   330:   156809.005   157018.009   157350.001   157549.003   157764.005
   335:   157774.009   158526.001   159050.003   159095.005   159436.009
   340:   159845.001   160580.003   161486.001   162536.018   163936.003
   345:   163942.016   163992.026   163994.005   164498.009   165117.001
   350:   165465.003   165938.001   166023.003   166060.001   166087.003
   355:   166217.005   166724.009   166960.005   167080.009   167615.001
   360:   167686.003   167810.005   167880.009   168188.001   168233.003
   365:   168502.001   168930.003   169017.005   169165.009   170477.005
   370:   170594.009   172275.001   172528.003   172598.005   172708.009
   375:   173415.001   173939.003   176775.002   176970.004   179337.002
   380:   179527.004   179728.005   179798.009   181942.005   182076.009
   385:   184548.001   184911.003   185079.005   185101.009   185151.005
   390:   185389.009   185647.001   186596.003   186688.005   186835.009
   395:   187092.001   188142.018   191823.003   191825.005   191829.016
   400:   191879.026   192495.009   193024.001   193165.003   193249.005
   405:   193580.009   194775.005   194786.009   194804.005   194961.009
   410:   195040.005   195048.009   195072.005   195407.009   195411.005
   415:   195421.009   195448.005   195490.009   195526.005   195533.009
   420:   196497.001   197185.003   198743.001   198904.003   199099.005
   425:   199311.009   206152.005   206172.009   206192.005   206347.009
   430:   207296.001   207613.003   211730.005   211743.009   212216.001
   435:   212555.003   212616.005   212857.009   213435.001   213864.003
   440:   213927.005   214106.009   214651.001   215701.018   217030.003
   445:   217036.016   217086.026   217332.005   217864.009   218281.005
   450:   218325.009   218643.001   218783.003   219272.001   219481.003
   455:   219536.005   219627.009   220463.001   221445.003   221498.001
   460:   221744.003   221821.005   222073.009   223915.001   224148.003
   465:   224459.001   225374.003   225379.005   225474.009   225675.001
   470:   225836.003   225909.001   226278.003   226778.001   227038.003
   475:   227141.005   227458.009   230921.001   231024.003   231346.001
   480:   231525.003   232503.001   232778.003   233269.001   234046.003
   485:   234206.005   234312.009   234607.001   235657.018   236230.003
   490:   236236.016   236286.026   236701.001   236791.003   236856.005
   495:   237410.009   238254.001   238625.003   238826.005   238852.009
   500:   241184.005   241494.009   241901.001   242951.018   244809.003
   505:   244815.016   244865.026   245156.001   245370.003   245390.005
   510:   246139.009   246171.005   246250.009   247915.005   248024.009
   515:   248233.005   248325.009   248622.005   248758.009   248780.005
   520:   248795.009   249727.005   249788.009   249791.005   249798.009
   525:   250823.005   250834.009   250848.005   251090.009   251151.005
   530:   251474.009   251489.005   251582.009   251583.005   251587.009
   535:   251613.005   251618.009   252597.001   252737.003   252872.005
   540:   253037.009   253411.005   253426.009   253758.001   254448.003
   545:   254461.001   255086.003   255459.001   255617.003   255625.005
   550:   255862.009   259933.001   260136.003   261239.005   261334.009
   555:   261742.001   261849.003   262619.001   263669.018   264639.003
   560:   264645.016   264695.026   264775.005   265293.009   267768.001
   565:   268818.018   268824.003   268830.016   268880.026   269003.005
   570:   269664.009   270455.001   271033.003   271131.005   271778.009
   575:   272628.001   272880.003   273247.001   274184.003   274258.005
   580:   274559.009   274785.001   275625.003   276283.001   276390.003
   585:   276645.005   276775.009   277026.005   277252.009   277450.005
   590:   277459.009   278102.001   278587.003   278622.001   279304.003
   595:   280496.005   280573.009   280908.001   281290.003   281871.001
   600:   282483.003   284819.001   285855.003   286746.005   286811.009
   605:   289340.001   289683.003   289728.005   290079.009   292249.005
   610:   292427.009   292551.005   292573.009   293054.001   293896.003
   615:   294004.001   294154.003   294203.001   294296.003   294777.005
   620:   294794.009   294806.005   294845.009   295605.005   296069.009
   625:   296674.005   296692.009   297095.001   297165.003   297497.001
   630:   297850.003   298678.005   298770.009   300588.005   300749.009
   635:   301048.001   301211.003   305588.005   305640.009   305833.001
   640:   306685.005   306705.003   306721.009   307206.001   308256.018
   645:   308618.003   308624.016   308658.005   308674.026   309610.009
   650:   309614.005   309636.009   310302.001   310461.003   310593.005
   655:   310607.009   310627.005   310716.009   311229.001   311429.003
   660:   311481.005   311764.009   313957.001   314534.003   314791.001
   665:   315657.003   315753.005   315760.009   315776.005   315797.009
   670:   316108.001   316306.003   319019.005   319059.009   320261.001
   675:   321311.018   321438.003   321444.016   321494.026   321614.005
   680:   322141.009   324306.001   324478.003   324950.005   325016.009
   685:   325366.001   326416.018   326546.003   326552.016   326602.026
   690:   326618.005   327158.009   327833.001   328103.003   328851.001
   695:   329610.003   329624.005   330042.009   334104.001   334414.003
   700:   334485.001   335535.018   335890.003   335896.016   335946.026
   705:   335981.005   336454.009   337611.001   337979.003   338044.005
   710:   338315.009   339554.001   339752.003   339817.005   340164.009
   715:   342373.005   342465.009   342712.001   343196.003   343914.005
   720:   344202.009   344209.005   344232.009   344532.001   345582.018
   725:   345988.003   345994.016   346044.026   346389.001   346546.003
   730:   346630.005   347392.009   347635.005   347648.009   347946.005
   735:   347973.009   348025.005   348037.009   348038.005   348095.009
   740:   348202.005   348223.009   348248.005   348286.009   348306.005
   745:   348553.009   348637.005   349004.009   349995.001   351045.018
   750:   351657.003   351663.016   351713.026   351737.005   352243.009
   755:   352688.001   352938.003   355283.001   356149.003   356213.005
   760:   356524.009   358208.001   358392.003   358504.005   358623.009
   765:   366988.005   367011.009   367036.005   367294.009   369183.005
   770:   369293.009   369640.001   370690.018   370818.003   370824.016
   775:   370837.005   370874.026   372123.009   372438.001   373390.003
   780:   373508.005   373931.009   373946.005   374035.009   374074.005
   785:   374081.009   374305.001   375128.003   375183.005   375667.009
   790:   375984.001   377034.018   377395.003   377401.016   377424.005
   795:   377451.026   379030.009   379235.005   379299.009   379571.001
   800:   379773.003   379865.005   380742.009   381035.001   381709.003
   805:   381995.001   382391.003   382494.005   383544.009   383993.001
   810:   385014.003   385433.005   385483.009   385673.001   386351.003
   815:   386533.001   386887.005   386889.003   387257.009   387461.001
   820:   388511.018   388565.003   388571.016   388621.026   388634.001
   825:   388822.003   388870.005   389528.009   389775.001   390825.018
   830:   390977.003   390983.016   390999.005   391033.026   391868.009
   835:   392637.001   393298.003   393354.001   393443.003   393566.005
   840:   394080.009   434177.005   434539.009   434550.005   434924.009
   845:   435056.005   435244.009   458293.005   458311.009   458323.005
   850:   458477.009   458501.005   458635.009   458757.005   458783.009
   855:   458913.005   458971.009   481499.005   481739.009   481750.005
   860:   481797.009   510274.005   510600.009   530030.005   530047.009
   865:   530069.005   530374.009   531823.005   531965.009   532449.001
   870:   533026.003   533103.005   533303.009   533527.001   534508.003
   875:   534810.001   534911.003   535070.005   535235.009   535586.001
   880:   536254.003   536855.001   537096.003   537147.005   537737.009
   885:   537965.001   538172.003   538199.005   538288.009   538459.001
   890:   539170.003   539478.001   540528.018   541942.003   541948.016
   895:   541979.005   541998.026   542688.009   546176.005   546188.009
   900:   546199.005   546247.009   546810.001   546940.003   547717.001
   905:   548513.003   548592.005   548739.009   549225.001   549777.003
   910:   550092.001   551142.018   551305.003   551311.016   551361.026
   915:   551420.005   552141.009   552153.005   552159.009   552416.001
   920:   553466.018   553495.003   553501.016   553551.026   553597.005
   925:   554025.009   554029.005   554034.009   554852.001   555046.003
   930:   555152.005   555435.009   555726.001   556072.003   556185.005
   935:   556369.009   556641.001   557691.018   557759.003   557765.016
   940:   557815.026   557876.005   558406.009   558651.001   559701.018
   945:   559928.003   559934.016   559953.005   559984.026   560710.009
   950:   561279.001   561578.003   561716.001   561924.003   561990.005
   955:   562257.009   562414.001   563464.018   563859.003   563865.016
   960:   563915.026   564140.005   564889.009   567899.001   568949.018
   965:   569466.003   569472.016   569522.026   569582.005   570433.009
   970:   570739.005   570745.009   570748.005   570963.009   571983.001
   975:   573033.018   573038.003   573044.016   573094.026   573096.017
   980:   573227.005   573928.009   574393.001   574655.003   575036.001
   985:   575205.003   575275.005   575427.009   575646.001   576414.003
   990:   576518.005   576652.009   576903.001   578373.018   578773.003
   995:   578779.016   578788.001   578829.026   579010.003   579185.005
  1000:   579623.009   580175.001   581400.003   581567.001   581684.003
  1005:   581771.001   581833.003   581890.005   582251.009   582457.001
  1010:   582663.003   582717.005   583126.009   583327.001   584797.018
  1015:   585039.003   585045.016   585095.026   585136.005   585612.009
  1020:   585852.001   586543.003   586931.001   588254.003   588351.005
  1025:   588514.009   588647.005   588692.009   588927.001   589732.003
  1030:   591526.001   592947.005   592976.003   593203.009   593296.005
  1035:   593676.009   601743.005   601805.009   601949.005   602055.009
  1040:   602254.001   603704.003   603946.005   604026.009   604290.001
  1045:   605145.003   605277.005   605291.009   605295.005   605326.009
  1050:   605514.001   606793.003   607444.005   607689.009   607889.001
  1055:   608315.003   608880.001   609183.003   609690.005   609869.009
  1060:   610052.001   610311.003   610908.001   611729.003   612889.001
  1065:   614359.018   614547.003   614553.016   614603.026   614663.005
  1070:   615219.009   615733.001   616526.003   616640.005   616823.009
  1075:   617012.001   617286.003   617921.001   618001.003   618142.005
  1080:   618403.009   618680.001   619072.003   619628.001   620150.003
  1085:   620573.001   621331.003   621443.001   621937.003   621981.005
  1090:   622099.009   622481.001   623489.003   624555.001   625358.003
  1095:   625754.001   626515.005   626516.003   626667.009   628260.001
  1100:   628736.003   628865.001   629097.003   629201.005   629237.009
  1105:   629428.001   629648.003   630318.001   630580.003   630677.005
  1110:   630850.009   631901.001   632267.003   632433.001   632478.003
  1115:   632529.005   632677.009   638880.001   640350.018   641985.003
  1120:   641991.016   642041.026   642221.005   642793.009   643156.001
  1125:   644096.003   644675.001   645568.003   645616.005   645748.009
  1130:   645920.001   646184.003   646318.005   646407.009   646672.001
  1135:   648142.018   648204.003   648210.016   648245.001   648260.026
  1140:   648455.003   648486.005   648893.009   655001.005   655056.009
  1145:   655481.001   656087.003   657657.001   658009.003   658110.005
  1150:   658177.009   658359.001   659386.003   659401.001   659769.003
  1155:   659900.001   661370.018   661405.003   661411.016   661461.026
  1160:   661488.005   662368.009   663557.005   663581.009   663583.005
  1165:   663599.009   664095.001   664440.003   664639.001   664680.003
  1170:   664805.005   664821.009   664830.005   664918.009   674663.005
  1175:   674673.009   674688.005   675193.009   676553.005   676570.009
  1180:   676587.005   676613.009   676836.001   677551.003   677939.001
  1185:   677998.003   680301.001   680332.003   680522.005   680803.009
  1190:   722649.005   723033.009   759361.005   759578.009   759982.001
  1195:   760608.003   760753.005   760884.009   761146.001   761464.003
  1200:   762113.001   762891.003   763301.005   763407.009   763627.001
  1205:   764445.003   764815.005   765082.009   765390.001   766860.018
  1210:   767195.005   767356.009   767427.003   767433.016   767483.026
  1215:   767520.001   767636.003   767637.005   768135.009   768174.005
  1220:   768190.009   772017.005   772095.009   772784.001   774254.018
  1225:   774437.003   774443.016   774493.026   774562.005   775249.009
  1230:   775279.005   775366.009   775372.005   775664.009   777453.001
  1235:   777753.003   777998.005   778289.009   778958.001   779083.003
  1240:   779241.005   779322.009   779682.001   780299.003   780624.001
  1245:   781022.003   781487.001   782260.003   782943.001   783760.003
  1250:   783838.001   783981.003   784024.005   784329.009   784590.001
  1255:   785212.003   785476.001   785619.003   785850.005   786011.009
  1260:   786312.001   786719.003   786924.001   788295.003   788324.005
  1265:   788633.009   788892.001   789384.003   789690.001   789888.003
  1270:   789935.005   790108.009   790398.001   791444.003   791465.005
  1275:   791704.009   791908.001   792165.003   792204.001   793657.003
  1280:   793835.001   793945.003   794083.005   794415.009   794436.005
  1285:   794575.009   794907.001   796377.018   796753.003   796759.016
  1290:   796778.005   796809.026   797379.009   797602.005   798975.009
  1295:   799373.001   799711.003   799748.005   800049.009   803400.001
  1300:   804124.003   804682.001   806152.018   806262.003   806268.016
  1305:   806318.026   806462.005   807065.009   808149.001   808419.003
  1310:   808977.001   809765.003   809940.005   810065.009   810476.001
  1315:   811252.003   811407.005   811437.009   811903.001   813373.018
  1320:   813415.003   813421.016   813471.026   813738.005   813751.009
  1325:   813945.005   814645.009   814980.005   815096.009   816607.005
  1330:   816899.009   817218.001   818017.003   819626.001   819842.003
  1335:   821840.001   823119.003   823269.005   823287.009   824053.001
  1340:   825080.003   825098.005   825481.009   831697.001   831839.003
  1345:   831937.001   833407.018   833803.003   833809.016   833849.005
  1350:   833859.026   834595.009   835921.001   837296.005   837303.003
  1355:   837817.009   841268.001   841345.003   841456.005   841944.009
  1360:   843234.001   844704.018   845485.003   845491.016   845508.005
  1365:   845541.026   846267.009   847012.001   847674.005   847675.003
  1370:   848025.009   848225.001   848797.003   849022.001   849190.003
  1375:   849256.005   849473.009   849508.005   850101.009   850142.005
  1380:   850268.009   850794.001   851776.003   851796.005   852044.009
  1385:   852266.001   852819.003   853031.001   853254.003   853332.005
  1390:   853465.009   853862.001   854532.003   854693.001   854781.003
  1395:   854934.005   855152.009   855767.001   857045.003   857927.001
  1400:   858945.003   859026.005   859646.009   863488.002   863672.004
  1405:   863827.005   863840.009   863852.005   863934.009   864533.001
  1410:   865710.003   865801.005   865906.009   866143.001   866926.003
  1415:   867362.001   868268.003   868424.001   869693.003   869776.005
  1420:   869782.009   869998.001   871301.003   871336.005   871682.009
  1425:   871695.005   871703.009   871717.005   872714.009   872721.005
  1430:   873066.009   873549.001   874433.003   874452.001   874916.003
  1435:   875001.005   875092.009   875274.001   876086.005   876090.003
  1440:   876121.009   876454.001   876941.003   877782.005   877884.009
  1445:   878432.001   878507.003   878541.001   878829.003   878911.005
  1450:   879279.009   879800.001   880448.003   880502.005   880684.009
  1455:   881010.001   881268.003   881764.005   881884.009   882079.001
  1460:   882491.003   882627.001   882865.005   883034.009   883132.003
  1465:   883206.001   883366.003   883444.005   883761.009   883983.001
  1470:   884392.005   884507.003   884509.009   884586.005   884623.009
  1475:   884739.005   884748.009   884823.005   884852.009   885256.001
  1480:   885785.003   886283.001   886498.005   886510.009   886521.005
  1485:   886556.009   886621.003   886706.001   886780.003   886849.001
  1490:   887875.003   888133.001   888210.003   888438.005   888592.009
  1495:   906372.005   906452.009   906466.005   906628.009   907502.001
  1500:   908635.003   908771.005   908777.009   908796.005   908833.009
  1505:   908869.005   908876.009   909235.001   910111.003   910145.001
  1510:   910539.003   911190.001   911239.003   911351.001   912033.003
  1515:   912126.001   912344.005   912383.009   912388.005   912422.009
  1520:   912637.003   912872.001   912986.003   913260.001   913653.003
  1525:   913830.001   914149.003   914311.005   914564.009   914755.005
  1530:   914796.009   914836.005   915152.009   915948.005   915974.009
  1535:   916478.001   916634.003   917540.001   917975.003   918003.005
  1540:   918125.009   920273.005   920430.009   933465.005   933604.009
  1545:   935879.005   935961.009   935965.005   936163.009   944959.001
  1550:   945374.003   945512.005   945760.009   949580.005   949805.009
  1555:  1048805.005  1048971.009  1049882.001  1050037.003  1051124.001
  1560:  1051274.003  1051309.005  1052042.009  1053214.001  1053298.003
  1565:  1053453.005  1053662.009  1053799.005  1054014.009  1054424.001
  1570:  1054474.003  1054605.005  1055180.009  1055317.005  1055451.009
  1575:  1055459.005  1055469.009  1056584.005  1056750.009  1057139.005
  1580:  1057502.009  1057963.005  1057991.009  1058073.005  1058276.009
  1585:  1058576.001  1059826.003  1060821.001  1062291.018  1062423.003
  1590:  1062429.016  1062479.026  1062538.001  1062627.003  1062705.005
  1595:  1063668.009  1064811.001  1065412.003  1065815.001  1066129.003
  1600:  1066236.001  1067132.003  1067288.005  1067425.009  1069649.001
  1605:  1071119.018  1071404.003  1071410.016  1071460.026  1071691.001
  1610:  1071797.003  1071931.005  1072532.009  1076058.005  1076082.009
  1615:  1076092.005  1076527.009  1076547.005  1076556.009  1077941.001
  1620:  1078107.003  1078147.005  1078573.009  1078799.001  1080269.018
  1625:  1080870.005  1080925.009  1080939.005  1080961.009  1081060.003
  1630:  1081066.016  1081116.026  1081146.001  1081279.003  1081294.005
  1635:  1081800.009  1081838.005  1081990.009  1083029.001  1084499.018
  1640:  1087783.003  1087789.016  1087839.026  1088022.001  1088197.003
  1645:  1088249.005  1088633.009  1088641.005  1088780.009  1089329.001
  1650:  1090799.018  1091356.005  1091382.003  1091388.016  1091438.026
  1655:  1091875.009  1091913.005  1091941.009  1092034.005  1092165.009
  1660:  1093211.001  1094681.018  1095244.003  1095250.016  1095300.026
  1665:  1095301.005  1096263.009  1097544.001  1097954.003  1098385.001
  1670:  1098975.003  1099251.005  1099686.009  1100093.001  1101563.018
  1675:  1102909.003  1102915.016  1102920.005  1102965.026  1103812.009
  1680:  1104692.001  1105446.003  1105610.001  1105837.003  1105855.005
  1685:  1106670.009  1107308.001  1108332.003  1108467.005  1108571.009
  1690:  1109009.001  1109603.005  1109698.009  1109755.003  1109899.001
  1695:  1110140.005  1110231.003  1110555.009  1113897.001  1114175.003
  1700:  1114367.001  1115597.003  1115711.005  1116025.009  1116279.001
  1705:  1117749.018  1118211.003  1118217.016  1118267.026  1118545.005
  1710:  1119261.009  1125634.001  1127104.018  1127397.003  1127403.016
  1715:  1127453.026  1127507.005  1128091.009  1129134.001  1129885.005
  1720:  1129890.003  1130323.009  1130620.001  1131759.003  1131832.005
  1725:  1132165.009  1132703.005  1132826.009  1133263.001  1133403.003
  1730:  1133526.005  1133655.009  1134182.001  1135075.003  1135412.001
  1735:  1135681.003  1136023.001  1136132.003  1137099.005  1137239.009
  1740:  1137995.001  1138248.003  1139214.001  1139469.003  1139698.001
  1745:  1140082.003  1140151.001  1140519.005  1140590.003  1141019.009
  1750:  1141371.001  1141971.003  1142549.001  1142790.003  1142905.005
  1755:  1143032.009  1143284.001  1143593.003  1144766.001  1146218.003
  1760:  1146486.005  1146639.009  1147225.001  1148695.018  1148778.003
  1765:  1148784.016  1148792.001  1148834.026  1149031.003  1149185.005
  1770:  1149754.009  1150604.001  1152074.018  1152699.003  1152705.016
  1775:  1152755.026  1152824.005  1153406.009  1154453.001  1155533.003
  1780:  1155650.005  1155936.009  1156173.001  1157643.018  1159880.003
  1785:  1159886.016  1159936.026  1160031.005  1160742.009  1162492.001
  1790:  1163609.003  1164546.005  1164561.009  1164564.005  1165155.009
  1795:  1165378.001  1166245.003  1167314.005  1167464.009  1167486.005
  1800:  1167751.009  1167975.001  1168470.003  1168717.001  1170187.018
  1805:  1170494.003  1170500.016  1170550.026  1170579.005  1171171.009
  1810:  1171701.001  1172524.003  1173390.005  1173530.009  1173596.005
  1815:  1173616.009  1173623.005  1173655.009  1173674.005  1173856.009
  1820:  1174038.005  1174082.009  1174858.001  1175746.003  1176022.001
  1825:  1176512.003  1176578.005  1176896.009  1177283.001  1177761.003
  1830:  1177802.005  1177927.009  1178181.005  1178187.009  1178247.005
  1835:  1178540.009  1178572.005  1178583.009  1178593.005  1178682.009
  1840:  1178899.001  1178977.003  1179136.001  1180606.018  1181914.003
  1845:  1181920.016  1181970.026  1184480.005  1184560.009  1184575.005
  1850:  1184581.009  1184590.005  1185946.009  1186432.001  1186678.003
  1855:  1186815.005  1186998.009  1188553.005  1188769.009  1191254.001
  1860:  1192219.003  1193030.005  1193298.009  1193553.001  1193892.003
  1865:  1194300.001  1195770.018  1195945.003  1195951.016  1196001.026
  1870:  1196119.001  1196318.003  1196365.005  1196734.009  1196927.005
  1875:  1196962.009  1197052.005  1197059.009  1197074.005  1197152.009
  1880:  1197926.001  1199396.018  1199482.003  1199488.016  1199515.005
  1885:  1199538.026  1200093.009  1201264.001  1202169.003  1202637.005
  1890:  1202882.009  1203101.001  1203753.003  1204059.001  1204193.003
  1895:  1204245.005  1204664.009  1205155.001  1205201.003  1205271.001
  1900:  1205786.003  1207326.001  1207843.003  1207918.001  1208664.003
  1905:  1208723.005  1208973.009  1209248.001  1209821.003  1211039.001
  1910:  1211414.003  1214733.001  1215018.003  1215728.005  1216048.009
  1915:  1216318.001  1217430.003  1217519.001  1217892.003  1218162.001
  1920:  1218508.003  1218555.005  1218968.009  1219540.005  1219587.009
  1925:  1219607.005  1219611.009  1219717.005  1219835.009  1219896.005
  1930:  1220355.009  1220997.005  1221228.009  1230733.005  1230781.009
  1935:  1231470.001  1231893.003  1233004.001  1234449.003  1234677.005
  1940:  1234960.009  1236230.001  1237039.003  1237129.005  1237224.009
  1945:  1237540.001  1238641.003  1239341.001  1240057.003  1240139.001
  1950:  1240418.003  1240450.005  1240609.009  1240873.001  1241201.003
  1955:  1241472.001  1241725.003  1241749.005  1241973.009  1242046.005
  1960:  1242374.009  1242628.001  1242907.003  1244396.001  1244620.003
  1965:  1245063.001  1246533.018  1246750.003  1246756.016  1246770.005
  1970:  1246806.026  1248839.009  1249620.005  1249674.009  1250156.001
  1975:  1250793.003  1251423.005  1251756.009  1257391.005  1257410.009
  1980:  1257497.005  1257717.009  1258729.001  1259404.003  1260742.001
  1985:  1262212.018  1263201.003  1263207.016  1263257.026  1263665.005
  1990:  1264415.009  1269291.005  1269416.009  1269922.005  1269940.009
  1995:  1269947.005  1270094.009  1270331.001  1271801.018  1271851.003
  2000:  1271857.016  1271907.026  1272179.005  1272745.009  1274100.005
  2005:  1274106.009  1275878.001  1276476.003  1276942.005  1277064.009
  2010:  1282403.001  1282507.003  1282944.005  1282967.009  1286212.001
  2015:  1286408.003  1287010.005  1287158.009  1287558.001  1287920.003
  2020:  1287990.001  1288385.003  1288403.005  1288611.009  1288914.001
  2025:  1290175.003  1290397.005  1290442.009  1290456.005  1290477.009
  2030:  1290739.001  1291455.003  1291613.001  1291867.003  1291935.005
  2035:  1292081.009  1292266.001  1293315.003  1293495.001  1293957.003
  2040:  1293986.005  1294143.009  1294403.001  1294897.003  1295027.001
  2045:  1295733.003  1300252.005  1300275.009  1300401.005  1300530.009
  2050:  1300618.005  1300746.009  1301529.001  1302444.003  1302618.001
  2055:  1302864.003  1304402.001  1304506.003  1304970.001  1305531.003
  2060:  1306350.005  1306537.009  1306979.001  1307203.003  1308188.001
  2065:  1308315.003  1308556.001  1308979.003  1309118.005  1309231.009
  2070:  1309481.001  1309963.003  1310250.001  1310428.003  1310494.005
  2075:  1311100.009  1311422.001  1311632.003  1311672.005  1311852.009
  2080:  1312631.001  1313424.003  1313480.005  1313641.009  1314156.005
  2085:  1314193.009  1314653.005  1314800.009  1315375.005  1315392.009
  2090:  1315785.001  1316229.003  1316454.001  1316545.003  1316738.001
  2095:  1316819.003  1316883.001  1317106.003  1317125.001  1317475.003
  2100:  1318456.001  1318664.003  1319147.001  1319482.003  1323633.005
  2105:  1323880.009  1323908.005  1323911.009  1325185.005  1325199.009
  2110:  1325219.005  1325228.009  1325237.005  1325249.009  1325457.005
  2115:  1325534.009  1325590.005  1325598.009  1326851.001  1327037.003
  2120:  1327145.005  1327305.009  1327667.001  1328959.003  1330140.001
  2125:  1331610.018  1331656.003  1331662.016  1331712.026  1331995.005
  2130:  1332824.009  1334728.001  1334825.003  1335020.005  1335383.009
  2135:  1335755.001  1337225.018  1337267.003  1337273.016  1337323.026
  2140:  1337384.005  1337893.009  1339527.005  1339658.009  1342288.005
  2145:  1342315.009  1346915.001  1347401.005  1347411.003  1347636.009
  2150:  1348068.001  1349064.003  1349564.001  1350768.003  1350910.005
  2155:  1351041.009  1351394.001  1352864.018  1353468.003  1353474.016
  2160:  1353524.026  1353770.005  1354357.009  1359101.001  1359502.003
  2165:  1359547.001  1359647.003  1361538.001  1363008.018  1363208.003
  2170:  1363214.016  1363264.026  1363423.005  1363989.009  1370005.005
  2175:  1370026.009  1370689.001  1372094.003  1372282.005  1372358.009
  2180:  1372851.001  1373140.003  1373317.005  1373329.009  1373522.001
  2185:  1374015.003  1374411.001  1374589.003  1374672.005  1374845.009
  2190:  1375072.001  1375792.003  1376396.001  1376506.003  1376724.005
  2195:  1376800.009  1377783.001  1378103.003  1379229.001  1380468.003
  2200:  1468194.001  1468473.003  1469098.001  1469451.003  1471019.001
  2205:  1471688.003  1471978.005  1472296.009  1472325.005  1472345.009
  2210:  1472357.005  1472411.009  1472437.005  1472696.009  1472949.001
  2215:  1474150.003  1474745.001  1475559.003  1476043.005  1476291.009
  2220:  1476527.001  1477366.003  1477440.005  1478117.009  1478654.001
  2225:  1479097.003  1479394.001  1479536.003  1479931.001  1481000.003
  2230:  1481152.005  1481355.009  1481593.001  1482202.003  1482445.001
  2235:  1482727.003  1482845.005  1482967.009  1483176.001  1484327.003
  2240:  1485836.001  1486606.003  1487124.001  1487823.003  1488062.001
  2245:  1488197.003  1488319.005  1488444.009  1489079.001  1489626.003
  2250:  1489760.001  1490158.003  1490965.001  1491713.003  1491905.001
  2255:  1492375.003  1492455.005  1492709.009  1492844.005  1492934.009
  2260:  1493406.001  1493726.003  1494411.001  1494477.003  1494746.005
  2265:  1494987.009  1495320.001  1496008.003  1496027.005  1496376.009
  2270:  1496622.001  1496735.003  1496792.005  1496965.009  1497340.001
  2275:  1498578.003  1498931.005  1498964.009  1499796.005  1499872.009
B:
     0:        0.000      493.000       16.000      493.000       16.000
     5:      520.000        0.000        0.000        0.000      520.000
    10:        0.000        1.000        0.000        0.000        0.000
    15:        0.000       73.000        2.000       73.000        0.000
    20:        0.000        0.000        0.000        0.000        0.000
    25:        0.000       73.000        0.000        0.000        0.000
    30:        0.000
D:
     0:  1790626.000  1789389.000  1790627.000
E:
     0:      750.000     1470.000
T:
     0:        0.000        0.000        0.000        0.000
W:
     0:        0.000        0.000        0.000
