File: C:\MED-PC IV\Data\Reyes\AZ\AZ4092.999


Start Date: 05/11/25
End Date: 05/11/25
Subject: 92
Experiment: AZ
Group: 20_LONG
Box: 6
Start Time: 15:02:02
End Time: 15:36:46
MSN: DRRD_timeout_retract
C:       0.000
F:       0.000
G:       0.000
H:       0.000
I:       0.000
J:       0.000
K:   10000.000
L:       0.000
M:       0.000
N:     100.000
O:       0.000
P:   10000.000
Q:       0.000
R:       0.000
S:       0.000
U:  125052.000
V:       0.000
X:       0.000
Y:     927.000
Z:       0.000
A:
     0:     4023.005     4040.009     4085.005     4177.009     4408.005
     5:     4420.009    15000.013    15000.011    15783.001    19943.003
    10:    19948.023    19948.021    20528.005    20673.009    29949.013
    15:    29949.011    30321.001    35321.018    37272.003    37278.016
    20:    37328.026    37374.005    37622.009    38134.001    42808.003
    25:    42813.023    42813.021    42839.001    42911.003    48523.005
    30:    48548.009    50718.005    50732.009    51334.005    51361.009
    35:    52814.013    52814.011    53143.001    57460.003    57465.023
    40:    57465.021    57491.001    57567.003    60582.005    60608.009
    45:    60735.005    60773.009    62159.005    62239.009    67466.013
    50:    67466.011    67647.001    72647.018    73812.003    73818.016
    55:    73868.026    73919.005    73952.001    74144.009    74239.003
    60:    74244.023    74244.021    74631.005    75030.009    84245.013
    65:    84245.011    84489.001    89489.018    89604.003    89610.016
    70:    89660.026    89717.005    89911.009    90691.001    95539.003
    75:    95544.023    95544.021    95950.005    96022.009    97242.005
    80:    97479.009   105545.013   105545.011   106003.001   111003.018
    85:   111463.003   111469.016   111519.026   111591.005   111757.009
    90:   112731.001   112751.003   112756.023   112756.021   112812.001
    95:   112871.003   113163.005   113185.009   113193.005   113714.009
   100:   117747.005   117762.009   122757.013   122757.011   123031.001
   105:   126984.003   126989.023   126989.021   132462.005   132601.009
   110:   135914.005   135930.009   136990.013   136990.011   137176.001
   115:   140607.003   140612.023   140612.021   140936.005   140978.009
   120:   148811.005   148835.009   150613.013   150613.011   150793.001
   125:   154501.003   154506.023   154506.021   154542.001   154591.003
   130:   154715.005   154845.009   161591.005   161637.009   164507.013
   135:   164507.011   164748.001   169504.003   169509.023   169509.021
   140:   170694.005   170712.009   170739.005   170766.009   171353.005
   145:   171359.009   171369.005   171662.009   179510.013   179510.011
   150:   179701.001   183837.003   183842.023   183842.021   183901.001
   155:   183946.003   184248.005   184276.009   188250.005   188291.009
   160:   193362.005   193368.009   193374.005   193427.009   193843.013
   165:   193843.011   194088.001   198239.003   198244.023   198244.021
   170:   198661.005   198689.009   208245.013   208245.011   208450.001
   175:   208470.003   208475.023   208475.021   208513.001   208599.003
   180:   216330.005   216366.009   218476.013   218476.011   218756.001
   185:   220785.003   220790.023   220790.021   221001.005   221014.009
   190:   221052.005   221063.009   225166.005   225180.009   225317.005
   195:   225446.009   227117.005   227136.009   227392.005   227441.009
   200:   228096.005   228149.009   228266.005   228470.009   230791.013
   205:   230791.011   230973.001   235044.003   235049.023   235049.021
   210:   242319.005   242353.009   245050.013   245050.011   245232.001
   215:   250232.018   250328.003   250334.016   250384.026   250411.005
   220:   250556.009   250864.001   255864.018   256539.003   256545.016
   225:   256595.026   256644.005   256851.009   257579.001   262579.018
   230:   262648.003   262654.016   262704.026   262756.005   262868.001
   235:   263369.009   263402.003   263407.023   263407.021   263950.005
   240:   264468.009   264519.005   264550.009   264938.005   264958.009
   245:   273408.013   273408.011   273628.001   277356.003   277361.023
   250:   277361.021   279868.005   279944.009   279981.005   280045.009
   255:   280534.005   280644.009   287362.013   287362.011   287565.001
   260:   292565.018   293267.003   293273.016   293323.026   293383.005
   265:   293652.009   294323.001   298640.003   298645.023   298645.021
   270:   300073.005   300531.009   300545.005   300578.009   300761.005
   275:   300844.009   300862.005   300872.009   300903.005   300957.009
   280:   300962.005   300970.009   301081.005   301161.009   301539.005
   285:   301545.009   302091.005   302202.009   308646.013   308646.011
   290:   308868.001   313868.018   314321.003   314327.016   314377.026
   295:   314431.005   314705.009   315417.001   319461.003   319466.023
   300:   319466.021   320160.005   320429.009   320910.005   320956.009
   305:   326206.005   326221.009   329467.013   329467.011   329702.001
   310:   334702.018   334867.003   334873.016   334923.026   334944.005
   315:   335338.009   335812.001   340442.003   340447.023   340447.021
   320:   340844.005   341114.009   341187.005   341212.009   349146.005
   325:   349187.009   350448.013   350448.011   350641.001   354065.003
   330:   354070.023   354070.021   357711.005   357827.009   364071.013
   335:   364071.011   364194.001   368556.003   368561.023   368561.021
   340:   370990.005   371015.009   378562.013   378562.011   378739.001
   345:   383675.003   383680.023   383680.021   384087.005   384186.009
   350:   393681.013   393681.011   393824.001   398553.003   398558.023
   355:   398558.021   408559.013   408559.011   408755.001   413755.018
   360:   414750.003   414756.016   414806.026   414859.005   415031.009
   365:   415807.001   420530.003   420535.023   420535.021   420644.005
   370:   420657.009   420688.005   420705.009   430536.013   430536.011
   375:   430700.001   435700.018   435781.003   435787.016   435837.026
   380:   435885.005   436074.009   437183.001   440774.003   440779.023
   385:   440779.021   441150.005   441175.009   450780.013   450780.011
   390:   451017.001   456017.018   456184.003   456190.016   456240.026
   395:   456275.005   456748.009   457666.001   462666.018   464010.003
   400:   464016.016   464066.026   464109.005   464589.009   465358.001
   405:   465652.003   465657.023   465657.021   465707.001   465770.003
   410:   466553.005   466776.009   475658.013   475658.011   475746.001
   415:   475778.003   475783.023   475783.021   475848.001   475966.003
   420:   476547.005   476617.009   477187.005   477206.009   477281.005
   425:   477341.009   478159.005   478242.009   478271.005   478290.009
   430:   483669.005   483686.009   483701.005   483727.009   485784.013
   435:   485784.011   485967.001   489415.003   489420.023   489420.021
   440:   489723.005   489730.009   495773.005   495823.009   495841.005
   445:   495854.009   499421.013   499421.011   499550.001   503386.003
   450:   503391.023   503391.021   513392.013   513392.011   513605.001
   455:   518042.003   518047.023   518047.021   525991.005   526007.009
   460:   528048.013   528048.011   528261.001   531734.003   531739.023
   465:   531739.021   532107.005   532118.009   532134.005   532380.009
   470:   541740.013   541740.011   542415.001   542859.003   542864.023
   475:   542864.021   543273.005   543432.009   543498.005   543518.009
   480:   549799.005   549830.009   552865.013   552865.011   553101.001
   485:   558101.018   559091.003   559097.016   559147.026   559201.005
   490:   559570.009   560140.001   565140.018   565525.003   565531.016
   495:   565581.026   565620.005   565917.009   566498.001   571498.018
   500:   572215.003   572221.016   572271.026   572323.005   572433.001
   505:   572491.003   572496.023   572496.021   573128.009   579193.005
   510:   579289.009   582497.013   582497.011   582623.001   587623.018
   515:   588170.003   588176.016   588225.001   588226.026   588299.003
   520:   588304.023   588304.021   588307.005   588481.009   588973.005
   525:   589635.009   589659.005   589676.009   589681.005   589701.009
   530:   589712.005   590086.009   598305.013   598305.011   598413.001
   535:   603413.018   603740.003   603746.016   603796.026   603857.005
   540:   604437.009   605354.001   610354.018   611194.003   611200.016
   545:   611250.026   611279.005   611329.001   611770.009   611808.003
   550:   611813.023   611813.021   612384.005   613928.009   621814.013
   555:   621814.011   622395.001   622959.003   622964.023   622964.021
   560:   622991.001   623168.003   624410.005   624429.009   624461.005
   565:   624480.009   632965.013   632965.011   633089.001   633109.003
   570:   633114.023   633114.021   633151.001   633230.003   643115.013
   575:   643115.011   643366.001   648303.003   648308.023   648308.021
   580:   648660.005   648670.009   648700.005   649047.009   658309.013
   585:   658309.011   658647.001   663647.018   663841.003   663847.016
   590:   663897.026   663933.005   664117.009   664860.001   668864.003
   595:   668869.023   668869.021   669229.005   669363.009   675469.005
   600:   675484.009   678870.013   678870.011   679059.001   684059.018
   605:   684174.003   684180.016   684230.026   684302.005   684393.001
   610:   684572.009   684630.003   684635.023   684635.021   685033.005
   615:   686103.009   686433.005   688007.009   688379.005   688405.009
   620:   688430.005   688933.009   694636.013   694636.011   694835.001
   625:   699835.018   701251.003   701257.016   701307.026   701354.005
   630:   701513.001   701654.009   701694.003   701699.023   701699.021
   635:   711700.013   711700.011   711956.001   716956.018   717825.003
   640:   717831.016   717881.026   717916.005   718277.009   720117.001
   645:   725117.018   726109.003   726115.016   726165.026   726199.005
   650:   726316.001   726379.003   726384.023   726384.021   726636.009
   655:   727311.005   727750.009   736385.013   736385.011   736516.001
   660:   741516.018   743121.003   743127.016   743177.026   743232.005
   665:   743599.009   744215.001   749215.018   750678.003   750684.016
   670:   750734.026   750810.005   751245.009   751272.005   751472.009
   675:   752027.001   757027.018   757909.003   757915.016   757965.026
   680:   757993.005   758352.009   758908.001   763908.018   765152.003
   685:   765158.016   765208.026   765231.005   765407.001   765446.003
   690:   765451.023   765451.021   765946.009   767808.005   767829.009
   695:   767840.005   768277.009   768296.005   768501.009   769996.005
   700:   770009.009   775452.013   775452.011   775524.001   775567.003
   705:   775572.023   775572.021   775595.001   775841.003   785573.013
   710:   785573.011   785845.001   790845.018   791108.003   791114.016
   715:   791164.026   791200.005   791397.009   791944.001   796944.018
   720:   797963.003   797969.016   798019.026   798080.005   798620.009
   725:   799402.001   804402.018   804645.003   804651.016   804701.026
   730:   804705.001   804752.003   804757.023   804757.021   804773.005
   735:   805149.009   806599.005   806779.009   814758.013   814758.011
   740:   814874.001   819602.003   819607.023   819607.021   829608.013
   745:   829608.011   829828.001   834828.018   834842.003   834848.016
   750:   834898.026   834947.005   835284.009   836105.001   841105.018
   755:   842233.003   842239.016   842289.026   842351.005   842518.001
   760:   842536.003   842541.023   842541.021   843009.009   852542.013
   765:   852542.011   852901.001   856789.003   856794.023   856794.021
   770:   866795.013   866795.011   867223.001   872039.003   872044.023
   775:   872044.021   872372.005   872535.009   882045.013   882045.011
   780:   882422.001   887422.018   887873.003   887879.016   887929.026
   785:   887959.005   888164.009   888867.001   888935.003   888940.023
   790:   888940.021   888974.001   889046.003   889929.005   889934.009
   795:   889970.005   890216.009   890233.005   890369.009   898941.013
   800:   898941.011   899179.001   904179.018   904705.003   904711.016
   805:   904761.026   904818.005   905233.001   905263.009   905430.003
   810:   905435.023   905435.021   905492.001   905558.003   915436.013
   815:   915436.011   915701.001   920701.018   920912.003   920918.016
   820:   920968.026   920974.001   921047.003   921050.005   921052.023
   825:   921052.021   921825.009   922769.005   922783.009   922812.005
   830:   923259.009   931053.013   931053.011   931190.001   936190.018
   835:   937500.003   937506.016   937556.026   937602.005   937845.009
   840:   938438.001   942879.003   942884.023   942884.021   950708.005
   845:   950725.009   952885.013   952885.011   952977.001   957064.003
   850:   957069.023   957069.021   965061.005   965126.009   967070.013
   855:   967070.011   967223.001   972223.018   972396.003   972402.016
   860:   972452.026   972494.005   972753.009   973325.001   977433.003
   865:   977438.023   977438.021   987439.013   987439.011   987628.001
   870:   987745.003   987750.023   987750.021   987804.001   987885.003
   875:   988354.005   988713.009   988745.005   988770.009   992063.005
   880:   992107.009   997751.013   997751.011   997901.001  1002026.003
   885:  1002031.023  1002031.021  1009714.005  1009803.009  1012032.013
   890:  1012032.011  1012140.001  1016160.003  1016165.023  1016165.021
   895:  1016637.005  1016812.009  1022737.005  1022751.009  1026166.013
   900:  1026166.011  1026483.001  1031483.018  1031532.003  1031538.016
   905:  1031588.026  1031620.005  1031878.009  1032313.001  1032511.003
   910:  1032516.023  1032516.021  1032540.001  1032590.003  1032980.005
   915:  1032992.009  1033010.005  1033320.009  1033352.005  1033396.009
   920:  1042517.013  1042517.011  1042518.061  1042519.061  1042520.061
   925:  1042521.061  1042522.061
B:
     0:        0.000      115.000        0.000      115.000        0.000
     5:      165.000        0.000        0.000        0.000      165.000
    10:        0.000       61.000        0.000       61.000        0.000
    15:        0.000       40.000        0.000       40.000        0.000
    20:        0.000       60.000        0.000       60.000        0.000
    25:        0.000       40.000        0.000        0.000        0.000
    30:        0.000
D:
     0:  1157562.000  1157365.000  1157563.000
E:
     0:     5000.000     5000.000
T:
     0:        0.000        0.000        0.000        0.000
W:
     0:        0.000        0.000        0.000
