File: C:\MED-PC IV\Data\Reyes\AZ\AZ4088.999


Start Date: 05/11/25
End Date: 05/11/25
Subject: 88
Experiment: AZ
Group: 20_LONG
Box: 2
Start Time: 15:02:02
End Time: 15:38:58
MSN: DRRD_timeout_retract
C:       0.000
F:       0.000
G:       0.000
H:       0.000
I:       0.000
J:       0.000
K:   10000.000
L:       0.000
M:       0.000
N:     100.000
O:       0.000
P:   10000.000
Q:       0.000
R:       0.000
S:       0.000
U:  125052.000
V:       0.000
X:       0.000
Y:     927.000
Z:       0.000
A:
     0:     4734.005     4777.009     4789.005     4871.009    15000.013
     5:    15000.011    15651.001    20651.018    21288.003    21294.016
    10:    21344.026    21404.005    21816.009    21919.005    21930.009
    15:    22221.001    24349.003    24354.023    24354.021    24361.001
    20:    24464.003    34355.013    34355.011    34906.001    39906.018
    25:    41009.003    41015.016    41065.026    41083.005    41432.009
    30:    41781.001    46781.018    48689.003    48695.016    48738.005
    35:    48745.026    49116.009    49294.001    54294.018    55698.003
    40:    55704.016    55754.026    55792.005    56039.009    59413.001
    45:    64413.018    65164.003    65170.016    65220.026    65248.005
    50:    65503.009    65767.001    68297.003    68302.023    68302.021
    55:    68318.001    68403.003    78303.013    78303.011    79098.001
    60:    83907.003    83912.023    83912.021    83976.005    84130.009
    65:    93913.013    93913.011    94922.001    99524.003    99529.023
    70:    99529.021   109530.013   109530.011   109905.001   114905.018
    75:   115309.003   115315.016   115365.026   115380.005   115733.009
    80:   116017.001   121017.018   122156.003   122162.016   122212.026
    85:   122236.005   122602.009   124235.001   129235.018   131069.003
    90:   131075.016   131113.005   131125.026   131371.009   134461.001
    95:   139461.018   141448.003   141454.016   141504.026   141532.005
   100:   142109.009   142122.005   142195.009   143925.001   148925.018
   105:   150291.003   150297.016   150347.026   150448.005   151110.009
   110:   152857.001   157857.018   159539.003   159545.016   159595.026
   115:   159613.005   160013.009   161250.001   166250.018   167908.003
   120:   167914.016   167964.026   168003.005   168809.009   168815.005
   125:   168851.009   170081.001   174083.003   174088.023   174088.021
   130:   174096.001   174183.003   184089.013   184089.011   184870.001
   135:   189870.018   191348.003   191354.016   191404.026   191422.005
   140:   191853.009   194197.001   199197.018   199367.003   199373.016
   145:   199423.026   199435.005   199954.009   199966.005   199972.009
   150:   201916.001   202378.003   202383.023   202383.021   212384.013
   155:   212384.011   213121.001   218121.018   218254.003   218260.016
   160:   218310.026   218339.005   218718.009   220383.001   225383.018
   165:   227709.003   227715.016   227765.026   227794.005   228143.009
   170:   228162.005   228171.009   228245.005   228263.009   229804.001
   175:   233755.003   233760.023   233760.021   233768.001   233841.003
   180:   236643.005   236805.009   243761.013   243761.011   244542.001
   185:   249542.018   250087.003   250093.016   250142.005   250143.026
   190:   250870.009   251735.001   256735.018   257777.003   257783.016
   195:   257833.026   257847.005   258577.009   259763.001   264763.018
   200:   265697.003   265703.016   265753.026   265782.005   266123.009
   205:   266124.005   266132.009   266135.005   266562.009   266690.005
   210:   266702.009   267680.001   272680.018   274133.003   274139.016
   215:   274189.026   274206.005   274600.009   275781.001   280781.018
   220:   281903.003   281909.016   281959.026   281989.005   282463.009
   225:   282480.005   282662.009   283859.001   284061.003   284066.023
   230:   284066.021   284082.001   284139.003   294067.013   294067.011
   235:   294672.001   299672.018   300711.003   300717.016   300761.005
   240:   300767.026   301111.009   301112.005   301156.009   301165.005
   245:   301185.009   302344.001   307344.018   309316.003   309322.016
   250:   309372.026   309396.005   309881.009   309887.005   309894.009
   255:   309921.005   309972.009   311416.001   316416.018   318182.003
   260:   318188.016   318238.026   318251.005   318485.009   318491.005
   265:   318728.009   318730.005   318760.009   318766.005   318775.009
   270:   319616.001   320284.003   320289.023   320289.021   320377.001
   275:   320390.003   330290.013   330290.011   330518.001   335518.018
   280:   336019.003   336025.016   336075.026   336081.005   336888.009
   285:   338449.001   343449.018   344139.003   344145.016   344195.026
   290:   344227.005   345025.009   345028.005   345035.009   345914.001
   295:   350914.018   352257.003   352263.016   352311.005   352313.026
   300:   352705.009   352720.005   352834.009   355038.001   360038.018
   305:   360390.003   360396.016   360446.026   360472.005   360851.009
   310:   362541.001   367541.018   369043.003   369049.016   369099.026
   315:   369108.005   369537.009   371163.001   376163.018   376782.003
   320:   376788.016   376838.026   376861.005   377206.009   377242.005
   325:   377255.009   378970.001   380052.003   380057.023   380057.021
   330:   380125.001   380181.003   390058.013   390058.011   391075.001
   335:   396075.018   396799.003   396805.016   396855.026   396881.005
   340:   397319.009   399254.001   404175.003   404180.023   404180.021
   345:   404248.005   404387.009   414181.013   414181.011   415313.001
   350:   419843.003   419848.023   419848.021   419914.005   420000.009
   355:   429849.013   429849.011   430818.001   435031.003   435036.023
   360:   435036.021   445037.013   445037.011   445722.001   450622.003
   365:   450627.023   450627.021   460628.013   460628.011   461651.001
   370:   466354.003   466359.023   466359.021   466442.001   466592.003
   375:   476360.013   476360.011   476858.001   481858.018   482054.003
   380:   482060.016   482110.026   482224.005   482445.009   482456.005
   385:   482461.009   483921.001   488921.018   489700.003   489706.016
   390:   489756.026   489837.005   490355.009   492297.001   496386.003
   395:   496391.023   496391.021   496395.001   496488.003   498230.005
   400:   498280.009   498386.005   498391.009   498968.005   499590.009
   405:   499679.005   499824.009   499846.005   499862.009   500243.005
   410:   500247.009   500262.005   501190.009   501203.005   501210.009
   415:   501220.005   502488.009   504175.005   504177.009   504201.005
   420:   504209.009   504215.005   504237.009   506392.013   506392.011
   425:   507419.001   512419.018   513320.003   513326.016   513376.026
   430:   513380.005   513799.009   515728.001   520728.018   521497.003
   435:   521503.016   521553.026   521590.005   521883.009   521911.005
   440:   521922.009   523364.001   528364.018   530036.003   530042.016
   445:   530092.026   530100.005   530607.009   530634.005   530759.009
   450:   531965.001   536965.018   538213.003   538219.016   538269.026
   455:   538278.005   538581.009   549995.001   550426.003   550431.023
   460:   550431.021   550457.001   550884.003   560432.013   560432.011
   465:   560774.001   560885.003   560890.023   560890.021   570891.013
   470:   570891.011   571299.001   575669.003   575674.023   575674.021
   475:   575771.005   576272.009   585675.013   585675.011   586156.001
   480:   591156.018   591465.003   591471.016   591521.026   591561.005
   485:   592140.009   593708.001   598156.003   598161.023   598161.021
   490:   608162.013   608162.011   608974.001   613426.003   613431.023
   495:   613431.021   613513.005   613569.009   620022.005   620038.009
   500:   623432.013   623432.011   624004.001   628962.003   628967.023
   505:   628967.021   638968.013   638968.011   639952.001   644724.003
   510:   644729.023   644729.021   654730.013   654730.011   654982.001
   515:   659670.003   659675.023   659675.021   669676.013   669676.011
   520:   670714.001   675245.003   675250.023   675250.021   685251.013
   525:   685251.011   685907.001   690907.018   691205.003   691211.016
   530:   691261.026   691306.005   691694.009   691696.005   691724.009
   535:   693017.001   693864.003   693869.023   693869.021   693876.001
   540:   693956.003   695794.005   696727.009   696740.005   696769.009
   545:   696803.005   696878.009   696986.005   696994.009   697017.005
   550:   697031.009   697045.005   698635.009   698642.005   698656.009
   555:   698702.005   698711.009   698718.005   698730.009   698769.005
   560:   699447.009   699449.005   699454.009   699456.005   699484.009
   565:   699504.005   699537.009   699541.005   699547.009   699566.005
   570:   699578.009   700100.005   700104.009   700128.005   700132.009
   575:   700140.005   700149.009   700183.005   700345.009   700353.005
   580:   700371.009   700374.005   700382.009   700717.005   701710.009
   585:   701718.005   701745.009   703870.013   703870.011   704168.001
   590:   708719.003   708724.023   708724.021   709574.005   709581.009
   595:   709583.005   709586.009   709605.005   709611.009   709613.005
   600:   710006.009   710007.005   710064.009   710078.005   710089.009
   605:   710104.005   710664.009   710695.005   710721.009   710758.005
   610:   710772.009   710894.005   710902.009   710930.005   710970.009
   615:   711043.005   711052.009   718725.013   718725.011   727776.001
   620:   732776.018   733747.003   733753.016   733803.026   733812.005
   625:   734284.009   735860.001   740860.018   741009.003   741015.016
   630:   741065.026   741091.005   741404.009   742488.001   747488.018
   635:   747567.003   747573.016   747623.026   747634.005   748203.009
   640:   748211.005   748369.009   748391.005   748400.009   749757.001
   645:   754757.018   755063.003   755069.016   755119.026   755134.005
   650:   756017.009   757515.001   762029.003   762034.023   762034.021
   655:   762115.005   762183.009   772035.013   772035.011   772840.001
   660:   777369.003   777374.023   777374.021   777460.005   777580.009
   665:   787375.013   787375.011   788397.001   793126.003   793131.023
   670:   793131.021   793210.005   793271.009   803132.013   803132.011
   675:   803541.001   807272.003   807277.023   807277.021   817278.013
   680:   817278.011   817970.001   822826.003   822831.023   822831.021
   685:   832832.013   832832.011   834247.001   839247.018   839880.003
   690:   839886.016   839936.026   839967.005   840376.009   841801.001
   695:   846801.018   848159.003   848165.016   848215.026   848229.005
   700:   848969.009   849877.001   853809.003   853814.023   853814.021
   705:   857592.005   857614.009   857631.005   857753.009   857756.005
   710:   857782.009   863815.013   863815.011   864463.001   869463.018
   715:   869740.003   869746.016   869796.026   869896.005   870692.009
   720:   872278.001   877278.018   877953.003   877959.016   878009.026
   725:   878015.005   878880.009   880127.001   880296.003   880301.023
   730:   880301.021   880317.001   880386.003   883032.005   883045.009
   735:   883061.005   883283.009   886419.005   886523.009   886565.005
   740:   886575.009   886592.005   886624.009   886680.005   886685.009
   745:   886698.005   887189.009   887262.005   887271.009   887317.005
   750:   887333.009   887438.005   887451.009   887500.005   887506.009
   755:   887507.005   887534.009   887569.005   887611.009   887624.005
   760:   887631.009   888364.005   888374.009   888500.005   888507.009
   765:   890302.013   890302.011   891024.001   896024.018   896443.003
   770:   896449.016   896499.026   896505.005   897221.009   898547.001
   775:   898902.003   898907.023   898907.021   898910.001   899301.003
   780:   908908.013   908908.011   910123.001   914769.003   914774.023
   785:   914774.021   914834.005   915037.009   924775.013   924775.011
   790:   928328.001   929596.003   929601.023   929601.021   929606.001
   795:   929877.003   939602.013   939602.011   940583.001   945583.018
   800:   946131.003   946137.016   946187.026   946221.005   946534.009
   805:   950170.001   955118.003   955123.023   955123.021   955210.005
   810:   955260.009   965124.013   965124.011   965977.001   970337.003
   815:   970342.023   970342.021   980343.013   980343.011   981019.001
   820:   986019.018   986301.003   986307.016   986357.026   986413.005
   825:   987168.009   988603.001   993603.018   994383.003   994389.016
   830:   994439.026   994447.005   994789.009   998571.001  1003571.018
   835:  1003912.003  1003918.016  1003968.026  1003979.005  1004935.009
   840:  1004953.005  1005121.009  1005133.005  1005143.009  1006577.001
   845:  1011577.018  1012014.003  1012020.016  1012070.026  1012083.005
   850:  1012927.009  1012932.005  1013087.009  1014710.001  1019548.003
   855:  1019553.023  1019553.021  1019625.005  1020087.009  1029554.013
   860:  1029554.011  1032329.001  1037329.018  1037572.003  1037578.016
   865:  1037628.026  1037639.005  1038313.009  1039662.001  1043185.003
   870:  1043190.023  1043190.021  1053191.013  1053191.011  1054448.001
   875:  1058771.003  1058776.023  1058776.021  1058864.005  1058948.009
   880:  1068777.013  1068777.011  1069448.001  1074448.018  1075008.003
   885:  1075014.016  1075064.026  1075081.005  1075874.009  1075892.005
   890:  1075991.009  1076748.001  1079405.003  1079410.023  1079410.021
   895:  1079454.001  1079489.003  1089411.013  1089411.011  1090080.001
   900:  1095080.018  1096059.003  1096065.016  1096115.026  1096116.005
   905:  1096644.009  1097649.001  1098233.003  1098238.023  1098238.021
   910:  1098311.001  1098339.003  1104280.005  1104704.009  1104711.005
   915:  1104742.009  1104817.005  1104832.009  1104845.005  1104851.009
   920:  1108239.013  1108239.011  1108240.061  1108241.061  1108242.061
   925:  1108243.061  1108244.061
B:
     0:        0.000      116.000        0.000      116.000        0.000
     5:      172.000        0.000        0.000        0.000      172.000
    10:        0.000       45.000        0.000       45.000        0.000
    15:        0.000       56.000        0.000       56.000        0.000
    20:        0.000       44.000        0.000       44.000        0.000
    25:        0.000       56.000        0.000        0.000        0.000
    30:        0.000
D:
     0:  1223284.000  1222701.000  1223285.000
E:
     0:     5000.000     5000.000
T:
     0:        0.000        0.000        0.000        0.000
W:
     0:        0.000        0.000        0.000
