File: C:\MED-PC IV\Data\Aila\AN\AN0021.999


Start Date: 03/10/19
End Date: 03/10/19
Subject: 21
Experiment: AN
Group: PilotoAumentoCriterioExp
Box: 5
Start Time: 19:18:30
End Time: 20:18:30
MSN: DRRD_long_exp
C:       0.000
F:       0.000
G:       0.000
H:       0.000
I:       0.000
J:       0.000
K:      25.000
L:       0.000
M:       0.000
N:       0.000
O:       0.000
P:       0.000
Q:       0.000
R:       0.000
S:       0.000
U:   76067.000
V:       0.000
W:       0.000
X:       0.000
Y:     895.000
Z:       0.000
A:
     0:     2356.002     2510.004     2877.001     3087.003     5577.001
     5:     6130.003    15000.011    19872.001    20728.003    21937.001
    10:    21984.003    28556.002    29282.004    31567.001    32729.003
    15:    33355.001    34275.003    68268.001    68436.003    71712.001
    20:    72922.003    73659.001    74103.003    77000.001    77679.003
    25:    84748.002    84846.004    86938.002    87022.004    93826.001
    30:    94336.003    96723.001    96999.003    97310.001    98177.003
    35:   116032.001   116493.003   119308.001   120443.003   121870.001
    40:   122092.003   123860.001   125041.003   129694.001   130944.018
    45:   131096.003   131102.016   131152.026   141230.001   142082.003
    50:   143496.001   144473.003   145447.001   146558.003   153825.001
    55:   154415.003   158194.001   158896.003   160479.001   161387.003
    60:   169316.001   169756.003   172842.001   173229.003   175108.001
    65:   175843.003   179893.001   180555.003   181964.001   183105.003
    70:   193323.001   193954.003   197014.002   197341.004   203170.001
    75:   204095.003   209455.001   210644.003   211924.001   213174.018
    80:   213321.003   213327.016   213377.026   223534.001   224074.003
    85:   225493.001   226202.003   227871.001   229121.018   229152.003
    90:   229158.016   229208.026   237447.001   238077.003   239670.001
    95:   240615.003   242318.001   243341.003   255759.001   256692.003
   100:   259344.001   260219.003   264625.001   265466.003   269488.001
   105:   270313.003   271812.001   272944.003   273774.001   274611.003
   110:   277272.001   277339.003   277386.001   277905.003   279008.001
   115:   279759.003   284591.001   285118.003   286672.001   287555.003
   120:   288865.001   289010.003   293894.001   294444.003   295425.001
   125:   295812.003   295852.001   296126.003   296197.001   296334.003
   130:   305002.001   306012.003   316598.001   317763.003   319121.001
   135:   319868.003   324299.001   324616.003   329107.001   329718.003
   140:   329771.001   329911.003   332787.001   333738.003   338746.001
   145:   339897.003   339917.001   340126.003   341365.001   342454.003
   150:   345149.001   346399.018   350131.003   350137.016   350187.026
   155:   363402.001   363843.003   366517.001   367382.003   383354.001
   160:   384025.003   387320.001   388491.003   396405.001   397180.003
   165:   398718.001   399509.003   400906.001   402060.003   410597.001
   170:   411497.003   414303.001   415144.003   416080.001   416448.003
   175:   420607.001   421286.003   424542.001   425478.003   426508.001
   180:   427319.003   429502.001   430736.003   432107.001   432311.003
   185:   432354.001   432976.003   433027.001   433312.003   433327.001
   190:   433466.003   437484.001   438572.003   448255.001   448691.003
   195:   451224.001   451574.003   454731.001   455445.003   458197.001
   200:   458958.003   460761.001   461778.003   464835.001   465120.003
   205:   468066.001   468462.003   474157.001   475407.018   475485.003
   210:   475491.016   475541.026   486788.001   487457.003   490964.001
   215:   491994.003   493417.001   493953.003   497637.001   498573.003
   220:   503260.001   503624.003   505306.001   506100.003   507310.001
   225:   508098.003   508499.001   508887.003   517811.001   518289.003
   230:   519747.001   520527.003   523054.002   523093.004   523536.002
   235:   523827.004   524245.002   524867.004   525999.001   526853.003
   240:   535805.001   536615.003   542135.001   542470.003   548794.001
   245:   549789.003   553004.001   553647.003   553660.001   554062.003
   250:   561919.001   563011.003   573590.001   574840.018   575176.003
   255:   575182.016   575232.026   594630.001   595687.003   597566.001
   260:   598420.003   599898.001   600275.003   602529.001   603442.003
   265:   605332.001   606180.003   606211.001   606449.003   611060.001
   270:   611833.003   620355.001   621346.003   630850.001   632072.003
   275:   633075.001   633665.003   635168.001   635944.003   638720.001
   280:   639790.003   640078.001   640120.003   641868.001   643118.018
   285:   643267.003   643273.016   643323.026   652217.001   653132.003
   290:   660684.001   661450.003   663958.001   664433.003   667061.001
   295:   667519.003   667552.001   667931.003   676581.001   677274.003
   300:   680416.001   680538.003   688252.001   688869.003   692285.001
   305:   692955.003   694009.001   694559.003   697792.001   699042.018
   310:   699222.003   699228.016   699278.026   712955.001   713762.003
   315:   715795.001   716168.003   722950.001   723885.003   728407.001
   320:   729150.003   731646.001   732512.003   734627.001   735262.003
   325:   739537.001   739838.003   742823.001   743531.003   750785.001
   330:   751741.003   756342.001   756962.003   759059.001   759658.003
   335:   760382.001   761283.003   763085.001   763654.003   764509.001
   340:   765228.003   765264.001   765475.003   772082.001   772932.003
   345:   775295.001   776083.003   779658.001   780327.003   785002.001
   350:   785938.003   790409.001   791493.003   791530.001   791662.003
   355:   793836.001   794956.003   795795.001   796967.003   799785.001
   360:   800005.003   800775.001   800861.003   800980.001   801117.003
   365:   805279.001   806399.003   808140.001   809081.003   813809.001
   370:   814442.003   815775.001   815832.003   821927.001   822977.003
   375:   825079.001   825512.003   826532.001   827022.003   832424.001
   380:   833242.003   838698.001   839215.003   842689.001   843434.003
   385:   845299.001   846352.003   847282.001   848084.003   851235.001
   390:   851962.003   854000.001   855157.003   855227.001   855433.003
   395:   863186.001   864403.003   870125.001   870715.003   874284.001
   400:   875111.003   876791.001   877176.003   881887.001   882216.003
   405:   882527.001   883066.003   890872.001   891803.003   896421.001
   410:   897671.018   900089.003   900095.016   900145.026   917684.001
   415:   918146.003   938245.001   938950.003   941433.001   942129.003
   420:   947330.001   948082.003   950026.001   950658.003   956569.001
   425:   956750.003   956859.001   957755.003   966002.001   966298.003
   430:   970173.001   970850.003   973255.001   974159.003   976213.001
   435:   976923.003   979601.001   980851.018   980889.003   980895.016
   440:   980945.026   991009.001   991433.003   996623.001   997225.003
   445:   998706.001   999637.003  1010535.001  1010857.003  1025348.001
   450:  1026042.003  1028493.001  1028996.003  1029569.001  1030597.003
   455:  1037591.001  1037956.003  1041254.001  1041655.003  1043010.001
   460:  1043389.003  1043431.001  1043729.003  1043749.001  1044999.018
   465:  1046933.003  1046939.016  1046989.026  1057717.001  1057917.003
   470:  1072169.001  1072689.003  1075054.001  1075418.003  1078049.001
   475:  1078264.003  1085665.001  1086231.003  1090175.001  1090753.003
   480:  1091999.001  1092379.003  1097330.001  1097893.003  1099402.001
   485:  1100083.003  1100094.001  1100333.003  1106476.001  1107137.003
   490:  1108177.001  1108883.003  1110369.001  1110937.003  1112185.001
   495:  1112691.003  1115234.001  1115935.003  1117424.001  1117625.003
   500:  1117660.001  1117882.003  1122895.001  1123751.003  1123832.001
   505:  1124099.003  1125987.001  1126472.003  1127692.001  1128254.003
   510:  1129379.001  1129440.003  1129544.001  1130143.003  1131830.001
   515:  1132823.003  1138003.001  1138765.003  1139973.001  1140734.003
   520:  1141689.001  1142367.003  1142409.001  1142668.003  1145687.001
   525:  1146937.018  1147627.003  1147633.016  1147683.001  1147683.026
   530:  1147855.003  1155926.001  1155963.003  1156032.001  1156712.003
   535:  1158483.001  1159733.018  1159909.003  1159915.016  1159965.026
   540:  1166732.001  1167574.003  1169626.001  1170185.003  1170246.001
   545:  1170637.003  1172711.001  1173340.003  1173378.001  1173755.003
   550:  1174718.001  1175333.003  1181598.001  1182649.003  1183804.001
   555:  1183966.003  1184123.001  1184659.003  1185284.001  1186077.003
   560:  1186105.001  1186432.003  1188588.001  1189777.003  1191058.001
   565:  1191622.003  1195706.001  1196323.003  1197634.001  1198398.003
   570:  1199097.001  1199802.003  1202042.001  1202624.003  1206434.001
   575:  1206833.003  1208748.001  1208797.003  1210355.001  1211091.003
   580:  1214882.001  1215930.003  1217355.001  1217814.003  1223429.001
   585:  1223835.003  1225451.001  1226628.003  1232781.001  1233568.003
   590:  1234626.001  1235299.003  1236418.001  1236952.003  1237636.001
   595:  1237718.003  1237734.001  1238526.003  1242619.001  1243479.003
   600:  1247387.001  1248474.003  1250095.001  1250645.003  1251225.001
   605:  1252004.003  1255408.001  1256609.003  1257958.001  1258661.003
   610:  1261359.001  1262407.003  1264075.001  1265325.018  1265460.003
   615:  1265466.016  1265494.001  1265516.026  1265689.003  1275293.001
   620:  1275992.003  1278652.001  1279264.003  1280037.001  1281287.018
   625:  1282226.003  1282232.016  1282282.026  1290545.001  1291335.003
   630:  1293745.001  1294669.003  1300659.001  1301303.003  1302703.001
   635:  1303231.003  1305381.001  1305990.003  1306890.001  1307196.003
   640:  1307224.001  1308097.003  1310601.001  1311515.003  1317057.001
   645:  1317934.003  1320088.001  1320780.003  1323044.001  1323332.003
   650:  1323343.001  1323676.003  1324932.001  1325436.003  1328494.001
   655:  1329296.003  1330323.001  1330954.003  1332840.001  1333275.003
   660:  1337628.001  1338626.003  1340427.001  1341110.003  1346898.001
   665:  1347783.003  1351029.001  1351625.003  1353054.001  1353129.003
   670:  1353166.001  1353701.003  1356257.001  1356698.003  1358216.001
   675:  1358995.003  1360056.001  1360271.003  1360323.001  1360507.003
   680:  1362720.001  1363477.003  1367290.001  1368277.003  1368313.001
   685:  1368520.003  1373412.001  1374120.003  1378884.001  1379212.003
   690:  1379246.001  1379495.003  1383828.001  1384280.003  1386577.001
   695:  1386643.003  1386713.001  1387326.003  1392054.001  1392736.003
   700:  1396791.001  1397462.003  1399449.001  1400106.003  1406404.001
   705:  1407490.003  1408587.001  1409526.003  1411268.001  1412292.003
   710:  1412371.001  1412488.003  1413580.001  1414514.003  1414533.001
   715:  1414755.003  1416046.001  1416624.003  1416674.001  1416900.003
   720:  1421778.001  1422871.003  1424549.001  1425424.003  1431107.001
   725:  1431836.003  1443922.001  1444349.003  1446156.001  1446738.003
   730:  1448864.001  1449546.003  1450512.001  1451076.003  1451124.001
   735:  1451320.003  1456634.001  1457028.003  1459575.001  1460228.003
   740:  1469045.001  1469658.003  1472584.001  1473396.003  1474075.001
   745:  1474698.003  1475661.001  1476061.003  1476104.001  1476274.003
   750:  1476334.001  1476556.003  1477753.001  1478350.003  1478396.001
   755:  1478710.003  1484989.001  1485508.003  1488292.001  1488687.003
   760:  1490217.001  1490641.003  1492532.001  1493228.003  1496073.002
   765:  1496653.004  1503782.001  1504142.003  1506333.001  1506789.003
   770:  1508141.001  1508628.003  1511334.001  1511805.003  1520679.001
   775:  1521313.003  1522859.001  1523213.003  1524011.001  1524854.003
   780:  1525782.001  1527032.018  1527172.003  1527178.016  1527228.026
   785:  1546068.001  1546859.003  1549426.001  1549900.003  1572578.001
   790:  1573493.003  1575015.001  1575625.003  1577132.001  1577905.003
   795:  1579196.001  1580299.003  1581565.001  1581632.003  1582097.001
   800:  1582662.003  1600637.001  1601887.018  1602189.003  1602195.016
   805:  1602245.026  1612740.001  1613066.003  1629610.001  1630567.003
   810:  1634202.001  1635366.003  1637196.001  1638261.003  1640731.001
   815:  1641052.003  1642563.001  1643016.003  1646407.001  1647219.003
   820:  1648763.001  1649395.003  1651921.001  1652650.003  1663290.001
   825:  1664331.003  1669146.001  1669975.003  1671699.001  1672940.003
   830:  1674714.001  1675233.003  1676945.001  1677478.003  1681481.001
   835:  1681682.003  1692515.001  1692906.003  1697774.001  1699024.018
   840:  1699881.003  1699887.016  1699937.026  1713784.001  1714617.003
   845:  1719124.001  1719868.003  1722790.001  1723411.003  1726963.001
   850:  1727743.003  1732134.001  1732676.003  1735240.001  1735984.003
   855:  1738969.001  1739821.003  1741853.001  1742901.003  1744225.001
   860:  1744816.003  1744855.001  1745029.003  1746350.001  1747185.003
   865:  1748332.001  1748742.003  1752299.001  1752972.003  1756552.001
   870:  1757147.003  1758856.001  1759174.003  1760924.001  1761563.003
   875:  1763908.001  1764686.003  1766523.001  1767571.003  1773800.001
   880:  1774187.003  1777288.001  1777893.003  1780342.001  1780434.003
   885:  1781237.001  1782080.003  1786364.001  1786877.003  1791530.001
   890:  1792334.003  1793914.001  1794923.003  1796706.001  1797743.003
B:
     0:        0.000      411.000        9.000      411.000        9.000
     5:        0.000        0.000        0.000        0.000        0.000
    10:        0.000        1.000        0.000        0.000        0.000
    15:        0.000       18.000        0.000       18.000        0.000
    20:        0.000        0.000        0.000        0.000        0.000
    25:        0.000       18.000        0.000        0.000        0.000
    30:        0.000
D:
     0:  1873809.000  1872773.000  1873810.000
E:
     0:     1250.000     1250.000
T:
     0:        0.000        0.000        0.000        0.000
