File: C:\MED-PC IV\Data\Aila\AN\AN0022.999


Start Date: 03/16/19
End Date: 03/16/19
Subject: 22
Experiment: AN
Group: PilotoAumentoCriterioExp
Box: 6
Start Time: 18:48:26
End Time: 19:48:25
MSN: DRRD_long_exp
C:       0.000
F:       0.000
G:       0.000
H:       0.000
I:       0.000
J:       0.000
K:      33.000
L:       0.000
M:       0.000
N:       0.000
O:       0.000
P:       0.000
Q:       0.000
R:       0.000
S:       0.000
U:    5551.000
V:       0.000
W:       2.000
X:       0.000
Y:     656.000
Z:       0.000
A:
     0:     6593.001     7442.003     7656.001     7703.003     8534.002
     5:     9064.004    15000.011    15066.001    16140.003    16716.001
    10:    17213.003    47550.001    47609.003    47761.001    48178.003
    15:    62851.001    64303.003    68878.001    70122.003    81112.002
    20:    81180.004    82234.002    82745.004    83453.002    84251.004
    25:    86284.002    86924.004    90674.001    90960.003    92732.001
    30:    93588.003    95490.001    96145.003   102662.001   102766.003
    35:   102905.001   103977.003   142847.001   143038.003   143952.001
    40:   145225.003   146572.001   146620.003   146696.001   147465.003
    45:   148832.001   150211.003   150274.001   150313.003   150587.001
    50:   150620.003   224170.001   225140.003   252734.001   253961.003
    55:   255600.001   256762.003   258882.001   260400.003   264307.001
    60:   265361.003   265994.001   266068.003   266129.001   266177.003
    65:   266240.001   267890.018   267994.003   268000.016   268050.026
    70:   286128.001   286766.003   287271.001   288039.003   288110.001
    75:   288396.003   294891.001   294968.003   295023.001   295939.003
    80:   297739.001   298400.003   300055.001   300080.003   300128.001
    85:   301436.003   302808.001   303634.003   323028.001   324026.003
    90:   324874.001   326153.003   352041.001   353194.003   363600.001
    95:   364681.003   366011.001   367206.003   370458.001   370517.003
   100:   374787.001   376209.003   382051.001   383403.003   385008.001
   105:   385053.003   385231.001   386881.018   387060.003   387066.016
   110:   387116.026   387119.001   387140.003   405762.001   406217.003
   115:   425829.001   426256.003   427232.001   428711.003   428939.001
   120:   428997.003   431199.001   432849.018   432864.003   432870.016
   125:   432920.026   432922.001   432939.003   454511.001   455711.003
   130:   456813.001   458366.003   458574.001   458645.003   460346.001
   135:   460423.003   460722.001   461927.003   469366.001   470369.003
   140:   493578.001   495196.003   496992.001   498283.003   500026.001
   145:   501676.018   501945.003   501951.016   502001.026   536951.001
   150:   538382.003   539864.001   541292.003   542824.001   542923.003
   155:   542965.001   544615.018   544694.003   544700.016   544750.026
   160:   567594.001   567630.003   567687.001   569326.003   570908.001
   165:   572031.003   581909.001   582840.003   584033.001   585399.003
   170:   590570.001   591929.003   593465.001   594474.003   594875.001
   175:   594973.003   595119.001   595161.003   596696.001   596767.003
   180:   596967.001   598374.003   598534.001   598629.003   605389.001
   185:   606033.003   607228.001   608112.003   620091.001   621119.003
   190:   624352.001   624500.003   626273.001   627258.003   630775.001
   195:   632425.018   632539.003   632545.016   632595.026   654836.001
   200:   656240.003   657833.001   659483.018   659748.003   659754.016
   205:   659804.026   659812.001   659832.003   688682.001   688866.003
   210:   688890.001   689227.003   690182.001   690507.003   690579.001
   215:   691664.003   692896.001   694346.003   694455.001   694603.003
   220:   696945.001   698094.003   702018.001   703416.003   705423.001
   225:   706626.003   709562.001   710314.003   712289.001   713808.003
   230:   722545.001   722664.003   724172.001   725319.003   726558.001
   235:   726704.003   727259.001   727533.003   729450.001   730211.003
   240:   735215.001   735643.003   735732.001   735849.003   749224.001
   245:   750275.003   751964.001   753517.003   753824.001   753889.003
   250:   754708.001   755716.003   756568.001   758218.018   758343.003
   255:   758349.016   758399.026   780979.001   781486.003   782445.001
   260:   783736.003   785505.001   785627.003   785717.001   786693.003
   265:   788058.001   789708.018   789820.003   789826.016   789876.026
   270:   811520.001   811715.003   811735.001   811997.003   812110.001
   275:   812405.003   812534.001   812778.003   814352.001   815739.003
   280:   818429.001   819174.003   830012.001   830566.003   831460.001
   285:   831497.003   831558.001   833208.018   833545.003   833551.016
   290:   833601.026   856943.001   857949.003   860087.001   860312.003
   295:   860436.001   861737.003   864967.001   866043.003   866189.001
   300:   866342.003   875777.001   875854.003   875900.001   877448.003
   305:   877873.001   878135.003   879308.001   879631.003   880510.001
   310:   882117.003   882381.001   882449.003   882941.001   883961.003
   315:   886924.001   887069.003   887142.001   887169.003   887275.001
   320:   888556.003   890494.001   890596.003   890660.001   890896.003
   325:   890929.001   892034.003   894606.001   896256.018   896287.003
   330:   896293.016   896343.026   924441.001   925617.003   928030.001
   335:   928165.003   928216.001   929643.003   936575.001   937313.003
   340:   939141.001   939641.003   939675.001   940484.003   942095.001
   345:   942989.003   957028.001   957396.003   957424.001   957713.003
   350:   957748.001   957804.003   958012.001   959371.003   961780.001
   355:   961885.003   961948.001   962568.003   964842.001   966492.018
   360:   966591.003   966597.016   966647.026   991134.001   992430.003
   365:   994478.001   996128.018   996173.003   996179.016   996229.026
   370:   996234.001   996251.003  1032458.001  1033271.003  1034471.001
   375:  1035701.003  1037351.001  1038708.003  1046713.001  1047982.003
   380:  1051158.001  1052425.003  1054158.001  1055662.003  1062068.001
   385:  1062783.003  1063489.001  1063542.003  1066339.001  1067608.003
   390:  1069502.001  1071012.003  1081199.001  1082163.003  1083016.001
   395:  1084441.003  1084763.001  1084814.003  1087573.001  1087634.003
   400:  1087727.001  1088300.003  1089236.001  1090574.003  1091483.001
   405:  1092060.003  1092100.001  1093107.003  1093225.001  1093342.003
   410:  1113679.001  1113732.003  1113977.001  1114630.003  1117902.001
   415:  1118607.003  1130171.001  1131309.003  1133936.001  1135183.003
   420:  1146772.001  1147075.003  1148370.001  1148694.003  1151912.001
   425:  1153245.003  1156509.001  1157597.003  1157735.001  1157855.003
   430:  1158509.001  1159747.003  1164213.001  1164402.003  1164445.001
   435:  1165636.003  1166875.001  1166930.003  1166999.001  1168613.003
   440:  1169587.001  1170806.003  1172668.001  1173081.003  1173096.001
   445:  1174079.003  1180737.001  1182264.003  1184489.001  1185517.003
   450:  1188028.001  1189410.003  1205712.002  1206568.004  1208456.001
   455:  1209001.003  1209817.001  1209839.003  1287987.001  1288450.003
   460:  1288939.001  1289915.003  1290129.001  1290287.003  1292807.001
   465:  1293554.003  1299547.001  1300967.003  1309106.001  1310526.003
   470:  1322123.001  1323337.003  1324996.001  1326603.003  1370959.001
   475:  1371777.003  1371866.001  1372753.003  1380055.001  1380297.003
   480:  1381929.001  1383579.018  1384095.003  1384101.016  1384151.026
   485:  1415453.001  1416406.003  1421622.001  1422865.003  1424849.001
   490:  1425923.003  1431485.001  1432535.003  1432702.001  1432902.003
   495:  1434525.001  1436115.003  1440129.001  1440540.003  1440596.001
   500:  1441640.003  1449522.001  1451172.018  1451336.003  1451342.016
   505:  1451392.026  1475369.001  1476665.003  1478263.001  1479860.003
   510:  1516636.001  1517865.003  1518139.001  1518205.003  1530251.001
   515:  1531901.018  1531915.003  1531921.016  1531964.001  1531971.026
   520:  1532006.003  1556020.001  1557549.003  1558720.001  1560052.003
   525:  1561935.001  1562192.003  1562360.001  1562465.003  1562571.001
   530:  1563710.003  1563775.001  1564088.003  1568295.001  1569359.003
   535:  1571886.001  1573292.003  1575645.001  1575859.003  1575936.001
   540:  1577068.003  1579101.001  1579497.003  1579717.001  1580336.003
   545:  1581358.001  1582355.003  1582415.001  1582691.003  1587921.001
   550:  1588846.003  1598620.001  1599891.003  1600977.001  1602473.003
   555:  1604140.001  1604353.003  1604369.001  1606019.018  1606118.003
   560:  1606124.016  1606174.026  1606180.001  1606200.003  1630112.001
   565:  1631508.003  1632914.001  1634564.018  1634683.003  1634689.016
   570:  1634739.026  1661857.001  1661952.003  1661989.001  1662091.003
   575:  1662112.001  1662887.003  1664096.001  1665671.003  1672853.001
   580:  1673046.003  1673210.001  1674080.003  1679450.001  1679770.003
   585:  1681328.001  1682484.003  1682732.001  1682896.003  1689661.001
   590:  1691311.018  1691406.003  1691412.016  1691462.026  1710045.001
   595:  1710251.003  1710302.001  1710350.003  1710426.001  1710627.003
   600:  1710876.001  1710929.003  1713618.001  1713889.003  1714015.001
   605:  1714291.003  1714443.001  1714568.003  1720611.001  1720730.003
   610:  1720894.001  1722123.003  1722269.001  1722332.003  1724604.001
   615:  1726254.018  1726280.003  1726286.016  1726336.026  1726343.001
   620:  1726360.003  1750042.001  1750085.003  1750122.001  1751170.003
   625:  1752253.001  1753797.003  1755645.001  1756970.003  1758665.001
   630:  1758718.003  1758798.001  1759866.003  1759911.001  1760370.003
   635:  1767117.001  1767548.003  1769089.001  1770441.003  1774502.001
   640:  1775144.003  1777760.001  1779065.003  1785075.001  1786553.003
   645:  1787925.001  1788307.003  1788533.001  1789877.003  1794293.001
   650:  1794961.003  1795048.001  1796638.003  1799307.001  1799702.003
   655:  1799751.001
B:
     0:        0.000      292.000        6.000      291.000        6.000
     5:        0.000        0.000        0.000        0.000        0.000
    10:        0.000        1.000        0.000        0.000        0.000
    15:        0.000       20.000        0.000       20.000        0.000
    20:        0.000        0.000        0.000        0.000        0.000
    25:        0.000       20.000        0.000        0.000        0.000
    30:        0.000
D:
     0:  1805556.000  1805302.000  1805253.000
E:
     0:     1650.000     1650.000
T:
     0:        0.000        0.000        0.000        0.000
