File: C:\MED-PC IV\Data\Aila\AN\AN0017.999


Start Date: 03/22/19
End Date: 03/22/19
Subject: 17
Experiment: AN
Group: PilotoAumentoCriterioLin
Box: 1
Start Time: 16:45:24
End Time: 17:45:24
MSN: DRRD_long
C:       0.000
F:       0.000
G:       0.000
H:       0.000
I:       0.000
J:       0.000
K:      40.000
L:       0.000
M:       0.000
N:       0.000
O:       0.000
P:       0.000
Q:       0.000
R:       0.000
S:       0.000
U:    6273.000
V:       0.000
W:       0.000
X:       0.000
Y:     527.000
Z:       0.000
A:
     0:    13010.001    13470.003    13587.001    13672.003    15000.011
     5:   102101.001   103778.003   103908.001   103950.003   107819.001
    10:   109505.003   109591.001   109740.003   131489.001   131534.003
    15:   131726.001   132933.003   146533.001   148533.018   148839.003
    20:   148845.016   148895.026   157533.001   157763.003   160566.001
    25:   162566.018   163245.003   163251.016   163301.026   185651.001
    30:   186989.003   189863.001   191611.003   200694.001   200968.003
    35:   203953.001   204890.003   209664.001   211566.003   240709.001
    40:   242210.003   243735.001   245301.003   247384.001   247656.003
    45:   247859.001   249496.003   254161.001   254763.003   255037.001
    50:   256346.003   256412.001   256573.003   261160.001   261527.003
    55:   261695.001   262605.003   272808.001   273264.003   273769.001
    60:   274320.003   298264.001   300083.003   300160.001   300273.003
    65:   302694.001   304580.003   304669.001   304732.003   320885.001
    70:   321761.003   322516.001   324118.003   327398.001   329282.003
    75:   336644.001   337713.003   349392.001   350488.003   352491.001
    80:   352924.003   353184.001   354315.003   360375.001   360611.003
    85:   364102.001   365373.003   370482.001   370617.003   370693.001
    90:   371574.003   408330.001   408889.003   409164.001   409470.003
    95:   409812.001   410042.003   413307.001   415307.018   416364.003
   100:   416370.016   416420.026   443012.001   444483.003   445620.001
   105:   446276.003   446304.001   446934.003   454820.001   454991.003
   110:   455911.001   455963.003   471943.001   471993.003   472093.001
   115:   473584.003   475586.001   477586.018   477656.003   477662.016
   120:   477712.026   503779.001   505227.003   507837.001   509661.003
   125:   509714.001   509839.003   512478.001   512823.003   512909.001
   130:   513703.003   514337.001   514741.003   516052.001   516369.003
   135:   516621.001   516811.003   517304.001   517899.003   517981.001
   140:   518049.003   523058.001   524293.003   524316.001   524698.003
   145:   526259.001   526305.003   526412.001   526440.003   531248.001
   150:   532634.003   537171.001   538409.003   539687.001   539715.003
   155:   544876.001   545812.003   551746.001   553227.003   553281.001
   160:   553335.003   565465.001   565809.003   565887.001   567887.018
   165:   567955.003   567961.016   568011.026   594817.001   595112.003
   170:   595718.001   596013.003   601788.001   602176.003   612367.001
   175:   613879.003   613919.001   614241.003   619398.001   621398.018
   180:   622107.003   622113.016   622163.026   644716.001   646442.003
   185:   646466.001   646715.003   648084.001   649661.003   651567.001
   190:   651803.003   659255.001   660004.003   660071.001   660170.003
   195:   660436.001   660615.003   661260.001   661310.003   685957.001
   200:   686406.003   686605.001   686962.003   690131.001   691270.003
   205:   691337.001   691776.003   697296.001   699175.003   699244.001
   210:   699430.003   701560.001   701885.003   702393.001   702521.003
   215:   714004.001   714967.003   715102.001   715315.003   717736.001
   220:   719736.018   719957.003   719963.016   720013.026   720031.001
   225:   720104.003   752044.001   753717.003   795489.001   796386.003
   230:   797136.001   797632.003   805074.001   805391.003   812522.001
   235:   813599.003   814301.001   814897.003   815158.001   815314.003
   240:   845510.001   846726.003   848105.001   849678.003   851782.001
   245:   852588.003   852814.001   853015.003   855989.001   856899.003
   250:   857737.001   857889.003   860815.001   861758.003   863209.001
   255:   863248.003   874308.001   874929.003   875047.001   876089.003
   260:   876279.001   876350.003   880244.001   880689.003   886460.002
   265:   887211.004   888346.002   889719.004   898366.001   899200.003
   270:   899278.001   899346.003   900027.001   901912.003   920398.001
   275:   920490.003   934042.001   935518.003   935655.001   935756.003
   280:   938874.001   940005.003   940062.001   940279.003   965399.001
   285:   965852.003   978873.001   980100.003   985915.001   987670.003
   290:   987756.001   987958.003  1007022.001  1009022.018  1009444.003
   295:  1009450.016  1009500.026  1042968.001  1044695.003  1044870.001
   300:  1044925.003  1046937.001  1047701.003  1050493.001  1052160.003
   305:  1062499.001  1064315.003  1080267.001  1080369.003  1081712.001
   310:  1081737.003  1081883.001  1081995.003  1105238.001  1107072.003
   315:  1107273.001  1107337.003  1108642.001  1110642.018  1110843.003
   320:  1110849.016  1110899.026  1154228.001  1155197.003  1157708.001
   325:  1158776.003  1165287.001  1166667.003  1167575.001  1169571.003
   330:  1171299.001  1172936.003  1175666.001  1176584.003  1177604.001
   335:  1177648.003  1182676.001  1184052.003  1185054.001  1187051.003
   340:  1190000.001  1190493.003  1191341.001  1191449.003  1191930.001
   345:  1192684.003  1202381.001  1203474.003  1204265.001  1204325.003
   350:  1217402.001  1218902.003  1223707.001  1225707.018  1225922.003
   355:  1225928.016  1225978.026  1270548.001  1270693.003  1274132.001
   360:  1274217.003  1275108.001  1275822.003  1284437.001  1284976.003
   365:  1285374.001  1286752.003  1298036.001  1298127.003  1299026.001
   370:  1299232.003  1315770.001  1315796.003  1327520.001  1328238.003
   375:  1330338.001  1331854.003  1331879.001  1332014.003  1336460.001
   380:  1338372.003  1343379.001  1343454.003  1345017.001  1345880.003
   385:  1352080.001  1353909.003  1353935.001  1354151.003  1369882.001
   390:  1370949.003  1371243.001  1371559.003  1377671.001  1379651.003
   395:  1396389.001  1398291.003  1418212.001  1420212.018  1420345.003
   400:  1420351.016  1420401.026  1451427.001  1453383.003  1454882.001
   405:  1456232.003  1458195.001  1458866.003  1459954.001  1460001.003
   410:  1462736.001  1463045.003  1463246.001  1465246.018  1465297.003
   415:  1465303.016  1465353.026  1492614.001  1493677.003  1493722.001
   420:  1494264.003  1502339.001  1503395.003  1507389.001  1507605.003
   425:  1507830.001  1509319.003  1510982.001  1512889.003  1522087.001
   430:  1523330.003  1524797.001  1526524.003  1526545.001  1526751.003
   435:  1527571.001  1529258.003  1529293.001  1529493.003  1538028.001
   440:  1539142.003  1540016.001  1540085.003  1551310.001  1552809.003
   445:  1555951.001  1556071.003  1558213.001  1558274.003  1578701.001
   450:  1580028.003  1581562.001  1582419.003  1582786.001  1582964.003
   455:  1590972.001  1592913.003  1598735.001  1598868.003  1606999.001
   460:  1607732.003  1609344.001  1611219.003  1611351.001  1611413.003
   465:  1612707.001  1614017.003  1614432.001  1614809.003  1615048.001
   470:  1615395.003  1623750.001  1625750.018  1626135.003  1626141.016
   475:  1626191.026  1631292.001  1631490.003  1634372.001  1635656.003
   480:  1638849.001  1639818.003  1640560.001  1640893.003  1644189.001
   485:  1644631.003  1653051.001  1654088.003  1654928.001  1655318.003
   490:  1657252.001  1657324.003  1683274.001  1683789.003  1684504.001
   495:  1686116.003  1686345.001  1686431.003  1689508.001  1689865.003
   500:  1690096.001  1690709.003  1691014.001  1691094.003  1691399.001
   505:  1692317.003  1692424.001  1692565.003  1696619.001  1697397.003
   510:  1697775.001  1698372.003  1710018.001  1710991.003  1711978.001
   515:  1713978.018  1714001.003  1714007.016  1714057.026  1745677.001
   520:  1746425.003  1768452.001  1769852.003  1780266.001  1781989.003
   525:  1782142.001  1782213.003
B:
     0:        0.000      240.000        2.000      240.000        2.000
     5:        0.000        0.000        0.000        0.000        0.000
    10:        0.000        1.000        0.000        0.000        0.000
    15:        0.000       14.000        0.000       14.000        0.000
    20:        0.000        0.000        0.000        0.000        0.000
    25:        0.000       14.000        0.000        0.000        0.000
    30:        0.000
D:
     0:  1788485.000  1788415.000  1788486.000
E:
     0:     2000.000     2000.000
T:
     0:        0.000        0.000        0.000        0.000
