File: C:\MED-PC IV\Data\Aila\AN\AN0017.999


Start Date: 03/09/19
End Date: 03/09/19
Subject: 17
Experiment: AN
Group: PilotoAumentoCriterioLin
Box: 1
Start Time: 21:33:39
End Time: 22:33:39
MSN: DRRD_long
C:       0.000
F:       0.000
G:       0.000
H:       0.000
I:       0.000
J:       0.000
K:      25.000
L:       0.000
M:       0.000
N:       0.000
O:       0.000
P:       0.000
Q:       0.000
R:       0.000
S:       0.000
U:    4952.000
V:       0.000
W:       0.000
X:       0.000
Y:     937.000
Z:       0.000
A:
     0:      885.001     1476.003    11223.002    11403.004    15000.011
     5:    17542.001    18310.003    19707.001    20599.003    29151.001
    10:    29463.003    32103.001    32325.003    38495.001    39029.003
    15:    44973.001    45395.003    51064.001    51678.003    57791.001
    20:    58488.003    59016.001    59918.003    62591.001    63169.003
    25:    64640.001    64987.003    73554.001    74335.003    75206.001
    30:    76042.003    80449.001    81607.003    83831.001    84123.003
    35:    95792.001    96630.003   100288.001   101538.018   101563.003
    40:   101569.016   101619.026   109886.001   110370.003   110578.001
    45:   110989.003   112202.001   112491.003   118027.002   118295.004
    50:   119505.001   119843.003   128689.001   129216.003   130834.001
    55:   131142.003   132667.001   132730.003   139860.001   140049.003
    60:   146073.001   146824.003   151235.001   152066.003   153095.001
    65:   153453.003   153898.001   154976.003   158438.001   159118.003
    70:   165265.001   165689.003   166337.001   167052.003   172776.001
    75:   174021.003   174503.001   175020.003   178579.001   178727.003
    80:   185256.002   185633.004   186767.001   186974.003   191200.001
    85:   191259.003   205527.001   206355.003   214292.001   214813.003
    90:   220149.001   220939.003   221298.001   222548.018   223143.003
    95:   223149.016   223199.026   228143.001   228980.003   229912.001
   100:   230801.003   232648.001   233370.003   238638.001   239229.003
   105:   240340.001   240817.003   240895.001   241058.003   245552.001
   110:   246386.003   246686.001   247230.003   258646.001   259344.003
   115:   263762.001   264502.003   264914.001   265859.003   270110.001
   120:   270448.003   275024.001   275177.003   280737.002   280979.004
   125:   281589.001   281836.003   283902.001   284446.003   296839.001
   130:   297648.003   300235.001   301417.003   301449.001   302026.003
   135:   304853.001   305613.003   313397.001   314545.003   319574.001
   140:   320722.003   324662.001   325221.003   326333.001   327583.018
   145:   327609.003   327615.016   327665.026   334001.001   334746.003
   150:   335779.001   336503.003   337550.001   338479.003   339048.001
   155:   339878.003   344938.001   345626.003   348189.001   349197.003
   160:   351239.001   352155.003   353083.001   354333.018   354349.003
   165:   354355.016   354405.026   360891.001   361858.003   364882.001
   170:   366132.018   366289.003   366295.016   366345.026   377671.001
   175:   378117.003   379893.001   380879.003   382892.001   383193.003
   180:   387123.001   387348.003   392314.001   392970.003   394216.001
   185:   394501.003   396566.001   396865.003   400649.001   401490.003
   190:   402324.001   403059.003   406007.001   406801.003   407787.001
   195:   408139.003   416377.002   417986.004   418900.001   419332.003
   200:   420076.001   420177.003   420471.001   420681.003   429740.001
   205:   430775.003   433179.001   434064.003   436020.001   436864.003
   210:   442168.001   443069.003   443152.001   444019.003   444777.001
   215:   446027.018   446423.003   446429.016   446479.026   451972.001
   220:   452831.003   455041.001   455517.003   456112.001   456471.003
   225:   458425.001   459116.003   459847.001   460034.003   468294.001
   230:   468876.003   469563.001   470411.003   484789.001   485654.003
   235:   486512.001   486822.003   489568.001   490352.003   491104.001
   240:   491192.003   491490.001   491720.003   494055.001   494971.003
   245:   498839.001   500089.018   500099.003   500105.016   500155.026
   250:   505587.001   506418.003   506750.001   507191.003   508398.001
   255:   508705.003   516832.001   517372.003   518975.001   519580.003
   260:   525181.001   526305.003   527713.001   528564.003   529659.001
   265:   529974.003   530236.001   530538.003   537526.001   538341.003
   270:   539681.001   540611.003   541590.001   542076.003   548042.001
   275:   548882.003   556671.001   557187.003   558599.001   559260.003
   280:   563790.001   564596.003   567430.001   568623.003   570123.001
   285:   570648.003   574739.001   575571.003   576457.001   577118.003
   290:   579491.001   580250.003   581451.001   582082.003   582178.001
   295:   582363.003   585312.001   585713.003   585821.001   586139.003
   300:   587984.001   588673.003   591174.001   592122.003   597532.001
   305:   598352.003   600727.001   601766.003   602959.001   603693.003
   310:   607589.001   608449.003   618083.001   618789.003   624355.002
   315:   625462.004   628963.001   630189.003   631258.001   632234.003
   320:   633969.001   634861.003   644853.001   645644.003   646616.001
   325:   647699.003   651614.001   652554.003   653776.001   654653.003
   330:   659450.001   659991.003   667615.001   668206.003   676363.001
   335:   677479.003   678777.001   679695.003   687247.001   687865.003
   340:   694579.001   695054.003   701614.001   702257.003   702897.001
   345:   703833.003   704575.001   705703.003   717878.001   719128.018
   350:   719281.003   719287.016   719337.026   725032.001   726115.003
   355:   727954.001   728851.003   730572.001   731351.003   733374.001
   360:   734143.003   739614.001   740396.003   741541.001   742754.003
   365:   743543.001   744150.003   748337.001   749586.003   750695.001
   370:   751936.003   753634.001   754444.003   755760.001   756884.003
   375:   760879.001   761539.003   762678.001   763444.003   767952.001
   380:   768612.003   770896.001   771741.003   773230.001   774463.003
   385:   778112.001   779053.003   779814.001   780808.003   780863.001
   390:   781834.003   789683.001   790607.003   792269.001   793227.003
   395:   796635.001   797095.003   797174.001   797551.003   798319.001
   400:   799003.003   799816.001   801066.018   801393.003   801399.016
   405:   801449.026   808602.001   809589.003   810333.001   811432.003
   410:   812642.001   813177.003   816461.001   817612.003   821196.001
   415:   822084.003   822709.001   823108.003   826467.001   827468.003
   420:   828716.001   829507.003   830674.001   830987.003   831900.001
   425:   832291.003   833179.001   833325.003   838669.001   839919.018
   430:   840115.003   840121.016   840171.026   847547.001   848484.003
   435:   849241.001   850042.003   851725.001   852607.003   854075.001
   440:   854862.003   857182.001   857424.003   873037.001   874144.003
   445:   876205.001   877416.003   882307.001   882647.003   883384.001
   450:   883474.003   888518.001   889411.003   890123.001   890880.003
   455:   890914.001   891244.003   893028.001   893853.003   898810.001
   460:   899575.003   900480.001   901174.003   901989.001   903091.003
   465:   904206.001   905211.003   907615.001   908806.003   915051.001
   470:   915315.003   916501.001   917673.003   918444.001   918833.003
   475:   920129.001   920801.003   928348.001   929583.003   932158.001
   480:   932453.003   933749.001   934061.003   934129.001   934399.003
   485:   938491.001   938888.003   946607.001   947670.003   953548.001
   490:   954142.003   955456.001   956120.003   958241.001   959024.003
   495:   963282.001   964270.003   965841.001   966140.003   967543.001
   500:   967874.003   972958.001   973986.003   976285.001   977197.003
   505:   978750.001   979173.003   986094.001   986457.003   993153.001
   510:   993677.003   999955.001  1000619.003  1004861.001  1005648.003
   515:  1006207.001  1006759.003  1010124.001  1010408.003  1011738.001
   520:  1012750.003  1013846.001  1014149.003  1018901.001  1020050.003
   525:  1021117.001  1021992.003  1026635.001  1027195.003  1031563.001
   530:  1032142.003  1033205.001  1033974.003  1037186.001  1038103.003
   535:  1046525.001  1047509.003  1048388.001  1049524.003  1050483.001
   540:  1051005.003  1051906.001  1052676.003  1059446.001  1059970.003
   545:  1062891.001  1063641.003  1067421.001  1068671.018  1069952.003
   550:  1069958.016  1070008.026  1077508.001  1078330.003  1080812.001
   555:  1081826.003  1082685.001  1082863.003  1089459.001  1090624.003
   560:  1091277.001  1091931.003  1092854.001  1093385.003  1097582.001
   565:  1098578.003  1103684.001  1104699.003  1106603.001  1107587.003
   570:  1109489.001  1110420.003  1113747.001  1114191.003  1121373.001
   575:  1122437.003  1123914.001  1124487.003  1125612.001  1126182.003
   580:  1127054.001  1127505.003  1130736.001  1131986.018  1131993.003
   585:  1131999.016  1132049.026  1140527.001  1141508.003  1143560.001
   590:  1144045.003  1147723.001  1148572.003  1150259.001  1151332.003
   595:  1152803.001  1153336.003  1158865.001  1159735.003  1161867.001
   600:  1162889.003  1163683.001  1164712.003  1165562.001  1166246.003
   605:  1168843.001  1169613.003  1170459.001  1170810.003  1175424.001
   610:  1176123.003  1177131.001  1177882.003  1179415.001  1179609.003
   615:  1183594.001  1184460.003  1189328.001  1190295.003  1193898.001
   620:  1194612.003  1195796.001  1196784.003  1212392.001  1212867.003
   625:  1217381.001  1218538.003  1219813.001  1220254.003  1220529.001
   630:  1221301.003  1222879.001  1223131.003  1225512.001  1226669.003
   635:  1228392.001  1229361.003  1231027.001  1231681.003  1236665.001
   640:  1237686.003  1238599.001  1239512.003  1241513.001  1242083.003
   645:  1254324.001  1254916.003  1256385.001  1257203.003  1258176.001
   650:  1258580.003  1258807.001  1259070.003  1260952.001  1261857.003
   655:  1270509.001  1271656.003  1273254.001  1274504.018  1274624.003
   660:  1274630.016  1274680.026  1284446.001  1284778.003  1285465.001
   665:  1286622.003  1290124.001  1290584.003  1290727.001  1291136.003
   670:  1304991.001  1305683.003  1306620.001  1307481.003  1308219.001
   675:  1308923.003  1311100.001  1312298.003  1315289.001  1316371.003
   680:  1318651.002  1319021.004  1322406.001  1323656.018  1323881.003
   685:  1323887.016  1323937.026  1330708.001  1331678.003  1332517.001
   690:  1333667.003  1335371.001  1336537.003  1338658.001  1338943.003
   695:  1339842.001  1340331.003  1344082.001  1344681.003  1345292.001
   700:  1346395.003  1348925.001  1349757.003  1353664.001  1354359.003
   705:  1355104.001  1356196.003  1357717.001  1358738.003  1359666.001
   710:  1360419.003  1366754.001  1367692.003  1372435.001  1373375.003
   715:  1375073.001  1375192.003  1378600.001  1379850.018  1383819.003
   720:  1383825.016  1383875.026  1405670.001  1406783.003  1407552.001
   725:  1408137.003  1409404.001  1410654.018  1410822.003  1410828.016
   730:  1410878.026  1416685.001  1417263.003  1417962.001  1418680.003
   735:  1421437.001  1422455.003  1425469.001  1426092.003  1428652.001
   740:  1429381.003  1431157.001  1431586.003  1441789.001  1442720.003
   745:  1444237.001  1444934.003  1445593.001  1445858.003  1454980.001
   750:  1455255.003  1457634.001  1458402.003  1460539.001  1460787.003
   755:  1468031.001  1468928.003  1470532.001  1470736.003  1475191.001
   760:  1476441.018  1476614.003  1476620.016  1476670.026  1481259.001
   765:  1482409.003  1485635.001  1485914.003  1488070.001  1488702.003
   770:  1489872.001  1490448.003  1490621.001  1490820.003  1493944.001
   775:  1494183.003  1500064.001  1500631.003  1501306.001  1501471.003
   780:  1502754.001  1503319.003  1507747.001  1508802.003  1510010.001
   785:  1511260.018  1511275.003  1511281.016  1511331.026  1516763.001
   790:  1517769.003  1519206.001  1520218.003  1521860.001  1522918.003
   795:  1524617.001  1525578.003  1529758.001  1530371.003  1532946.001
   800:  1533720.003  1534935.001  1535499.003  1539685.001  1540364.003
   805:  1546357.001  1546883.003  1548400.001  1548810.003  1550353.001
   810:  1551239.003  1561359.001  1562005.003  1569223.001  1569425.003
   815:  1580802.001  1581402.003  1581918.001  1582393.003  1587781.001
   820:  1588605.003  1593245.001  1594376.003  1598832.001  1599189.003
   825:  1603135.001  1604385.018  1604433.003  1604439.016  1604489.026
   830:  1609360.001  1610250.003  1611004.001  1611488.003  1613030.001
   835:  1613968.003  1617375.001  1617899.003  1625186.001  1626035.003
   840:  1627116.001  1627928.003  1633101.001  1633880.003  1642388.001
   845:  1642989.003  1644014.001  1644939.003  1646156.001  1646429.003
   850:  1650131.001  1651050.003  1656333.001  1656750.003  1658289.001
   855:  1658789.003  1662854.001  1663109.003  1668752.001  1669379.003
   860:  1669943.001  1670483.003  1671246.001  1671822.003  1679350.001
   865:  1680307.003  1681528.001  1682730.003  1683807.001  1684427.003
   870:  1685239.001  1685408.003  1685690.001  1685991.003  1689372.001
   875:  1690291.003  1702241.001  1703281.003  1706533.001  1707783.018
   880:  1707851.003  1707857.016  1707907.026  1714884.001  1715959.003
   885:  1716681.001  1717662.003  1718832.001  1719547.003  1724406.001
   890:  1725242.003  1726817.001  1728067.018  1728484.003  1728490.016
   895:  1728540.026  1738315.001  1738877.003  1739596.001  1740432.003
   900:  1740680.001  1740944.003  1741116.001  1741324.003  1745060.002
   905:  1745597.004  1747944.001  1748663.003  1749371.001  1750285.003
   910:  1756540.001  1757731.003  1758956.001  1759173.003  1762490.001
   915:  1763740.018  1763786.003  1763792.016  1763842.026  1772436.001
   920:  1773402.003  1774252.001  1775117.003  1776101.001  1776770.003
   925:  1777448.001  1777750.003  1781225.001  1782197.003  1783608.001
   930:  1784521.003  1786168.001  1786990.003  1789713.001  1790421.003
   935:  1797442.001  1797772.003
B:
     0:        0.000      427.000        8.000      427.000        8.000
     5:        0.000        0.000        0.000        0.000        0.000
    10:        0.000        1.000        0.000        0.000        0.000
    15:        0.000       22.000        0.000       22.000        0.000
    20:        0.000        0.000        0.000        0.000        0.000
    25:        0.000       22.000        0.000        0.000        0.000
    30:        0.000
D:
     0:  1802723.000  1802394.000  1802724.000
E:
     0:     1250.000     1250.000
T:
     0:        0.000        0.000        0.000        0.000
