File: C:\MED-PC IV\Data\Aila\AN\AN0019.999



Start Date: 03/22/19
End Date: 03/22/19
Subject: 19
Experiment: AN
Group: PilotoAumentoCriterioLin
Box: 3
Start Time: 16:45:24
End Time: 17:45:24
MSN: DRRD_long2
C:       0.000
F:       1.000
G:       0.000
H:       0.000
I:       0.000
J:       0.000
K:      50.000
L:       0.000
M:       0.000
N:       0.000
O:       0.000
P:       0.000
Q:       0.000
R:       0.000
S:       0.000
U:    6273.000
V:       0.000
W:       0.000
X:       0.000
Y:     426.000
Z:       0.000
A:
     0:     6256.002      664.004    15000.011    31406.001    31923.003
     5:    62487.001    64193.003    64978.001    65868.003    86820.001
    10:    88523.003    89098.001    90913.003    93363.001    93944.003
    15:    94489.001    94741.003    94811.001    95068.003   116601.002
    20:   116890.004   123743.001   125740.003   126423.001   128672.003
    25:   130532.001   131038.003   131457.001   132161.003   158415.001
    30:   159338.003   196266.001   198436.003   200194.001   201951.003
    35:   210449.001   212949.018   213131.003   213137.016   213187.026
    40:   229900.001   231023.003   238432.001   238687.003   238718.001
    45:   240890.003   242081.001   242812.003   245950.001   246391.003
    50:   246497.001   248623.003   256912.001   258938.003   260876.001
    55:   263376.018   263633.003   263639.016   263689.026   284295.001
    60:   284857.003   288117.001   290617.018   291127.003   291133.016
    65:   291154.001   291183.026   291281.003   315972.001   316459.003
    70:   316565.001   316616.003   336704.001   338253.003   338515.001
    75:   339343.003   339547.001   339737.003   340180.001   340568.003
    80:   343098.001   345598.018   345606.003   345612.016   345662.026
    85:   364210.001   364451.003   364564.001   366988.003   367819.001
    90:   369736.003   371430.001   373734.003   379836.001   382189.003
    95:   382926.001   384693.003   384789.001   385078.003   385115.001
   100:   385563.003   390154.001   391548.003   392295.001   393706.003
   105:   402002.001   404502.018   405082.003   405088.016   405138.026
   110:   430151.001   432651.018   432778.003   432784.016   432834.026
   115:   452547.001   455047.018   455211.003   455217.016   455267.026
   120:   455269.017   474345.001   474504.003   474759.001   475060.003
   125:   475161.001   477055.003   479874.001   480975.003   481657.001
   130:   483680.003   486272.001   488772.018   488791.003   488797.016
   135:   488847.026   511574.001   513735.003   554505.001   557005.018
   140:   557669.003   557675.016   557725.026   574676.001   576555.003
   145:   576619.001   576687.003   577803.001   580254.003   581519.001
   150:   583421.003   588176.001   590676.018   590723.003   590729.016
   155:   590779.026   612134.001   613587.003   614591.001   616546.003
   160:   618529.001   619755.003   619776.001   620668.003   631400.001
   165:   633900.018   634231.003   634237.016   634287.026   654410.001
   170:   656910.018   657755.003   657761.016   657811.026   682881.001
   175:   685381.018   685806.003   685812.016   685862.026   685864.017
   180:   727024.001   729250.003   730135.001   731710.003   732326.001
   185:   734274.003   736468.001   737966.003   741744.001   744002.003
   190:   744042.001   744153.003   746452.001   748076.003   748598.001
   195:   750521.003   756691.001   759191.018   759562.003   759568.016
   200:   759618.026   781798.001   784151.003   786058.001   788558.018
   205:   789019.003   789025.016   789075.026   807665.001   810165.018
   210:   810885.003   810891.016   810941.026   830817.001   830878.003
   215:   831035.001   831285.003   831426.001   833874.003   835206.001
   220:   837706.018   837880.003   837886.016   837936.026   863792.001
   225:   866292.018   866696.003   866702.016   866752.026   894457.001
   230:   896815.003   900957.001   903457.018   903692.003   903698.016
   235:   903748.026   923505.001   923686.003   923999.001   926118.003
   240:   927701.001   929932.003   932164.001   933385.003   937667.001
   245:   940167.018   940293.003   940299.016   940349.026   974448.001
   250:   976948.018   977469.003   977475.016   977525.026   989538.001
   255:   989593.003   989661.001   992161.018   993414.003   993420.016
   260:   993470.026  1015474.001  1015686.003  1015913.001  1018413.018
   265:  1018449.003  1018455.016  1018505.026  1044334.001  1044414.003
   270:  1044914.001  1047205.003  1048348.001  1049985.003  1053743.001
   275:  1056243.018  1057002.003  1057008.016  1057058.026  1080020.001
   280:  1082148.003  1083844.001  1085019.003  1093054.001  1093560.003
   285:  1093824.001  1095607.003  1102139.001  1104639.018  1104738.003
   290:  1104744.016  1104794.026  1164196.001  1164365.003  1164947.001
   295:  1167084.003  1169342.001  1170636.003  1173065.001  1173507.003
   300:  1179840.001  1182340.018  1183170.003  1183176.016  1183226.026
   305:  1214740.001  1216568.003  1225458.001  1225582.003  1232856.001
   310:  1233203.003  1250486.001  1251571.003  1253016.001  1254530.003
   315:  1256065.001  1258565.018  1258581.003  1258587.016  1258637.026
   320:  1284518.001  1285933.003  1301492.001  1303790.003  1310075.001
   325:  1312575.018  1313118.003  1313124.016  1313174.026  1369002.001
   330:  1369901.003  1373209.001  1375226.003  1380890.001  1382941.003
   335:  1384348.001  1386784.003  1390370.001  1391125.003  1403212.001
   340:  1404774.003  1407013.001  1408048.003  1410440.001  1412940.018
   345:  1413154.003  1413160.016  1413210.026  1436179.001  1438679.018
   350:  1438957.003  1438963.016  1439013.026  1460051.001  1462551.018
   355:  1463080.003  1463086.016  1463136.026  1463138.017  1485476.001
   360:  1485635.003  1486176.001  1487611.003  1491831.001  1493696.003
   365:  1501497.001  1503717.003  1505914.001  1508414.018  1508742.003
   370:  1508748.016  1508798.026  1531335.001  1533406.003  1556663.001
   375:  1557071.003  1566325.001  1567469.003  1574744.001  1574858.003
   380:  1575088.001  1575443.003  1575719.001  1577466.003  1579215.001
   385:  1580214.003  1582211.001  1583028.003  1592919.001  1595091.003
   390:  1596624.001  1598792.003  1613136.001  1613789.003  1641495.001
   395:  1643527.003  1652180.001  1654680.018  1654916.003  1654922.016
   400:  1654972.026  1682629.001  1684493.003  1687339.001  1689839.018
   405:  1689910.003  1689916.016  1689966.026  1712879.001  1714566.003
   410:  1719216.001  1721716.018  1721885.003  1721891.016  1721941.026
   415:  1757874.001  1760366.003  1772211.001  1774042.003  1777177.001
   420:  1778302.003  1780191.001  1782691.018  1783020.003  1783026.016
   425:  1783076.026
B:
     0:        0.000      155.000        2.000      155.000        2.000
     5:        0.000        0.000        0.000        0.000        0.000
    10:        0.000        1.000        0.000        0.000        0.000
    15:        0.000       36.000        3.000       36.000        0.000
    20:        0.000        0.000        0.000        0.000        0.000
    25:        0.000       36.000        0.000        0.000        0.000
    30:        0.000
D:
     0:  1789292.000  1786464.000  1789293.000
E:
     0:     2500.000     2500.000
T:
     0:        0.000        0.000        0.000        0.000
