File: C:\MED-PC IV\Data\Reyes\AY\AY1057.999


Start Date: 10/28/24
End Date: 10/28/24
Subject: 57
Experiment: AY
Group: EXP20
Box: 1
Start Time: 13:21:42
End Time: 14:11:42
MSN: DRRD_exp_20
C:       0.000
F:       0.000
G:       0.000
H:       0.000
I:       0.000
J:       0.000
K:    9240.000
L:       0.000
M:       0.000
N:       0.000
O:       0.000
P:       0.000
Q:       0.000
R:       0.000
S:       0.000
U:    3291.000
V:       0.000
X:       0.000
Y:     654.000
Z:       0.000
A:
     0:     5527.005     5759.009    15000.013    15000.011    17444.001
     5:    17573.003    17714.001    18006.003    18022.001    18123.003
    10:    18264.001    18975.003    20637.001    21496.003    22240.005
    15:    22677.009    25444.001    25536.003    25801.001    25947.003
    20:    26082.001    27335.003    27382.001    27909.003    32365.005
    25:    32530.009    36318.005    36344.009    36971.005    37051.009
    30:    38449.001    38735.003    39084.001    40982.005    41013.003
    35:    41226.009    41754.005    45420.009    45465.005    45907.009
    40:    46109.005    46131.009    46142.005    46719.009    46862.005
    45:    47327.009    47397.005    47415.009    47490.005    47533.009
    50:    47553.005    47562.009    48524.001    51205.003    53225.005
    55:    53336.009    54369.005    54667.009    58591.001    62220.003
    60:    65936.001    67101.003    83675.005    83873.009    83899.005
    65:    84082.009    84582.001    84685.003    84741.001    84851.003
    70:    84873.001    84909.003    85235.001    85384.003    85416.001
    75:    85479.003    85496.001    85565.003    86897.001    86987.003
    80:    87066.001    89144.003    90106.005    90290.009    95027.005
    85:    95438.009    95977.001    96247.003    96301.001    96349.003
    90:    96426.001    96505.003    96816.001    99546.003   103269.005
    95:   103437.009   104233.005   104387.009   104647.005   104866.009
   100:   110349.001   110424.003   112508.005   112600.009   120108.005
   105:   120550.009   122174.001   122483.003   123222.001   125020.003
   110:   125836.005   126004.009   128802.001   130715.003   132110.005
   115:   132227.009   136731.005   136756.009   136768.005   140512.009
   120:   140523.005   141663.009   141749.005   141802.009   142039.005
   125:   144767.009   144827.005   147407.009   147766.005   148904.009
   130:   148905.005   148929.009   149064.005   149401.009   150363.001
   135:   150703.003   151306.005   151352.009   151423.005   152519.009
   140:   152888.005   153149.009   153209.005   153234.009   153271.005
   145:   153444.009   153489.005   155622.009   155676.005   155711.009
   150:   156461.005   158395.009   158411.005   158418.009   160434.005
   155:   160530.009   160552.005   161561.009   161621.005   161639.009
   160:   161668.005   161689.009   162946.001   163002.003   163291.005
   165:   163927.009   163992.005   164432.009   164476.005   164618.009
   170:   164667.005   167060.009   169998.005   170598.009   170638.005
   175:   171931.009   171935.005   172605.009   172677.005   173700.009
   180:   174590.001   174815.003   174830.001   174869.003   175180.005
   185:   175218.009   175269.005   175496.009   178029.005   178073.009
   190:   178086.005   178674.009   180182.001   180564.003   180585.001
   195:   181726.003   183570.005   183692.009   186291.001   187530.003
   200:   188097.005   188305.009   189985.005   190504.009   193166.001
   205:   195712.005   195860.009   196646.003   204009.005   204335.009
   210:   205031.001   205499.003   205531.001   205960.003   207602.001
   215:   210773.003   212596.005   212614.009   212660.005   212956.009
   220:   215377.005   216063.009   221380.005   221493.009   221558.005
   225:   221685.009   221712.005   221764.009   222797.001   222894.003
   230:   225659.001   225740.003   225770.001   228302.003   228776.001
   235:   228849.003   229998.005   230433.009   234508.001   234765.003
   240:   234910.001   234941.003   234999.001   238069.003   240356.005
   245:   240447.009   241763.005   241932.009   242606.005   242782.009
   250:   243337.005   243652.009   247227.001   247367.003   255944.005
   255:   256344.009   257371.005   257557.009   259526.001   259693.003
   260:   260421.001   261920.003   262604.001   262706.005   262798.009
   265:   265943.003   266502.005   266555.009   266688.005   266699.009
   270:   266724.005   266737.009   266755.005   266928.009   268507.005
   275:   268686.009   293119.005   293249.009   297765.005   297815.009
   280:   297819.005   298197.009   303742.005   303754.009   304335.001
   285:   304692.003   305811.005   305880.009   306270.005   306530.009
   290:   307401.001   307932.003   308158.001   308355.003   309032.005
   295:   309292.009   309807.001   309871.003   309906.001   310118.003
   300:   310211.001   311408.003   311456.001   311752.003   313525.005
   305:   313575.009   314734.005   314903.009   315222.005   317359.009
   310:   317604.005   317611.009   317669.005   317688.009   318676.005
   315:   319525.009   319742.005   319762.009   319789.005   320233.009
   320:   320982.005   321078.009   323583.005   325043.009   330515.005
   325:   330559.009   330602.005   330835.009   333821.001   333934.003
   330:   333966.001   335066.003   336103.005   336254.009   338907.005
   335:   339074.009   354367.005   354573.009   355577.005   355664.009
   340:   356618.005   356779.009   357196.005   357434.009   358483.005
   345:   358515.009   359048.001   359528.003   361318.001   361591.003
   350:   363081.001   363331.003   363754.001   365137.003   367262.005
   355:   367406.009   369512.005   369737.009   396015.005   396036.009
   360:   396040.005   396157.009   398922.005   399166.009   401628.005
   365:   401961.009   409182.005   409287.009   409304.005   409319.009
   370:   410820.001   410914.003   411948.001   412095.003   413456.001
   375:   413697.003   413950.001   415998.003   417309.005   417658.009
   380:   418625.005   418630.001   418851.009   418862.003   418894.005
   385:   419037.009   421824.005   421845.009   421858.005   422532.009
   390:   424508.005   424522.009   424524.005   424659.009   443981.005
   395:   444063.009   444084.005   444193.009   465594.005   465623.009
   400:   465692.005   465793.009   466241.005   466448.009   468888.005
   405:   468929.009   495758.005   495793.009   501321.001   501401.003
   410:   501494.001   502191.003   502343.001   502401.003   512553.005
   415:   512633.009   512675.005   512797.009   512890.005   513045.009
   420:   513088.005   513404.009   513424.005   514048.009   514762.005
   425:   514919.009   519591.005   519629.009   519654.005   519688.009
   430:   519716.005   519767.009   520170.005   520190.009   523979.005
   435:   524021.009   526182.001   526292.003   528736.005   528761.009
   440:   564523.005   565630.009   573013.005   573230.009   573236.005
   445:   574012.009   574031.005   574384.009   574386.005   574419.009
   450:   574456.005   580409.009   594289.005   594318.009   594365.005
   455:   595282.009   603429.005   603449.009   603511.005   603660.009
   460:   611921.005   612336.009   612400.005   612431.009   612469.005
   465:   612697.009   622197.001   622613.003   623070.005   624371.009
   470:   624857.005   626055.009   628640.005   628689.009   628691.005
   475:   633811.009   633820.005   634936.009   635785.005   637639.009
   480:   638146.005   638250.009   638263.005   640730.009   640751.005
   485:   640804.009   641058.005   642587.009   642594.005   642645.009
   490:   642655.005   642751.009   643772.001   643851.003   643924.001
   495:   644044.003   645642.005   646296.009   646303.005   646349.009
   500:   646369.005   647082.009   649106.005   649122.009   649133.005
   505:   649183.009   649259.005   653673.009   653693.005   656793.009
   510:   658243.005   658286.009   658313.005   658469.009   658519.005
   515:   658606.009   658646.005   660118.009   660161.005   660178.009
   520:   661047.001   661300.003   661538.001   661653.003   662559.001
   525:   662655.003   662685.001   662780.003   662840.001   664135.003
   530:   665422.005   665539.009   667171.005   667348.009   670327.005
   535:   670831.009   677663.005   677674.009   677703.005   677861.009
   540:   677925.005   677967.009   680069.001   680124.003   680220.001
   545:   680306.003   681093.005   681403.009   681512.005   681614.009
   550:   697454.005   697477.009   702343.005   702371.009   702484.005
   555:   704264.009   707587.001   707872.003   710879.005   711951.009
   560:   711986.005   712014.009   719317.005   719704.009   719749.005
   565:   719842.009   753551.005   753593.009   758076.005   758431.009
   570:   768600.005   768813.009   773689.001   775101.003   775137.001
   575:   776359.003   776697.001   777318.003   791454.005   791547.009
   580:   791560.005   791592.009   849665.005   849755.009   870608.005
   585:   870903.009   888831.005   889342.009   889867.005   889897.009
   590:   889942.005   890290.009   890655.005   890676.009   894527.001
   595:   895197.003   895572.005   896820.009   897457.001   898464.003
   600:   900360.005   900449.009   903545.001   903938.003   903984.001
   605:   904187.003   904335.001   905027.003   905083.001   905859.003
   610:   908637.005   908677.009   913203.005   913259.009   913271.005
   615:   913556.009   913570.005   913760.009   913824.005   913898.009
   620:   913908.005   914132.009   914178.005   914201.009   914217.005
   625:   914246.009   914283.005   914329.009   918259.005   918434.009
   630:   921023.005   921057.009   941465.005   946133.009  1008688.005
   635:  1008735.009  1008760.005  1008938.009  1009020.005  1010343.009
   640:  1076064.005  1076213.009  1078418.005  1078903.009  1111434.005
   645:  1111490.009  1132614.005  1132804.009  1349290.005  1349371.009
   650:  1349381.005  1349401.009  1415057.001  1415306.003
B:
     0:        0.000       95.000        0.000       95.000        0.000
     5:      231.000        0.000        0.000        0.000      231.000
    10:        0.000        1.000        0.000        1.000        0.000
    15:        0.000        0.000        0.000        0.000        0.000
    20:        0.000        0.000        0.000        0.000        0.000
    25:        0.000        0.000        0.000        0.000        0.000
    30:        0.000
D:
     0:  1418596.000  1418348.000  1418597.000
E:
     0:     4620.000     4620.000
T:
     0:        0.000        0.000        0.000        0.000
W:
     0:        0.000        0.000        0.000
