File: C:\MED-PC IV\Data\Reyes\AY\AY1074.999


Start Date: 10/31/24
End Date: 10/31/24
Subject: 74
Experiment: AY
Group: PERC
Box: 6
Start Time: 13:10:08
End Time: 14:00:08
MSN: DRRD_perc
C:       0.000
F:       0.000
G:       0.000
H:       0.000
I:       0.000
J:       0.000
K:   10000.000
L:       0.000
M:       0.000
N:       0.000
O:       0.000
Q:       0.000
S:       0.000
U:    2645.000
V:       0.000
X:       0.000
Y:    2594.000
Z:       0.000
A:
     0:     1588.005     1610.009     1611.005     1678.009    10866.005
     5:    10924.009    11320.005    11371.009    11400.005    11779.009
    10:    11781.005    12023.009    15000.013    15000.011    15497.001
    15:    15627.003    16207.001    16245.003    16258.001    16278.003
    20:    16379.001    16492.003    16511.001    17112.003    17344.005
    25:    17363.009    17366.005    17529.009    17551.005    17596.009
    30:    17688.005    17980.009    18283.001    18300.003    18384.001
    35:    18439.003    19296.001    19416.003    19865.001    20103.003
    40:    20219.001    20223.003    20269.001    20324.003    20349.001
    45:    20359.003    20787.001    20819.003    21257.001    21429.003
    50:    21480.001    23352.003    24332.005    24672.009    25352.001
    55:    25415.003    25493.001    25731.003    27764.001    27955.003
    60:    29680.001    29737.003    29908.005    30085.009    30815.005
    65:    30877.009    30899.005    31531.009    31572.005    31924.009
    70:    31942.005    31991.009    32237.005    32952.009    33030.005
    75:    33573.009    34101.001    34120.003    34154.001    35375.003
    80:    35388.001    38743.003    39308.005    39379.009    39417.005
    85:    39645.009    40245.001    40288.003    40316.001    45316.018
    90:    45648.003    45654.016    45704.026    45790.005    46213.009
    95:    46235.005    46592.009    46624.005    46811.009    46995.005
   100:    47002.009    47028.005    47090.009    47108.005    48884.009
   105:    48915.005    49874.009    49908.005    49911.009    50403.001
   110:    50426.003    50471.001    50636.003    50665.001    50809.003
   115:    50833.001    55144.003    56256.005    56317.009    56329.005
   120:    56389.009    56395.005    56840.009    56932.005    56941.009
   125:    57327.005    58051.009    58585.005    58632.009    58672.005
   130:    59396.009    59888.001    60215.003    60228.001    65101.003
   135:    66497.005    66862.009    66885.005    66891.009    67200.005
   140:    67229.009    67286.005    67289.009    67310.005    67322.009
   145:    67350.005    67393.009    67560.005    68022.009    68560.001
   150:    68729.003    68757.001    73757.018    74700.003    74706.016
   155:    74756.026    74881.005    75439.009    75480.005    75785.009
   160:    75847.005    76957.009    76994.005    77087.009    77122.005
   165:    77751.009    77752.005    77785.009    78241.001    83241.018
   170:    84582.003    84588.016    84638.026    84779.005    86133.009
   175:    86239.005    86387.009    86403.005    86410.009    86516.005
   180:    86530.009    86944.005    88346.009    88838.001    89085.003
   185:    89112.001    89294.003    89315.001    94315.018    95608.003
   190:    95614.016    95664.026    95787.005    96841.009    96868.005
   195:    97797.009    99033.005    99046.009    99078.005    99839.009
   200:    99924.005    99933.009   100540.005   100578.009   100590.005
   205:   100591.009   100608.005   100697.009   100718.005   100757.009
   210:   101412.001   102801.003   102834.001   106200.003   106920.005
   215:   106965.009   106998.005   107043.009   107232.005   107855.009
   220:   107894.005   107898.009   107995.005   108027.009   108030.005
   225:   108046.009   108606.005   109340.009   109398.005   109562.009
   230:   109615.005   109678.009   109821.005   109863.009   109874.005
   235:   110012.009   110377.005   110441.009   110485.005   110489.009
   240:   110524.005   110606.009   110634.005   110811.009   110917.005
   245:   111399.009   112577.005   113053.009   113569.001   118569.018
   250:   120386.003   120392.016   120411.001   120442.026   120532.003
   255:   120643.005   121257.009   121286.005   122043.009   122066.005
   260:   123254.009   123838.001   124363.003   124392.001   129392.018
   265:   130271.003   130277.016   130327.026   130474.005   131085.009
   270:   131105.005   131577.009   131585.005   131639.009   131667.005
   275:   131976.009   131993.005   132639.009   132662.005   132678.009
   280:   132707.005   132743.009   132786.005   132851.009   132948.005
   285:   133523.009   133564.005   133567.009   133963.001   138963.018
   290:   140012.003   140018.016   140068.026   140200.005   141147.009
   295:   141149.005   141189.009   141230.005   141537.009   141550.005
   300:   141812.009   142301.001   142569.003   142596.001   146309.003
   305:   147207.005   147228.009   147268.005   147303.009   147320.005
   310:   147728.009   147822.005   147831.009   148678.005   148687.009
   315:   148725.005   149536.009   150271.005   150999.009   151471.001
   320:   156471.018   158299.003   158305.016   158355.026   158420.005
   325:   159281.009   159369.005   159639.009   159644.005   159667.009
   330:   159717.005   159886.009   160151.005   160692.009   160838.005
   335:   160869.009   160907.005   161536.009   161546.005   161594.009
   340:   162062.001   167062.018   168743.003   168749.016   168799.026
   345:   168899.005   169824.009   170419.005   170445.009   170589.005
   350:   170832.009   172228.005   172807.009   172845.005   172848.009
   355:   172865.005   172869.009   173279.001   173314.003   173329.001
   360:   178329.018   180206.003   180212.016   180234.001   180262.026
   365:   180363.003   180504.005   181817.009   181818.005   182245.009
   370:   182275.005   183193.009   183225.005   183231.009   183761.001
   375:   184396.003   184411.001   188406.003   189252.005   189745.009
   380:   189760.005   189771.009   191810.005   192353.009   193026.001
   385:   193465.003   193516.001   198516.018   199867.003   199873.016
   390:   199923.026   199991.005   200539.009   200543.005   200801.009
   395:   200831.005   201141.009   201148.005   201293.009   201310.005
   400:   201333.009   201639.005   202186.009   202203.005   202207.009
   405:   202645.001   207645.018   207770.003   207776.016   207826.026
   410:   207904.005   208992.009   209032.005   209085.009   209229.005
   415:   209303.009   210281.005   210287.009   210295.005   210306.009
   420:   210326.005   211584.009   211611.005   211613.009   211999.001
   425:   216999.018   219120.003   219126.016   219176.026   219254.005
   430:   220461.009   220491.005   220657.009   220703.005   220825.009
   435:   220839.005   220850.009   220912.005   220947.009   222197.001
   440:   222241.003   222273.001   222437.003   222471.001   227471.018
   445:   228611.003   228617.016   228667.026   228775.005   229806.009
   450:   229910.005   230044.009   230052.005   230943.009   231763.005
   455:   231952.009   232432.001   233038.003   233081.001   234012.003
   460:   234048.001   239048.018   239625.003   239631.016   239681.026
   465:   239766.005   241193.009   241660.001   242262.003   242299.001
   470:   247299.018   247630.003   247636.016   247686.026   247768.005
   475:   248764.009   248813.005   248950.009   248991.005   249010.009
   480:   249178.005   249254.009   249274.005   249746.009   249750.005
   485:   249820.009   249853.005   249887.009   250353.001   255353.018
   490:   257073.003   257079.016   257129.026   257251.005   257568.009
   495:   257605.005   258026.009   258092.005   258276.009   258391.005
   500:   258646.009   259125.005   259130.009   260135.001   260701.003
   505:   260720.001   265720.018   266029.003   266035.016   266085.026
   510:   266179.005   266583.009   266697.005   267037.009   267073.005
   515:   267134.009   267264.005   267315.009   267345.005   267366.009
   520:   267403.005   267581.009   267590.005   267606.009   267658.005
   525:   268403.009   268407.005   268419.009   268448.005   268466.009
   530:   268925.001   269154.003   269191.001   270662.003   270686.001
   535:   274813.003   275822.005   275903.009   275918.005   275979.009
   540:   276028.005   276035.009   276245.005   276469.009   276620.005
   545:   277095.009   277154.005   277162.009   278839.005   278920.009
   550:   278929.005   279362.009   279386.005   279437.009   279512.005
   555:   279514.009   279538.005   280339.009   280960.005   281532.009
   560:   281629.005   281632.009   282042.001   287042.018   288351.003
   565:   288357.016   288407.026   288506.001   288548.003   288639.005
   570:   289043.009   289068.005   289531.009   289552.005   290312.009
   575:   290315.005   290890.009   290915.005   290920.009   290929.005
   580:   291083.009   291540.001   296540.018   297342.003   297348.016
   585:   297398.026   297532.005   297891.009   297927.005   298006.009
   590:   298021.005   298275.009   298337.005   298404.009   298432.005
   595:   298442.009   298455.005   298774.009   298790.005   299519.009
   600:   299550.005   299624.009   299684.005   299787.009   300156.001
   605:   300343.003   300363.001   301196.003   301223.001   306223.018
   610:   306635.003   306641.016   306691.026   306901.005   307342.009
   615:   307346.005   307451.009   307476.005   307788.009   307801.005
   620:   308026.009   308089.005   308196.009   310130.005   310139.009
   625:   310461.005   311148.009   311591.001   316591.018   317531.003
   630:   317537.016   317587.026   317663.005   318515.009   319060.001
   635:   319388.003   319420.001   320910.003   320934.001   325934.018
   640:   326318.003   326324.016   326374.026   326488.005   327125.009
   645:   327153.005   327697.009   327734.005   328161.009   328174.005
   650:   328213.009   328228.005   328277.009   328726.001   333726.018
   655:   336038.003   336044.016   336094.026   336329.005   336986.009
   660:   337024.005   337192.009   337202.005   337915.009   337956.005
   665:   338360.009   338395.005   339350.009   339847.001   339878.003
   670:   339914.001   340298.003   340352.001   340684.003   342329.001
   675:   342359.003   343101.001   343471.003   343711.005   343742.009
   680:   343747.005   343753.009   343987.005   344031.009   344040.005
   685:   344463.009   344538.005   344550.009   345827.005   345844.009
   690:   346205.005   346977.009   347007.005   347011.009   347506.001
   695:   352506.018   354399.003   354405.016   354455.026   354540.005
   700:   355482.009   355503.005   355765.009   355788.005   355943.009
   705:   356149.005   356384.009   356405.005   356409.009   356915.001
   710:   357169.003   357200.001   357448.003   357745.001   357857.003
   715:   358239.001   358626.003   358778.005   358848.009   358952.005
   720:   359008.009   359023.005   359376.009   360122.005   360145.009
   725:   360154.005   360241.009   360280.005   360283.009   360292.005
   730:   360303.009   360834.005   360848.009   360851.005   360928.009
   735:   360933.005   361489.009   361507.005   361580.009   361726.005
   740:   362287.009   362733.001   367733.018   369649.003   369655.016
   745:   369705.026   369785.005   370285.009   370310.005   371656.009
   750:   371675.005   371710.009   373018.001   373274.003   373307.001
   755:   373733.003   373742.001   374016.003   374037.001   379037.018
   760:   380832.003   380838.016   380888.026   380944.005   382358.009
   765:   382378.005   382590.009   382595.005   382679.009   382890.005
   770:   383513.009   383539.005   383910.009   383951.005   383965.009
   775:   383985.005   384047.009   384113.005   384115.009   384465.001
   780:   384725.003   384743.001   389743.018   393015.003   393021.016
   785:   393071.026   393195.005   394160.009   394192.005   394755.009
   790:   394798.005   394825.009   395275.001   399968.003   400231.005
   795:   400407.009   400534.005   400544.009   400610.005   400645.009
   800:   400651.005   401018.009   402650.005   403024.009   403481.001
   805:   408481.018   410454.003   410460.016   410510.026   410640.005
   810:   412759.009   413478.005   413481.009   413504.005   413545.009
   815:   414009.001   419009.018   419863.003   419869.016   419919.026
   820:   420062.005   421118.009   421139.005   421423.009   421426.005
   825:   422358.009   422392.005   422427.009   423014.001   423789.003
   830:   423817.001   428505.003   429587.005   430137.009   432750.005
   835:   432770.009   432784.005   433291.009   433295.005   433315.009
   840:   433453.005   433524.009   434596.005   435251.009   436015.001
   845:   441015.018   441176.003   441182.016   441232.026   441512.005
   850:   443020.009   443193.005   443241.009   443352.005   443419.009
   855:   443473.005   443488.009   443493.005   444030.009   444036.005
   860:   444065.009   444079.005   444200.009   444274.005   444304.009
   865:   444354.005   444361.009   444862.001   446027.003   446045.001
   870:   448912.003   449822.005   449850.009   449921.005   449932.009
   875:   449936.005   450431.009   450576.005   450578.009   451004.001
   880:   456004.018   457267.003   457273.016   457323.026   457600.005
   885:   458233.009   458247.005   458677.009   458712.005   459082.009
   890:   459122.005   459543.009   459572.005   460312.009   460816.001
   895:   462855.003   462887.001   467077.003   468112.005   468121.009
   900:   468267.005   468454.009   469055.005   469119.009   469133.005
   905:   469154.009   469238.005   469462.009   469517.005   469721.009
   910:   469754.005   470251.009   470958.001   471051.003   471069.001
   915:   476069.018   476758.003   476764.016   476814.026   476909.001
   920:   476979.003   477095.005   478119.009   478131.005   478654.009
   925:   478661.005   478792.009   479681.005   479687.009   479763.005
   930:   479806.009   479839.005   480378.009   480397.005   480399.009
   935:   480521.005   481333.009   481785.001   483646.003   483672.001
   940:   488672.018   489183.003   489189.016   489239.026   489388.005
   945:   490372.009   490387.005   490514.009   490539.005   490665.009
   950:   490894.005   490919.009   490940.005   491672.009   492290.001
   955:   497290.018   498310.003   498316.016   498366.026   498465.005
   960:   498916.009   499414.005   499488.009   499521.005   499529.009
   965:   500198.005   500216.009   501148.005   501673.009   501718.005
   970:   501721.009   502207.001   502909.003   502942.001   503040.003
   975:   503080.001   503659.003   503685.001   508169.003   509223.005
   980:   509269.009   509281.005   509498.009   511388.005   512078.009
   985:   512210.005   512250.009   512298.005   512903.009   512906.005
   990:   512915.009   512938.005   513071.009   514024.001   514759.003
   995:   514778.001   519425.003   521629.005   521688.009   521707.005
  1000:   521766.009   521893.005   522183.009   522987.005   523025.009
  1005:   523065.005   523108.009   523118.005   523125.009   523586.005
  1010:   523592.009   523629.005   524088.009   524104.005   524130.009
  1015:   524659.001   529659.018   530960.003   530966.016   531001.001
  1020:   531016.026   531024.003   531067.005   532513.009   532539.005
  1025:   532859.009   532886.005   532889.009   533362.001   538362.018
  1030:   539838.003   539844.016   539894.026   540016.005   540840.009
  1035:   540875.005   541170.009   541207.005   541502.009   542093.001
  1040:   542957.003   542971.001   547971.018   548566.003   548572.016
  1045:   548622.026   548736.005   549670.009   549712.005   549858.009
  1050:   549861.005   549876.009   549944.005   550403.009   550425.005
  1055:   550556.009   550565.005   550604.009   551037.001   551636.003
  1060:   551696.001   556696.018   557898.003   557904.016   557954.026
  1065:   558096.005   559067.009   559099.005   559174.009   559234.005
  1070:   559260.009   559478.005   559508.009   559550.005   559907.009
  1075:   561932.005   562481.009   563217.005   563804.009   564201.001
  1080:   565421.003   565442.001   567123.003   567151.001   570674.003
  1085:   572813.005   573182.009   573719.001   578719.018   580411.003
  1090:   580417.016   580467.026   580603.005   581524.009   581532.005
  1095:   582030.009   582500.005   582632.009   582644.005   582959.009
  1100:   582964.005   582968.009   582986.005   583011.009   583482.001
  1105:   588482.018   589925.003   589931.016   589981.026   590097.005
  1110:   592177.009   592679.001   597679.018   597743.003   597749.016
  1115:   597799.026   598037.005   599109.009   599153.005   599680.009
  1120:   600515.005   600535.009   600576.005   601102.009   601114.005
  1125:   601129.009   601143.005   601172.009   601627.001   602881.003
  1130:   602925.001   607675.003   607774.001   607937.003   609065.005
  1135:   609119.009   609201.005   609913.009   609999.005   610007.009
  1140:   610011.005   610022.009   610047.005   610086.009   610190.005
  1145:   610291.009   610454.005   610771.009   610866.005   610870.009
  1150:   611332.001   613056.003   613088.001   618088.018   618241.003
  1155:   618247.016   618297.026   618404.005   619191.009   619208.005
  1160:   619432.009   620114.005   620149.009   620304.005   620309.009
  1165:   620311.005   620402.009   622293.005   623033.009   623036.005
  1170:   623037.009   623069.005   623105.009   623122.005   623872.009
  1175:   623979.005   623983.009   624859.005   625284.009   625286.005
  1180:   625290.009   625629.001   630629.018   633739.003   633745.016
  1185:   633795.026   633825.005   634583.009   634593.005   635948.009
  1190:   635995.005   635997.009   636571.001   636855.003   636881.001
  1195:   641881.018   642981.003   642987.016   643037.026   643143.005
  1200:   644121.009   644156.005   644696.009   644716.005   644733.009
  1205:   644769.005   644914.009   644971.005   645602.009   645632.005
  1210:   645694.009   645740.005   646579.009   647243.001   648140.003
  1215:   648168.001   653168.018   653235.003   653241.016   653291.026
  1220:   653418.005   654391.009   654421.005   654616.009   654627.005
  1225:   654642.009   654692.005   654695.009   654716.005   654879.009
  1230:   655965.001   660965.018   662574.003   662580.016   662630.026
  1235:   662814.005   663983.009   664741.001   665180.003   665401.005
  1240:   665511.009   665522.005   665994.009   667189.001   667339.003
  1245:   667642.001   668469.003   668711.005   668712.009   672234.005
  1250:   672992.009   673095.005   673664.009   674510.005   674928.009
  1255:   675456.001   675867.003   675885.001   680885.018   681376.003
  1260:   681382.016   681432.026   681545.005   682601.009   682634.005
  1265:   682763.009   682807.005   683054.009   683063.005   683089.009
  1270:   683097.005   683100.009   683767.001   688767.018   690086.003
  1275:   690092.016   690142.026   690276.005   692432.009   692742.005
  1280:   692808.009   692829.005   692943.009   694048.001   695299.003
  1285:   695615.005   695675.009   695757.005   696097.009   696786.001
  1290:   701786.018   703103.003   703109.016   703159.026   703296.005
  1295:   704382.009   704407.005   704598.009   704678.005   705294.009
  1300:   705383.005   705406.009   705531.005   705559.009   705957.001
  1305:   710957.018   712180.003   712186.016   712236.026   712393.005
  1310:   713201.009   713230.005   713999.009   714042.005   714088.009
  1315:   714108.005   714153.009   714352.005   714952.009   715014.005
  1320:   715019.009   715082.005   715096.009   715539.001   717129.003
  1325:   717152.001   717685.003   718858.005   719138.009   721216.005
  1330:   721237.009   721552.005   722708.009   722754.005   722848.009
  1335:   723185.005   723215.009   723265.005   723311.009   723837.005
  1340:   724279.009   724285.005   724329.009   724368.005   724371.009
  1345:   724811.001   729811.018   731016.003   731022.016   731072.026
  1350:   731164.005   732272.009   732309.005   732581.009   732614.005
  1355:   732706.009   732778.005   732815.009   733199.005   733276.009
  1360:   734064.001   738963.003   741002.005   741306.009   741470.005
  1365:   741483.009   742507.005   743327.009   743752.001   748752.018
  1370:   750251.003   750257.016   750307.026   750549.005   751583.009
  1375:   751615.005   751762.009   752490.001   752825.003   753363.005
  1380:   753926.009   753947.005   753957.009   754030.005   754037.009
  1385:   754046.005   754067.009   754740.001   755796.003   755823.001
  1390:   760158.003   760235.001   760350.003   762457.005   763053.009
  1395:   764843.005   765665.009   765806.005   765858.009   765925.005
  1400:   766629.009   766636.005   766641.009   767610.001   767756.003
  1405:   768335.005   768429.009   768465.005   768510.009   768718.005
  1410:   769438.009   770094.001   775094.018   775468.003   775474.016
  1415:   775524.026   775678.005   776451.009   776465.005   776774.009
  1420:   776785.005   776808.009   776823.005   776946.009   776994.005
  1425:   777175.009   777201.005   778425.009   779097.001   779348.003
  1430:   779370.001   784275.003   785802.005   786179.009   787541.005
  1435:   787986.009   787992.005   787998.009   788020.005   788030.009
  1440:   788699.005   789072.009   789505.001   794505.018   795737.003
  1445:   795743.016   795793.026   795850.005   797009.009   797018.005
  1450:   797207.009   797244.005   797783.009   797792.005   797796.009
  1455:   797822.005   797864.009   797972.005   797975.009   798474.001
  1460:   803474.018   803694.003   803700.016   803750.026   803821.005
  1465:   805065.009   805077.005   805248.009   805275.005   805443.009
  1470:   805913.005   806035.009   806523.001   807252.003   807446.005
  1475:   807526.009   807996.005   808562.009   808835.005   808839.009
  1480:   809415.001   810181.003   810213.001   814023.003   815016.001
  1485:   815058.003   815307.005   815377.009   815420.005   815632.009
  1490:   816619.005   817304.009   817322.005   817328.009   817346.005
  1495:   817424.009   818433.001   823419.003   824449.005   824478.009
  1500:   824496.005   825011.009   825086.005   825406.009   825453.005
  1505:   826344.009   826384.005   826390.009   826492.005   826495.009
  1510:   826503.005   826507.009   826878.001   831663.003   832190.005
  1515:   832228.009   832246.005   832272.009   832927.001   837927.018
  1520:   838050.003   838056.016   838106.026   838291.005   839214.009
  1525:   839226.005   839386.009   840223.001   840656.003   840807.005
  1530:   841503.009   842093.001   847093.018   847380.003   847386.016
  1535:   847436.026   847569.005   848361.009   848385.005   848453.009
  1540:   848498.005   848531.009   848611.005   849398.009   849921.001
  1545:   850781.003   850791.001   855529.003   856850.005   857364.009
  1550:   860123.005   860694.009   860702.005   861470.009   862399.005
  1555:   863075.009   863642.001   868642.018   869934.003   869940.016
  1560:   869990.026   870055.005   872380.009   872853.001   877797.003
  1565:   877955.001   878148.003   880311.005   880339.009   880396.005
  1570:   880720.009   881630.005   881641.009   881670.005   881677.009
  1575:   881939.005   882828.009   882948.005   882951.009   883486.001
  1580:   888486.018   889741.003   889747.016   889797.026   889904.005
  1585:   890922.009   893863.005   893898.009   893920.005   894458.009
  1590:   894652.005   894667.009   894685.005   894730.009   895875.005
  1595:   895933.009   896125.005   896813.009   897358.001   897633.003
  1600:   897662.001   902491.003   903275.001   903836.003   904275.001
  1605:   904622.003   904644.001   908338.003   911521.005   911730.009
  1610:   911820.005   911823.009   913804.005   914401.009   914431.005
  1615:   914436.009   914626.005   914645.009   914658.005   914661.009
  1620:   914711.005   914750.009   914762.005   914805.009   915041.005
  1625:   915645.009   915681.005   915687.009   916203.001   920990.003
  1630:   921141.001   921202.003   922820.005   923467.009   923471.005
  1635:   923479.009   923503.005   923635.009   923640.005   923797.009
  1640:   923970.005   923975.009   924030.005   924033.009   924894.005
  1645:   925571.009   925595.005   925704.009   925767.005   925769.009
  1650:   925780.005   925785.009   926278.001   930876.003   930907.001
  1655:   931180.003   932620.005   932635.009   932713.005   932746.009
  1660:   933004.005   933028.009   933197.005   933717.009   935462.005
  1665:   935469.009   935473.005   935483.009   935490.005   935505.009
  1670:   935521.005   936164.009   936165.005   936187.009   936302.005
  1675:   936305.009   936897.001   941897.018   943064.003   943070.016
  1680:   943120.026   943225.005   944452.009   944546.005   945036.009
  1685:   945532.001   950532.018   951394.003   951400.016   951450.026
  1690:   951617.005   952845.009   952855.005   953407.009   953482.005
  1695:   953537.009   953598.005   953675.009   953712.005   953762.009
  1700:   953785.005   954669.009   954696.005   955237.009   955247.005
  1705:   955408.009   955903.001   960903.018   961455.003   961461.016
  1710:   961511.026   961600.005   962057.009   962113.005   962206.009
  1715:   962239.005   962699.009   962752.005   963066.009   963078.005
  1720:   963095.009   963115.005   963934.009   963941.005   964677.009
  1725:   965238.001   970238.018   970783.003   970789.016   970839.026
  1730:   970987.005   972521.009   972547.005   972621.009   972660.005
  1735:   972809.009   972877.005   972890.009   972900.005   973373.009
  1740:   973427.005   973476.009   973950.001   978253.003   980062.005
  1745:   980101.009   980107.005   980567.009   980785.005   980788.009
  1750:   981630.005   981706.009   981716.005   981834.009   982422.001
  1755:   987422.018   988071.003   988077.016   988127.026   988279.005
  1760:   988755.009   988794.005   989201.009   989221.005   989550.009
  1765:   989574.005   989987.009   990031.005   990782.009   990832.005
  1770:   990835.009   991304.001   992000.003   992858.005   993290.009
  1775:   993303.005   993315.009   993350.005   993369.009   993511.005
  1780:   993516.009   994244.001   994715.003  1003758.005  1003925.009
  1785:  1003936.005  1004400.009  1004847.005  1004905.009  1004926.005
  1790:  1005011.009  1005204.005  1005245.009  1005291.005  1006051.009
  1795:  1006616.005  1007131.009  1007755.001  1012315.003  1014605.005
  1800:  1014648.009  1014669.005  1015087.009  1015094.005  1015139.009
  1805:  1015578.001  1020578.018  1020713.003  1020719.016  1020769.026
  1810:  1020825.005  1022083.009  1022096.005  1022398.009  1022432.005
  1815:  1022714.009  1022730.005  1023196.009  1023720.001  1028534.003
  1820:  1029972.005  1030343.009  1030357.005  1030362.009  1030380.005
  1825:  1030385.009  1030407.005  1030411.009  1030572.005  1030613.009
  1830:  1030653.005  1030678.009  1031115.005  1031614.009  1032098.001
  1835:  1036995.003  1038458.005  1039161.009  1041661.005  1041689.009
  1840:  1041698.005  1042286.009  1042303.005  1042307.009  1042503.005
  1845:  1042506.009  1042740.005  1042745.009  1043399.005  1043837.009
  1850:  1044368.001  1049064.003  1051695.005  1052142.009  1053536.005
  1855:  1054138.009  1054142.005  1054149.009  1054160.005  1054165.009
  1860:  1054172.005  1054218.009  1054739.001  1059550.003  1059740.001
  1865:  1059790.003  1061292.005  1061453.009  1061507.005  1061765.009
  1870:  1062373.005  1062405.009  1062607.005  1062619.009  1063290.005
  1875:  1063909.009  1063926.005  1063979.009  1064749.001  1065194.003
  1880:  1065224.001  1069635.003  1071036.005  1071071.009  1071150.005
  1885:  1071571.009  1071579.005  1071584.009  1072182.001  1077182.018
  1890:  1077365.003  1077371.016  1077421.026  1077535.005  1078580.009
  1895:  1078607.005  1078721.009  1078736.005  1078771.009  1079341.001
  1900:  1080196.003  1080224.001  1084977.003  1086521.005  1086699.009
  1905:  1090024.005  1090571.009  1090597.005  1090605.009  1090612.005
  1910:  1090682.009  1091426.001  1096426.018  1097016.003  1097022.016
  1915:  1097072.026  1097227.005  1098462.009  1098471.005  1098680.009
  1920:  1099034.005  1099636.009  1099658.005  1099663.009  1100312.001
  1925:  1101200.003  1101228.001  1104989.003  1105167.001  1105192.003
  1930:  1105257.001  1105281.003  1106579.005  1106645.009  1106658.005
  1935:  1107132.009  1107153.005  1107160.009  1107189.005  1107200.009
  1940:  1107784.001  1109892.003  1110975.005  1111034.009  1111160.005
  1945:  1111165.009  1112780.005  1113530.009  1113535.005  1113545.009
  1950:  1113558.005  1113661.009  1113770.005  1113774.009  1114829.001
  1955:  1114943.003  1114972.001  1119972.018  1120755.003  1120761.016
  1960:  1120811.026  1120888.005  1121982.009  1122036.005  1122645.009
  1965:  1122669.005  1123045.009  1123088.005  1124887.009  1124935.005
  1970:  1124981.009  1125036.005  1125053.009  1125105.005  1125114.009
  1975:  1125276.005  1125340.009  1125375.005  1125380.009  1125429.005
  1980:  1125432.009  1125929.001  1130124.003  1132010.005  1132019.009
  1985:  1132240.005  1132491.009  1132558.005  1132560.009  1133145.001
  1990:  1133703.003  1133768.001  1134026.003  1134089.001  1134130.003
  1995:  1134174.001  1139174.018  1140000.003  1140006.016  1140056.026
  2000:  1140113.005  1141329.009  1141364.005  1141725.009  1141766.005
  2005:  1142531.009  1142536.005  1142650.009  1142679.005  1142682.009
  2010:  1143138.001  1148138.018  1148674.003  1148680.016  1148730.026
  2015:  1148897.005  1149799.009  1149835.005  1149957.009  1149987.005
  2020:  1150140.009  1150330.005  1151411.009  1151452.005  1151518.009
  2025:  1151528.005  1151538.009  1152074.001  1153329.003  1153356.001
  2030:  1156860.003  1158723.005  1158760.009  1158778.005  1158907.009
  2035:  1159211.005  1159216.009  1159771.005  1160317.009  1160343.005
  2040:  1160351.009  1160851.001  1165851.018  1166995.003  1167001.016
  2045:  1167051.026  1167120.005  1168308.009  1168342.005  1168463.009
  2050:  1168488.005  1169248.009  1169264.005  1169345.009  1169859.001
  2055:  1174859.018  1175864.003  1175870.016  1175920.026  1175930.001
  2060:  1175946.003  1176011.005  1176491.009  1176559.005  1176741.009
  2065:  1176755.005  1177049.009  1177069.005  1177554.009  1178122.001
  2070:  1178860.003  1179198.005  1179214.009  1179229.005  1179247.009
  2075:  1179275.005  1179362.009  1179490.005  1179658.009  1180419.005
  2080:  1180471.009  1180490.005  1181134.009  1181135.005  1181143.009
  2085:  1181145.005  1181395.009  1182251.001  1187251.018  1188780.003
  2090:  1188786.016  1188836.026  1188881.005  1189471.009  1189513.005
  2095:  1189792.009  1189798.005  1190245.009  1190256.005  1190443.009
  2100:  1190489.005  1190501.009  1190556.005  1190749.009  1191004.005
  2105:  1191062.009  1191098.005  1191115.009  1192050.005  1192673.009
  2110:  1192679.005  1192682.009  1192777.005  1192783.009  1193262.001
  2115:  1198262.018  1198324.003  1198330.016  1198352.001  1198380.026
  2120:  1198413.003  1198481.005  1199390.009  1199407.005  1199552.009
  2125:  1199591.005  1199923.009  1199935.005  1200162.009  1200199.005
  2130:  1200490.009  1200554.005  1200580.009  1200598.005  1200646.009
  2135:  1200720.005  1200731.009  1200766.005  1200835.009  1200847.005
  2140:  1201410.009  1201443.005  1201482.009  1201945.001  1206817.003
  2145:  1208889.005  1209222.009  1211270.005  1212181.009  1212225.005
  2150:  1212228.009  1212276.005  1212278.009  1212421.005  1212422.009
  2155:  1213426.001  1218426.018  1219137.003  1219143.016  1219163.001
  2160:  1219193.026  1219218.003  1219300.005  1219739.009  1219749.005
  2165:  1220347.009  1220362.005  1220686.009  1220707.005  1220800.009
  2170:  1220852.005  1221099.009  1221167.005  1221754.009  1222210.001
  2175:  1227210.018  1227655.003  1227661.016  1227711.026  1227786.005
  2180:  1229003.009  1229038.005  1230017.009  1230027.005  1230104.009
  2185:  1230565.001  1235565.018  1235861.003  1235867.016  1235917.026
  2190:  1235983.005  1236375.009  1236376.005  1236783.009  1236789.005
  2195:  1236796.009  1237378.005  1237499.009  1237534.005  1237589.009
  2200:  1237651.005  1237666.009  1237675.005  1237967.009  1237980.005
  2205:  1239241.009  1239257.005  1239587.009  1239676.005  1239681.009
  2210:  1239737.005  1239742.009  1239793.005  1239796.009  1240169.001
  2215:  1244469.003  1245677.005  1245742.009  1245796.005  1246079.009
  2220:  1246089.005  1246095.009  1247508.005  1248137.009  1248838.001
  2225:  1253838.018  1253899.003  1253905.016  1253955.026  1254145.005
  2230:  1255012.009  1255048.005  1255619.009  1255643.005  1256730.009
  2235:  1257287.001  1262287.018  1262613.003  1262619.016  1262669.026
  2240:  1262785.005  1263893.009  1263896.005  1264263.009  1264396.005
  2245:  1264425.009  1264900.001  1269638.003  1270671.005  1270731.009
  2250:  1270774.005  1270900.009  1270953.005  1270966.009  1271028.005
  2255:  1271034.009  1272668.005  1273394.009  1273459.005  1273462.009
  2260:  1274342.001  1275481.003  1275505.001  1279888.003  1281054.001
  2265:  1281130.003  1282064.005  1282080.009  1282087.005  1282474.009
  2270:  1284055.005  1284102.009  1284166.005  1284735.009  1285240.001
  2275:  1289977.003  1290514.001  1290586.003  1292543.005  1292570.009
  2280:  1292618.005  1292804.009  1293422.001  1293529.003  1293564.001
  2285:  1296949.003  1298376.005  1298422.009  1298874.001  1303874.018
  2290:  1304588.003  1304594.016  1304644.026  1304711.005  1305257.009
  2295:  1305258.005  1305642.009  1305651.005  1305703.009  1306534.001
  2300:  1306666.003  1307567.005  1307961.009  1308004.005  1308010.009
  2305:  1308543.001  1308674.003  1308697.001  1312359.003  1312886.005
  2310:  1312897.009  1312926.005  1313133.009  1313499.001  1313572.003
  2315:  1313600.001  1313836.003  1313904.001  1317344.003  1319250.001
  2320:  1319440.003  1319470.001  1323377.003  1323417.001  1323670.003
  2325:  1326102.005  1326109.009  1326119.005  1326428.009  1327832.005
  2330:  1328536.009  1329087.005  1329617.009  1330216.001  1334268.003
  2335:  1337171.005  1337547.009  1337562.005  1337587.009  1337592.005
  2340:  1337599.009  1337638.005  1337647.009  1338285.001  1342468.003
  2345:  1343627.005  1343641.009  1344853.005  1345473.009  1345487.005
  2350:  1345632.009  1345747.005  1345765.009  1345825.005  1346443.009
  2355:  1346940.001  1351695.003  1351827.005  1352447.009  1352459.005
  2360:  1352518.009  1352579.005  1352771.009  1353376.001  1353684.003
  2365:  1353771.001  1353825.003  1353914.001  1353944.003  1354282.001
  2370:  1354580.003  1354615.001  1355227.003  1355408.005  1355420.009
  2375:  1355571.005  1355649.009  1356086.005  1356101.009  1356185.005
  2380:  1356228.009  1356271.005  1356697.009  1356752.005  1356754.009
  2385:  1357204.001  1362204.018  1363195.003  1363201.016  1363251.026
  2390:  1363359.005  1364369.009  1364383.005  1365314.009  1365898.001
  2395:  1370286.003  1373234.005  1373268.009  1373270.005  1373277.009
  2400:  1373313.005  1373362.009  1373383.005  1373461.009  1373465.005
  2405:  1373838.009  1373864.005  1373866.009  1373902.005  1373914.009
  2410:  1374445.001  1379445.018  1379860.003  1379866.016  1379916.026
  2415:  1379985.005  1381227.009  1381239.005  1381743.009  1381966.005
  2420:  1381990.009  1382060.005  1382132.009  1382182.005  1382186.009
  2425:  1382653.001  1384242.003  1384269.001  1387667.003  1392679.005
  2430:  1392713.009  1392792.005  1392815.009  1392827.005  1392851.009
  2435:  1393135.005  1393862.009  1393926.005  1393930.009  1394296.001
  2440:  1395775.003  1395802.001  1397668.003  1398944.005  1398969.009
  2445:  1398991.005  1399096.009  1399549.005  1399576.009  1400318.001
  2450:  1400487.003  1400550.001  1403648.003  1405115.005  1405207.009
  2455:  1405221.005  1405401.009  1405490.005  1405494.009  1407409.005
  2460:  1407455.009  1407472.005  1407773.009  1408135.001  1412997.003
  2465:  1413451.001  1413953.003  1414019.001  1414161.003  1414858.001
  2470:  1414999.003  1415054.001  1415696.003  1416031.005  1416133.009
  2475:  1417890.005  1417898.009  1418333.001  1423333.018  1423778.003
  2480:  1423784.016  1423834.026  1423874.005  1424791.009  1424846.005
  2485:  1424898.009  1424901.005  1425317.009  1425384.005  1425959.009
  2490:  1425989.005  1425995.009  1426039.005  1426048.009  1426536.001
  2495:  1430365.003  1430463.001  1430551.003  1430687.001  1430801.003
  2500:  1432383.005  1432607.009  1434044.005  1434050.009  1435490.005
  2505:  1435544.009  1435561.005  1436019.009  1436021.005  1436060.009
  2510:  1436551.001  1440756.003  1440784.001  1441673.003  1441825.001
  2515:  1441924.003  1443849.005  1443957.009  1444497.005  1444527.009
  2520:  1444562.005  1444922.009  1445379.001  1450136.003  1452927.001
  2525:  1456800.003  1457057.001  1457104.003  1458376.005  1459146.009
  2530:  1459678.001  1463741.003  1464837.005  1465024.009  1465048.005
  2535:  1465059.009  1465148.005  1465217.009  1465325.005  1465328.009
  2540:  1465592.005  1465824.009  1465841.005  1466484.009  1466540.005
  2545:  1466545.009  1466594.005  1466608.009  1467067.001  1471478.003
  2550:  1473848.005  1474045.009  1474902.001  1479902.018  1479951.003
  2555:  1479957.016  1480007.026  1480080.005  1480730.009  1480753.005
  2560:  1481094.009  1481130.005  1481264.009  1481269.005  1481432.009
  2565:  1481467.005  1482312.009  1482516.005  1482520.009  1482589.005
  2570:  1482593.009  1482650.005  1482658.009  1482991.001  1483783.003
  2575:  1484184.005  1484529.009  1484572.005  1484576.009  1484628.005
  2580:  1484630.009  1484735.005  1484740.009  1484823.005  1484827.009
  2585:  1485357.001  1488945.003  1492524.001  1494320.003  1494612.001
  2590:  1494734.003  1494888.001  1498568.003  1499571.001
B:
     0:        0.000      303.000        0.000      302.000        0.000
     5:      866.000        0.000        0.000        0.000      866.000
    10:        0.000        1.000        0.000        1.000        0.000
    15:        0.000       85.000        0.000       85.000        0.000
    20:        0.000        0.000        0.000        0.000        0.000
    25:        0.000       85.000        0.000        0.000        0.000
    30:        0.000
D:
     0:  1502650.000  1502216.000  1501213.000
E:
     0:     5000.000     5000.000
P:
     0:        0.000      130.000       38.000       20.000      113.000
     5:      601.000       17.000       55.000      120.000      238.000
    10:        4.000       55.000       10.000       32.000      172.000
    15:     1872.000       63.000      238.000      191.000       57.000
    20:       19.000     1221.000     3355.000       43.000     5332.000
    25:       23.000      165.000      144.000     4311.000      327.000
    30:     4873.000      169.000     5943.000     6341.000      247.000
    35:      182.000     6293.000     1389.000     3366.000     6817.000
    40:       88.000      525.000     5879.000     6049.000      268.000
    45:     3713.000     6828.000     6681.000       35.000     6877.000
    50:       99.000      635.000     3995.000      439.000     6351.000
    55:     5125.000     7121.000       44.000      164.000     6140.000
    60:      606.000      931.000     5577.000      602.000     5331.000
    65:     6720.000      566.000     5309.000      229.000     1471.000
    70:     4127.000     6309.000       42.000     5802.000      187.000
    75:      833.000     5412.000     5940.000      328.000     1490.000
    80:     5384.000     7312.000       31.000      384.000      332.000
    85:       30.000      370.000     6893.000      254.000      248.000
    90:      112.000      387.000     6916.000      256.000      426.000
    95:      274.000     6795.000      260.000     8272.000     4693.000
   100:     6973.000     5854.000      775.000     4688.000     5161.000
   105:     1165.000     2867.000     6263.000     2039.000     4190.000
   110:       93.000     5689.000       70.000     1861.000     5511.000
   115:     6020.000      702.000       98.000      579.000     4484.000
   120:      735.000     4647.000     6301.000        6.000     6476.000
   125:      864.000     5595.000      599.000     6202.000     1220.000
   130:     1681.000     3523.000     6692.000     6443.000     5064.000
   135:     1254.000     4750.000      163.000     1724.000     5153.000
   140:     8110.000      284.000     6100.000      897.000     5067.000
   145:     6609.000      439.000      150.000      827.000      411.000
   150:     5491.000     6319.000     1251.000     6317.000     6223.000
   155:     1590.000      533.000     6205.000     4899.000     6499.000
   160:      335.000     1056.000     4335.000      115.000      146.000
   165:     5374.000      251.000     4905.000     6232.000     5220.000
   170:      729.000      766.000     3810.000       42.000     4986.000
   175:     4785.000     5123.000      433.000     5287.000      860.000
   180:     4738.000     6292.000     4944.000      193.000     6255.000
   185:      275.000     4829.000      561.000      347.000     3694.000
   190:     4787.000       61.000     4598.000      273.000     6167.000
   195:     5862.000     5552.000     5545.000     4303.000     5649.000
   200:      696.000      471.000     4560.000     5135.000     4814.000
   205:     4897.000     4696.000     4811.000       50.000      445.000
   210:     4411.000     5183.000      855.000     4753.000     5590.000
   215:      888.000     3761.000       25.000       24.000     2108.000
   220:      114.000     5783.000     4195.000      558.000      258.000
   225:       41.000     5826.000     5536.000     1255.000     3504.000
   230:     6144.000     6005.000       16.000      738.000     6529.000
   235:     5062.000       31.000     4872.000     5711.000       23.000
   240:     5445.000     5296.000     4300.000     5061.000     5326.000
   245:     4738.000     1139.000     4383.000       76.000     4737.000
   250:       72.000      107.000     3385.000     5714.000      132.000
   255:      131.000     3662.000       73.000      236.000     3440.000
   260:      190.000     3907.000      253.000     4052.000     4183.000
   265:     4755.000      308.000       54.000       30.000      298.000
   270:      612.000     5991.000     4388.000     5415.000     1589.000
   275:     3398.000     1479.000     1866.000      169.000     3098.000
   280:     4862.000      502.000      142.000      141.000      642.000
   285:     5445.000     3829.000       88.000      114.000     4205.000
   290:      889.000       99.000     4757.000     3873.000       47.000
   295:     4063.000     4411.000     5049.000      792.000     3588.000
   300:     1796.000      122.000     3680.000        0.000
R:
     0:        1.000        0.000        0.000
T:
     0:        0.000        0.000        0.000        0.000
W:
     0:        2.000        0.000        0.000
