File: C:\MED-PC IV\Data\Reyes\AY\AY1067.999


Start Date: 10/17/24
End Date: 10/17/24
Subject: 67
Experiment: AY
Group: LINEAR
Box: 5
Start Time: 17:07:35
End Time: 17:57:35
MSN: DRRD_lin
C:       0.000
F:       0.000
G:       0.000
H:       0.000
I:       0.000
J:       0.000
K:    3000.000
L:       0.000
M:       0.000
N:       0.000
O:       0.000
P:       0.000
Q:       0.000
R:       0.000
S:       0.000
U: 7268386.000
V:       0.000
X:       0.000
Y:    3421.000
Z:       0.000
A:
     0:     4233.005     4257.009     8458.005     8568.009     9370.005
     5:     9842.009    10246.005    10684.009    13715.005    13945.009
    10:    15000.013    15000.011    15193.001    15804.003    16921.001
    15:    17360.003    17394.001    18138.003    18335.005    18393.009
    20:    18787.001    19754.003    19785.001    19974.003    19997.001
    25:    20473.003    20918.001    22043.003    22681.001    24181.018
    30:    24208.003    24214.016    24264.026    24323.005    24924.009
    35:    25192.001    25470.003    25521.001    27021.018    27330.003
    40:    27336.016    27380.001    27386.026    27393.003    27454.005
    45:    27879.009    28389.001    28460.003    28508.001    30008.018
    50:    30357.003    30363.016    30413.026    30414.005    30867.009
    55:    31311.001    31386.003    31523.001    31763.003    31877.001
    60:    32818.003    32953.001    33411.003    33730.005    34099.009
    65:    34886.001    36255.003    36403.005    36758.009    36860.005
    70:    37106.009    37523.001    37904.003    37924.001    37979.003
    75:    38060.001    39163.003    39183.001    39242.003    39380.001
    80:    39698.003    39842.001    40187.003    40447.001    40604.003
    85:    40675.001    40703.003    40741.001    41967.003    42327.005
    90:    42353.009    42925.001    44352.003    44365.001    44415.003
    95:    44454.001    44539.003    44563.001    44784.003    44942.001
   100:    45022.003    45127.001    45228.003    45288.001    45415.003
   105:    45476.001    45528.003    45587.001    46205.003    47534.001
   110:    47633.003    47866.001    48030.003    48082.001    48375.003
   115:    48431.001    48479.003    48537.001    48589.003    48739.001
   120:    48783.003    48882.001    49153.003    49164.001    50316.003
   125:    50408.001    50585.003    50632.001    50650.003    50720.001
   130:    51116.003    51635.001    51653.003    51807.001    51841.003
   135:    51895.001    53395.018    53413.003    53419.016    53469.026
   140:    53550.005    54113.009    55378.001    55477.003    55504.001
   145:    57004.018    57374.003    57380.016    57430.026    57482.005
   150:    58234.009    59215.001    60715.018    60975.003    60981.016
   155:    61031.026    61116.005    61795.009    62499.001    63406.003
   160:    63438.001    64133.003    65083.005    65097.009    65101.005
   165:    65138.009    65207.005    65323.009    65869.001    65965.003
   170:    66246.001    66302.003    66353.001    66387.003    66450.001
   175:    66480.003    66550.001    66595.003    66620.001    66658.003
   180:    66713.001    66769.003    66811.001    66879.003    66919.001
   185:    67221.003    67989.005    68062.009    68259.005    68351.009
   190:    68399.005    68408.009    68588.005    68707.009    69670.001
   195:    69784.003    69801.001    70574.003    70615.001    70661.003
   200:    70786.001    71477.003    71527.001    71697.003    73324.001
   205:    74145.003    74156.001    74421.003    74454.001    74804.003
   210:    75028.001    75059.003    75626.001    75960.003    75994.001
   215:    76016.003    76045.001    77014.003    77111.001    77238.003
   220:    78264.001    78306.003    79089.001    79348.003    79524.001
   225:    79612.003    79640.001    79914.003    79945.001    80170.003
   230:    80956.005    81119.009    81705.001    82773.003    82801.001
   235:    83188.003    83969.001    84449.003    84651.001    84722.003
   240:    84760.001    84781.003    84842.001    85279.003    86083.001
   245:    86208.003    86602.001    86639.003    86682.001    86992.003
   250:    87051.001    87066.003    87122.001    87278.003    87861.001
   255:    88059.003    88146.001    88246.003    88424.001    88561.003
   260:    89638.001    89682.003    89845.001    89875.003    89951.001
   265:    89986.003    90164.001    90197.003    90248.001    90302.003
   270:    90491.001    90522.003    90692.001    90777.003    92928.001
   275:    93022.003    93159.001    94199.003    97470.001    98551.003
   280:    98979.005    99356.009    99770.001    99850.003    99973.001
   285:   101231.003   103094.001   103219.003   103290.001   103353.003
   290:   108342.001   108604.003   108955.001   109197.003   109215.001
   295:   109645.003   110852.001   112190.003   112233.001   112342.003
   300:   112953.005   113388.009   113893.001   114131.003   114419.001
   305:   114517.003   114569.001   115098.003   115323.001   115508.003
   310:   115523.001   115717.003   115736.001   116348.003   117181.001
   315:   117838.003   119043.001   119154.003   119161.001   119317.003
   320:   120278.001   120391.003   120415.001   120446.003   120473.001
   325:   121027.003   121066.001   121146.003   121159.001   121249.003
   330:   121258.001   121423.003   122124.001   122509.003   123099.001
   335:   123222.003   123392.001   123438.003   123564.001   123911.003
   340:   123927.001   124750.003   125131.005   125163.009   125185.005
   345:   125223.009   125238.005   125280.009   125294.005   125394.009
   350:   126828.001   126868.003   126923.001   127135.003   128103.001
   355:   128683.003   128762.001   129109.003   130029.001   130876.003
   360:   131334.005   131416.009   131482.005   131516.009   131772.005
   365:   131846.009   137508.005   137607.009   137826.001   138147.003
   370:   138241.001   138575.003   139007.001   140115.003   140586.005
   375:   140678.009   141133.001   141679.003   144065.001   144143.003
   380:   144241.001   144535.003   144571.001   144978.003   145026.001
   385:   145744.003   146761.001   146972.003   147003.001   148144.003
   390:   149271.001   149979.003   150405.005   150848.009   151891.001
   395:   152111.003   152994.001   154122.003   154614.001   155711.003
   400:   156308.005   156394.009   156447.005   156578.009   165260.005
   405:   165276.009   166248.001   167154.003   168078.001   169375.003
   410:   169633.005   169979.009   170196.001   170311.003   170397.001
   415:   170887.003   170942.001   171169.003   171701.001   173201.018
   420:   173290.003   173296.016   173346.026   173349.001   173389.003
   425:   173442.005   174020.009   174369.001   174521.003   174609.001
   430:   176109.018   176510.003   176516.016   176566.026   176660.005
   435:   177151.009   177879.001   178203.003   178722.001   179424.003
   440:   179572.005   180010.009   180054.005   180066.009   180078.005
   445:   180093.009   180553.001   182053.018   182263.003   182269.016
   450:   182283.001   182319.026   182438.003   182517.005   183001.009
   455:   183109.005   183130.009   183276.005   183674.009   184250.005
   460:   184261.009   184281.005   184289.009   184891.001   186391.018
   465:   186410.003   186416.016   186466.026   186557.005   187041.009
   470:   188179.001   188252.003   188312.001   189009.003   189028.001
   475:   189112.003   190009.001   190357.003   190402.001   191268.003
   480:   191640.005   191691.009   191841.005   191917.009   192344.001
   485:   192763.003   192918.001   193739.003   193848.001   194077.003
   490:   194088.001   194399.003   195402.001   195565.003   195658.001
   495:   195993.003   196109.001   197073.003   197900.001   199223.003
   500:   199276.001   199380.003   200771.001   200823.003   200916.001
   505:   201020.003   201058.001   201180.003   201531.005   201550.009
   510:   201579.005   201780.009   204033.001   205533.018   205736.003
   515:   205742.016   205792.026   205872.005   206359.009   206446.005
   520:   206481.009   206927.001   207754.003   208249.001   209329.003
   525:   210026.005   210112.009   211390.001   211572.003   211612.001
   530:   211804.003   211845.001   212652.003   213286.005   213352.009
   535:   215469.001   216949.003   217559.001   217665.003   217704.001
   540:   218667.003   218675.001   218839.003   219772.001   221272.018
   545:   221402.003   221408.016   221458.026   221516.005   222086.009
   550:   223438.001   224938.018   225230.003   225236.016   225286.026
   555:   225401.005   225784.009   226569.001   227556.003   228272.001
   560:   229458.003   230256.001   230650.003   230905.001   231525.003
   565:   232598.001   233531.003   233799.005   233906.009   235979.001
   570:   236063.003   236160.001   236290.003   236478.001   236785.003
   575:   236840.001   236895.003   237002.001   237140.003   237170.001
   580:   237372.003   238011.001   239511.018   239525.003   239531.016
   585:   239581.026   239680.005   240228.009   241183.001   242197.003
   590:   243123.001   243440.003   243927.001   244087.003   244822.001
   595:   244998.003   245337.001   245369.003   245458.001   245870.003
   600:   245925.001   246062.003   247518.001   247786.003   247801.001
   605:   247953.003   248026.001   248161.003   249025.001   249134.003
   610:   249459.001   249660.003   250186.001   250795.003   251481.001
   615:   251693.003   251763.001   251955.003   252098.001   252315.003
   620:   254334.001   254800.003   255058.001   255247.003   255279.001
   625:   256427.003   257711.001   257799.003   258061.001   259561.018
   630:   259692.003   259698.016   259706.001   259748.026   259792.003
   635:   259860.005   260529.009   261131.001   261291.003   262129.001
   640:   263629.018   263761.003   263767.016   263817.026   263896.005
   645:   264349.009   265237.001   266389.003   266782.001   267699.003
   650:   267734.001   268180.003   268964.001   269051.003   269439.001
   655:   269458.003   269750.001   269853.003   270296.005   270473.009
   660:   271012.001   271170.003   271308.001   271357.003   271428.001
   665:   272003.003   272050.001   272153.003   272166.001   272288.003
   670:   272306.001   272505.003   274326.001   274472.003   274689.001
   675:   274790.003   275175.001   275197.003   275280.001   275319.003
   680:   275342.001   275403.003   275419.001   275544.003   275564.001
   685:   275600.003   275640.001   275968.003   276646.001   276721.003
   690:   276903.001   277007.003   277089.001   277206.003   277347.001
   695:   277626.003   277685.001   277712.003   277876.001   277912.003
   700:   277976.001   278051.003   278071.001   278158.003   278209.001
   705:   278246.003   278311.001   278333.003   278372.001   278508.003
   710:   279443.001   280160.003   280223.001   280610.003   280760.001
   715:   281073.003   281080.001   281313.003   283161.001   283339.003
   720:   283688.001   283920.003   284214.001   284577.003   284646.001
   725:   284710.003   284768.001   284920.003   285819.001   285831.003
   730:   286387.001   286699.003   288050.005   288084.009   289798.001
   735:   291298.018   291440.003   291446.016   291496.026   291566.005
   740:   292026.009   292777.001   293505.003   294067.001   294622.003
   745:   294703.001   295522.003   296213.001   296389.003   296507.001
   750:   296614.003   296737.001   296877.003   296944.001   296964.003
   755:   297021.001   297057.003   297108.001   297138.003   297458.001
   760:   297611.003   299712.001   299843.003   300917.001   301304.003
   765:   301533.001   301569.003   301630.001   301686.003   301723.001
   770:   301883.003   301918.001   301948.003   302114.001   302143.003
   775:   302282.001   302308.003   302354.001   302385.003   302514.001
   780:   302544.003   302770.001   302819.003   302946.001   302978.003
   785:   303006.001   303155.003   305697.001   306013.003   306047.001
   790:   306204.003   306742.001   306766.003   306945.001   306970.003
   795:   307039.001   307081.003   307160.001   307202.003   307270.001
   800:   307303.003   307371.001   307458.003   307543.001   307619.003
   805:   310148.005   310293.009   310646.001   310790.003   310887.001
   810:   311278.003   311738.001   312315.003   312690.001   312761.003
   815:   312841.001   312924.003   313571.001   313702.003   313791.001
   820:   313898.003   314311.001   314408.003   316462.001   317962.018
   825:   318088.003   318094.016   318144.026   318207.005   318818.009
   830:   318871.005   318908.009   319656.001   319931.003   320172.001
   835:   320360.003   320411.001   320529.003   320710.001   321423.003
   840:   321429.001   321524.003   322061.005   322139.009   322658.001
   845:   322749.003   322791.001   324220.003   324875.001   326124.003
   850:   326950.001   327710.003   327752.001   327801.003   327897.001
   855:   327951.003   327979.001   328022.003   328166.001   328220.003
   860:   328295.001   328470.003   329295.001   329414.003   329647.001
   865:   329709.003   329783.001   329815.003   329902.001   330386.003
   870:   331310.001   331527.003   331658.001   331814.003   332190.005
   875:   332240.009   335488.001   335769.003   335954.001   336590.003
   880:   336746.005   336922.009   337114.001   338217.003   338784.001
   885:   338925.003   338949.001   339151.003   339396.001   339726.003
   890:   339756.001   340613.003   341252.001   341389.003   342165.001
   895:   342376.003   342428.001   342471.003   342490.001   342554.003
   900:   342640.001   342692.003   342724.001   342855.003   342881.001
   905:   343836.003   344288.001   344416.003   344869.001   345223.003
   910:   345766.005   345841.009   345989.005   346019.009   346524.001
   915:   348024.018   348238.003   348244.016   348294.026   348361.005
   920:   348947.009   348983.005   349047.009   349729.001   349875.003
   925:   350206.001   350877.003   351598.001   352966.003   354005.001
   930:   354997.003   355695.005   355823.009   357702.001   357897.003
   935:   357941.001   359403.003   359917.005   360055.009   360400.001
   940:   360821.003   361041.001   361737.003   362703.001   362815.003
   945:   363883.001   365342.003   366488.001   366610.003   366914.001
   950:   367935.003   368306.005   368374.009   368415.005   368539.009
   955:   368858.001   369626.003   369778.001   369827.003   369859.001
   960:   370198.003   371684.001   372115.003   373925.001   373992.003
   965:   374087.001   375187.003   375194.001   375306.003   376194.001
   970:   376376.003   376406.001   376818.003   378493.001   378765.003
   975:   378965.001   379104.003   379161.001   379890.003   379952.001
   980:   379987.003   380016.001   380099.003   380314.001   380595.003
   985:   381096.005   381134.009   381548.001   382419.003   382438.001
   990:   383015.003   383640.001   384268.003   384300.001   384496.003
   995:   384530.001   384562.003   384629.001   384792.003   386196.001
  1000:   386434.003   386514.001   386693.003   387423.001   387559.003
  1005:   387835.001   388176.003   391402.001   391662.003   392238.001
  1010:   392668.003   393089.005   393119.009   397183.001   397405.003
  1015:   397445.001   397593.003   397931.001   398514.003   398554.001
  1020:   398834.003   399669.001   399954.003   399967.001   400574.003
  1025:   400586.001   400651.003   400944.001   401063.003   401112.001
  1030:   401345.003   402477.001   402533.003   402565.001   403465.003
  1035:   406519.001   408019.018   408100.003   408106.016   408156.026
  1040:   408275.005   408917.009   409950.001   411450.018   412670.003
  1045:   412676.016   412726.026   412790.005   413462.009   415085.005
  1050:   415093.009   415723.001   416661.003   416714.001   416831.003
  1055:   416942.001   418248.003   418780.005   418840.009   419296.001
  1060:   420097.003   420137.001   420188.003   420230.001   420286.003
  1065:   420319.001   421138.003   421244.001   421306.003   421434.001
  1070:   421453.003   421494.001   421706.003   421740.001   421895.003
  1075:   422919.001   423178.003   423378.001   424561.003   424971.001
  1080:   425514.003   425596.001   427096.018   427566.003   427572.016
  1085:   427622.026   427709.005   428351.009   428922.001   428937.003
  1090:   428976.001   429313.003   429519.001   429561.003   429600.001
  1095:   430518.003   431373.001   431599.003   431737.001   431881.003
  1100:   432131.001   432340.003   432440.001   432661.003   432675.001
  1105:   432758.003   432869.001   432971.003   433025.001   433217.003
  1110:   433815.001   433958.003   434338.001   434366.003   434452.001
  1115:   434670.003   434682.001   434816.003   436671.005   436720.009
  1120:   436732.005   436810.009   437109.001   437583.003   438078.001
  1125:   438744.003   438756.001   438803.003   438815.001   439184.003
  1130:   440807.001   440949.003   441258.001   441381.003   442113.001
  1135:   442439.003   442983.001   443128.003   443821.001   443999.003
  1140:   444099.001   444157.003   444580.001   444618.003   444719.001
  1145:   444845.003   444891.001   445263.003   446254.005   446354.009
  1150:   447017.001   447164.003   447652.001   447718.003   447881.005
  1155:   448467.009   449837.005   449963.009   451838.005   451905.009
  1160:   452217.001   452607.003   453026.001   454165.003   454890.001
  1165:   455698.003   455737.001   455782.003   455840.001   456028.003
  1170:   457494.001   458004.003   458776.005   458840.009   460046.001
  1175:   461236.003   462589.001   463172.003   464834.001   464871.003
  1180:   464925.001   465392.003   466344.005   466373.009   466512.005
  1185:   466600.009   467178.001   467253.003   467528.001   467649.003
  1190:   467948.001   469448.018   470003.003   470009.016   470059.026
  1195:   470118.005   470554.009   470569.005   470793.009   471430.005
  1200:   471446.009   471777.001   471942.003   471987.001   472244.003
  1205:   472509.001   472777.003   472872.001   473497.003   474822.001
  1210:   475404.003   476412.001   477912.018   478529.003   478535.016
  1215:   478585.026   478674.005   479477.009   480578.001   482078.018
  1220:   482351.003   482357.016   482407.026   482468.005   483467.009
  1225:   484171.001   484270.003   484489.001   484657.003   485084.001
  1230:   485156.003   485188.001   485320.003   485346.001   485392.003
  1235:   485474.001   485502.003   485582.001   485605.003   485697.001
  1240:   485829.003   485927.001   486252.003   487074.001   487349.003
  1245:   487504.001   487603.003   487640.001   488079.003   488130.001
  1250:   488220.003   489161.001   490661.018   490690.003   490696.016
  1255:   490746.026   490856.005   491412.009   493232.001   493690.003
  1260:   494067.001   494118.003   494164.001   494198.003   494262.001
  1265:   494286.003   494346.001   494636.003   495927.001   496837.003
  1270:   497635.001   498488.003   498499.001   498852.003   499262.001
  1275:   499345.003   499581.001   500684.003   501081.005   501440.009
  1280:   502009.001   502053.003   502150.001   503083.003   503101.001
  1285:   503410.003   504215.001   505153.003   505205.001   505904.003
  1290:   506844.001   507725.003   507789.001   508663.003   509568.001
  1295:   510570.003   510657.001   510869.003   510926.001   511416.003
  1300:   513387.001   513455.003   513874.001   514982.003   515131.005
  1305:   515259.009   515304.005   515503.009   515615.005   515642.009
  1310:   515646.005   515693.009   516502.001   517881.003   518002.001
  1315:   518342.003   519362.001   520862.018   521134.003   521140.016
  1320:   521149.001   521190.026   521243.003   521339.005   522180.009
  1325:   523108.001   524608.018   524670.003   524676.016   524726.026
  1330:   524807.005   525329.009   526470.001   526866.003   526915.001
  1335:   527081.003   527149.001   528378.003   529389.001   530276.003
  1340:   530573.001   530839.003   531694.001   533101.003   533319.005
  1345:   533491.009   533771.005   533773.009   534358.001   534823.003
  1350:   535113.001   535385.003   535498.001   535537.003   535873.001
  1355:   536328.003   536340.001   536678.003   537686.001   538821.003
  1360:   539256.001   539388.003   542029.001   542525.003   542676.001
  1365:   544176.018   544210.003   544216.016   544266.026   544348.005
  1370:   545080.009   546083.001   546515.003   546659.001   546750.003
  1375:   546836.001   547265.003   547956.001   548184.003   548441.001
  1380:   548815.003   548849.001   548890.003   548947.001   548990.003
  1385:   549037.001   549063.003   549119.001   549305.003   550427.001
  1390:   550786.003   551340.001   552354.003   552391.001   552963.003
  1395:   553814.001   553870.003   554013.001   555513.018   555536.003
  1400:   555542.016   555592.026   555672.005   556279.009   556317.005
  1405:   556329.009   557150.001   557804.003   558666.001   558775.003
  1410:   560005.001   560740.003   560853.001   560884.003   560929.001
  1415:   561053.003   562007.001   562171.003   562406.001   562794.003
  1420:   563467.001   563532.003   563576.001   563724.003   563734.001
  1425:   563881.003   565761.001   565790.003   565869.001   565911.003
  1430:   565996.001   566022.003   566073.001   566118.003   566184.001
  1435:   566607.003   567625.001   567654.003   568150.001   568429.003
  1440:   568630.001   568735.003   568744.001   569483.003   570193.001
  1445:   571025.003   571168.001   571225.003   571409.001   571849.003
  1450:   572250.005   572331.009   572791.001   573227.003   573255.001
  1455:   573440.003   574446.001   574514.003   576396.001   576425.003
  1460:   576620.001   576896.003   577509.001   577748.003   577844.001
  1465:   578254.003   578385.001   578428.003   578487.001   578517.003
  1470:   578566.001   578783.003   579931.001   581241.003   581470.001
  1475:   582111.003   583053.001   583678.003   583944.001   584075.003
  1480:   584553.001   585586.003   586617.001   586716.003   587385.001
  1485:   588708.003   590163.001   591663.018   591730.003   591736.016
  1490:   591786.026   591862.005   592400.009   593834.001   593970.003
  1495:   594584.001   594770.003   594800.001   594886.003   595700.001
  1500:   595781.003   596015.001   596135.003   596365.001   596946.003
  1505:   601544.001   601834.003   601989.001   602010.003   602258.001
  1510:   602296.003   602356.001   602810.003   603779.001   604371.003
  1515:   604508.001   605274.003   605999.001   607435.003   608408.001
  1520:   608731.003   608871.001   609602.003   611105.001   611222.003
  1525:   611285.001   611408.003   611518.001   612345.003   612369.001
  1530:   612533.003   614077.001   614480.003   614489.001   614598.003
  1535:   616519.001   616672.003   616926.001   617599.003   618789.001
  1540:   619039.003   619128.001   619669.003   620168.001   620797.003
  1545:   620811.001   620888.003   622718.001   623477.003   624552.001
  1550:   624952.003   625599.001   625800.003   625811.001   625917.003
  1555:   640450.005   640514.009   641030.001   641125.003   641190.001
  1560:   642046.003   642804.001   643186.003   644548.001   644588.003
  1565:   644880.001   644909.003   644960.001   645130.003   645920.001
  1570:   646057.003   646413.001   647198.003   647351.001   647492.003
  1575:   647503.001   647591.003   648552.001   648618.003   649272.001
  1580:   649299.003   649405.001   649458.003   649650.001   650760.003
  1585:   652046.001   652253.003   652349.001   653228.003   653263.001
  1590:   653930.003   656148.001   656844.003   658121.001   658232.003
  1595:   658519.001   658581.003   658613.001   658662.003   658914.001
  1600:   659529.003   659538.001   659672.003   660745.001   660894.003
  1605:   662192.001   662634.003   663194.001   663263.003   663474.001
  1610:   663492.003   663542.001   663680.003   665689.001   665707.003
  1615:   665879.001   665944.003   666010.001   666043.003   666184.001
  1620:   666330.003   667720.001   667917.003   668408.001   668639.003
  1625:   668647.001   668740.003   671661.001   672033.003   672069.001
  1630:   673569.018   674367.003   674373.016   674423.026   674527.005
  1635:   675120.009   676192.001   676593.003   676864.001   676963.003
  1640:   677172.001   677212.003   677257.001   678282.003   679535.001
  1645:   679785.003   679868.001   680183.003   680259.001   680396.003
  1650:   680441.001   680653.003   681651.001   681833.003   681853.001
  1655:   683050.003   683106.001   683431.003   683569.001   683720.003
  1660:   683818.001   683948.003   684867.001   686367.018   687197.003
  1665:   687203.016   687253.026   687342.005   687852.009   690943.001
  1670:   691198.003   691701.001   691744.003   691831.001   691871.003
  1675:   691991.001   692945.003   694650.001   694728.003   695376.001
  1680:   695692.003   696079.001   696218.003   696274.001   696314.003
  1685:   696458.001   697902.003   698003.005   698140.009   698188.005
  1690:   698412.009   699471.001   699852.003   699884.001   699977.003
  1695:   700179.001   700222.003   700262.001   700541.003   700578.001
  1700:   700714.003   700752.001   702252.018   702281.003   702287.016
  1705:   702337.026   702417.005   703023.009   704416.001   705192.003
  1710:   705987.001   706294.003   708380.001   708712.003   708893.001
  1715:   708971.003   709005.001   709160.003   709173.001   710673.018
  1720:   711336.003   711342.016   711392.026   711469.005   712254.009
  1725:   714251.001   714690.003   714994.001   715041.003   715106.001
  1730:   716137.003   717433.001   717572.003   717918.001   717952.003
  1735:   717989.001   719489.018   719598.003   719604.016   719654.026
  1740:   719744.005   720459.009   722138.001   722523.003   722664.001
  1745:   722703.003   722824.001   722865.003   722967.001   723037.003
  1750:   723157.001   724467.003   724993.005   725358.009   725907.001
  1755:   726334.003   726400.001   726436.003   726638.001   726658.003
  1760:   726736.001   726765.003   726840.001   726856.003   726944.001
  1765:   726975.003   727071.001   727104.003   727257.001   727305.003
  1770:   727357.001   727502.003   729165.001   729395.003   729447.001
  1775:   729528.003   729612.001   730319.003   730482.001   731572.003
  1780:   733014.001   733128.003   733164.001   733406.003   733643.001
  1785:   733771.003   734775.001   734840.003   736787.001   737339.003
  1790:   737653.001   737792.003   738121.001   738172.003   738314.001
  1795:   738331.003   738651.001   739110.003   741478.001   741709.003
  1800:   741773.001   741828.003   741888.001   742233.003   742249.001
  1805:   742270.003   742336.001   743013.003   744401.001   744901.003
  1810:   745498.001   745523.003   745656.001   745694.003   745739.001
  1815:   745884.003   745945.001   746083.003   747424.001   747796.003
  1820:   748497.001   748674.003   748685.001   749488.003   751569.001
  1825:   751664.003   752316.001   752371.003   752441.001   752480.003
  1830:   752524.001   752581.003   752814.001   752945.003   753014.001
  1835:   753560.003   762399.001   762709.003   762873.001   764373.018
  1840:   764712.003   764718.016   764768.026   764841.005   765400.009
  1845:   765484.005   765505.009   767411.001   767703.003   768215.001
  1850:   768305.003   768396.001   768437.003   768477.001   768903.003
  1855:   768967.001   769195.003   769200.001   769580.003   771315.001
  1860:   771409.003   771489.001   771600.003   772360.001   772381.003
  1865:   772569.001   772609.003   772890.001   773270.003   776799.001
  1870:   776896.003   777572.001   777603.003   777742.001   777796.003
  1875:   777859.001   777899.003   778270.001   778592.003   779806.001
  1880:   779912.003   780490.001   780554.003   780705.001   780739.003
  1885:   780977.001   780998.003   781055.001   781305.003   781315.001
  1890:   781566.003   782677.001   782784.003   783472.001   783531.003
  1895:   783645.001   783934.003   783987.001   784118.003   784192.001
  1900:   784405.003   784436.001   784627.003   784640.001   784684.003
  1905:   784751.001   784784.003   784920.001   785087.003   786238.001
  1910:   786486.003   786676.001   786699.003   786760.001   786805.003
  1915:   786870.001   787341.003   787354.001   787846.003   788251.005
  1920:   788278.009   790330.001   791830.018   791973.003   791979.016
  1925:   792029.026   792097.005   792539.009   794012.001   794315.003
  1930:   794524.001   794588.003   794639.001   795082.003   795137.001
  1935:   795794.003   797095.001   797407.003   797899.001   797941.003
  1940:   798046.001   798087.003   798137.001   798164.003   798239.001
  1945:   798424.003   798544.001   798575.003   798643.001   798673.003
  1950:   798886.001   799138.003   799232.001   799609.003   800656.005
  1955:   800822.009   801358.001   801691.003   802138.001   802158.003
  1960:   802303.001   803165.003   803224.001   803250.003   803433.001
  1965:   803462.003   803540.001   803653.003   805013.001   805201.003
  1970:   805283.001   806609.003   807684.001   807883.003   808137.001
  1975:   808243.003   808454.001   809929.003   810726.005   810775.009
  1980:   811481.001   811615.003   811847.001   811884.003   811972.001
  1985:   812016.003   812040.001   812209.003   812270.001   812318.003
  1990:   812452.001   812529.003   812557.001   812607.003   812647.001
  1995:   813295.003   814698.001   814750.003   815252.001   815300.003
  2000:   815444.001   815473.003   815528.001   816007.003   816019.001
  2005:   816650.003   817094.005   817238.009   817954.001   818202.003
  2010:   818296.001   818317.003   818383.001   818421.003   818545.001
  2015:   819006.003   819015.001   819811.003   825844.005   825928.009
  2020:   826599.005   826654.009   827151.001   827287.003   827381.001
  2025:   827651.003   827683.001   827780.003   827798.001   827891.003
  2030:   827930.001   828109.003   828328.001   828701.003   829050.001
  2035:   830087.003   830926.001   831136.003   831541.001   831906.003
  2040:   831995.001   832395.003   832407.001   832777.003   833635.001
  2045:   833724.003   833981.001   834102.003   834490.001   834614.003
  2050:   835408.005   835659.009   836734.001   836800.003   837301.001
  2055:   838098.003   838107.001   838198.003   840520.001   841875.003
  2060:   843322.001   843533.003   843567.001   843668.003   844058.001
  2065:   844607.003   844616.001   844762.003   846159.001   847239.003
  2070:   849072.005   849181.009   850787.001   850908.003   851337.001
  2075:   851580.003   851698.001   851887.003   851906.001   853073.003
  2080:   853086.001   853366.003   855218.001   855668.003   856172.001
  2085:   856431.003   856553.001   857288.003   860036.001   860711.003
  2090:   869917.005   869988.009   870438.001   870682.003   870952.001
  2095:   872046.003   872579.001   872646.003   872817.001   874066.003
  2100:   874314.001   874475.003   874501.001   875131.003   875917.001
  2105:   876046.003   876093.001   876138.003   876177.001   876208.003
  2110:   876251.001   876311.003   877218.001   877447.003   877869.001
  2115:   877922.003   877945.001   878200.003   878232.001   878273.003
  2120:   878573.001   878603.003   878649.001   878743.003   879306.001
  2125:   880363.003   881143.001   882022.003   882058.001   882124.003
  2130:   882146.001   882226.003   882303.001   882337.003   882396.001
  2135:   883146.003   884019.001   884066.003   884553.001   885112.003
  2140:   886078.001   886152.003   886215.001   886392.003   886594.001
  2145:   887104.003   888615.001   888851.003   892562.001   893192.003
  2150:   893592.005   893675.009   893756.005   894184.009   895567.001
  2155:   896166.003   896309.001   896587.003   897024.001   897054.003
  2160:   897117.001   897148.003   897219.001   897716.003   897745.001
  2165:   897785.003   897838.001   897895.003   897991.001   898034.003
  2170:   898099.001   898130.003   898198.001   898256.003   898476.001
  2175:   898515.003   898688.001   898768.003   898802.001   898993.003
  2180:   900832.001   901140.003   901287.001   901534.003   901595.001
  2185:   902206.003   902217.001   902613.003   903778.005   904185.009
  2190:   906528.001   906855.003   907206.001   907487.003   907763.001
  2195:   908893.003   909951.001   910194.003   910898.001   911426.003
  2200:   911481.001   911505.003   911527.001   912253.003   912333.001
  2205:   912536.003   912565.001   912672.003   912964.001   913582.003
  2210:   916325.001   916465.003   916866.001   917374.003   917395.001
  2215:   918041.003   918091.001   918151.003   918455.001   918962.003
  2220:   918998.001   919046.003   919086.001   919123.003   919174.001
  2225:   919333.003   919477.001   919830.003   919923.001   920571.003
  2230:   921758.001   922075.003   922237.001   923600.003   924888.001
  2235:   925250.003   925298.001   926733.003   928570.001   929212.003
  2240:   929224.001   929682.003   932097.001   932393.003   932420.001
  2245:   932836.003   934224.001   934326.003   934564.001   934602.003
  2250:   934660.001   934695.003   934746.001   934860.003   937138.001
  2255:   937429.003   938007.001   938028.003   938403.001   938520.003
  2260:   938543.001   939077.003   939937.001   940029.003   940821.001
  2265:   940985.003   941928.001   942007.003   942587.005   942737.009
  2270:   943093.001   943473.003   943723.001   944163.003   944215.001
  2275:   944491.003   944670.001   945081.003   945594.005   945604.009
  2280:   945628.005   945656.009   947228.001   947544.003   947828.005
  2285:   948084.009   950963.005   951088.009   951521.005   951532.009
  2290:   951557.005   951577.009   952060.001   952278.003   952554.001
  2295:   952873.003   953028.001   954223.003   955887.001   956540.003
  2300:   956744.005   956831.009   958951.001   959182.003   959372.001
  2305:   959496.003   962551.001   962766.003   964964.001   965804.003
  2310:   966622.005   967285.009   968993.001   969151.003   969327.001
  2315:   970612.003   971466.001   971668.003   972166.001   972228.003
  2320:   972657.001   972674.003   973118.001   973417.003   973463.001
  2325:   973646.003   973729.001   974840.003   976913.001   976980.003
  2330:   977341.001   977417.003   977703.001   977808.003   977817.001
  2335:   978269.003   978282.001   978436.003   979383.005   979736.009
  2340:   984474.005   984857.009   985173.001   986673.018   986681.003
  2345:   986687.016   986737.026   986863.005   987555.009   987566.005
  2350:   987708.009   988647.001   988976.003   989007.001   990267.003
  2355:   991075.001   991114.003   991235.001   991850.003   992436.001
  2360:   992581.003   992645.001   993150.003   993181.001   994256.003
  2365:   994266.001   994346.003   995291.001   995356.003   995505.001
  2370:   995799.003   996072.001   996125.003   996169.001   996211.003
  2375:   996270.001   996427.003   996447.001   997241.003   997257.001
  2380:   997360.003   998390.005   998484.009   998503.005   998515.009
  2385:   998579.005   998606.009   999290.001   999860.003  1000193.001
  2390:  1001693.018  1002049.003  1002055.016  1002105.026  1002169.005
  2395:  1003225.009  1004143.001  1004450.003  1005224.001  1005514.003
  2400:  1005788.001  1007149.003  1008626.001  1009230.003  1009295.001
  2405:  1010795.018  1010994.003  1011000.016  1011050.026  1011170.005
  2410:  1012313.009  1013202.001  1013536.003  1013568.001  1014002.003
  2415:  1014700.001  1014969.003  1015227.001  1015926.003  1016575.005
  2420:  1016756.009  1017382.001  1017573.003  1017710.001  1018987.003
  2425:  1020081.005  1020114.009  1020578.001  1021434.003  1021475.001
  2430:  1022975.018  1023061.003  1023067.016  1023117.026  1023197.005
  2435:  1024636.009  1025335.001  1025432.003  1025453.001  1026220.003
  2440:  1026301.001  1026340.003  1026423.001  1026952.003  1026963.001
  2445:  1027343.003  1028053.005  1028075.009  1028083.005  1028118.009
  2450:  1029234.001  1029327.003  1029483.001  1029523.003  1029663.001
  2455:  1029699.003  1029865.001  1030708.003  1030719.001  1031426.003
  2460:  1032969.001  1033207.003  1033234.001  1033340.003  1033685.001
  2465:  1034113.003  1034195.001  1034564.003  1034578.001  1034903.003
  2470:  1036585.005  1036725.009  1037104.001  1037610.003  1038097.001
  2475:  1039597.018  1039660.003  1039666.016  1039716.026  1039810.005
  2480:  1040266.009  1041741.001  1042266.003  1042323.001  1042494.003
  2485:  1043203.001  1043259.003  1043270.001  1043508.003  1045206.001
  2490:  1045358.003  1045600.001  1045714.003  1045763.001  1045841.003
  2495:  1045877.001  1046902.003  1047885.005  1048064.009  1048623.005
  2500:  1048712.009  1050171.001  1050496.003  1050656.001  1050927.003
  2505:  1051010.001  1051429.003  1051637.001  1052188.003  1052199.001
  2510:  1052372.003  1054556.001  1055035.003  1055573.001  1055763.003
  2515:  1055825.001  1055858.003  1055909.001  1055950.003  1055990.001
  2520:  1057184.003  1058616.001  1058819.003  1059271.001  1059343.003
  2525:  1059377.001  1059469.003  1059510.001  1059771.003  1059785.001
  2530:  1060159.003  1061485.001  1062112.003  1062681.001  1062960.003
  2535:  1062974.001  1063376.003  1068921.005  1069007.009  1069471.001
  2540:  1069861.003  1070150.001  1070426.003  1070600.001  1072100.018
  2545:  1072223.003  1072229.016  1072279.026  1072345.005  1073361.009
  2550:  1074208.001  1074519.003  1074872.001  1075379.003  1076380.001
  2555:  1077656.003  1078893.001  1079820.003  1081273.001  1082076.003
  2560:  1083363.001  1084863.018  1085226.003  1085232.016  1085282.026
  2565:  1085354.005  1086161.009  1087827.001  1089327.018  1089786.003
  2570:  1089792.016  1089842.026  1089915.005  1090708.009  1091882.001
  2575:  1092274.003  1092380.001  1093880.018  1094061.003  1094067.016
  2580:  1094117.026  1094175.005  1095252.009  1095300.005  1095315.009
  2585:  1095325.005  1095363.009  1095437.005  1095440.009  1096793.001
  2590:  1097014.003  1097153.001  1097383.003  1097631.001  1098944.003
  2595:  1100570.001  1100766.003  1100800.001  1101055.003  1101364.001
  2600:  1101716.003  1101728.001  1101857.003  1103540.001  1103648.003
  2605:  1104805.001  1104898.003  1106611.001  1106801.003  1106854.001
  2610:  1108354.018  1108511.003  1108517.016  1108567.026  1108643.005
  2615:  1109299.009  1111245.001  1111391.003  1111457.001  1111564.003
  2620:  1112119.001  1112173.003  1112302.001  1112356.003  1112377.001
  2625:  1112480.003  1112641.001  1113080.003  1115010.001  1115141.003
  2630:  1115222.001  1116722.018  1116872.003  1116878.016  1116928.026
  2635:  1117000.005  1118067.009  1119130.001  1119336.003  1119719.001
  2640:  1120717.003  1122921.001  1123575.003  1124597.001  1124767.003
  2645:  1125036.001  1126536.018  1126548.003  1126554.016  1126604.026
  2650:  1126676.005  1127253.009  1127260.005  1127395.009  1128283.001
  2655:  1129157.003  1129205.001  1129801.003  1131540.001  1132494.003
  2660:  1133747.001  1133841.003  1134437.001  1135144.003  1135156.001
  2665:  1135278.003  1136597.001  1137064.003  1137125.001  1138135.003
  2670:  1139393.001  1139584.003  1140504.001  1140690.003  1140727.001
  2675:  1140809.003  1142014.001  1142048.003  1142113.001  1142139.003
  2680:  1142296.001  1142317.003  1142362.001  1142497.003  1143706.001
  2685:  1143793.003  1144007.001  1144802.003  1145592.005  1145608.009
  2690:  1146300.001  1146580.003  1147226.001  1147754.003  1148568.001
  2695:  1148687.003  1148801.001  1148934.003  1149103.001  1150342.003
  2700:  1151568.001  1151984.003  1152118.001  1152847.003  1152884.001
  2705:  1152934.003  1153185.001  1153321.003  1153370.001  1153436.003
  2710:  1153468.001  1153725.003  1154932.001  1155423.003  1155580.001
  2715:  1156480.003  1157170.005  1157785.009  1158532.001  1160032.018
  2720:  1160422.003  1160428.016  1160478.026  1160555.005  1161155.009
  2725:  1162121.001  1162552.003  1163373.001  1163509.003  1165244.001
  2730:  1165446.003  1165617.001  1166208.003  1166287.001  1166323.003
  2735:  1166367.001  1166409.003  1166481.001  1166831.003  1166852.001
  2740:  1166909.003  1166921.001  1167024.003  1169356.001  1169526.003
  2745:  1169611.001  1169751.003  1169859.001  1170833.003  1172341.005
  2750:  1172442.009  1173091.001  1173181.003  1173531.001  1173630.003
  2755:  1173994.001  1174030.003  1174180.001  1174896.003  1175066.001
  2760:  1175098.003  1175134.001  1176130.003  1177531.001  1178061.003
  2765:  1178083.001  1178761.003  1180249.001  1180581.003  1181450.001
  2770:  1181738.003  1181818.001  1181857.003  1182655.001  1182860.003
  2775:  1182873.001  1182956.003  1190745.001  1191142.003  1193447.001
  2780:  1193507.003  1193712.001  1193798.003  1194016.001  1194540.003
  2785:  1194565.001  1194645.003  1196097.001  1196429.003  1196694.001
  2790:  1197482.003  1200025.001  1200144.003  1201435.001  1201563.003
  2795:  1202060.001  1202129.003  1202235.001  1203580.003  1206799.001
  2800:  1206885.003  1207138.001  1207162.003  1207397.001  1207724.003
  2805:  1207780.001  1208378.003  1208433.001  1208581.003  1208617.001
  2810:  1209000.003  1210004.005  1210126.009  1210776.005  1210818.009
  2815:  1210856.005  1210949.009  1211873.001  1211932.003  1212050.001
  2820:  1212146.003  1212340.001  1212510.003  1212625.001  1213401.003
  2825:  1218631.001  1218800.003  1218873.001  1219018.003  1219554.001
  2830:  1220295.003  1221616.005  1221872.009  1224076.001  1224792.003
  2835:  1225510.001  1225537.003  1225768.001  1226708.003  1228726.001
  2840:  1228813.003  1229735.001  1229767.003  1229775.001  1230075.003
  2845:  1231546.001  1231683.003  1232090.001  1232143.003  1232239.001
  2850:  1232268.003  1232688.001  1233824.003  1233837.001  1234522.003
  2855:  1235805.001  1237305.018  1238873.003  1238879.016  1238929.026
  2860:  1239012.005  1239813.009  1240649.001  1240792.003  1241591.001
  2865:  1241793.003  1241835.001  1241995.003  1242062.001  1242374.003
  2870:  1242756.001  1242998.003  1243068.001  1243364.003  1245162.001
  2875:  1245241.003  1245986.001  1246088.003  1246198.001  1247438.003
  2880:  1247488.001  1248988.018  1249194.003  1249200.016  1249250.026
  2885:  1249311.005  1250046.009  1251458.001  1251772.003  1252029.001
  2890:  1252115.003  1252290.001  1252470.003  1252504.001  1252906.003
  2895:  1254183.001  1254306.003  1254415.001  1254571.003  1254795.001
  2900:  1255258.003  1255278.001  1255533.003  1255672.001  1255882.003
  2905:  1257206.001  1257544.003  1257708.001  1257750.003  1258163.001
  2910:  1258521.003  1258535.001  1258665.003  1260853.001  1260888.003
  2915:  1260961.001  1261511.003  1261522.001  1261908.003  1262820.005
  2920:  1263689.009  1264896.001  1265375.003  1265487.001  1265585.003
  2925:  1265789.001  1267131.003  1268949.001  1269067.003  1269499.001
  2930:  1269571.003  1269690.001  1269719.003  1269904.001  1270728.003
  2935:  1271868.005  1271958.009  1272914.001  1273041.003  1273240.001
  2940:  1273287.003  1273356.001  1274638.003  1276744.001  1276940.003
  2945:  1276961.001  1277375.003  1282419.001  1282661.003  1284135.001
  2950:  1284653.003  1286443.001  1286556.003  1287085.001  1287621.003
  2955:  1292916.005  1293161.009  1293266.005  1293313.009  1294218.001
  2960:  1294323.003  1294476.001  1294586.003  1294755.001  1294912.003
  2965:  1295107.001  1295156.003  1295329.001  1295362.003  1295669.001
  2970:  1295702.003  1295769.001  1295798.003  1295831.001  1295859.003
  2975:  1295971.001  1296076.003  1297667.001  1297776.003  1297962.001
  2980:  1298881.003  1299128.001  1299943.003  1301308.005  1301349.009
  2985:  1301363.005  1301416.009  1301812.005  1301830.009  1302231.001
  2990:  1303731.018  1304710.003  1304716.016  1304766.026  1304842.005
  2995:  1305420.009  1306743.001  1307063.003  1307140.001  1307232.003
  3000:  1307324.001  1307375.003  1307478.001  1307533.003  1307673.001
  3005:  1307709.003  1307760.001  1307808.003  1307995.001  1308185.003
  3010:  1308243.001  1308388.003  1308415.001  1308444.003  1308460.001
  3015:  1308641.003  1310045.001  1310233.003  1310715.001  1310737.003
  3020:  1310810.001  1310841.003  1310935.001  1310971.003  1311185.001
  3025:  1311223.003  1311372.001  1311712.003  1311816.001  1312193.003
  3030:  1312201.001  1312518.003  1314485.001  1314630.003  1315247.001
  3035:  1315769.003  1315816.001  1315839.003  1315975.001  1316019.003
  3040:  1316050.001  1316210.003  1316225.001  1316559.003  1317638.005
  3045:  1317656.009  1317696.005  1317706.009  1318246.001  1318431.003
  3050:  1318598.001  1318740.003  1319352.001  1319696.003  1319739.001
  3055:  1319751.003  1319901.001  1319923.003  1320219.001  1320666.003
  3060:  1321916.005  1321930.009  1322053.005  1322130.009  1322153.005
  3065:  1322195.009  1322775.001  1322949.003  1323129.001  1323188.003
  3070:  1323302.001  1323421.003  1323438.001  1324936.003  1328102.001
  3075:  1328283.003  1328475.001  1328540.003  1329853.001  1329876.003
  3080:  1329895.001  1330009.003  1332894.001  1333008.003  1333479.001
  3085:  1334187.003  1336239.001  1336423.003  1336882.001  1336937.003
  3090:  1337008.001  1337036.003  1337092.001  1337173.003  1337218.001
  3095:  1337852.003  1338707.001  1338804.003  1340955.001  1341275.003
  3100:  1342921.001  1342976.003  1346518.001  1346710.003  1346739.001
  3105:  1347004.003  1347951.001  1348625.003  1349909.001  1350035.003
  3110:  1350359.001  1351289.003  1353866.001  1354412.003  1354441.001
  3115:  1354481.003  1354597.001  1356097.018  1356274.003  1356280.016
  3120:  1356330.026  1356395.005  1357033.009  1359366.001  1359471.003
  3125:  1359494.001  1360332.003  1362903.001  1362961.003  1363061.001
  3130:  1363712.003  1364787.001  1366287.018  1367386.003  1367392.016
  3135:  1367442.026  1367509.005  1367922.009  1368002.005  1368008.009
  3140:  1368056.005  1368129.009  1369438.001  1369922.003  1370010.001
  3145:  1370255.003  1370433.001  1371346.003  1372607.001  1372722.003
  3150:  1373121.001  1373139.003  1373202.001  1373300.003  1373340.001
  3155:  1373373.003  1373397.001  1374063.003  1374076.001  1374193.003
  3160:  1374211.001  1374381.003  1374962.001  1375185.003  1375204.001
  3165:  1375477.003  1376407.005  1376472.009  1376486.005  1376512.009
  3170:  1376557.005  1376678.009  1377143.001  1377280.003  1377318.001
  3175:  1377442.003  1377474.001  1377604.003  1378130.001  1378975.003
  3180:  1380371.001  1381361.003  1382224.005  1382263.009  1382961.001
  3185:  1383197.003  1383281.001  1383349.003  1383687.001  1384488.003
  3190:  1384502.001  1384914.003  1387847.001  1388750.003  1390498.001
  3195:  1390572.003  1390687.001  1390772.003  1392627.001  1392890.003
  3200:  1392934.001  1394172.003  1394197.001  1394670.003  1395310.005
  3205:  1395386.009  1398886.005  1398968.009  1399440.001  1400001.003
  3210:  1400045.001  1401023.003  1401812.001  1403145.003  1403984.001
  3215:  1404324.003  1404356.001  1405562.003  1406522.001  1408022.018
  3220:  1408094.003  1408100.016  1408150.026  1408301.005  1408780.009
  3225:  1410343.001  1411843.018  1411864.003  1411870.016  1411920.026
  3230:  1411992.005  1412810.009  1412831.005  1413507.009  1414394.001
  3235:  1414567.003  1415233.001  1416697.003  1417800.001  1417952.003
  3240:  1417992.001  1419492.018  1419709.003  1419715.016  1419765.026
  3245:  1419916.005  1420935.009  1421830.001  1423254.003  1424189.001
  3250:  1424536.003  1424698.001  1426197.003  1426705.005  1426981.009
  3255:  1427012.005  1427047.009  1427408.001  1428747.003  1429434.001
  3260:  1430934.018  1431027.003  1431033.016  1431083.026  1431181.005
  3265:  1431630.009  1431657.005  1431661.009  1431770.005  1432264.009
  3270:  1432429.005  1432514.009  1433049.001  1434549.018  1434740.003
  3275:  1434746.016  1434777.001  1434796.026  1434998.003  1435071.005
  3280:  1435890.009  1436532.001  1438032.018  1438087.003  1438093.016
  3285:  1438143.026  1438246.005  1438696.009  1438748.005  1438935.009
  3290:  1439044.005  1439128.009  1440037.001  1440109.003  1440212.001
  3295:  1441079.003  1441425.005  1441823.009  1442779.001  1443903.003
  3300:  1443972.001  1444071.003  1445254.001  1445327.003  1445789.001
  3305:  1446473.003  1446481.001  1446614.003  1447011.005  1447415.009
  3310:  1447838.005  1447941.009  1448599.001  1449162.003  1450064.001
  3315:  1451564.018  1451728.003  1451734.016  1451784.026  1451888.005
  3320:  1452536.009  1452579.005  1452678.009  1453535.001  1454481.003
  3325:  1455302.001  1456578.003  1457163.005  1457183.009  1457207.005
  3330:  1457421.009  1458021.001  1459099.003  1459979.001  1460086.003
  3335:  1460202.001  1460945.003  1461378.001  1461455.003  1461836.001
  3340:  1463223.003  1463572.005  1463861.009  1464913.001  1465217.003
  3345:  1465251.001  1466439.003  1466916.005  1467093.009  1468381.001
  3350:  1469459.003  1469987.001  1470323.003  1470705.001  1472205.018
  3355:  1472349.003  1472355.016  1472405.026  1472498.005  1473433.009
  3360:  1474115.001  1474235.003  1474426.001  1475464.003  1476233.005
  3365:  1476297.009  1476481.001  1476565.003  1478108.001  1478260.003
  3370:  1478461.001  1479961.018  1479997.003  1480003.016  1480053.026
  3375:  1480164.005  1480851.009  1480870.005  1480900.009  1482185.001
  3380:  1483685.018  1484338.003  1484344.016  1484394.026  1484444.005
  3385:  1485998.009  1487106.001  1487340.003  1487386.001  1487488.003
  3390:  1487974.001  1488125.003  1488165.001  1488511.003  1489156.001
  3395:  1489223.003  1489243.001  1489575.003  1489990.001  1490683.003
  3400:  1490715.001  1490798.003  1491556.001  1491615.003  1491803.001
  3405:  1492022.003  1492336.001  1493531.003  1493810.005  1494214.009
  3410:  1494573.001  1494871.003  1495072.001  1496105.003  1496869.001
  3415:  1496988.003  1497599.001  1498015.003  1498277.001  1498871.003
  3420:  1499317.001
B:
     0:        0.000     1368.000        0.000     1367.000        0.000
     5:      243.000        0.000        0.000        0.000      243.000
    10:        0.000        1.000        0.000        1.000        0.000
    15:        0.000       66.000        0.000       66.000        0.000
    20:        0.000        0.000        0.000        0.000        0.000
    25:        0.000       66.000        0.000        0.000        0.000
    30:        0.000
D:
     0:  8768391.000  8767703.000  8767257.000
E:
     0:     1500.000     1500.000
T:
     0:        0.000        0.000        0.000        0.000
W:
     0:        2.000        0.000        0.000
