File: C:\MED-PC IV\Data\Reyes\AY\AY1059.999


Start Date: 10/21/24
End Date: 10/21/24
Subject: 59
Experiment: AY
Group: LINEAR
Box: 3
Start Time: 15:10:38
End Time: 16:00:38
MSN: DRRD_lin
C:       0.000
F:       3.000
G:       0.000
H:       0.000
I:       0.000
J:       0.000
K:   10000.000
L:       0.000
M:       0.000
N:       0.000
O:       0.000
P:       0.000
Q:       0.000
R:       0.000
S:       0.000
U:    2679.000
V:       0.000
X:       0.000
Y:    1198.000
Z:       0.000
A:
     0:     3279.005     3393.009    12759.005    12993.009    15000.013
     5:    15000.011    16504.001    21441.003    22023.001    22241.003
    10:    22249.001    26690.003    26699.001    26722.003    26829.005
    15:    26890.009    27096.001    32096.018    35538.003    35544.016
    20:    35594.026    35606.005    36341.009    37021.001    37067.003
    25:    37076.001    37210.003    37228.001    37352.003    37356.001
    30:    37506.003    37556.001    37621.003    37703.001    37877.003
    35:    37910.001    42910.018    43211.003    43217.016    43267.026
    40:    43297.005    43675.009    44645.001    44806.003    44883.001
    45:    44934.003    44989.001    45078.003    45135.001    45183.003
    50:    45268.001    45495.003    45504.001    45579.003    45613.001
    55:    50486.003    50489.001    52899.003    53009.005    53056.009
    60:    53191.005    53576.009    53819.001    58819.018    61380.003
    65:    61386.016    61435.005    61436.026    62236.009    63523.001
    70:    63666.003    63676.001    68676.018    70929.003    70935.016
    75:    70985.026    71031.005    71390.009    72202.001    77202.018
    80:    79212.003    79218.016    79268.026    79287.005    80039.009
    85:    80447.001    85447.018    86187.003    86193.016    86243.026
    90:    86263.005    86668.009    87065.001    92065.018    92874.003
    95:    92880.016    92930.026    92945.005    93261.009    93668.001
   100:    98668.018    99517.003    99523.016    99573.026    99593.005
   105:    99993.009   100529.001   104919.003   105015.005   105274.009
   110:   105524.001   110524.018   112865.003   112871.016   112921.026
   115:   112925.005   113397.009   113808.001   118808.018   119539.003
   120:   119545.016   119595.026   119632.005   119957.009   120616.001
   125:   125616.018   126899.003   126905.016   126955.026   126958.005
   130:   127271.009   127632.001   127703.003   127748.001   132748.018
   135:   134022.003   134028.016   134078.026   134094.005   134496.009
   140:   134880.001   137107.003   137119.001   137295.003   137307.001
   145:   140995.003   141069.005   141186.009   141426.001   146426.018
   150:   149550.003   149556.016   149606.026   149618.005   150079.009
   155:   150374.001   151638.003   151645.001   156432.003   156488.005
   160:   156575.009   157049.001   162049.018   163833.003   163839.016
   165:   163889.026   163916.005   164296.009   165532.001   165903.003
   170:   165918.001   170918.018   172085.003   172091.016   172141.026
   175:   172145.005   172545.009   173125.001   173652.003   173683.001
   180:   173821.003   173836.001   174043.003   174062.001   179062.018
   185:   179797.003   179803.016   179853.026   179908.005   180183.009
   190:   185034.001   190034.018   193115.003   193121.016   193171.026
   195:   193181.005   193738.009   194037.001   199037.018   199904.003
   200:   199910.016   199960.026   199971.005   200356.009   200759.001
   205:   205670.003   205737.005   205883.009   206117.001   206467.003
   210:   206568.001   211568.018   212134.003   212140.016   212190.026
   215:   212221.005   212503.009   212884.001   217118.003   217789.001
   220:   222789.018   224554.003   224560.016   224610.026   224625.005
   225:   224953.009   225214.001   229800.003   229880.005   229891.009
   230:   230214.001   235214.018   237264.003   237270.016   237320.026
   235:   237343.005   237787.009   238491.001   243491.018   243862.003
   240:   243868.016   243918.026   243960.005   244264.009   244767.001
   245:   249767.018   250334.003   250340.016   250390.026   250397.005
   250:   250839.009   251293.001   256293.018   259007.003   259013.016
   255:   259027.001   259041.003   259044.001   259057.003   259063.026
   260:   259152.005   259442.009   260342.001   264884.003   264887.001
   265:   267541.003   267605.005   268179.009   268466.001   273466.018
   270:   276620.003   276626.016   276672.005   276676.026   277082.009
   275:   277845.001   278298.003   278308.001   278448.003   278495.001
   280:   278815.003   278874.001   283874.018   284486.003   284492.016
   285:   284542.026   284556.005   284990.009   285611.001   290611.018
   290:   291508.003   291514.016   291564.026   291565.005   292372.009
   295:   293183.001   298183.018   299424.003   299430.016   299480.026
   300:   299526.005   299828.009   300502.001   305502.018   305713.003
   305:   305719.016   305769.026   305791.005   306135.009   306883.001
   310:   311770.003   311854.005   311996.009   312277.001   317277.018
   315:   318511.003   318517.016   318558.005   318567.026   319386.009
   320:   321079.001   321549.003   321567.001   321656.003   321700.001
   325:   326282.003   326289.001   328872.003   328963.005   328998.009
   330:   329288.001   334288.018   335489.003   335495.016   335545.026
   335:   335589.005   336329.009   337359.001   337492.003   337557.001
   340:   337693.003   338031.001   338057.003   338097.001   343002.003
   345:   343082.005   343240.009   343518.001   348518.018   350001.003
   350:   350007.016   350057.026   350068.005   350463.009   351115.001
   355:   351254.003   351406.001   355940.003   356014.005   356122.009
   360:   356343.001   361343.018   361961.003   361967.016   362017.026
   365:   362049.005   362364.009   362726.001   367726.018   369121.003
   370:   369127.016   369145.001   369171.003   369177.026   369214.005
   375:   369560.009   370048.001   375048.018   375253.003   375259.016
   380:   375309.026   375339.005   375691.009   376422.001   381037.003
   385:   381135.005   381184.009   381501.001   381708.003   381717.001
   390:   386717.018   387053.003   387059.016   387109.026   387141.005
   395:   387572.009   387935.001   392935.018   393652.003   393658.016
   400:   393708.026   393753.005   394072.009   394893.001   399893.018
   405:   400078.003   400084.016   400134.026   400178.005   400574.009
   410:   401750.001   402216.003   402274.001   402350.003   402375.001
   415:   407375.018   408020.003   408026.016   408076.026   408092.005
   420:   408762.009   410991.001   415991.018   417532.003   417538.016
   425:   417588.026   417619.005   417906.009   418462.001   423462.018
   430:   424262.003   424268.016   424318.026   424335.005   424873.009
   435:   425779.001   426242.003   426305.001   431305.018   432594.003
   440:   432600.016   432650.026   432655.005   433089.009   433481.001
   445:   438481.018   439327.003   439333.016   439383.026   439398.005
   450:   440087.009   440758.001   445690.003   445773.005   445858.009
   455:   446108.001   451108.018   453395.003   453401.016   453451.026
   460:   453473.005   453868.009   455021.001   460021.018   462110.003
   465:   462116.016   462166.026   462195.005   462791.009   463433.001
   470:   467761.003   468137.001   471394.003   471928.001   476928.018
   475:   478730.003   478736.016   478786.026   478801.005   479337.009
   480:   480307.001   481008.003   481081.001   486081.018   486836.003
   485:   486842.016   486874.005   486892.026   487536.009   488385.001
   490:   488503.003   502836.001   507836.018   510566.003   510572.016
   495:   510622.026   510646.005   511074.009   511661.001   516306.003
   500:   516392.005   516467.009   516725.001   521252.003   521840.001
   505:   526840.018   527771.003   527777.016   527827.026   527842.005
   510:   528283.009   530836.001   531008.003   531094.001   531194.003
   515:   536541.001   538826.003   538890.001   539058.003   539074.001
   520:   544074.018   544322.003   544328.016   544378.026   544389.005
   525:   544924.009   545986.001   546078.003   551798.001   552016.003
   530:   555166.005   555299.009   555704.001   560704.018   561289.003
   535:   561295.016   561345.026   561365.005   561977.009   561979.005
   540:   561988.009   561996.005   562077.009   562476.001   567476.018
   545:   568539.003   568545.016   568595.026   568611.005   569026.009
   550:   570400.001   575400.018   577625.003   577631.016   577681.026
   555:   577688.005   578388.009   579538.001   584538.018   585542.003
   560:   585548.016   585598.026   585605.005   586064.009   587706.001
   565:   592706.018   594406.003   594412.016   594462.026   594493.005
   570:   594907.009   595686.001   600686.018   601376.003   601382.016
   575:   601432.026   601444.005   601835.009   602647.001   607647.018
   580:   610992.003   610998.016   611048.026   611059.005   611553.009
   585:   613705.001   618705.018   620984.003   620990.016   621040.026
   590:   621061.005   621448.009   622456.001   627456.018   629593.003
   595:   629599.016   629649.026   629669.005   630330.009   631493.001
   600:   636493.018   637256.003   637262.016   637305.005   637312.026
   605:   637951.009   639672.001   644672.018   646778.003   646784.016
   610:   646834.026   646837.005   647319.009   648712.001   653712.018
   615:   655166.003   655172.016   655222.026   655233.005   656272.009
   620:   657818.001   662628.003   662681.005   662983.009   663321.001
   625:   668321.018   670575.003   670581.016   670629.005   670631.026
   630:   671186.009   672557.001   672737.003   672993.001   673191.003
   635:   686436.001   686780.003   687163.001   687344.003   687413.001
   640:   687457.003   688815.005   689040.009   710132.001   710190.003
   645:   710297.001   710353.003   710639.001   710791.003   710829.001
   650:   715829.018   716296.003   716302.016   716352.026   716368.005
   655:   716752.009   717449.001   721581.003   721665.005   721828.009
   660:   722105.001   727105.018   727513.003   727519.016   727569.026
   665:   727581.005   727945.009   728984.001   733984.018   736194.003
   670:   736200.016   736201.001   736250.026   736387.003   736465.005
   675:   737394.009   739493.001   744080.003   744486.001   749486.018
   680:   751043.003   751049.016   751099.026   751100.005   751681.009
   685:   753260.001   758260.018   759609.003   759615.016   759665.026
   690:   759673.005   760154.009   760905.001   765905.018   767336.003
   695:   767342.016   767345.001   767372.003   767392.026   767440.005
   700:   767834.009   769221.001   774221.018   777999.003   778005.016
   705:   778040.005   778055.026   778479.009   779630.001   784630.018
   710:   786422.003   786428.016   786478.026   786490.005   787097.009
   715:   788796.001   793796.018   798260.003   798266.016   798316.026
   720:   798318.005   799057.009   799880.001   804880.018   810396.003
   725:   810402.016   810437.005   810452.026   810911.009   812274.001
   730:   812558.003   812926.001   817926.018   819998.003   820004.016
   735:   820054.026   820077.005   820529.009   822102.001   827102.018
   740:   830095.003   830101.016   830149.005   830151.026   830634.009
   745:   831463.001   831830.003   831854.001   836854.018   840434.003
   750:   840440.016   840490.026   840502.005   840958.009   842714.001
   755:   847714.018   849975.003   849981.016   850031.026   850044.005
   760:   850430.009   851990.001   856990.018   858385.003   858391.016
   765:   858441.026   858471.005   859048.009   860234.001   865234.018
   770:   867147.003   867153.016   867196.005   867203.026   867587.009
   775:   869223.001   874223.018   875640.003   875646.016   875696.026
   780:   875955.005   876965.009   877654.005   877957.009   877978.005
   785:   877990.009   879605.001   879639.003   883245.001   888245.018
   790:   892156.003   892162.016   892212.026   892232.005   892638.009
   795:   894137.001   899137.018   901487.003   901493.016   901543.026
   800:   901547.005   902227.009   903766.001   908766.018   909998.003
   805:   910004.016   910044.005   910054.026   910857.009   912705.001
   810:   917705.018   918753.003   918759.016   918808.005   918809.026
   815:   919357.009   921517.001   926517.018   928855.003   928861.016
   820:   928905.005   928911.026   929517.009   931444.001   936444.018
   825:   937348.003   937354.016   937404.026   937418.005   937953.009
   830:   964413.001   969413.018   970471.003   970477.016   970527.026
   835:   970530.005   971161.009   973151.001   978036.003   978059.001
   840:   978081.003   978154.005   978519.009   978855.001   978921.003
   845:   978992.001   983992.018   984247.003   984253.016   984303.026
   850:   984316.005   985357.009   986486.001   991486.018   992322.003
   855:   992328.016   992378.005   992378.026   992727.009   993737.001
   860:   998737.018   999060.003   999066.016   999116.026   999123.005
   865:   999532.009  1000418.001  1005418.018  1006114.003  1006120.016
   870:  1006155.005  1006170.026  1007434.009  1008684.001  1013684.018
   875:  1014924.003  1014930.016  1014978.005  1014980.026  1015623.009
   880:  1015645.005  1015672.009  1016607.001  1021607.018  1023704.003
   885:  1023710.016  1023750.005  1023760.026  1024147.009  1025312.001
   890:  1030312.018  1032361.003  1032367.016  1032391.005  1032417.026
   895:  1032889.009  1034739.001  1039739.018  1041277.003  1041283.016
   900:  1041328.005  1041333.026  1041701.009  1043170.001  1048170.018
   905:  1050306.003  1050312.016  1050362.026  1050365.005  1050739.009
   910:  1052426.001  1057426.018  1059734.003  1059740.016  1059784.005
   915:  1059790.026  1060244.009  1060339.005  1060682.009  1062648.001
   920:  1063094.003  1063152.001  1063207.003  1081308.001  1083709.003
   925:  1083742.001  1087840.003  1087919.005  1088028.009  1088073.005
   930:  1088424.009  1088736.001  1088777.003  1088801.001  1093801.018
   935:  1096832.003  1096838.016  1096887.005  1096888.026  1097366.009
   940:  1099425.001  1104278.003  1104325.005  1104694.009  1105293.001
   945:  1105802.003  1105822.001  1110675.003  1110731.005  1111208.009
   950:  1126883.001  1130246.003  1130273.001  1135214.003  1135284.005
   955:  1135428.009  1135959.001  1140959.018  1145145.003  1145151.016
   960:  1145196.005  1145201.026  1145973.009  1147817.001  1152817.018
   965:  1154499.003  1154505.016  1154538.005  1154555.026  1155014.009
   970:  1156813.001  1161813.018  1163174.003  1163180.016  1163230.026
   975:  1163238.005  1163627.009  1165204.001  1170204.018  1173844.003
   980:  1173850.016  1173883.005  1173900.026  1174355.009  1175688.001
   985:  1178001.003  1178214.005  1178369.009  1184628.001  1185409.003
   990:  1185560.001  1185816.003  1185882.001  1186077.003  1186392.005
   995:  1186583.009  1194730.001  1194785.003  1194934.001  1199934.018
  1000:  1201723.003  1201729.016  1201777.005  1201779.026  1202257.009
  1005:  1204305.001  1204737.003  1205373.001  1205818.003  1205847.001
  1010:  1210847.018  1211200.003  1211206.016  1211256.026  1211267.005
  1015:  1211709.009  1213199.001  1218199.018  1219078.003  1219084.016
  1020:  1219116.005  1219134.026  1219806.009  1220449.005  1220667.009
  1025:  1221164.001  1226164.018  1227708.003  1227714.016  1227752.005
  1030:  1227764.026  1228346.009  1229332.001  1234332.018  1234812.003
  1035:  1234818.016  1234832.005  1234868.026  1235388.009  1236582.001
  1040:  1241582.018  1243194.003  1243200.016  1243250.026  1243257.005
  1045:  1243671.009  1245711.001  1250711.018  1251355.003  1251361.016
  1050:  1251411.026  1251412.005  1251825.009  1254370.001  1259370.018
  1055:  1260636.003  1260642.016  1260687.005  1260692.026  1261472.009
  1060:  1261490.005  1261514.009  1263440.001  1268440.018  1268846.003
  1065:  1268852.016  1268899.005  1268902.026  1269295.009  1291071.001
  1070:  1291406.003  1299950.001  1304950.018  1307577.003  1307583.016
  1075:  1307629.005  1307633.026  1308072.009  1308086.005  1308276.009
  1080:  1312064.001  1312504.003  1312538.001  1317538.018  1318543.003
  1085:  1318549.016  1318599.026  1318608.005  1318943.009  1321662.001
  1090:  1326662.018  1327679.003  1327685.016  1327735.026  1327759.005
  1095:  1328144.009  1345327.001  1346007.003  1346332.005  1346601.009
  1100:  1347234.001  1352234.018  1354739.003  1354745.016  1354795.026
  1105:  1354810.005  1355103.009  1357101.001  1362101.018  1363522.003
  1110:  1363528.016  1363574.005  1363578.026  1364333.009  1367200.001
  1115:  1372200.018  1374233.003  1374239.016  1374280.005  1374289.026
  1120:  1374754.009  1377312.001  1382312.018  1386154.003  1386160.016
  1125:  1386201.005  1386210.026  1386610.009  1389099.001  1394099.018
  1130:  1394449.003  1394455.016  1394505.026  1394516.005  1395227.009
  1135:  1397307.001  1402307.018  1404383.003  1404389.016  1404439.026
  1140:  1404451.005  1405560.009  1407211.001  1412211.018  1413091.003
  1145:  1413097.016  1413145.005  1413147.026  1413569.009  1416089.001
  1150:  1421089.018  1422187.003  1422193.016  1422241.005  1422243.026
  1155:  1422717.009  1424362.001  1429362.018  1429780.003  1429786.016
  1160:  1429829.005  1429836.026  1430540.009  1432099.001  1436993.003
  1165:  1437050.005  1437665.009  1438837.001  1439351.003  1461427.001
  1170:  1461592.003  1461613.001  1462669.003  1462691.001  1466204.003
  1175:  1466255.005  1466512.009  1467028.001  1472028.018  1474477.003
  1180:  1474483.016  1474533.026  1474536.005  1474960.009  1476424.001
  1185:  1481424.018  1481798.003  1481804.016  1481854.026  1481858.005
  1190:  1482307.009  1483760.001  1488760.018  1488899.003  1488905.016
  1195:  1488955.026  1488959.005  1489635.009
B:
     0:        0.000      241.000        0.000      241.000        0.000
     5:      168.000        0.000        0.000        0.000      168.000
    10:        0.000        1.000        0.000        1.000        0.000
    15:        0.000      126.000        0.000      126.000        0.000
    20:        0.000        0.000        0.000        0.000        0.000
    25:        0.000      126.000        0.000        0.000        0.000
    30:        0.000
D:
     0:  1491577.000  1486439.000  1491578.000
E:
     0:     5000.000     5000.000
T:
     0:        0.000        0.000        0.000        0.000
W:
     0:        0.000        0.000        0.000
