File: C:\MED-PC IV\Data\Reyes\AY\AY1065.999


Start Date: 10/26/24
End Date: 10/26/24
Subject: 65
Experiment: AY
Group: EXP20
Box: 3
Start Time: 15:17:37
End Time: 16:07:37
MSN: DRRD_exp_20
C:       0.000
F:       0.000
G:       0.000
H:       0.000
I:       0.000
J:       0.000
K:   10000.000
L:       0.000
M:       0.000
N:       0.000
O:       0.000
P:       0.000
Q:       0.000
R:       0.000
S:       0.000
U: 7950443.000
V:       0.000
X:       0.000
Y:    1349.000
Z:       0.000
A:
     0:    14661.005    14827.009    15000.013    15000.011    15187.001
     5:    15587.003    15651.001    19741.003    20261.001    20379.003
    10:    20418.001    20569.003    20589.001    25589.018    28022.003
    15:    28028.016    28078.026    28136.005    28567.009    29749.001
    20:    32977.003    33247.001    38197.003    38453.001    38665.003
    25:    38756.001    43756.018    46302.003    46308.016    46358.026
    30:    46427.005    46826.009    47772.001    48131.003    48151.001
    35:    53151.018    54019.003    54025.016    54075.026    54159.005
    40:    54382.009    56390.001    61390.018    64087.003    64093.016
    45:    64143.026    64201.005    64550.009    65596.001    70596.018
    50:    70672.003    70678.016    70728.026    70811.005    71052.009
    55:    71301.001    76301.018    80347.003    80353.016    80403.026
    60:    80453.005    80875.009    82519.001    87519.018    88740.003
    65:    88746.016    88796.026    88841.005    90190.009    91614.001
    70:    91650.003    91689.001    96689.018    97012.003    97018.016
    75:    97068.026    97133.005    97487.009    97508.005    97889.009
    80:    98760.001   103760.018   103957.003   103963.016   104013.026
    85:   104097.005   104348.009   105541.001   110396.003   110498.005
    90:   111113.009   111348.001   116348.018   118574.003   118580.016
    95:   118630.026   118694.005   119225.009   119912.001   120019.003
   100:   120053.001   124274.003   124545.005   124693.009   124873.001
   105:   129873.018   129955.003   129961.016   130011.026   130076.005
   110:   130307.009   130930.001   135585.003   135886.001   139715.003
   115:   139760.001   139801.003   140698.001   140735.003   140763.001
   120:   145465.003   145790.001   150790.018   152079.003   152085.016
   125:   152135.026   152199.005   153177.009   153488.001   155044.003
   130:   155068.001   158971.003   159940.001   159994.003   160019.001
   135:   165019.018   166003.003   166009.016   166059.026   166128.005
   140:   166364.009   167723.001   172723.018   173522.003   173528.016
   145:   173578.026   173654.005   174139.009   174812.001   175319.003
   150:   175639.001   179782.003   180121.001   185119.003   185437.001
   155:   190437.018   192123.003   192129.016   192179.026   192239.005
   160:   192587.009   193510.001   198510.018   199739.003   199745.016
   165:   199795.026   199872.005   200432.009   201511.001   206511.018
   170:   207980.003   207986.016   208036.026   208110.005   208614.009
   175:   209371.001   214371.018   215944.003   215950.016   216000.026
   180:   216043.005   216565.009   217873.001   222873.018   224075.003
   185:   224081.016   224131.026   224186.005   224606.009   225619.001
   190:   229994.003   230336.001   235336.018   236873.003   236879.016
   195:   236929.026   236979.005   237312.009   238215.001   243215.018
   200:   243699.003   243705.016   243755.026   243812.005   244196.009
   205:   244918.001   249918.018   250214.003   250220.016   250270.026
   210:   250348.005   250622.009   250661.005   250724.009   252049.001
   215:   257049.018   259757.003   259763.016   259813.026   259856.005
   220:   260111.009   261131.001   266131.018   267025.003   267031.016
   225:   267081.026   267128.005   267743.009   268768.001   273768.018
   230:   274681.003   274687.016   274737.026   274783.005   275083.009
   235:   275110.005   275605.009   276369.001   281369.018   283217.003
   240:   283223.016   283273.026   283327.005   283580.009   285161.001
   245:   289996.003   290355.005   290746.009   291163.001   292894.003
   250:   292912.001   297912.018   298603.003   298609.016   298659.026
   255:   298710.005   299102.009   299108.005   299308.009   300048.001
   260:   305048.018   306309.003   306315.016   306365.026   306447.005
   265:   306824.009   307615.001   312615.018   313792.003   313798.016
   270:   313848.026   313927.005   314585.009   315534.001   320534.018
   275:   320816.003   320822.016   320833.001   320872.026   321000.003
   280:   321088.005   321808.009   322874.001   326759.003   326868.005
   285:   326942.009   327168.001   332168.018   333634.003   333640.016
   290:   333690.026   333727.005   334008.009   334919.001   339919.018
   295:   340446.003   340452.016   340502.026   340588.005   340885.009
   300:   341519.001   346519.018   346558.003   346564.016   346614.026
   305:   346639.005   347128.009   348055.001   353055.018   355253.003
   310:   355259.016   355309.026   355339.005   355746.009   356379.001
   315:   356570.003   356837.001   361837.018   362265.003   362271.016
   320:   362321.026   362360.005   362961.009   363895.001   367971.003
   325:   368553.005   368684.009   368988.001   373988.018   374856.003
   330:   374862.016   374912.026   374969.005   375272.009   376487.001
   335:   381487.018   384450.003   384456.016   384506.026   384552.005
   340:   384871.009   386249.001   391249.018   392201.003   392207.016
   345:   392257.026   392287.005   392611.009   393827.001   398827.018
   350:   402181.003   402187.016   402237.026   402287.005   402628.009
   355:   403514.001   403639.003   403734.001   407550.003   408113.001
   360:   413113.018   414223.003   414229.016   414279.026   414333.005
   365:   415053.009   416055.001   421055.018   421459.003   421465.016
   370:   421515.026   421593.005   421929.009   421947.005   421959.009
   375:   423222.001   428222.018   428264.003   428270.016   428320.026
   380:   428374.005   429014.009   430734.001   435734.018   439692.003
   385:   439698.016   439748.026   439790.005   440271.009   441245.001
   390:   446245.018   446396.003   446402.016   446452.026   446505.005
   395:   446826.009   447582.001   452473.003   452579.005   452654.009
   400:   452907.001   457907.018   459225.003   459231.016   459281.026
   405:   459339.005   459667.009   460931.001   465496.003   465876.001
   410:   470876.018   471896.003   471902.016   471952.026   472027.005
   415:   472286.009   473491.001   478491.018   482717.003   482723.016
   420:   482773.026   482856.005   483174.009   483996.001   488996.018
   425:   489913.003   489919.016   489969.026   490046.005   490799.009
   430:   492687.001   497687.018   501446.003   501452.016   501502.026
   435:   501575.005   501895.009   502870.001   507870.018   510116.003
   440:   510122.016   510172.026   510244.005   510526.009   512053.001
   445:   517053.018   518839.003   518845.016   518895.026   518964.005
   450:   519299.009   519321.005   519408.009   520092.001   525092.018
   455:   525947.003   525953.016   525972.001   526003.026   526048.003
   460:   526147.005   526589.009   527264.001   532264.018   534563.003
   465:   534569.016   534619.026   534663.005   534950.009   536664.001
   470:   541664.018   544703.003   544709.016   544759.026   544803.005
   475:   545211.009   545238.005   545293.009   546150.001   546213.003
   480:   546265.001   546413.003   546539.001   551516.003   551919.001
   485:   556229.003   556950.001   561950.018   564144.003   564150.016
   490:   564200.026   564268.005   564749.009   565583.001   570583.018
   495:   573993.003   573999.016   574049.026   574091.005   574622.009
   500:   575585.001   575650.003   575687.001   577560.003   577639.001
   505:   578512.003   579508.005   579540.009   579827.001   580002.003
   510:   580041.001   585041.018   588418.003   588424.016   588474.026
   515:   588544.005   588970.009   589854.001   590298.003   590606.001
   520:   590823.003   590832.001   595832.018   598130.003   598136.016
   525:   598186.026   598251.005   598660.009   599621.001   604621.018
   530:   606573.003   606579.016   606629.026   606715.005   606997.009
   535:   607711.001   612711.018   615961.003   615967.016   616017.026
   540:   616080.005   616451.009   619132.001   624132.018   626327.003
   545:   626333.016   626383.026   626449.005   627164.009   628634.001
   550:   633634.018   636014.003   636020.016   636070.026   636129.005
   555:   636413.009   637230.001   642230.018   645527.003   645533.016
   560:   645583.026   645640.005   646350.009   647737.001   652737.018
   565:   653915.003   653921.016   653971.026   654024.005   654369.009
   570:   654970.001   659970.018   661612.003   661618.016   661668.026
   575:   661722.005   662083.009   663575.001   668575.018   669794.003
   580:   669800.016   669850.026   669915.005   670228.009   671335.001
   585:   676335.018   676598.003   676604.016   676654.026   676711.005
   590:   677222.009   677728.001   678526.003   678568.001   678660.003
   595:   678871.001   683871.018   684110.003   684116.016   684166.026
   600:   684206.005   684596.009   684613.005   684682.009   686108.001
   605:   686231.003   686251.001   691251.018   691645.003   691651.016
   610:   691701.026   691752.005   692061.009   692767.001   697767.018
   615:   699456.003   699462.016   699512.026   699546.005   699825.009
   620:   701186.001   706186.018   706584.003   706590.016   706640.026
   625:   706706.005   706995.009   708077.001   712482.003   712843.001
   630:   717843.018   718279.003   718285.016   718335.026   718407.005
   635:   718793.009   722355.001   727355.018   727383.003   727389.016
   640:   727439.026   727490.005   727748.009   728776.001   733734.003
   645:   734018.001   739018.018   740567.003   740573.016   740623.026
   650:   740680.005   741074.009   742632.001   747632.018   749363.003
   655:   749369.016   749419.026   749482.005   749778.009   751374.001
   660:   751615.003   751633.001   756633.018   757568.003   757574.016
   665:   757624.026   757669.005   758163.009   759104.001   763804.003
   670:   763907.005   763991.009   764217.001   769217.018   772373.003
   675:   772379.016   772429.026   772492.005   772731.009   774239.001
   680:   779239.018   781600.003   781606.016   781656.026   781722.005
   685:   782006.009   783554.001   783685.003   783784.001   788784.018
   690:   791351.003   791357.016   791407.026   791469.005   791797.009
   695:   792513.001   797513.018   798133.003   798139.016   798189.026
   700:   798246.005   798545.009   800116.001   805116.018   806584.003
   705:   806590.016   806640.026   806701.005   806991.009   808590.001
   710:   813590.018   814303.003   814309.016   814359.026   814416.005
   715:   814715.009   815765.001   820765.018   823015.003   823021.016
   720:   823071.026   823120.005   823411.009   825418.001   825608.003
   725:   825658.001   826080.003   826121.001   830439.003   830775.001
   730:   835775.018   836453.003   836459.016   836509.026   836564.005
   735:   837230.009   838392.001   843392.018   845378.003   845384.016
   740:   845434.026   845490.005   845823.009   846533.001   851533.018
   745:   852233.003   852239.016   852289.026   852329.005   852683.009
   750:   853837.001   858837.018   859694.003   859700.016   859750.026
   755:   859788.005   860186.009   860920.001   865920.018   868156.003
   760:   868162.016   868212.026   868271.005   868524.009   873837.001
   765:   873912.003   873926.001   878926.018   880316.003   880322.016
   770:   880372.026   880426.005   880693.009   881698.001   886606.003
   775:   886926.001   891926.018   892885.003   892891.016   892941.026
   780:   893023.005   893306.009   894303.001   899303.018   900318.003
   785:   900324.016   900374.026   900446.005   900738.009   901523.001
   790:   901697.003   901723.001   906723.018   906775.003   906781.016
   795:   906831.026   906889.005   907109.009   907663.001   912663.018
   800:   913702.003   913708.016   913758.026   913802.005   914142.009
   805:   914200.005   914313.009   914392.005   914454.009   914562.005
   810:   914753.009   914798.005   914980.009   917114.001   922114.018
   815:   923442.003   923448.016   923498.026   923535.005   923894.009
   820:   924750.001   929750.018   931256.003   931262.016   931312.026
   825:   931338.005   931649.009   932737.001   937363.003   937825.001
   830:   942825.018   943498.003   943504.016   943554.026   943612.005
   835:   944253.009   945551.001   950551.018   951705.003   951711.016
   840:   951761.026   951812.005   952148.009   953315.001   958315.018
   845:   958837.003   958843.016   958893.026   958964.005   959317.009
   850:   960721.001   963608.003   964629.001   969629.018   970372.003
   855:   970378.016   970428.026   970475.005   970790.009   971845.001
   860:   973091.003   973113.001   978113.018   978868.003   978874.016
   865:   978924.026   978958.005   979494.009   980591.001   985591.018
   870:   986731.003   986737.016   986787.026   986812.005   987134.009
   875:   988406.001   993406.018   994286.003   994292.016   994342.026
   880:   994377.005   994670.009   995351.001   995442.003   995472.001
   885:  1000472.018  1002476.003  1002482.016  1002532.026  1002577.005
   890:  1002856.009  1002884.005  1003002.009  1003904.001  1003964.003
   895:  1004003.001  1009003.018  1009742.003  1009748.016  1009798.026
   900:  1009850.005  1010157.009  1011223.001  1015507.003  1016297.001
   905:  1021173.003  1021434.001  1026434.018  1028458.003  1028464.016
   910:  1028514.026  1028559.005  1028958.009  1030537.001  1035537.018
   915:  1037940.003  1037946.016  1037996.026  1038044.005  1038448.009
   920:  1038504.005  1038518.009  1038519.005  1038546.009  1038564.005
   925:  1038609.009  1038758.005  1038792.009  1038822.005  1038956.009
   930:  1040193.001  1045193.018  1045953.003  1045959.016  1046009.026
   935:  1046052.005  1046382.009  1047273.001  1047410.003  1047453.001
   940:  1047494.003  1047665.001  1052422.003  1052548.005  1052621.009
   945:  1052946.001  1057946.018  1059332.003  1059338.016  1059388.026
   950:  1059446.005  1059783.009  1060575.001  1060768.003  1060830.001
   955:  1061058.003  1061103.001  1062392.003  1062418.001  1062465.003
   960:  1062509.001  1066844.003  1067113.001  1072113.018  1072940.003
   965:  1072946.016  1072996.026  1073032.005  1073467.009  1074522.001
   970:  1079522.018  1081765.003  1081771.016  1081821.026  1081876.005
   975:  1082245.009  1083701.001  1088701.018  1089119.003  1089125.016
   980:  1089175.026  1089212.005  1089577.009  1089617.005  1089797.009
   985:  1090789.001  1095789.018  1099541.003  1099547.016  1099597.026
   990:  1099662.005  1099909.009  1100449.001  1105449.018  1106579.003
   995:  1106585.016  1106635.026  1106686.005  1107147.009  1108956.001
  1000:  1113956.018  1117022.003  1117028.016  1117078.026  1117130.005
  1005:  1117434.009  1118094.001  1123094.018  1124084.003  1124090.016
  1010:  1124140.026  1124201.005  1125101.009  1126259.001  1131259.018
  1015:  1134179.003  1134185.016  1134235.026  1134298.005  1134807.009
  1020:  1136438.001  1141438.018  1143971.003  1143977.016  1144027.026
  1025:  1144058.005  1144523.009  1145469.001  1150469.018  1153758.003
  1030:  1153764.016  1153814.026  1153849.005  1154251.009  1155139.001
  1035:  1160139.018  1160295.003  1160301.016  1160351.026  1160399.005
  1040:  1160940.009  1161804.001  1166804.018  1166864.003  1166870.016
  1045:  1166920.026  1166961.005  1167489.009  1167517.005  1167741.009
  1050:  1168693.001  1173693.018  1174695.003  1174701.016  1174751.026
  1055:  1174806.005  1175569.009  1176933.001  1181933.018  1182261.003
  1060:  1182267.016  1182317.026  1182375.005  1182783.009  1183825.001
  1065:  1188825.018  1190428.003  1190434.016  1190484.026  1190536.005
  1070:  1191189.009  1192790.001  1197790.018  1198458.003  1198464.016
  1075:  1198514.026  1198564.005  1198952.009  1201251.001  1205933.003
  1080:  1206015.005  1206353.009  1206561.001  1211561.018  1212333.003
  1085:  1212339.016  1212389.026  1212457.005  1212821.009  1212834.005
  1090:  1212942.009  1213021.005  1213259.009  1213720.001  1218468.003
  1095:  1218559.005  1218617.009  1218865.001  1222577.003  1223290.001
  1100:  1228290.018  1229253.003  1229259.016  1229309.026  1229342.005
  1105:  1229791.009  1229796.005  1230140.009  1231159.001  1236159.018
  1110:  1237364.003  1237370.016  1237420.026  1237465.005  1238365.009
  1115:  1240229.001  1244365.003  1244864.001  1249864.018  1250601.003
  1120:  1250607.016  1250657.026  1250715.005  1251175.009  1251260.005
  1125:  1251350.009  1251370.005  1251538.009  1252897.001  1257897.018
  1130:  1257996.003  1258002.016  1258052.026  1258087.005  1258710.009
  1135:  1259967.001  1264211.003  1264579.001  1268289.003  1268553.001
  1140:  1273553.018  1274483.003  1274489.016  1274539.026  1274584.005
  1145:  1274990.009  1275007.005  1275038.009  1276362.001  1280805.003
  1150:  1281174.001  1285895.003  1286167.001  1290730.003  1290994.001
  1155:  1291182.003  1291703.001  1296703.018  1298235.003  1298241.016
  1160:  1298291.026  1298351.005  1298681.009  1299758.001  1301422.003
  1165:  1301442.001  1302278.003  1303032.001  1308032.018  1308451.003
  1170:  1308457.016  1308507.026  1308544.005  1309130.009  1309856.001
  1175:  1309932.003  1309967.001  1314967.018  1316205.003  1316211.016
  1180:  1316261.026  1316321.005  1316676.009  1317406.001  1321569.003
  1185:  1322033.001  1327033.018  1328112.003  1328118.016  1328168.026
  1190:  1328211.005  1328836.009  1328857.005  1329227.009  1330598.001
  1195:  1335598.018  1336915.003  1336921.016  1336971.026  1337007.005
  1200:  1337312.009  1337350.005  1337426.009  1338749.001  1343749.018
  1205:  1344934.003  1344940.016  1344990.026  1345032.005  1345316.009
  1210:  1345317.005  1345379.009  1345396.005  1345450.009  1345485.005
  1215:  1346022.009  1347222.001  1352222.018  1353871.003  1353877.016
  1220:  1353927.026  1353984.005  1354518.009  1356026.001  1361026.018
  1225:  1361221.003  1361227.016  1361277.026  1361308.005  1362168.009
  1230:  1363537.001  1368537.018  1369785.003  1369791.016  1369841.026
  1235:  1369888.005  1370467.009  1370472.005  1370659.009  1371266.001
  1240:  1375836.003  1376239.001  1381239.018  1381353.003  1381359.016
  1245:  1381409.026  1381477.005  1381713.009  1382521.001  1387311.003
  1250:  1388019.001  1393019.018  1393053.003  1393059.016  1393109.026
  1255:  1393166.005  1393503.009  1393655.005  1393692.009  1393703.005
  1260:  1393762.009  1394477.001  1399131.003  1399440.001  1399494.003
  1265:  1399514.001  1399611.003  1399637.001  1404637.018  1405181.003
  1270:  1405187.016  1405237.026  1405296.005  1405898.009  1407211.001
  1275:  1412211.018  1413766.003  1413772.016  1413822.026  1413870.005
  1280:  1414299.009  1416049.001  1421049.018  1421497.003  1421503.016
  1285:  1421553.026  1421575.005  1422301.009  1423074.001  1427870.003
  1290:  1427992.005  1428021.009  1428325.001  1433224.003  1433533.001
  1295:  1433701.003  1433714.001  1438714.018  1439471.003  1439477.016
  1300:  1439527.026  1439572.005  1440115.009  1441185.001  1446185.018
  1305:  1447340.003  1447346.016  1447396.026  1447444.005  1447801.009
  1310:  1447811.005  1447900.009  1449769.001  1454769.018  1456010.003
  1315:  1456016.016  1456066.026  1456115.005  1456638.009  1456643.005
  1320:  1456672.009  1459338.001  1464338.018  1465211.003  1465217.016
  1325:  1465267.026  1465329.005  1465752.009  1467814.001  1472814.018
  1330:  1472948.003  1472954.016  1473004.026  1473071.005  1473352.009
  1335:  1474577.001  1479284.003  1481791.001  1485484.003  1486057.001
  1340:  1491057.018  1492848.003  1492854.016  1492904.026  1492946.005
  1345:  1493376.009  1495100.001  1495279.003  1495293.001
B:
     0:        0.000      250.000        0.000      249.000        0.000
     5:      199.000        0.000        0.000        0.000      199.000
    10:        0.000        1.000        0.000        1.000        0.000
    15:        0.000      150.000        0.000      150.000        0.000
    20:        0.000        0.000        0.000        0.000        0.000
    25:        0.000      150.000        0.000        0.000        0.000
    30:        0.000
D:
     0:  9450448.000  9445736.000  9445722.000
E:
     0:     5000.000     5000.000
T:
     0:        0.000        0.000        0.000        0.000
W:
     0:        2.000        0.000        0.000
