File: C:\MED-PC IV\Data\Reyes\AY\AY1058.999


Start Date: 10/14/24
End Date: 10/14/24
Subject: 58
Experiment: AY
Group: PERC
Box: 2
Start Time: 14:56:51
End Time: 15:46:52
MSN: DRRD_perc
C:       0.000
F:       0.000
G:       0.000
H:       0.000
I:       0.000
J:       0.000
K:    3596.000
L:       0.000
M:       0.000
N:       0.000
O:       0.000
Q:     400.250
S:     279.017
U: 4574469.000
V:       0.000
X:       0.000
Y:    3512.000
Z:       0.000
A:
     0:     9937.005    10393.009    10446.005    10813.009    10845.005
     5:    10852.009    15000.013    15000.011    15652.001    16028.003
    10:    16083.001    16140.003    16191.001    16317.003    16644.005
    15:    16648.009    16657.005    16738.009    16988.001    17028.003
    20:    17035.001    17176.003    17192.001    17671.003    17698.001
    25:    18753.003    18868.005    18976.009    19358.001    19497.003
    30:    19528.001    19681.003    19713.001    20928.003    21079.005
    35:    21450.009    21993.001    22049.003    22128.001    22358.003
    40:    22392.001    22533.003    22560.001    22612.003    22631.001
    45:    23319.003    23371.001    23967.003    24044.005    24147.009
    50:    24447.001    24528.003    24566.001    24598.003    24631.001
    55:    25738.003    26322.001    26635.003    26665.001    26761.003
    60:    26789.001    26883.003    26958.001    27141.003    27145.001
    65:    27947.003    28408.005    28458.009    28668.001    28695.003
    70:    28705.001    28738.003    28801.001    28878.003    28918.001
    75:    29878.003    29983.001    30115.003    30180.001    30590.003
    80:    30992.005    31012.009    31032.005    31059.009    31097.005
    85:    31405.009    31681.001    31795.003    32035.001    32071.003
    90:    32145.001    33093.003    33330.005    33365.009    35360.001
    95:    35491.003    35905.001    36036.003    36079.001    36359.003
   100:    37222.005    37399.009    43907.001    44031.003    44077.001
   105:    44222.003    44319.005    44388.009    45008.001    45593.003
   110:    46033.001    46219.003    46260.001    46358.003    47570.001
   115:    47659.003    47681.001    48151.003    48226.001    48376.003
   120:    49735.001    50307.003    50824.005    51312.009    51325.005
   125:    51330.009    51400.005    51405.009    51432.005    51438.009
   130:    51470.005    51472.009    51483.005    51488.009    53283.005
   135:    53398.009    53696.001    54222.003    54252.005    54432.009
   140:    55807.001    55951.003    56713.001    57034.003    57132.005
   145:    57231.009    57484.001    58642.003    58754.001    58785.003
   150:    58930.005    59012.009    59179.001    59241.003    59353.001
   155:    59400.003    59434.001    59907.003    60322.001    61033.003
   160:    61060.001    61111.003    61131.001    61728.003    61862.005
   165:    62335.009    62777.001    62795.003    62828.001    63230.003
   170:    63292.001    63729.003    63867.005    63975.009    64123.001
   175:    64220.003    64228.001    64704.003    64730.001    65776.003
   180:    65805.005    66021.009    66224.001    67372.003    67442.001
   185:    68170.003    68196.005    68351.009    68611.001    68692.003
   190:    68800.001    69058.003    69904.005    69915.009    69921.005
   195:    69964.009    70176.001    70327.003    76432.005    76520.009
   200:    77306.005    77454.009    77865.001    78030.003    78065.001
   205:    78547.003    78572.001    79246.003    79300.005    79515.009
   210:    80837.001    81379.003    81774.001    81855.003    87640.005
   215:    87648.009    87678.005    87685.009    87696.005    87810.009
   220:    87884.005    87892.009    87920.005    87930.009    87939.005
   225:    88026.009    88465.001    89163.003    89285.005    89424.009
   230:    90516.001    90727.003    90741.001    91500.003    91524.001
   235:    91902.003    92137.005    92343.009    92593.001    93451.003
   240:    93617.001    93754.003    93760.005    93876.009    94036.001
   245:    94408.003    94437.001    95503.003    95528.001    95641.003
   250:    95705.001    95749.003    96010.005    96277.009    96363.005
   255:    96366.009    96424.005    96577.009    97613.001    97919.003
   260:    97934.001    97969.003    97992.001    98106.003    98130.001
   265:    98225.003    98271.001    98979.003    98993.001    99116.003
   270:    99280.005    99521.009    99904.001    99997.003   100340.001
   275:   100492.003   100520.001   100700.003   100740.001   101381.003
   280:   101406.001   101537.003   102043.005   102464.009   106281.005
   285:   106381.009   108973.001   109441.003   110172.005   110264.009
   290:   110463.001   110967.003   110983.001   111243.003   111393.001
   295:   111843.003   112300.001   112356.003   112405.001   112512.003
   300:   112585.001   112702.003   112767.001   113636.003   113727.001
   305:   113773.003   113868.001   114047.003   114810.001   114847.003
   310:   114872.001   115172.003   115382.001   115625.003   115814.001
   315:   115870.003   115915.001   115992.003   116077.001   116163.003
   320:   116196.001   116266.003   117010.001   117113.003   118748.005
   325:   119039.009   119045.005   119074.009   119094.005   119099.009
   330:   119190.005   119196.009   119197.005   119202.009   119258.005
   335:   119436.009   128162.001   128259.003   129046.001   129399.003
   340:   129544.005   129848.009   130219.005   130335.009   130546.005
   345:   130551.009   130556.005   130573.009   130581.005   130587.009
   350:   130605.005   130611.009   142028.005   142058.009   142078.005
   355:   142093.009   142633.001   143848.003   143869.005   144113.009
   360:   144156.005   144167.009   144182.005   144297.009   150157.005
   365:   150469.009   150669.005   150741.009   158555.005   158772.009
   370:   160617.005   160813.009   164758.005   164877.009   173726.005
   375:   174071.009   174721.005   174822.009   175199.001   176277.003
   380:   176371.005   176481.009   179394.005   180258.009   180274.005
   385:   180289.009   180302.005   180305.009   180624.005   180676.009
   390:   180713.005   180786.009   180808.005   180918.009   180922.005
   395:   180971.009   181006.005   181029.009   181277.005   181282.009
   400:   185306.005   185315.009   185344.005   185382.009   185404.005
   405:   185526.009   190742.005   190862.009   190872.005   190878.009
   410:   190885.005   190904.009   190913.005   190919.009   190955.005
   415:   190959.009   191017.005   191024.009   191743.005   191749.009
   420:   191753.005   191757.009   191767.005   191898.009   191908.005
   425:   191913.009   191937.005   191947.009   193061.005   193082.009
   430:   193084.005   193122.009   193135.005   193141.009   193166.005
   435:   193171.009   193217.005   193224.009   193226.005   193231.009
   440:   196674.005   196746.009   196866.005   197192.009   197966.001
   445:   198061.003   198100.001   198630.003   198864.005   199200.009
   450:   199839.005   199995.009   200726.001   201620.003   201657.005
   455:   201894.009   202126.005   202166.009   202448.001   202590.003
   460:   202622.001   203272.003   203318.001   204248.003   204523.005
   465:   205001.009   206113.001   206133.003   206159.001   206330.003
   470:   206746.001   207580.003   207789.005   207934.009   207936.005
   475:   207949.009   207954.005   207982.009   208006.005   208039.009
   480:   208374.001   208637.003   208817.001   209272.003   209846.001
   485:   210534.003   210564.001   210844.003   210882.001   211180.003
   490:   211216.001   211733.003   211748.001   211769.003   211813.001
   495:   212014.003   212401.001   212773.003   213161.005   213570.009
   500:   215119.001   215712.003   216129.005   216289.009   225260.001
   505:   226362.003   226401.001   227606.003   227622.001   227642.003
   510:   228058.005   228376.009   228832.001   228927.003   228980.001
   515:   229225.003   229260.001   229345.003   229397.001   230124.003
   520:   230806.001   230879.003   230888.005   231275.009   231611.005
   525:   231684.009   233394.005   233718.009   234553.005   234698.009
   530:   257706.005   258000.009   259222.001   259640.003   261600.005
   535:   261996.009   269643.005   269727.009   269848.005   270124.009
   540:   270144.005   270166.009   270191.005   270200.009   271193.001
   545:   271869.003   272171.005   275698.009   275699.005   276572.009
   550:   276616.005   276624.009   276712.005   276719.009   276775.005
   555:   276786.009   280323.005   280468.009   285733.005   285808.009
   560:   285819.005   285840.009   286147.001   287013.005   287137.009
   565:   287167.003   287178.005   288024.009   288043.005   288081.009
   570:   288092.005   291693.009   291700.005   291707.009   291708.005
   575:   291943.009   291946.005   294384.009   294435.005   294440.009
   580:   294481.005   295196.009   295221.005   295248.009   295257.005
   585:   295391.009   295393.005   295401.009   295420.005   295459.009
   590:   295468.005   295486.009   295561.005   295567.009   295575.005
   595:   295585.009   295625.005   295641.009   295655.005   295886.009
   600:   296035.005   296049.009   296796.005   296805.009   296888.005
   605:   296902.009   296911.005   296917.009   296946.005   296951.009
   610:   296961.005   297340.009   297419.005   299488.009   299505.005
   615:   300275.009   300286.005   300297.009   300324.005   300571.009
   620:   300574.005   300584.009   300589.005   301824.009   302537.005
   625:   302543.009   302550.005   302557.009   302689.005   302695.009
   630:   302723.005   302737.009   302749.005   303317.009   303333.005
   635:   304327.009   304374.005   304445.009   304447.005   304454.009
   640:   304462.005   304484.009   304498.005   304528.009   304914.005
   645:   304927.009   304934.005   304939.009   304987.005   305170.009
   650:   305173.005   305184.009   305251.005   305265.009   305271.005
   655:   305280.009   305281.005   305295.009   305296.005   305310.009
   660:   305314.005   305319.009   305321.005   307668.009   308212.005
   665:   308217.009   308319.005   308422.009   308663.005   308669.009
   670:   308683.005   308688.009   308704.005   308895.009   308927.005
   675:   308969.009   310183.001   310321.003   310513.001   311039.003
   680:   311229.005   312591.009   312611.005   312627.009   312641.005
   685:   312657.009   312664.005   312820.009   312840.005   313019.009
   690:   313081.005   313121.009   313136.005   313142.009   313203.005
   695:   313209.009   313453.005   313457.009   313509.005   313704.009
   700:   313802.005   315282.009   315710.005   315743.009   315752.005
   705:   316165.009   316169.005   317291.009   317300.005   317815.009
   710:   317818.005   317841.009   317849.005   317857.009   317867.005
   715:   318322.009   318335.005   318596.009   318654.005   318701.009
   720:   318774.005   318840.009   318902.005   318915.009   319003.005
   725:   319053.009   319070.005   319151.009   319177.005   319200.009
   730:   319252.005   319276.009   319314.005   319499.009   319513.005
   735:   319524.009   319542.005   319552.009   320523.005   320669.009
   740:   321142.001   321256.003   321265.005   321684.009   321715.005
   745:   321720.009   321757.005   321771.009   321915.005   321921.009
   750:   321964.005   321966.009   321981.005   321985.009   322236.001
   755:   322752.005   322757.009   322780.005   322782.003   322873.009
   760:   322900.005   322905.009   322960.005   322963.009   323001.005
   765:   323026.009   323090.005   323097.009   323135.005   323161.009
   770:   323198.005   323815.009   323888.005   323899.009   324316.005
   775:   324325.009   340769.005   340851.009   340888.005   340892.009
   780:   340893.005   340898.009   340906.005   340920.009   341182.005
   785:   341189.009   341192.005   341204.009   341209.005   341216.009
   790:   341274.005   341286.009   349171.005   349204.009   349632.005
   795:   349905.009   349927.005   350149.009   350221.005   350383.009
   800:   350414.005   350731.009   350794.005   350997.009   351062.005
   805:   351071.009   351075.005   352352.009   352381.005   352391.009
   810:   352420.005   352490.009   352635.005   352643.009   352645.005
   815:   352651.009   353348.001   353424.003   353558.001   353583.003
   820:   353743.005   353868.009   354179.001   354842.003   355035.005
   825:   355201.009   355225.005   355258.009   355533.005   355544.009
   830:   355591.005   355745.009   355994.005   356081.009   356623.001
   835:   357152.003   358482.005   358639.009   371061.005   371684.009
   840:   371695.005   373632.009   373788.005   377573.009   379899.005
   845:   380008.009   380291.001   381209.003   382167.001   382569.003
   850:   382595.001   383688.003   383866.005   384594.009   384899.005
   855:   385004.009   385404.001   385735.003   385778.001   385882.003
   860:   385911.001   386017.003   386120.001   386207.003   386272.001
   865:   386763.003   386804.001   387581.003   388094.005   388329.009
   870:   389445.001   390181.003   390343.001   390470.003   390594.001
   875:   391701.003   392636.005   392866.009   393323.001   393366.003
   880:   393409.001   394111.003   394145.001   394942.003   395387.005
   885:   395581.009   397080.001   398060.003   398490.005   398622.009
   890:   403787.005   403951.009   404034.005   404172.009   404390.005
   895:   404397.009   404404.005   404623.009   404971.001   405255.003
   900:   405297.001   405337.003   405352.001   405580.003   405630.001
   905:   406570.003   406598.001   406890.003   407370.005   407955.009
   910:   408271.001   408590.003   408634.001   408752.003   409091.001
   915:   409358.003   409403.001   409538.003   409833.001   410392.003
   920:   410433.001   411320.003   411356.001   411997.003   412079.005
   925:   412438.009   412467.005   413085.009   414453.001   414507.003
   930:   414542.001   414663.003   414724.001   416522.018   417281.003
   935:   417287.016   417337.026   417412.005   418552.009   418553.005
   940:   418567.009   418670.005   418676.009   418680.005   418686.009
   945:   418689.005   418694.009   418711.005   418981.009   418989.005
   950:   419017.009   419038.005   419064.009   419098.005   419104.009
   955:   419181.005   419184.009   419231.005   419431.009   419849.005
   960:   420183.009   420193.005   420199.009   420483.005   420665.009
   965:   421336.005   421719.009   422609.005   423785.009   424143.005
   970:   424150.009   424158.005   426475.009   426503.005   426628.009
   975:   426673.005   430534.009   430948.005   431160.009   431182.005
   980:   431462.009   431486.005   431511.009   433686.005   433846.009
   985:   434245.001   434356.003   434587.001   435324.003   436104.001
   990:   436264.003   436336.001   437119.003   437533.005   437782.009
   995:   437984.005   437989.009   437999.005   438006.009   438076.005
  1000:   438186.009   438739.001   439361.003   440025.005   440165.009
  1005:   442126.005   442603.009   443011.001   443453.003   443495.001
  1010:   443870.003   444118.005   444561.009   444586.005   444679.009
  1015:   444700.005   444838.009   444855.005   444899.009   445053.005
  1020:   447397.009   447937.001   448005.003   448027.001   448269.003
  1025:   448317.001   448837.003   448903.001   449710.003   450286.005
  1030:   450769.009   451015.001   452567.003   452786.005   453022.009
  1035:   453515.001   454047.003   454094.001   454800.003   455273.005
  1040:   455503.009   459524.005   459606.009   459789.005   459799.009
  1045:   460097.001   460768.003   461061.005   461209.009   461467.001
  1050:   463023.003   463552.005   463788.009   465293.001   465424.003
  1055:   465441.001   465501.003   465577.001   467044.003   467080.001
  1060:   467658.003   468085.005   468314.009   469207.001   470401.003
  1065:   470910.001   470986.003   471001.001   471393.003   471438.001
  1070:   472590.003   472608.005   473127.009   473637.001   473727.003
  1075:   473771.001   473785.003   473849.001   473999.003   474024.001
  1080:   474101.003   474155.001   474715.003   474767.001   475214.003
  1085:   475735.005   476149.009   476802.001   476916.003   477016.001
  1090:   477296.003   477319.001   477432.003   477488.001   478130.003
  1095:   478179.001   479133.003   479154.005   479392.009   479547.005
  1100:   479701.009   480042.005   480196.009   480420.001   480523.003
  1105:   480701.001   480741.003   480818.001   482152.003   482648.005
  1110:   482935.009   483215.001   483370.003   483509.001   483671.003
  1115:   483731.001   484955.003   485161.005   485359.009   485601.001
  1120:   485745.003   485807.001   486620.003   488035.005   488247.009
  1125:   488270.005   488420.009   488448.005   488756.009   488789.005
  1130:   489036.009   489059.005   489325.009   489960.001   490082.003
  1135:   490142.001   491940.018   491968.003   491974.016   492024.026
  1140:   492144.005   493519.009   493988.005   493996.009   494087.005
  1145:   494333.009   494351.005   494356.009   495321.005   495331.009
  1150:   495334.005   495336.009   495383.005   495528.009   496578.001
  1155:   496777.003   496807.001   496870.003   496893.001   496922.003
  1160:   497289.005   497772.009   498193.001   498322.003   498370.001
  1165:   500005.003   500141.005   500666.009   500944.001   501009.003
  1170:   501120.001   501720.003   501862.001   502945.003   503279.005
  1175:   503692.009   504028.001   504047.003   504118.001   505887.003
  1180:   506615.005   506798.009   509339.005   509415.009   509421.005
  1185:   509430.009   509701.001   510134.003   510163.001   510934.005
  1190:   510935.003   511387.009   511625.001   513090.003   513467.005
  1195:   513617.009   513954.005   514050.009   514175.005   514183.009
  1200:   514184.005   516278.009   516559.005   516725.009   517039.001
  1205:   517190.003   517227.001   518461.003   518605.001   518827.003
  1210:   518877.001   519022.003   519071.001   520258.003   520839.005
  1215:   521016.009   521396.001   521791.003   521976.001   522007.003
  1220:   522069.001   522134.003   522195.001   522959.003   523237.005
  1225:   523471.009   523709.001   524063.003   524208.001   524323.003
  1230:   524405.001   525748.003   526174.005   526344.009   527048.001
  1235:   527271.003   527344.001   527400.003   527485.001   529283.018
  1240:   529304.003   529310.016   529350.005   529360.026   530585.009
  1245:   530679.005   530833.009   531128.005   531541.009   532320.001
  1250:   532520.003   532581.001   533011.003   533500.005   534016.009
  1255:   534316.005   534416.009   534640.001   534897.003   534966.001
  1260:   536087.003   536122.001   536585.003   536620.005   536958.009
  1265:   539706.005   539845.009   539899.005   539915.009   540130.001
  1270:   540629.003   540709.001   540810.003   541090.005   541226.009
  1275:   541521.001   542674.005   542680.003   543542.009   543781.005
  1280:   543924.009   544158.005   544375.009   544763.001   545067.003
  1285:   545070.001   546704.003   546892.005   547272.009   547433.005
  1290:   547439.009   547484.005   547623.009   547864.001   547955.003
  1295:   548002.001   548174.003   548204.001   549467.003   549849.005
  1300:   550005.009   550308.005   550419.009   551066.005   551072.009
  1305:   551122.005   551180.009   553208.005   553216.009   553232.005
  1310:   553308.009   553333.005   553462.009   553858.001   553945.003
  1315:   554301.001   554386.003   554894.001   555043.003   555489.005
  1320:   555621.009   555839.001   556055.003   556080.001   556151.003
  1325:   556190.001   556608.003   556647.001   557661.003   557717.001
  1330:   557998.003   558291.005   558793.009   559032.001   559685.003
  1335:   560178.005   560307.009   560762.001   560890.003   560900.001
  1340:   562149.003   562180.001   562431.003   562850.005   563141.009
  1345:   563368.001   563703.003   563759.001   564619.003   564690.001
  1350:   564870.003   565170.005   565500.009   565690.005   565727.009
  1355:   565998.001   566770.003   566798.001   567621.003   568100.005
  1360:   568345.009   568624.005   568797.009   569109.001   570590.003
  1365:   570755.005   571082.009   571478.001   571565.003   571627.001
  1370:   572817.003   573094.005   573257.009   573555.005   573561.009
  1375:   573604.005   574370.009   577556.005   577592.009   577883.001
  1380:   579137.003   579231.001   579259.003   579650.005   579847.009
  1385:   580082.001   580277.003   580334.001   580594.003   580680.001
  1390:   581151.003   581201.001   582201.003   582217.005   582610.009
  1395:   582831.001   583165.003   583275.001   583298.003   583317.001
  1400:   584290.003   584301.005   584466.009   584780.001   585108.003
  1405:   585201.001   585238.003   585288.001   586572.003   586615.001
  1410:   587183.003   587526.005   587654.009   587917.001   588010.003
  1415:   588106.001   588157.003   588168.001   588787.003   588814.001
  1420:   589344.003   589407.001   589983.003   590070.005   590620.009
  1425:   590848.001   590925.003   590977.001   591140.003   591270.001
  1430:   591839.003   591873.001   592016.003   592127.001   592219.003
  1435:   592256.001   593149.003   593620.005   593870.009   594231.001
  1440:   594423.003   594493.001   595779.003   596930.001   598578.003
  1445:   598603.005   599065.009   599446.001   600861.003   601286.005
  1450:   601690.009   601940.001   602004.003   602020.001   602602.003
  1455:   602654.001   602888.003   603714.001   604088.003   604609.005
  1460:   604706.009   605173.001   606629.003   607303.001   607520.003
  1465:   607606.001   607719.003   607770.001   607888.003   607943.001
  1470:   609455.003   610028.005   610271.009   610571.005   610643.009
  1475:   610958.001   610995.003   611044.001   611378.003   611402.001
  1480:   611515.003   611538.001   612285.003   612487.001   612783.003
  1485:   612815.005   613166.009   613173.005   613178.009   613195.005
  1490:   613202.009   613232.005   613253.009   613255.005   613544.009
  1495:   613892.001   614196.003   614317.001   614480.003   615165.005
  1500:   615316.009   620549.005   620914.009   620921.005   620926.009
  1505:   624753.005   624800.009   625107.001   625246.003   625289.001
  1510:   626997.003   627049.001   627370.003   627771.001   629569.018
  1515:   629615.005   629618.003   629624.016   629674.026   631871.009
  1520:   631899.005   632028.009   632212.005   632282.009   632337.005
  1525:   632349.009   632917.005   633120.009   633127.005   633372.009
  1530:   633973.001   634359.003   634557.005   636121.009   636424.005
  1535:   636453.009   637177.001   637762.003   637801.001   638137.005
  1540:   638157.003   639166.009   639533.001   640036.003   640111.001
  1545:   640259.003   640303.001   640908.005   641011.003   641232.009
  1550:   641465.001   643072.003   643474.005   644101.009   645111.001
  1555:   645493.003   645670.001   645762.003   646318.005   646995.009
  1560:   647227.005   647432.009   647790.001   647980.003   648027.001
  1565:   649285.003   649364.005   649869.009   649911.005   649925.009
  1570:   650209.005   650347.009   651239.001   651411.003   652087.005
  1575:   652168.009   661164.005   661844.009   662263.005   662287.009
  1580:   662553.001   663212.003   663275.001   664048.003   664071.005
  1585:   664593.009   664789.005   664876.009   665020.005   665356.009
  1590:   665530.005   666469.009   668039.005   668669.009   668706.005
  1595:   668716.009   668717.005   668758.009   669043.001   669617.003
  1600:   669677.001   669742.003   669778.001   669860.003   669901.001
  1605:   670470.003   670882.005   671376.009   671625.001   671721.003
  1610:   671744.001   671904.003   671971.001   672078.003   672241.001
  1615:   672637.003   673256.005   673717.009   673940.001   674062.003
  1620:   674108.001   674271.003   674279.001   674813.003   674821.001
  1625:   675366.003   675832.005   676066.009   676341.001   676424.003
  1630:   676482.001   676596.003   676704.001   676758.003   676898.001
  1635:   677949.003   678499.005   678755.009   679232.001   679547.003
  1640:   679561.001   679843.003   679897.001   680365.003   680677.005
  1645:   681112.009   681318.001   681757.003   681808.001   683606.018
  1650:   683800.003   683806.016   683856.026   683931.005   685632.009
  1655:   686394.001   686483.003   686659.005   687032.009   687259.001
  1660:   687471.003   687533.001   687703.003   687756.001   687857.003
  1665:   687910.001   688133.003   688157.001   688449.003   688770.005
  1670:   689048.009   689508.001   689592.003   689641.001   689935.003
  1675:   690005.001   690067.003   690123.001   690969.003   691350.005
  1680:   692465.009   692838.001   692904.003   692946.001   692962.003
  1685:   693007.001   694174.003   694502.005   694871.009   695145.001
  1690:   695307.003   695394.001   696713.003   697083.005   697208.009
  1695:   697892.001   698577.003   698615.001   699003.003   699311.001
  1700:   699549.003   699704.005   699715.009   699747.005   699798.009
  1705:   699894.005   700172.009   700426.001   700501.003   700520.001
  1710:   700718.003   700759.001   701270.003   701612.005   701907.009
  1715:   702128.001   702428.003   702523.001   702592.003   702725.001
  1720:   702771.003   702827.001   703352.003   703388.001   703868.003
  1725:   703909.001   704105.003   704213.001   704331.003   704370.005
  1730:   704991.009   705555.005   705659.009   706118.001   706303.003
  1735:   706354.001   707230.003   707274.001   707874.003   708248.005
  1740:   708512.009   708810.001   709026.003   709067.001   710507.003
  1745:   711233.005   711945.009   712249.005   712395.009   712619.001
  1750:   714129.003   714451.005   714799.009   715310.001   715499.003
  1755:   715595.001   715690.003   715740.001   715886.003   715924.001
  1760:   716377.003   716778.005   717249.009   717679.001   717956.003
  1765:   717972.001   718042.003   718265.001   718306.003   718390.001
  1770:   719218.003   719498.005   719681.009   719926.005   719940.009
  1775:   722799.005   722986.009   722989.005   723004.009   723006.005
  1780:   723021.009   723319.001   724362.005   724412.003   724946.009
  1785:   725321.005   725564.009   725568.005   725573.009   725674.005
  1790:   725817.009   726070.001   727020.003   727258.005   727305.009
  1795:   727438.005   728238.009   728538.001   729011.003   729040.001
  1800:   729275.003   729304.001   730662.003   730817.005   731299.009
  1805:   732963.001   733115.003   733179.001   733561.003   733849.005
  1810:   734091.009   734886.001   735301.003   735949.001   736028.003
  1815:   737214.005   737459.009   737840.001   737913.003   737950.001
  1820:   739420.003   739446.001   739826.003   740201.005   740579.009
  1825:   740781.001   742030.003   742095.001   742365.003   742695.005
  1830:   743088.009   743407.001   743569.003   743619.001   743797.003
  1835:   744043.001   745599.003   745930.005   746440.009   746681.001
  1840:   746844.003   746866.001   747025.003   747074.001   748224.003
  1845:   748276.001   748512.003   748957.005   749161.009   749532.001
  1850:   750600.003   750921.005   751111.009   751410.001   752442.003
  1855:   752516.001   753012.003   753277.001   753580.003   753705.005
  1860:   754205.009   754574.001   754750.003   754780.001   754933.003
  1865:   754964.001   755000.003   755032.001   755201.003   755221.001
  1870:   756585.003   757129.005   757408.009   757716.001   759455.003
  1875:   759498.001   759751.003   760092.005   760416.009   761220.001
  1880:   761886.003   761988.001   762218.005   762261.003   762298.009
  1885:   762329.005   762438.009   762635.001   764433.018   764650.003
  1890:   764656.016   764706.026   764801.005   764807.009   764809.005
  1895:   766243.009   766289.005   766419.009   766522.005   766912.009
  1900:   766926.005   766932.009   766980.005   766994.009   767393.001
  1905:   768041.003   768290.005   768535.009   768783.005   768872.009
  1910:   769300.001   769427.003   769468.001   771096.003   771291.005
  1915:   771688.009   772239.001   772889.003   773516.005   773672.009
  1920:   773954.001   774982.003   774998.001   775088.003   775145.001
  1925:   775362.003   775422.001   775583.003   776071.005   776321.009
  1930:   776573.001   776776.003   776830.001   776876.003   776961.001
  1935:   778598.003   778834.005   778979.009   779479.001   779702.003
  1940:   779867.001   779950.003   779996.001   780447.003   780465.001
  1945:   781094.003   781260.005   781910.009   782774.001   783267.003
  1950:   783291.001   783971.003   784426.005   784949.009   785249.001
  1955:   785585.003   785624.001   786441.003   786978.005   787538.009
  1960:   787824.001   788656.003   789066.005   789329.009   789561.001
  1965:   790702.003   791266.005   791432.009   791664.001   792346.003
  1970:   792394.001   793752.003   794083.005   794599.009   798034.005
  1975:   798165.009   798415.001   798622.003   798672.001   799028.003
  1980:   799225.005   799417.009   799603.001   800423.003   800440.001
  1985:   801196.003   801253.001   801344.003   801381.001   801455.003
  1990:   801911.005   802156.009   802351.001   803217.003   803257.001
  1995:   804113.003   804561.005   804843.009   805178.001   805576.003
  2000:   805617.001   806185.003   806224.001   807492.003   807981.005
  2005:   808207.009   810615.005   810818.009   810860.005   810867.009
  2010:   810874.005   810879.009   811096.001   811528.003   811646.001
  2015:   813444.018   813764.003   813770.016   813820.026   813938.005
  2020:   814915.009   814952.005   814984.009   814997.005   815022.009
  2025:   816109.001   816169.003   816199.001   817260.003   817569.005
  2030:   818149.009   818653.001   818831.003   818868.001   819000.003
  2035:   819049.001   819274.003   819327.001   820072.003   820594.005
  2040:   820756.009   821008.005   821111.009   821526.001   821582.003
  2045:   821873.001   822723.003   823251.005   823334.009   823591.001
  2050:   823667.003   823699.001   823828.003   823943.001   825135.003
  2055:   825160.001   826197.003   826267.005   826672.009   827120.001
  2060:   827287.003   827343.001   827526.003   827539.001   827941.003
  2065:   827984.001   828884.003   829201.005   829289.009   829491.005
  2070:   829496.009   829545.005   829648.009   829941.005   829948.009
  2075:   831934.005   832211.009   837057.005   837073.009   837085.005
  2080:   837266.009   837498.001   838624.003   838910.005   839273.009
  2085:   839503.001   840218.003   840285.001   840831.003   840907.001
  2090:   841015.003   841539.005   841724.009   842043.001   842112.003
  2095:   842195.001   842340.003   842374.001   842598.003   842635.001
  2100:   843263.003   843783.005   843931.009   844182.001   844281.003
  2105:   844329.001   844730.003   844892.001   845064.003   845275.001
  2110:   846069.003   846887.005   847184.009   847442.001   847622.003
  2115:   847667.001   847717.003   847781.001   848970.003   849019.001
  2120:   849250.003   849611.005   849899.009   850238.001   850406.003
  2125:   850434.001   850977.003   851397.005   851497.009   851740.001
  2130:   852261.003   852361.001   852445.003   852854.005   853008.009
  2135:   853284.005   853909.009   854928.001   856080.003   856616.005
  2140:   856796.009   864652.005   864902.009   872572.005   872868.009
  2145:   873197.001   873341.003   873446.001   873584.003   873918.005
  2150:   874445.009   874698.001   874912.003   874934.001   876397.003
  2155:   876477.005   877431.009   877672.001   878994.003   879952.005
  2160:   880081.009   880270.001   881704.003   882334.005   882470.009
  2165:   882714.001   883830.003   883844.001   884232.003   884677.005
  2170:   884855.009   885249.001   887047.018   888340.003   888346.016
  2175:   888396.026   888428.005   889587.009   889634.005   890016.009
  2180:   890726.005   891005.009   891557.001   891742.003   891819.001
  2185:   891915.003   892224.005   893891.009   896659.005   896747.009
  2190:   897235.001   897340.005   897371.003   897644.009   897851.001
  2195:   898013.003   898058.001   898276.003   898328.001   898656.003
  2200:   898966.005   899146.009   899363.001   899951.003   899993.001
  2205:   900060.003   900146.001   900279.003   900318.001   901034.003
  2210:   901121.001   901168.003   901608.005   902167.009   902445.001
  2215:   902587.003   902778.001   904154.003   904261.001   904457.003
  2220:   904813.005   905067.009   905362.001   905412.003   905498.001
  2225:   905929.003   905983.001   906758.003   907095.005   907344.009
  2230:   907730.005   907737.009   907741.005   907831.009   908378.001
  2235:   908454.003   908491.001   909074.003   909556.005   909706.009
  2240:   909939.005   910216.009   910437.001   911239.003   911926.005
  2245:   911988.009   912148.001   912779.003   912824.001   912900.003
  2250:   913343.001   913459.003   913546.001   913724.003   914199.005
  2255:   914368.009   914656.001   914753.003   914786.001   916474.003
  2260:   916849.005   917176.009   917699.005   917704.009   917731.005
  2265:   918182.009   918798.001   918854.003   918943.001   919050.003
  2270:   919111.001   920110.003   920494.005   920925.009   921238.001
  2275:   921828.003   921844.001   922786.003   923036.005   923520.009
  2280:   924235.001   925568.003   925960.005   926448.009   928577.005
  2285:   928719.009   928927.001   929564.003   929581.005   929784.009
  2290:   929977.001   930713.003   931090.005   931255.009   932288.005
  2295:   932831.009   933087.005   933093.009   933097.005   933270.009
  2300:   933520.001   934037.003   934080.005   934597.009   934791.001
  2305:   936085.003   936125.001   936401.003   936458.001   936654.003
  2310:   936872.005   937120.009   937326.005   937434.009   937628.001
  2315:   938298.003   938352.001   938649.003   938692.001   939695.003
  2320:   940140.005   940571.009   941631.001   942721.003   942807.001
  2325:   943049.003   943383.005   943618.009   943881.001   944045.003
  2330:   944060.001   945417.003   945850.005   946010.009   946097.005
  2335:   946295.009   946642.001   947552.003   947959.005   948080.009
  2340:   948156.005   948170.009   948175.005   948497.009   948741.001
  2345:   949076.003   949202.001   949265.003   949285.001   949809.003
  2350:   950183.005   950359.009   950750.005   950759.009   950790.005
  2355:   950885.009   951301.001   951348.003   951368.001   951437.003
  2360:   951500.001   952636.003   952706.001   952793.003   952815.001
  2365:   953072.003   953549.005   953638.009   953917.005   954085.009
  2370:   958970.005   959025.009   959073.005   959255.009   959266.005
  2375:   959273.009   959551.001   959912.003   959978.001   961128.003
  2380:   961195.001   961385.003   961695.005   962320.009   962804.001
  2385:   963019.003   963035.001   963637.003   963664.001   964546.003
  2390:   964581.005   964930.009   965172.001   965200.003   965231.001
  2395:   965335.003   965355.001   965441.003   965512.001   965565.003
  2400:   965606.001   967246.003   967578.005   967732.009   968031.005
  2405:   968141.009   968459.001   968589.003   968631.001   968716.003
  2410:   968820.001   970130.003   971467.001   971858.003   971940.001
  2415:   972268.003   972652.005   973300.009   973579.001   974098.003
  2420:   974179.001   974228.003   974895.005   975095.009   975351.001
  2425:   975789.003   976072.001   976442.003   977412.005   977583.009
  2430:   977822.001   977999.003   978052.001   979641.003   980050.005
  2435:   980291.009   980772.001   981372.003   981410.001   982509.003
  2440:   982833.005   983125.009   983912.001   983954.003   983998.001
  2445:   984384.003   984581.005   985535.009   985558.005   985586.009
  2450:   985608.005   985941.009   986158.005   986178.009   986186.005
  2455:   986295.009   987685.005   987804.009   988096.001   988591.003
  2460:   988645.001   988958.003   989295.005   989560.009   990288.001
  2465:   990903.003   990948.001   992078.003   992547.005   992743.009
  2470:   992990.001   993077.003   993124.001   994606.003   995021.005
  2475:   995221.009   995472.001   995701.003   995750.001   996035.003
  2480:   996063.001   996122.003   996253.001   997727.003   998151.005
  2485:   998576.009   998852.001   999172.003   999189.001  1000784.003
  2490:  1001188.005  1001430.009  1001679.001  1002005.003  1002025.001
  2495:  1003609.003  1004099.005  1004124.009  1004128.005  1004166.009
  2500:  1004465.005  1004473.009  1004482.005  1004880.009  1005286.005
  2505:  1005291.009  1005722.005  1005729.009  1008564.005  1008610.009
  2510:  1008621.005  1008631.009  1008870.001  1009263.003  1009323.001
  2515:  1010174.003  1010205.001  1011007.003  1011075.001  1011448.003
  2520:  1011778.001  1012059.003  1012432.005  1013125.009  1016074.005
  2525:  1016235.009  1016268.005  1016275.009  1016540.001  1017201.003
  2530:  1017258.005  1017523.009  1017540.005  1017658.009  1017892.001
  2535:  1018482.003  1018932.005  1019056.009  1019280.001  1019674.003
  2540:  1019731.001  1020032.003  1020073.001  1020285.003  1020453.001
  2545:  1020475.003  1020990.005  1021383.009  1021860.005  1022528.009
  2550:  1022585.005  1022591.009  1022593.005  1023239.009  1023779.001
  2555:  1024069.003  1024175.001  1024544.003  1024719.001  1024818.003
  2560:  1024907.001  1025814.003  1025898.005  1026087.009  1026345.005
  2565:  1026442.009  1026796.001  1028146.003  1028335.001  1028598.003
  2570:  1028623.005  1029077.009  1029348.001  1029513.003  1029553.001
  2575:  1029902.003  1029943.001  1030327.003  1030356.001  1031467.003
  2580:  1031924.005  1032078.009  1033357.001  1034428.003  1034460.001
  2585:  1034907.003  1034935.005  1035992.009  1037381.005  1039150.009
  2590:  1039317.005  1039322.009  1039361.005  1039367.009  1039381.005
  2595:  1039386.009  1039391.005  1039585.009  1039605.005  1039621.009
  2600:  1039641.005  1039947.009  1039981.005  1039988.009  1039990.005
  2605:  1039995.009  1040165.005  1040205.009  1040220.005  1040247.009
  2610:  1040249.005  1040256.009  1040789.001  1041358.003  1041374.005
  2615:  1042048.009  1042304.001  1043452.003  1043469.005  1043475.009
  2620:  1043482.005  1043778.009  1044026.005  1044131.009  1044388.001
  2625:  1044676.003  1044686.001  1044911.003  1044933.001  1046413.003
  2630:  1047015.005  1047221.009  1047339.005  1047440.009  1047776.001
  2635:  1047934.003  1047976.001  1049010.003  1049084.001  1049340.003
  2640:  1049414.001  1049888.003  1050196.005  1050456.009  1050784.001
  2645:  1051010.003  1051100.001  1051862.003  1051900.001  1052301.003
  2650:  1052940.005  1053279.009  1053780.001  1054050.003  1054098.001
  2655:  1054979.003  1055377.005  1055619.009  1063972.005  1064052.009
  2660:  1069233.005  1069664.009  1076413.005  1076474.009  1079279.005
  2665:  1079507.009  1089876.005  1089893.009  1090250.005  1090347.009
  2670:  1091970.005  1091981.009  1091984.005  1092000.009  1092052.005
  2675:  1092065.009  1099118.005  1099210.009  1101261.005  1101440.009
  2680:  1111137.005  1111154.009  1112277.005  1112453.009  1127697.001
  2685:  1128169.003  1128477.005  1128848.009  1130852.005  1131052.009
  2690:  1131090.005  1131095.009  1133822.005  1133851.009  1134231.001
  2695:  1135163.003  1135256.001  1135324.003  1135638.005  1136036.009
  2700:  1137500.001  1138199.003  1143878.001  1144256.003  1144288.005
  2705:  1145000.009  1145342.001  1145896.003  1146274.005  1146377.009
  2710:  1146852.001  1147718.003  1148017.005  1148198.009  1148622.001
  2715:  1149121.003  1149570.005  1149724.009  1153860.005  1154055.009
  2720:  1161356.005  1161382.009  1161395.005  1161595.009  1162329.001
  2725:  1162381.003  1164203.005  1164843.009  1165362.001  1165649.003
  2730:  1165767.001  1165948.003  1166374.005  1166706.009  1166950.001
  2735:  1166976.003  1166990.001  1167102.003  1167178.001  1167198.003
  2740:  1167243.001  1167592.003  1167633.001  1167710.003  1167738.001
  2745:  1167923.003  1167982.001  1168135.003  1168471.005  1168958.009
  2750:  1169294.001  1169379.003  1169412.001  1169883.003  1169931.001
  2755:  1170001.003  1170064.001  1170262.003  1170300.001  1170957.003
  2760:  1171607.005  1171842.009  1172511.001  1172584.003  1172620.001
  2765:  1172662.003  1172710.001  1172827.003  1172905.001  1173658.003
  2770:  1173918.001  1174930.003  1175318.005  1175543.009  1175795.001
  2775:  1176084.003  1176150.001  1176175.003  1176235.001  1176284.003
  2780:  1176322.001  1176635.003  1176691.001  1177099.003  1177118.001
  2785:  1177145.003  1177243.001  1177369.003  1177381.001  1177648.003
  2790:  1178211.005  1178903.009  1180337.001  1181046.003  1181070.001
  2795:  1181083.003  1181124.001  1181291.003  1181320.001  1181811.003
  2800:  1182281.005  1182606.009  1183182.005  1183229.009  1183480.001
  2805:  1183509.003  1183631.001  1184121.003  1185150.001  1185339.003
  2810:  1185380.001  1185510.003  1185614.001  1185685.003  1185795.001
  2815:  1186206.003  1186254.001  1186361.003  1186396.001  1186706.003
  2820:  1186984.005  1187460.009  1188077.001  1188171.003  1188234.001
  2825:  1188486.003  1188535.001  1188841.003  1191323.005  1191527.009
  2830:  1192640.005  1192666.009  1192667.005  1192708.009  1193900.001
  2835:  1194632.003  1195027.005  1195268.009  1196042.001  1196525.003
  2840:  1196576.001  1196770.003  1197155.005  1197363.009  1197696.001
  2845:  1197804.003  1197877.001  1198094.003  1198115.001  1198153.003
  2850:  1198166.001  1198463.003  1198507.001  1199025.003  1199386.005
  2855:  1199801.009  1200003.001  1200075.003  1200131.001  1200201.003
  2860:  1200464.001  1200528.003  1200541.001  1200622.003  1200683.001
  2865:  1201153.003  1201760.005  1201973.009  1202257.001  1203107.003
  2870:  1203154.001  1203530.003  1203563.001  1204020.003  1204881.005
  2875:  1205106.009  1205381.001  1205471.003  1205501.001  1205652.003
  2880:  1206600.001  1207165.003  1208087.005  1208929.009  1209568.001
  2885:  1209824.003  1210315.001  1210622.003  1210638.001  1211294.003
  2890:  1211369.001  1211641.003  1211700.005  1211987.009  1212123.005
  2895:  1212579.009  1212854.001  1213030.003  1213047.001  1213073.003
  2900:  1213101.001  1213516.003  1213531.001  1213837.003  1213853.001
  2905:  1213877.003  1214061.001  1214573.003  1214876.005  1215063.009
  2910:  1215482.005  1215631.009  1215851.001  1215940.003  1216009.001
  2915:  1216693.003  1216741.001  1217222.003  1217229.001  1217628.003
  2920:  1217679.001  1218095.003  1218525.005  1218791.009  1219055.001
  2925:  1219258.003  1219312.001  1219519.003  1219568.001  1219604.003
  2930:  1219661.001  1220703.003  1220782.001  1220927.003  1221353.005
  2935:  1221545.009  1222121.005  1222322.009  1228726.005  1228870.009
  2940:  1229114.005  1229124.009  1229128.005  1229240.009  1229496.001
  2945:  1231294.018  1231470.003  1231476.016  1231526.026  1231610.005
  2950:  1233565.009  1233566.005  1233576.009  1233603.005  1234096.009
  2955:  1234746.005  1234907.009  1235540.005  1235701.009  1235891.001
  2960:  1236181.003  1236380.005  1237664.009  1238086.001  1238214.003
  2965:  1238256.001  1238487.003  1238542.001  1238908.003  1239325.005
  2970:  1239476.009  1242713.005  1242794.009  1243002.001  1244415.003
  2975:  1244878.005  1245042.009  1245520.001  1245588.003  1245651.001
  2980:  1245721.003  1245782.001  1246242.003  1246297.001  1246861.003
  2985:  1247202.005  1247295.009  1247584.001  1247826.003  1247922.001
  2990:  1247950.003  1248061.001  1248659.003  1249117.005  1249449.009
  2995:  1249744.001  1250313.003  1250361.001  1251069.003  1251122.001
  3000:  1251362.003  1252005.005  1252041.009  1252472.001  1252709.003
  3005:  1252891.001  1253259.003  1253309.001  1253647.003  1254197.005
  3010:  1254576.009  1255134.001  1255189.003  1255305.001  1255557.003
  3015:  1255599.001  1255824.003  1255860.001  1256184.003  1256246.001
  3020:  1256779.003  1257230.005  1257331.009  1257614.001  1257658.003
  3025:  1257724.001  1257813.003  1257903.001  1258237.003  1258293.001
  3030:  1258557.003  1258596.001  1259534.003  1259860.005  1260067.009
  3035:  1260280.005  1260285.009  1260362.005  1260484.009  1260734.001
  3040:  1260817.003  1260918.001  1261525.003  1262158.005  1262572.009
  3045:  1266211.005  1266620.009  1266889.001  1267358.003  1267429.001
  3050:  1267591.003  1268028.005  1268059.009  1268137.005  1268317.009
  3055:  1268537.001  1269434.003  1269536.001  1269619.003  1269758.001
  3060:  1270040.003  1270382.005  1270606.009  1270883.001  1270947.003
  3065:  1270976.001  1271178.003  1271248.001  1271671.003  1271689.001
  3070:  1272032.003  1272603.005  1272826.009  1273309.005  1273368.009
  3075:  1274239.001  1274495.003  1275235.001  1275320.003  1275470.001
  3080:  1275652.003  1275704.001  1275809.003  1275874.001  1276537.003
  3085:  1276604.001  1276876.003  1277233.005  1277268.009  1277279.005
  3090:  1277681.009  1278301.001  1278973.003  1279020.001  1279302.003
  3095:  1279694.005  1280059.009  1280635.005  1280720.009  1281240.001
  3100:  1281786.003  1281794.001  1282517.003  1283012.005  1283402.009
  3105:  1284130.001  1285072.003  1285118.001  1285321.003  1285360.001
  3110:  1285644.003  1286060.005  1286282.009  1286619.005  1287194.009
  3115:  1287446.001  1287869.003  1288176.001  1288711.003  1288720.001
  3120:  1289057.003  1289123.001  1289708.003  1289760.005  1289914.009
  3125:  1290191.001  1290547.003  1290599.001  1291305.003  1291371.001
  3130:  1291553.003  1292092.005  1292372.009  1292593.001  1292735.003
  3135:  1292774.001  1292889.003  1292907.001  1293350.003  1293400.001
  3140:  1294168.003  1294589.005  1294973.009  1295200.001  1295424.003
  3145:  1295573.001  1295645.003  1295688.001  1296109.003  1296170.001
  3150:  1296277.003  1296339.001  1296576.003  1296632.001  1297145.003
  3155:  1297562.005  1297697.009  1298221.001  1298725.003  1298735.001
  3160:  1299561.003  1299612.001  1299804.003  1300296.005  1300675.009
  3165:  1305732.005  1306024.009  1306272.001  1306983.003  1307125.005
  3170:  1307389.009  1308100.001  1308347.003  1308368.001  1309864.003
  3175:  1310172.005  1310492.009  1315368.005  1315541.009  1315543.005
  3180:  1315590.009  1315594.005  1315617.009  1315902.001  1316716.003
  3185:  1316791.005  1317427.009  1317716.001  1318171.003  1318219.001
  3190:  1318630.003  1319121.005  1319152.009  1319454.001  1320328.003
  3195:  1321646.005  1321837.009  1322477.005  1322558.009  1342202.005
  3200:  1342586.009  1342920.001  1343488.003  1343529.005  1343832.009
  3205:  1343836.005  1343847.009  1343853.005  1344744.009  1344911.005
  3210:  1345162.009  1353542.005  1353657.009  1353666.005  1354031.009
  3215:  1373038.005  1373512.009  1373554.005  1373560.009  1376055.005
  3220:  1376201.009  1377480.005  1377592.009  1377754.005  1377769.009
  3225:  1378004.005  1378534.009  1379362.001  1380216.003  1380678.005
  3230:  1380955.009  1387533.001  1388088.003  1388405.005  1389290.009
  3235:  1389313.005  1389320.009  1389674.001  1389990.003  1390046.001
  3240:  1390138.003  1390285.001  1390999.003  1391391.005  1391789.009
  3245:  1392080.005  1392119.009  1393547.005  1393553.009  1393634.005
  3250:  1393838.009  1394410.001  1394614.003  1394918.001  1395389.003
  3255:  1395901.005  1396123.009  1396551.001  1396622.003  1396702.001
  3260:  1396967.003  1396981.001  1397484.003  1398039.005  1398087.009
  3265:  1398153.005  1398157.009  1402601.005  1402638.009  1402805.005
  3270:  1403032.009  1403356.001  1403783.003  1404374.001  1404787.003
  3275:  1404790.005  1405039.009  1405261.001  1405733.003  1405902.001
  3280:  1406784.003  1407252.005  1407501.009  1408495.001  1409098.003
  3285:  1409769.001  1409982.003  1410078.001  1410255.003  1410305.001
  3290:  1410935.003  1411588.005  1412263.009  1412526.001  1414324.018
  3295:  1414349.003  1414355.016  1414405.026  1414586.005  1416006.009
  3300:  1416028.005  1416163.009  1416476.005  1416482.009  1416486.005
  3305:  1416655.009  1417042.001  1417115.003  1417139.001  1417557.003
  3310:  1417583.005  1417809.009  1418024.005  1418673.009  1418736.005
  3315:  1418740.009  1418902.001  1419139.003  1419171.001  1419939.003
  3320:  1420052.001  1420152.003  1420810.005  1421009.009  1421317.001
  3325:  1421402.003  1421460.001  1421834.003  1421875.001  1422355.003
  3330:  1422617.001  1422721.003  1422758.001  1424270.003  1424655.005
  3335:  1425084.009  1425380.001  1425477.003  1425855.001  1426393.003
  3340:  1426420.001  1426631.003  1427548.001  1427747.003  1427791.001
  3345:  1427892.003  1427951.001  1428639.003  1428663.001  1428687.003
  3350:  1428750.001  1428927.003  1429212.001  1429284.003  1429359.005
  3355:  1429872.009  1430247.001  1431472.003  1431789.005  1432050.009
  3360:  1432343.001  1432406.003  1432465.001  1432925.003  1433150.001
  3365:  1433400.003  1433818.005  1434104.009  1434337.001  1434514.003
  3370:  1434589.001  1435695.003  1436460.005  1436784.009  1441776.005
  3375:  1441949.009  1442038.005  1442045.009  1442083.005  1442088.009
  3380:  1442091.005  1442112.009  1442121.005  1442135.009  1442363.001
  3385:  1443439.003  1443644.005  1443871.009  1444238.001  1444822.003
  3390:  1444857.001  1445603.003  1445749.001  1446024.003  1446375.005
  3395:  1446911.009  1447220.001  1447343.003  1447388.001  1447938.003
  3400:  1448064.001  1448554.003  1448569.001  1449185.003  1449601.005
  3405:  1449745.009  1450011.001  1450089.003  1450120.001  1450396.003
  3410:  1450413.001  1450506.003  1450550.001  1450800.003  1450846.001
  3415:  1451392.003  1451733.005  1452069.009  1452485.001  1452603.003
  3420:  1452639.001  1452992.003  1453004.001  1453294.003  1453314.001
  3425:  1453479.003  1453615.001  1453717.003  1454189.005  1454231.009
  3430:  1454235.005  1454375.009  1454615.001  1454799.003  1454823.001
  3435:  1454945.003  1454992.001  1455616.003  1455664.001  1455919.003
  3440:  1455969.001  1456457.003  1456624.001  1456686.003  1456922.005
  3445:  1457644.009  1458016.001  1458685.003  1458737.001  1459050.003
  3450:  1459073.001  1459835.003  1460201.005  1461016.009  1468647.005
  3455:  1468848.009  1469159.001  1469599.003  1469867.005  1470072.009
  3460:  1476130.005  1476259.009  1476262.005  1476268.009  1481388.005
  3465:  1481574.009  1481963.005  1481969.009  1482193.001  1483021.003
  3470:  1483261.001  1483506.003  1483976.005  1484318.009  1484610.001
  3475:  1485191.003  1485346.001  1485373.003  1485738.005  1486040.009
  3480:  1486271.001  1487175.003  1487194.001  1487229.003  1487247.001
  3485:  1487553.003  1487698.001  1487831.003  1488101.005  1488342.009
  3490:  1488722.001  1489039.003  1489466.001  1490176.003  1490472.005
  3495:  1490878.009  1491360.005  1491464.009  1492594.005  1492638.009
  3500:  1492671.005  1492738.009  1494053.005  1494058.009  1494090.005
  3505:  1494095.009  1494253.005  1494640.009  1494648.005  1494651.009
  3510:  1499706.005  1499947.009
B:
     0:        0.000      916.000        0.000      916.000        0.000
     5:      824.000        0.000        0.000        0.000      824.000
    10:        0.000        1.000        0.000        1.000        0.000
    15:        0.000       10.000        0.000       10.000        0.000
    20:        0.000        0.000        0.000        0.000        0.000
    25:        0.000       10.000        0.000        0.000        0.000
    30:        0.000
D:
     0:  6064644.000  6063935.000  6064645.000
E:
     0:     1798.000     1798.000
P:
     0:        0.000      376.000       57.000      126.000       40.000
     5:      139.000      479.000     1055.000      139.000      153.000
    10:     1215.000       56.000      230.000      141.000       52.000
    15:      688.000      596.000       81.000       32.000     1107.000
    20:      313.000       96.000       94.000      183.000      797.000
    25:       27.000       33.000       77.000      960.000      132.000
    30:      410.000      114.000       36.000      948.000      131.000
    35:      131.000      280.000      124.000      145.000      585.000
    40:      186.000       98.000       89.000      470.000      150.000
    45:      572.000      526.000      144.000      321.000     1158.000
    50:       31.000       62.000       47.000      473.000      711.000
    55:       51.000      597.000       18.000      402.000      437.000
    60:       97.000      475.000     1046.000     1148.000      728.000
    65:       81.000      258.000      151.000      165.000      482.000
    70:      674.000      542.000       81.000      698.000      211.000
    75:      759.000      378.000      858.000      137.000      372.000
    80:     1066.000      113.000       44.000      306.000       35.000
    85:      114.000       95.000      708.000      123.000       93.000
    90:      152.000      180.000      641.000      131.000      468.000
    95:      504.000      260.000      450.000       56.000      107.000
   100:      117.000      869.000       46.000      179.000       37.000
   105:      300.000      243.000       56.000       77.000       86.000
   110:       70.000      103.000       97.000      353.000     1215.000
   115:     1078.000       95.000      530.000      894.000      142.000
   120:      650.000      930.000       20.000      171.000      834.000
   125:      263.000      455.000      688.000      280.000      298.000
   130:      517.000       21.000      201.000      372.000      593.000
   135:     1102.000     1205.000       20.000       95.000      245.000
   140:       85.000      727.000       73.000      418.000      676.000
   145:     1020.000      138.000      526.000      114.000      546.000
   150:       76.000       25.000      663.000      529.000      918.000
   155:      402.000     1093.000      331.000      104.000      106.000
   160:       87.000      491.000      777.000      736.000      127.000
   165:     1107.000       43.000      702.000      797.000      980.000
   170:      284.000       40.000      228.000      940.000      292.000
   175:      319.000      118.000      267.000      135.000      559.000
   180:      887.000      641.000       54.000      121.000     2557.000
   185:      111.000      737.000      160.000      783.000      622.000
   190:      442.000      375.000       68.000      242.000      520.000
   195:      807.000     1552.000      532.000      706.000      671.000
   200:     1556.000      131.000       60.000     1467.000      578.000
   205:     1194.000       76.000      392.000     1152.000       90.000
   210:       14.000      150.000       77.000      560.000      447.000
   215:      114.000      280.000      113.000      642.000      954.000
   220:      103.000       40.000     1334.000      155.000      162.000
   225:     1224.000      144.000      813.000      122.000     1826.000
   230:      199.000       63.000       29.000      129.000     1635.000
   235:       65.000      600.000     1083.000       19.000     1769.000
   240:      433.000      772.000     1465.000      151.000     1234.000
   245:      222.000      145.000     1187.000      395.000       31.000
   250:       65.000      764.000      354.000      115.000     1343.000
   255:      223.000       56.000     1819.000      200.000      430.000
   260:      257.000     1121.000      463.000      499.000      101.000
   265:     1159.000      304.000     1628.000       91.000      172.000
   270:     1263.000       87.000       85.000      149.000      216.000
   275:       71.000      418.000     1014.000      281.000      653.000
   280:      128.000     1249.000      251.000      335.000      860.000
   285:      180.000      772.000      823.000     1481.000       87.000
   290:     1190.000     1254.000       28.000      195.000      260.000
   295:      471.000     1000.000      334.000       23.000      973.000
   300:      328.000       37.000     1284.000      568.000       93.000
   305:       51.000      619.000      530.000      576.000       77.000
   310:      163.000      569.000      143.000       92.000      893.000
   315:      192.000     1286.000     1648.000     1415.000       64.000
   320:      582.000      234.000      374.000     1456.000      217.000
   325:      113.000      118.000     1512.000       37.000      334.000
   330:      113.000      747.000      296.000      304.000      163.000
   335:      139.000     1708.000      321.000     1847.000      386.000
   340:      585.000      356.000      503.000      148.000      708.000
   345:     1607.000      382.000       92.000      190.000     1258.000
   350:      172.000      659.000      773.000      574.000       65.000
   355:       82.000      569.000       96.000      160.000      107.000
   360:      396.000      122.000      163.000      533.000      544.000
   365:       83.000      114.000       54.000     1051.000      315.000
   370:      282.000      468.000      439.000     1992.000       89.000
   375:      212.000      170.000      101.000      223.000      292.000
   380:       84.000      294.000       62.000      846.000       66.000
   385:       16.000     1167.000      162.000     1319.000      685.000
   390:      388.000      238.000       75.000      198.000      511.000
   395:      300.000       69.000       46.000      525.000      480.000
   400:      196.000      118.000      185.000      876.000      600.000
   405:      216.000     1440.000     1510.000      189.000       95.000
   410:      146.000      453.000      277.000       70.000       41.000
   415:      828.000     1093.000      950.000      473.000      235.000
   420:     1358.000      152.000      382.000      415.000       79.000
   425:       73.000     1470.000      380.000     1249.000      270.000
   430:      162.000      178.000     1556.000      163.000      159.000
   435:     1150.000      236.000     1068.000     1032.000      496.000
   440:      303.000      176.000      153.000       36.000      169.000
   445:     1364.000     1739.000      253.000      666.000      273.000
   450:     2015.000      648.000      127.000     1628.000      650.000
   455:     1028.000       90.000      217.000      161.000      203.000
   460:       46.000     1637.000      223.000       83.000      451.000
   465:      629.000      493.000      680.000      336.000      817.000
   470:      832.000     1141.000      682.000     1358.000      207.000
   475:      356.000      820.000      756.000       91.000       74.000
   480:      866.000      856.000      398.000      568.000     1268.000
   485:      432.000     2118.000       60.000     1061.000      178.000
   490:      132.000      225.000      745.000       56.000      850.000
   495:       76.000      129.000     1192.000     1037.000      167.000
   500:      183.000      402.000      900.000     1126.000      715.000
   505:      546.000      108.000       69.000      145.000      224.000
   510:      628.000       99.000      401.000      172.000      794.000
   515:      180.000       50.000     1189.000      231.000      168.000
   520:      543.000      521.000       84.000     1152.000      144.000
   525:      138.000      214.000     1463.000     1322.000     1434.000
   530:     1116.000      388.000     3091.000      185.000       96.000
   535:      136.000      162.000      218.000      328.000      588.000
   540:       67.000      133.000      716.000       47.000      142.000
   545:     1376.000      196.000       50.000      431.000      775.000
   550:       76.000      583.000      802.000      631.000       76.000
   555:      116.000      178.000       97.000     1688.000       56.000
   560:      107.000      999.000      590.000      942.000     1333.000
   565:      637.000      736.000      517.000     1294.000      276.000
   570:      196.000      670.000      297.000     1003.000     1090.000
   575:      242.000      164.000     1357.000      910.000      335.000
   580:       63.000      524.000       47.000       69.000     1136.000
   585:       87.000      257.000      361.000     1150.000      190.000
   590:      215.000      602.000      882.000       28.000      104.000
   595:       86.000       53.000     1640.000      130.000       85.000
   600:     1310.000      391.000      328.000      519.000       49.000
   605:      438.000      370.000      177.000     1589.000      600.000
   610:     1099.000       42.000      386.000      495.000      313.000
   615:      615.000     1130.000       87.000     1482.000      229.000
   620:      285.000       59.000     1474.000      320.000     1595.000
   625:      326.000     1584.000      393.000      851.000      802.000
   630:      373.000      281.000      661.000      590.000      394.000
   635:      301.000      212.000       22.000      290.000      369.000
   640:       99.000      907.000     1350.000      263.000      165.000
   645:      349.000      384.000     1111.000     1071.000      447.000
   650:      569.000     1148.000      288.000      225.000     1480.000
   655:      158.000     1034.000      256.000      474.000      226.000
   660:      762.000      401.000      270.000      881.000      472.000
   665:      932.000       68.000      699.000      378.000      554.000
   670:      866.000      499.000       52.000      287.000      181.000
   675:       26.000      112.000       20.000      349.000       77.000
   680:      185.000      153.000       85.000      471.000       70.000
   685:      198.000      657.000       73.000       42.000      117.000
   690:      753.000     1012.000      289.000       25.000       49.000
   695:      313.000      408.000       27.000      126.000      267.000
   700:      709.000       13.000      167.000      491.000       29.000
   705:      490.000      189.000      130.000       71.000      411.000
   710:      107.000      310.000       94.000      252.000      306.000
   715:      732.000      483.000      194.000      108.000      217.000
   720:       38.000      297.000      518.000       72.000       70.000
   725:       64.000       81.000      470.000      850.000      376.000
   730:      457.000       90.000      151.000      565.000      256.000
   735:      307.000      656.000      272.000      176.000       26.000
   740:      415.000      306.000       24.000      512.000       89.000
   745:      684.000      481.000      397.000      416.000      203.000
   750:      207.000       36.000     1042.000      145.000     1974.000
   755:      290.000      128.000      231.000      366.000     1413.000
   760:       68.000       70.000      460.000      564.000      242.000
   765:       28.000      598.000      569.000      708.000      240.000
   770:      237.000      368.000      338.000       55.000      252.000
   775:      225.000      324.000      533.000       44.000       89.000
   780:      334.000      264.000      938.000       83.000      607.000
   785:      469.000      162.000      897.000       83.000      282.000
   790:       64.000      202.000      423.000      343.000      256.000
   795:       85.000      182.000      105.000      663.000      272.000
   800:      672.000      282.000      546.000      722.000      942.000
   805:      203.000      284.000      423.000      535.000      337.000
   810:      585.000      356.000      706.000      182.000      142.000
   815:      115.000      443.000      768.000      224.000       72.000
   820:      421.000      107.000      237.000      513.000      504.000
   825:      826.000      192.000      711.000      247.000     1496.000
   830:      814.000      455.000      411.000      874.000      568.000
   835:      854.000      555.000      316.000       92.000      714.000
   840:      204.000      471.000       71.000      265.000      503.000
   845:      427.000      413.000      472.000      882.000      603.000
   850:      213.000      177.000      630.000     1823.000       73.000
   855:      418.000      237.000      768.000      100.000       85.000
   860:      374.000      480.000      104.000     1512.000       97.000
   865:      538.000      211.000      199.000      101.000      688.000
   870:       24.000      177.000       72.000     1225.000       63.000
   875:      460.000      250.000      177.000     1106.000     1076.000
   880:      584.000      746.000      275.000      123.000      550.000
   885:      490.000      616.000       78.000      276.000       93.000
   890:      250.000      546.000      118.000      353.000      290.000
   895:      165.000      102.000      184.000      122.000      624.000
   900:      255.000      488.000       62.000      669.000      313.000
   905:      762.000      440.000      828.000      245.000      581.000
   910:       27.000      904.000       35.000      306.000      133.000
   915:      317.000      710.000
R:
     0:        1.000    77850.303        0.000
T:
     0:        0.000        0.000        0.000        0.000
W:
     0:        0.000        0.000        0.000
