File: C:\MED-PC IV\Data\Reyes\AY\AY1073.999


Start Date: 10/19/24
End Date: 10/19/24
Subject: 73
Experiment: AY
Group: EXP20
Box: 5
Start Time: 17:06:53
End Time: 17:56:53
MSN: DRRD_exp_20
C:       0.000
F:       1.000
G:       0.000
H:       0.000
I:       0.000
J:       0.000
K:    4458.000
L:       0.000
M:       0.000
N:       0.000
O:       0.000
P:       0.000
Q:       0.000
R:       0.000
S:       0.000
U: 5946047.000
V:       0.000
X:       0.000
Y:    2349.000
Z:       0.000
A:
     0:     1979.005     2192.009     2845.005     2893.009    10606.005
     5:    10641.009    10726.005    11583.009    12977.005    13172.009
    10:    14160.005    14562.009    14596.005    14912.009    15000.013
    15:    15000.011    15411.001    15481.003    15735.001    15901.003
    20:    15944.001    16487.003    16531.001    18099.003    18202.005
    25:    18208.001    18360.009    18521.005    18623.009    18680.003
    30:    19289.001    20832.003    21678.001    23415.003    23442.001
    35:    24357.003    24374.001    25145.003    25181.001    25414.003
    40:    25704.005    25878.009    26257.001    27806.003    28554.005
    45:    28719.009    29223.001    30061.003    30080.001    30740.003
    50:    30829.001    30933.003    31193.001    31213.003    31431.005
    55:    31490.009    31877.001    32865.003    32882.001    33875.003
    60:    33899.001    34676.003    34752.001    34820.003    34826.001
    65:    35054.003    35065.001    36337.003    36407.001    36536.003
    70:    37006.005    37137.009    37364.001    37435.003    37450.001
    75:    39053.003    39165.001    39378.003    39544.005    39639.009
    80:    40036.005    40099.009    41742.005    42388.009    46124.001
    85:    46166.003    46182.001    46279.003    46494.001    46572.003
    90:    46592.001    46623.003    46654.001    47915.003    48190.001
    95:    49397.003    49469.001    50728.003    50780.005    52852.009
   100:    52896.005    52906.009    52917.005    53240.009    53779.001
   105:    53907.003    54038.001    54138.003    54330.001    56092.005
   110:    56118.009    56283.003    56589.005    56894.009    57171.001
   115:    57313.003    57328.001    58120.003    58145.001    59962.005
   120:    60078.009    60095.003    60196.001    60349.003    60383.001
   125:    61351.003    61505.005    61570.009    63277.005    65273.009
   130:    68070.001    68140.003    68197.001    68338.003    68453.001
   135:    68705.003    70204.001    70376.003    70525.005    70600.009
   140:    72986.005    73534.009    75859.005    75892.009    76079.001
   145:    76697.003    77156.001    77297.003    77755.005    77927.009
   150:    77929.005    77962.009    77994.005    78300.009    78449.005
   155:    80678.009    81042.001    81177.003    81777.001    82279.003
   160:    83217.001    84878.003    87541.005    87974.009    88213.001
   165:    88285.003    88329.001    90366.003    92752.001    92771.003
   170:    93150.001    93307.003    93321.001    95447.003    96038.005
   175:    96100.009    96310.005    96381.009   103195.005   103247.009
   180:   103513.001   103750.003   103822.001   105488.003   106001.001
   185:   108121.003   108202.001   108313.003   108856.001   108947.003
   190:   109145.001   109214.003   109583.005   109640.009   109759.005
   195:   112541.009   112550.005   112567.009   112685.005   112984.009
   200:   115256.005   116245.009   116509.001   117868.003   117889.001
   205:   117935.003   117985.005   118070.009   118259.001   118433.003
   210:   118451.001   120552.003   121336.005   121390.009   121574.005
   215:   122349.009   128443.005   128669.009   128913.001   129189.003
   220:   129621.001   129730.003   129900.001   132049.003   132217.001
   225:   132510.003   132774.001   132801.003   133415.001   134059.003
   230:   134086.001   134134.003   134155.001   135341.003   136142.001
   235:   136236.003   136616.005   137260.009   137446.001   137894.003
   240:   137927.001   140140.003   141270.005   141389.001   141402.009
   245:   141412.005   141502.003   142571.009   142812.001   142989.003
   250:   143046.001   145275.018   145681.003   145687.016   145737.026
   255:   145868.005   146561.009   146596.005   146795.009   146809.005
   260:   146922.009   146928.005   147233.009   148431.005   148442.009
   265:   148692.001   148791.003   148831.001   149919.003   149952.001
   270:   150004.003   150204.001   150344.003   150747.001   150910.003
   275:   155764.001   155813.003   155932.005   156023.009   156158.001
   280:   156619.003   156774.001   157356.003   157560.005   157644.009
   285:   157706.005   157966.009   159261.001   159944.003   161821.005
   290:   161891.009   162876.001   164407.003   166767.001   166797.003
   295:   166821.001   166831.003   166847.001   167085.003   167158.001
   300:   167177.003   167417.005   167542.009   167664.005   167822.009
   305:   167872.005   167959.009   168492.001   168621.003   168776.001
   310:   169054.003   169392.001   169438.003   169539.001   169572.003
   315:   169921.005   169965.009   170320.001   170516.003   170526.001
   320:   172333.003   172555.001   172683.003   172832.005   172850.001
   325:   172904.009   172945.003   173477.001   174462.003   174473.001
   330:   175940.003   176088.001   176228.003   176596.005   177079.009
   335:   177141.005   177399.009   177679.001   177774.003   177833.001
   340:   178051.003   178116.001   178498.003   178513.001   178556.003
   345:   178708.001   180287.003   180476.001   180500.003   180730.001
   350:   180752.003   180996.001   181024.003   181646.001   181683.003
   355:   182789.001   184650.003   184818.001   185211.003   186981.005
   360:   187250.009   187465.001   187544.003   187552.001   188842.003
   365:   188930.001   189078.003   191289.005   191305.009   191783.005
   370:   191902.009   192072.001   194301.018   194353.003   194359.016
   375:   194409.026   194461.005   195111.009   197617.005   197673.009
   380:   198546.001   198660.003   198709.001   199733.003   199819.005
   385:   199972.009   200032.005   200173.009   202447.001   204456.003
   390:   204473.001   204603.003   204655.001   205047.003   206343.001
   395:   206380.003   207506.005   207512.009   208129.001   208230.003
   400:   208248.001   210477.018   211082.003   211088.016   211138.026
   405:   211295.005   211634.009   211669.005   211687.009   211695.005
   410:   211985.009   212328.001   212665.003   212678.001   213951.003
   415:   215440.005   215524.009   216613.005   216658.009   216984.001
   420:   217737.003   217756.001   219176.003   219209.001   219472.003
   425:   220926.001   222677.003   223734.001   223783.003   223901.005
   430:   223972.009   223984.001   224010.003   224254.005   224326.009
   435:   225011.001   225127.003   225137.001   225700.003   225744.001
   440:   226149.003   227160.001   227300.003   227659.001   229888.018
   445:   230145.003   230151.016   230201.026   230342.005   230383.001
   450:   230601.003   230890.009   231105.001   233329.003   235441.001
   455:   235480.003   235600.001   235618.003   235855.001   236006.003
   460:   236209.001   236953.003   236970.001   237424.003   237440.001
   465:   238175.003   240179.005   240326.009   240523.001   242459.003
   470:   244605.001   246741.003   249207.001   249238.003   249626.001
   475:   251855.018   253292.003   253298.016   253348.026   253462.005
   480:   254260.009   254545.001   254815.003   254835.001   257019.003
   485:   259195.001   260080.003   262194.001   262245.003   262268.001
   490:   264497.018   264720.003   264726.016   264776.026   264853.005
   495:   265390.009   265428.005   265456.009   266853.005   266894.009
   500:   267102.001   267210.003   267246.001   267779.003   267796.001
   505:   269208.003   269286.001   269403.003   271150.001   271386.003
   510:   271421.001   273455.003   274575.001   274712.003   275339.005
   515:   275393.009   276769.001   278702.003   279215.001   279378.003
   520:   281347.001   281445.003   281458.001   281581.003   281593.001
   525:   283822.018   284794.003   284800.016   284850.026   284927.005
   530:   284969.001   285026.003   285049.001   285096.003   285492.009
   535:   285859.001   287266.003   287506.001   287532.003   290274.001
   540:   290475.003   290483.001   290940.003   290963.001   293033.003
   545:   296943.005   297168.009   301907.005   305718.009   306620.001
   550:   306711.003   306743.001   308573.003   309695.005   310224.009
   555:   310772.001   310798.003   310961.001   312950.003   313419.005
   560:   313425.009   314772.001   317001.018   317097.003   317103.016
   565:   317153.026   317195.005   317812.009   318177.001   319859.003
   570:   320346.001   320378.003   324060.001   326289.018   326560.003
   575:   326566.016   326616.026   326731.005   326770.001   326881.003
   580:   327297.009   327796.001   329995.003   332403.001   332935.003
   585:   332944.001   334587.003   334608.001   335012.003   335292.001
   590:   335434.003   336099.001   336125.003   336990.001   339219.018
   595:   339526.003   339532.016   339582.026   339796.005   340386.009
   600:   342477.005   342532.009   342708.001   343832.003   343911.001
   605:   344011.003   344908.005   344990.009   345314.001   345442.003
   610:   345471.001   345489.003   345612.001   347785.003   348033.001
   615:   348152.003   351300.001   353529.018   353941.003   353947.016
   620:   353997.026   354150.005   355161.009   355607.001   355649.003
   625:   355664.001   357893.018   358167.003   358173.016   358223.026
   630:   358381.005   358455.001   358474.003   359246.009   359465.001
   635:   361694.018   361729.003   361735.016   361785.026   361893.005
   640:   362490.009   363163.005   363168.009   363364.001   365323.003
   645:   366183.005   366242.009   369832.001   371649.003   371691.001
   650:   371797.003   371860.001   371970.003   373243.005   373302.009
   655:   373710.001   374093.003   374107.001   376081.003   376112.001
   660:   376250.003   377899.005   378017.009   378782.005   378795.009
   665:   378805.005   378856.009   379193.001   379473.003   379603.001
   670:   381832.018   382039.003   382045.016   382095.026   382204.005
   675:   382619.009   382947.001   385176.018   386365.003   386371.016
   680:   386421.026   386635.005   387134.009   387680.001   389289.003
   685:   389476.001   389518.003   392308.001   392381.003   392400.001
   690:   394629.018   395513.003   395519.016   395569.026   395736.005
   695:   396656.009   398018.005   398024.009   398042.005   398334.009
   700:   399263.001   399308.003   399362.001   400961.003   402823.001
   705:   403018.003   403142.001   403189.003   403290.001   405519.018
   710:   407405.003   407411.016   407426.001   407461.026   407517.003
   715:   407686.005   408087.009   416497.005   416815.009   416976.001
   720:   417832.003   421390.005   421959.009   428388.005   428668.009
   725:   428702.005   430435.009   430785.001   430863.003   430886.001
   730:   432149.003   432401.001   432577.003   436476.001   437120.003
   735:   437148.001   439377.018   439876.003   439882.016   439932.026
   740:   440001.005   440021.001   440124.003   440486.009   440829.001
   745:   442130.003   444950.005   445173.009   445639.001   445860.003
   750:   445915.001   447347.003   449711.001   449766.003   449778.001
   755:   450305.003   450324.001   451327.003   451397.001   451467.003
   760:   454473.001   454581.003   454597.001   455182.003   455385.001
   765:   456774.003   459471.005   459541.009   460893.001   461258.003
   770:   461512.005   461524.009   462298.005   462359.009   466776.005
   775:   467001.009   467397.001   467743.003   467786.001   468552.003
   780:   469661.001   470930.003   470949.001   471149.003   472110.001
   785:   472139.003   473310.005   473344.009   473413.005   473967.009
   790:   474202.001   474218.003   474259.001   476451.003   476657.001
   795:   476817.003   478281.001   479550.003   479565.001   480709.003
   800:   483882.001   483985.003   484005.001   486234.018   486873.003
   805:   486879.016   486907.001   486927.005   486929.026   487120.003
   810:   487475.009   487712.001   489941.018   490421.005   490473.009
   815:   490831.003   490837.016   490887.026   491090.005   491942.009
   820:   492266.001   492488.003   492504.001   494033.003   494064.001
   825:   494165.003   494244.001   494421.003   495902.005   495927.009
   830:   496828.001   496964.003   496985.001   498555.003   498580.001
   835:   498938.003   500801.001   502943.003   503013.001   503169.003
   840:   504916.005   505009.009   509896.005   510001.009   510040.005
   845:   510060.009   510256.001   512485.018   512554.003   512560.016
   850:   512610.026   512682.005   513311.009   513587.001   514860.003
   855:   514870.001   517099.018   517429.003   517435.016   517485.026
   860:   517581.005   518219.009   518240.005   518243.009   519826.005
   865:   519864.009   520083.001   520476.003   523173.001   523235.003
   870:   523284.001   525513.018   526454.003   526460.016   526510.026
   875:   526538.005   526540.001   526736.003   527613.009   528134.001
   880:   528437.003   528472.001   530302.003   533768.001   535822.003
   885:   535860.001   536135.003   536223.001   538452.018   539428.003
   890:   539434.016   539484.026   539728.005   540362.009   541969.005
   895:   542074.009   542276.001   542376.003   542482.001   542609.003
   900:   542745.001   542787.003   542840.001   544800.003   547844.001
   905:   547907.003   547929.001   550158.018   551647.003   551653.016
   910:   551703.026   551751.005   551772.001   551920.003   552337.009
   915:   553710.005   553727.009   553895.005   553980.009   554173.001
   920:   554654.003   554694.001   556923.018   556970.003   556976.016
   925:   557026.026   557094.005   557105.001   557457.003   557828.009
   930:   558632.001   560776.003   565328.001   565405.003   565496.001
   935:   565704.003   565716.001   567392.003   567443.001   567520.003
   940:   567615.001   567760.003   569106.005   569149.009   569542.001
   945:   569658.003   569688.001   571917.018   572558.003   572564.016
   950:   572614.026   572884.005   573378.009   575047.005   575120.009
   955:   575354.001   575820.003   577937.001   578049.003   581741.005
   960:   581753.009   581758.005   582865.009   583121.001   583384.003
   965:   583406.001   585635.018   585882.003   585888.016   585938.026
   970:   586144.005   586711.009   587019.001   588536.003   591621.005
   975:   591640.009   592243.001   594472.018   595198.003   595204.016
   980:   595254.026   595564.005   596128.009   596381.005   596479.009
   985:   596548.005   597014.009   597378.001   597705.003   597723.001
   990:   599189.003   599209.001   599603.003   600899.005   600990.009
   995:   601889.001   602077.003   602097.001   604326.018   604923.003
  1000:   604929.016   604979.026   605171.005   605816.009   606942.005
  1005:   607016.009   607520.001   607725.003   607759.001   608919.003
  1010:   612958.001   613055.003   613062.001   615292.018   617321.003
  1015:   617327.016   617359.001   617374.003   617377.026   617409.005
  1020:   617421.001   617540.003   617943.009   618695.001   618731.003
  1025:   618751.001   620955.003   621024.005   621029.001   621148.009
  1030:   621215.003   624034.001   626263.018   627767.003   627773.016
  1035:   627823.026   627989.005   628783.009   629660.001   631568.003
  1040:   631930.001   632050.003   632327.001   632387.003   637127.005
  1045:   637138.009   637146.005   637213.009   637239.005   637459.009
  1050:   637757.001   638875.003   640875.005   640971.009   641202.001
  1055:   641335.003   641380.001   642032.003   642061.001   643958.003
  1060:   644952.001   645059.003   645702.001   645862.003   646649.001
  1065:   646654.005   646658.009   646823.003   647461.005   647500.009
  1070:   647722.001   649951.018   651390.003   651396.016   651446.026
  1075:   651545.005   652050.009   652420.001   654192.003   654237.001
  1080:   654355.003   654558.001   654589.003   655610.005   655658.009
  1085:   661094.005   661554.009   661587.005   661803.009   662051.001
  1090:   662208.003   662489.001   662550.003   662563.001   664792.018
  1095:   665096.003   665102.016   665152.026   665319.005   665363.001
  1100:   665578.003   665686.009   665701.005   665835.009   666264.001
  1105:   668493.018   668614.003   668620.016   668670.026   668884.005
  1110:   668906.001   669062.003   669544.009   669602.005   669808.009
  1115:   670196.001   670276.003   670393.001   672501.003   672864.001
  1120:   672979.003   675636.001   675692.003   675713.001   676469.003
  1125:   676477.001   678158.003   678333.001   678450.003   680212.001
  1130:   680295.003   680319.001   682548.018   682790.003   682796.016
  1135:   682846.026   682910.005   683407.009   684239.001   685302.003
  1140:   685318.001   687191.003   687313.005   687332.009   689768.001
  1145:   689942.003   689967.001   690160.003   690169.001   692034.003
  1150:   695147.001   695468.003   695494.001   697723.018   698330.003
  1155:   698336.016   698386.026   698422.005   699058.009   699369.001
  1160:   699593.003   699628.001   701217.003   701430.001   701583.003
  1165:   705700.005   705729.009   705734.005   706624.009   707065.001
  1170:   707177.003   707557.001   708215.003   708223.001   710452.018
  1175:   710752.003   710758.016   710808.026   711146.005   711622.009
  1180:   711767.005   711823.009   712318.001   713696.003   713707.001
  1185:   713999.003   714011.001   716240.018   716362.003   716368.016
  1190:   716418.026   716664.005   717234.009   717438.001   719667.018
  1195:   719818.003   719824.016   719874.026   719970.001   720031.003
  1200:   720176.005   722053.009   722257.005   722305.009   722634.001
  1205:   724608.003   725216.005   725224.009   726886.001   729115.018
  1210:   729812.003   729818.016   729868.026   730254.005   731184.009
  1215:   732201.005   732243.009   732244.005   732251.009   732252.005
  1220:   732254.009   732477.001   732593.003   732618.001   733054.003
  1225:   733615.005   733669.009   734603.001   734862.003   734882.001
  1230:   736612.003   741151.001   743380.018   744271.003   744277.016
  1235:   744327.026   744500.005   745242.009   745830.001   747564.003
  1240:   747793.001   747829.003   749037.005   749048.009   749594.001
  1245:   751823.018   752208.003   752214.016   752264.026   752337.005
  1250:   752897.009   753033.005   753708.009   754422.001   756651.018
  1255:   757856.003   757862.016   757912.026   758157.001   758158.005
  1260:   758332.003   758953.009   759016.005   759049.009   759097.005
  1265:   759128.009   759598.001   760229.003   761946.001   764175.018
  1270:   764400.003   764406.016   764456.026   764526.005   765185.009
  1275:   765455.001   766238.003   766251.001   767893.003   768934.001
  1280:   769035.003   771565.001   771827.003   771841.001   772821.003
  1285:   772831.001   773878.003   774075.001   774105.003   775084.005
  1290:   775095.009   775709.001   775753.003   775887.005   776006.009
  1295:   777463.005   777516.009   777853.001   777992.003   778241.001
  1300:   778353.003   778362.001   778461.003   778483.001   780193.003
  1305:   782710.005   782721.009   783970.001   786096.003   788999.001
  1310:   791228.018   792089.003   792095.016   792145.026   792325.005
  1315:   793044.009   793215.005   793312.009   793635.001   795699.003
  1320:   795860.001   795906.003   796608.001   796612.005   796625.009
  1325:   796749.003   798953.001   799020.003   799089.001   801318.018
  1330:   801531.003   801537.016   801587.026   801942.005   801952.001
  1335:   802070.003   802507.009   803430.001   805633.003   806438.001
  1340:   806592.003   806613.001   808541.003   811098.005   811189.009
  1345:   811409.001   811663.003   811690.001   813919.018   814049.003
  1350:   814055.016   814105.026   814282.005   814778.009   816239.001
  1355:   816656.003   816703.001   817687.003   818052.005   818057.009
  1360:   818072.005   818119.009   818893.001   821122.018   821184.003
  1365:   821190.016   821240.026   821384.005   821759.009   824712.005
  1370:   824809.009   825065.001   827062.003   827836.005   827850.009
  1375:   828512.001   828580.003   828598.001   829123.003   830180.001
  1380:   831936.003   834654.005   834678.009   834778.005   836188.009
  1385:   836468.001   836599.003   836848.001   836925.003   836969.001
  1390:   839198.018   839324.003   839330.016   839380.026   839416.005
  1395:   839475.001   839661.003   840015.009   840317.001   842490.003
  1400:   842567.001   842687.003   847163.001   848069.003   848081.001
  1405:   849969.003   852455.001   852522.003   852559.001   854788.018
  1410:   854967.003   854973.016   855023.026   855238.005   855993.009
  1415:   856522.005   856525.009   856600.005   857338.009   857572.001
  1420:   859801.018   859946.003   859952.016   860002.026   860222.005
  1425:   861031.009   861602.001   863761.003   864116.001   864857.003
  1430:   865175.001   865470.003   865515.001   865625.003   865960.005
  1435:   866035.009   866408.001   867522.003   867531.001   867863.003
  1440:   868021.001   868426.003   868628.001   868767.003   870615.001
  1445:   872844.018   873378.003   873384.016   873434.026   873681.005
  1450:   874161.009   875476.001   875763.003   875777.001   878006.018
  1455:   878022.003   878028.016   878078.026   878309.005   878689.009
  1460:   878694.005   878860.009   879051.005   879131.009   879377.001
  1465:   881606.018   881639.003   881645.016   881695.026   882123.005
  1470:   882204.009   882231.005   883036.009   883049.005   883822.009
  1475:   883833.005   883845.009   883863.005   884320.009   885132.001
  1480:   885217.003   885303.001   885361.003   885428.001   886770.003
  1485:   886947.001   886966.003   887705.005   887726.009   887731.005
  1490:   887782.009   888303.001   888496.003   888516.001   890485.003
  1495:   890561.001   890856.003   891858.005   892037.009   893836.001
  1500:   894010.003   894042.001   896271.018   896430.003   896436.016
  1505:   896486.026   896640.005   896686.001   896907.003   897124.009
  1510:   897161.005   897280.009   897505.001   899469.003   901664.001
  1515:   903893.018   904240.003   904246.016   904296.026   904460.005
  1520:   904463.001   904726.003   905000.009   905033.005   905103.009
  1525:   905362.001   905465.003   905491.001   907720.018   907725.003
  1530:   907731.016   907781.026   908034.005   908766.009   909002.001
  1535:   910893.003   912437.001   914666.018   914813.003   914819.016
  1540:   914869.026   914871.001   914921.003   914930.005   914986.001
  1545:   915054.003   915071.001   915120.003   915405.009   919434.001
  1550:   921401.003   921599.001   921750.003   923541.005   924656.009
  1555:   925159.001   925257.003   925306.001   927346.003   928978.001
  1560:   931207.018   931608.003   931614.016   931664.026   931946.005
  1565:   932821.009   933362.001   933525.003   933579.001   934561.003
  1570:   934692.001   934986.003   936748.001   936839.003   936869.001
  1575:   936986.003   937089.001   937115.003   937131.001   938466.003
  1580:   938486.001   938928.003   941976.001   942076.003   942090.001
  1585:   942199.003   942234.001   942356.003   942369.001   944344.003
  1590:   946782.001   949011.018   949084.003   949090.016   949140.026
  1595:   949161.005   950177.009   950639.001   952868.018   953595.003
  1600:   953601.016   953651.026   953837.005   953982.001   954022.003
  1605:   954372.009   954393.005   954572.009   956461.001   958579.003
  1610:   960146.001   962375.018   962738.003   962744.016   962794.026
  1615:   962972.005   963436.009   963441.005   963585.009   963937.001
  1620:   966166.018   966424.003   966430.016   966480.026   966505.005
  1625:   966727.001   966771.003   967989.009   967992.005   968664.009
  1630:   968683.005   968775.009   968799.005   968859.009   968914.005
  1635:   969085.009   969162.005   969924.009   971494.001   972030.003
  1640:   972456.001   972518.003   972830.001   972930.003   975081.001
  1645:   977310.018   978206.003   978212.016   978262.026   978491.005
  1650:   978988.009   979311.001   979446.003   979515.001   979726.003
  1655:   979766.001   979875.003   979932.001   980298.003   980310.001
  1660:   981446.003   981694.001   981900.003   982196.001   982354.003
  1665:   982468.001   982642.003   983037.001   983210.003   983241.001
  1670:   983320.003   983384.001   983450.003   983482.001   985711.018
  1675:   985777.003   985783.016   985833.026   985990.005   986421.009
  1680:   987334.001   987601.003   987619.001   989744.003   991786.005
  1685:   991791.009   993055.001   993177.003   993212.001   995441.018
  1690:   995681.003   995687.016   995737.026   995779.005   996342.009
  1695:   997345.001   999574.018  1000231.003  1000237.016  1000287.026
  1700:  1000474.005  1001144.009  1001207.005  1001231.009  1001623.001
  1705:  1003816.003  1006688.001  1006867.003  1006893.001  1009122.018
  1710:  1009904.003  1009910.016  1009960.026  1010153.005  1010239.001
  1715:  1010402.003  1011497.009  1011523.005  1011528.009  1011532.005
  1720:  1011534.009  1011539.005  1012504.009  1012827.001  1013068.003
  1725:  1013145.001  1014694.003  1015969.005  1015992.009  1021312.005
  1730:  1022144.009  1022604.001  1024161.003  1024964.005  1024980.009
  1735:  1025572.001  1027801.018  1027922.003  1027928.016  1027958.001
  1740:  1027978.026  1027981.003  1028047.005  1028094.001  1028236.003
  1745:  1028792.009  1029285.001  1031363.003  1033830.001  1034176.003
  1750:  1034196.001  1034762.003  1034776.001  1037005.018  1037980.003
  1755:  1037986.016  1038036.026  1038186.005  1038851.009  1039899.001
  1760:  1040207.003  1040219.001  1040310.003  1040470.001  1041907.003
  1765:  1041941.001  1042713.003  1045471.005  1045579.009  1045857.001
  1770:  1046544.003  1046552.001  1048658.003  1049065.001  1049281.003
  1775:  1050100.005  1050103.009  1050128.001  1050261.003  1050659.001
  1780:  1050691.003  1050978.005  1050986.009  1050989.005  1051102.009
  1785:  1051165.005  1051541.009  1051752.001  1052016.003  1052066.001
  1790:  1054172.003  1054373.001  1054516.003  1054905.001  1055039.003
  1795:  1056657.001  1056676.005  1056729.009  1056968.003  1057097.001
  1800:  1057134.003  1057458.001  1057495.003  1057609.001  1057870.003
  1805:  1057927.001  1060156.018  1060290.003  1060296.016  1060346.026
  1810:  1060511.005  1061544.009  1062041.001  1064190.003  1065017.005
  1815:  1065028.009  1066935.005  1067009.009  1067232.001  1067332.003
  1820:  1069995.001  1072065.003  1072758.001  1072801.003  1073171.001
  1825:  1073362.003  1073580.001  1073721.003  1073971.005  1074030.009
  1830:  1074409.001  1074492.003  1074562.001  1076582.003  1077552.005
  1835:  1077583.009  1078591.005  1078957.009  1079285.001  1080963.003
  1840:  1081166.001  1081286.003  1082636.001  1084701.003  1084901.001
  1845:  1085329.003  1085690.001  1085994.003  1086258.001  1086815.003
  1850:  1086843.001  1087327.003  1087348.001  1087418.003  1087440.001
  1855:  1089403.003  1090698.005  1090763.009  1091101.001  1091312.003
  1860:  1091359.001  1091401.003  1091417.001  1093646.018  1094464.003
  1865:  1094470.016  1094520.026  1094716.005  1095257.009  1095642.001
  1870:  1097871.018  1097935.003  1097941.016  1097991.026  1098184.005
  1875:  1098854.009  1099586.001  1099608.003  1099752.001  1099835.003
  1880:  1099889.001  1102042.003  1103815.005  1104186.009  1104379.001
  1885:  1104866.003  1104886.001  1107115.018  1107678.003  1107684.016
  1890:  1107734.026  1107916.005  1107926.001  1108183.003  1108539.009
  1895:  1108951.001  1109320.003  1109347.001  1111424.003  1111586.001
  1900:  1111711.003  1115001.005  1115010.009  1115032.005  1115274.009
  1905:  1115530.001  1116100.003  1116200.001  1118065.003  1119999.005
  1910:  1120041.009  1120585.001  1122814.018  1123371.003  1123377.016
  1915:  1123427.026  1123603.005  1124336.009  1124358.005  1124400.009
  1920:  1124970.001  1127199.018  1127935.003  1127941.016  1127991.026
  1925:  1128096.005  1128873.009  1131823.005  1131829.009  1131843.005
  1930:  1131927.009  1132449.001  1134678.018  1134993.003  1134999.016
  1935:  1135049.026  1135051.017  1135220.005  1136230.009  1136754.001
  1940:  1139106.003  1140814.001  1141077.003  1141103.001  1143778.018
  1945:  1143914.003  1143920.016  1143970.026  1144204.005  1145189.009
  1950:  1148174.005  1148412.009  1158461.005  1159342.009  1159368.005
  1955:  1159369.009  1159372.005  1159384.009  1161083.005  1161126.009
  1960:  1161142.005  1161208.009  1171083.005  1171729.009  1177193.005
  1965:  1177364.009  1177853.001  1178088.003  1178712.001  1178993.003
  1970:  1179021.001  1179686.003  1180275.005  1180355.009  1183927.001
  1975:  1184078.003  1184152.001  1186136.003  1186260.005  1186326.009
  1980:  1186631.005  1187618.009  1187857.001  1187963.003  1187989.001
  1985:  1188470.003  1188490.001  1188691.003  1188696.001  1189762.003
  1990:  1190102.001  1190147.003  1190657.005  1190759.009  1190874.005
  1995:  1191049.009  1194429.005  1194855.009  1194984.005  1195281.009
  2000:  1196854.005  1196908.009  1197687.001  1197816.003  1197918.001
  2005:  1197976.003  1210763.005  1210914.009  1213005.005  1213081.009
  2010:  1215802.001  1215894.003  1215910.001  1216647.003  1216672.001
  2015:  1218618.003  1219500.001  1219633.003  1219643.001  1220525.003
  2020:  1220540.001  1221935.003  1222585.005  1222644.009  1225054.001
  2025:  1225487.003  1225495.001  1227090.003  1227719.005  1228006.009
  2030:  1232270.005  1233278.009  1233580.001  1233847.003  1233869.001
  2035:  1234022.003  1234043.001  1236718.018  1237007.003  1237013.016
  2040:  1237042.001  1237063.026  1237142.005  1237229.003  1237980.009
  2045:  1242956.005  1243160.009  1243347.001  1243454.003  1243497.001
  2050:  1243720.003  1243732.001  1245744.003  1250990.005  1251142.009
  2055:  1251329.001  1251565.003  1251624.001  1251691.003  1251781.001
  2060:  1253952.003  1254170.001  1254334.003  1254966.001  1255162.003
  2065:  1258205.005  1258781.009  1258968.001  1259288.003  1259420.001
  2070:  1259438.003  1259481.001  1259529.003  1259543.001  1261774.003
  2075:  1263399.001  1265917.003  1266021.001  1266352.003  1267688.005
  2080:  1267842.009  1268040.001  1268130.003  1268170.001  1268252.003
  2085:  1268287.001  1268399.003  1268412.001  1271087.018  1271146.003
  2090:  1271152.016  1271202.026  1271372.005  1271756.009  1272844.001
  2095:  1273341.003  1273359.001  1275050.003  1278907.005  1278979.009
  2100:  1279184.001  1281859.018  1281868.003  1281874.016  1281924.026
  2105:  1282015.005  1282459.009  1282503.005  1282526.009  1282636.005
  2110:  1283077.009  1283368.001  1283457.003  1283484.001  1286054.003
  2115:  1287514.001  1288146.003  1288152.001  1290165.003  1292874.005
  2120:  1292925.009  1293163.001  1293260.003  1293303.001  1293680.003
  2125:  1293724.001  1295705.003  1297144.001  1297239.003  1297265.001
  2130:  1299331.003  1299624.001  1299762.003  1300277.005  1300332.009
  2135:  1301405.001  1302151.003  1302174.001  1304739.003  1306546.001
  2140:  1307618.003  1307635.001  1308720.003  1309510.001  1309603.003
  2145:  1309625.001  1312280.003  1313205.001  1313368.003  1313545.001
  2150:  1313685.003  1314080.001  1314860.003  1314878.001  1316585.003
  2155:  1318381.005  1318386.009  1318393.005  1318454.009  1321171.005
  2160:  1321427.009  1321641.001  1324316.018  1324972.003  1324978.016
  2165:  1325028.026  1325227.005  1325717.009  1325948.001  1326148.003
  2170:  1326176.001  1326281.003  1326294.001  1327765.003  1328385.001
  2175:  1328451.003  1328462.001  1330632.003  1331191.001  1331220.003
  2180:  1331394.001  1331786.003  1332984.005  1333168.009  1333399.001
  2185:  1334396.003  1334659.001  1336482.003  1338462.001  1339849.003
  2190:  1339865.001  1341333.003  1342722.001  1345020.003  1345231.001
  2195:  1345376.003  1346434.005  1346460.009  1346802.001  1346843.003
  2200:  1346909.001  1348918.003  1349913.005  1349990.009  1350150.001
  2205:  1352229.003  1352561.001  1352645.003  1353722.001  1353915.003
  2210:  1353935.001  1354144.003  1354156.001  1354944.003  1354952.001
  2215:  1356168.003  1358572.005  1358601.009  1361905.005  1362261.009
  2220:  1362491.001  1362940.003  1363067.001  1363124.003  1363135.001
  2225:  1364448.003  1365799.001  1368099.003  1369917.005  1370141.009
  2230:  1371053.001  1371271.003  1371809.001  1372928.003  1372937.001
  2235:  1374599.003  1375655.005  1375763.009  1376844.005  1376857.009
  2240:  1376864.005  1377331.009  1381614.001  1382102.003  1382108.001
  2245:  1382554.003  1382602.001  1384965.003  1385147.001  1385187.003
  2250:  1385304.001  1385324.003  1399693.005  1401350.009  1401404.005
  2255:  1401411.009  1401416.005  1401732.009  1401988.001  1402707.003
  2260:  1406194.005  1406349.009  1406614.001  1407247.003  1407259.001
  2265:  1407807.003  1407814.001  1409715.003  1410511.005  1410528.009
  2270:  1411115.001  1411220.003  1411259.001  1413934.018  1414677.003
  2275:  1414683.016  1414733.026  1414947.005  1415764.009  1417537.005
  2280:  1417927.009  1418311.001  1418583.003  1418635.001  1418676.003
  2285:  1418709.001  1420533.003  1421910.001  1421945.003  1422066.001
  2290:  1422117.003  1422177.001  1422484.003  1422497.001  1424648.003
  2295:  1424781.001  1424926.003  1424951.001  1425341.003  1425374.001
  2300:  1425393.003  1425552.001  1425740.003  1426126.001  1427280.003
  2305:  1427291.001  1429395.003  1430366.005  1430379.009  1432889.005
  2310:  1433825.009  1434095.001  1434394.003  1446695.005  1446753.009
  2315:  1446780.005  1446809.009  1447147.001  1447309.003  1461631.005
  2320:  1461757.009  1461906.005  1461914.009  1462476.001  1462515.003
  2325:  1476793.005  1476835.009  1477149.005  1477339.009  1480517.001
  2330:  1480948.003  1481043.005  1481075.009  1482526.001  1484773.003
  2335:  1491674.005  1492058.009  1492268.001  1494943.018  1495006.003
  2340:  1495012.016  1495062.026  1495220.005  1496039.009  1499047.005
  2345:  1499166.009  1499229.005  1499294.009  1499965.001
B:
     0:        0.000      690.000        0.000      689.000        0.000
     5:      356.000        0.000        0.000        0.000      356.000
    10:        0.000        1.000        0.000        1.000        0.000
    15:        0.000       85.000        1.000       85.000        0.000
    20:        0.000        0.000        0.000        0.000        0.000
    25:        0.000       85.000        0.000        0.000        0.000
    30:        0.000
D:
     0:  7446052.000  7446012.000  7441053.000
E:
     0:     2229.000     2674.800
T:
     0:        0.000        0.000        0.000        0.000
W:
     0:        2.000        0.000        0.000
