File: C:\MED-PC IV\Data\Reyes\AY\AY1069.999


Start Date: 11/01/24
End Date: 11/01/24
Subject: 69
Experiment: AY
Group: EXP20
Box: 1
Start Time: 13:40:04
End Time: 14:30:04
MSN: DRRD_exp_20
C:       0.000
F:       2.000
G:       0.000
H:       0.000
I:       0.000
J:       0.000
K:   10000.000
L:       0.000
M:       0.000
N:       0.000
O:       0.000
P:       0.000
Q:       0.000
R:       0.000
S:       0.000
U:   43279.000
V:       0.000
X:       0.000
Y:    1557.000
Z:       0.000
A:
     0:      437.005      682.009      687.005      705.009      717.005
     5:      740.009      875.005      925.009    12335.005    12366.009
    10:    15000.013    15000.011    16733.001    16871.003    16891.001
    15:    16914.003    16957.001    17120.003    17169.001    20642.003
    20:    20675.001    20792.003    20953.001    23797.003    23936.001
    25:    24470.003    25326.001    25946.003    25984.001    27529.003
    30:    27868.001    31804.003    32351.001    37010.003    37294.005
    35:    37409.009    37769.001    41603.003    41673.001    42230.003
    40:    42625.001    47159.003    47547.001    52048.003    52383.001
    45:    57383.018    57385.003    57391.016    57441.026    57509.005
    50:    57978.009    58010.005    58040.009    58271.001    61585.003
    55:    61739.001    61761.003    61843.005    61942.009    62100.001
    60:    67025.003    67665.001    72612.003    72625.001    72804.003
    65:    73609.001    78609.018    78699.003    78705.016    78727.001
    70:    78755.026    78795.003    78834.005    79241.009    79759.001
    75:    83979.003    84071.001    84289.003    84399.001    84555.003
    80:    84957.001    89957.018    90030.003    90036.016    90054.001
    85:    90086.026    90155.003    90186.005    90527.009    90810.001
    90:    91476.003    91520.001    91570.003    91662.001    95257.003
    95:    95822.001   100467.003   100950.001   105950.018   106663.003
   100:   106669.016   106719.026   106766.005   107210.009   111270.001
   105:   115740.003   115853.005   116069.009   116206.001   121206.018
   110:   121614.003   121620.016   121670.026   121724.005   122051.009
   115:   122133.005   122155.009   122679.001   127547.003   127864.001
   120:   132136.003   132266.001   137266.018   137303.003   137309.016
   125:   137359.026   137367.001   137399.003   137439.005   137937.009
   130:   138953.001   143952.003   144538.001   149538.018   150995.003
   135:   151001.016   151051.026   151132.005   151332.009   151543.001
   140:   156543.018   156969.003   156975.016   157004.001   157025.026
   145:   157035.003   157043.005   159982.009   160034.005   160579.009
   150:   160845.001   161513.003   161556.001   165610.003   166157.001
   155:   171157.018   171486.003   171492.016   171542.026   171587.005
   160:   172384.009   172410.005   172428.009   172441.005   173583.009
   165:   174817.001   175525.003   175569.001   180497.003   180528.001
   170:   180795.003   180851.001   185851.018   185866.003   185872.016
   175:   185885.001   185922.026   185996.003   186019.005   186366.009
   180:   186692.001   186743.003   186754.001   191754.018   192525.003
   185:   192531.016   192581.026   192683.005   193210.009   194234.001
   190:   199234.018   199813.003   199819.016   199869.026   199933.005
   195:   200619.009   201176.001   203981.003   204266.001   208726.003
   200:   209332.001   214332.018   214584.003   214590.016   214600.001
   205:   214640.026   214662.003   214718.005   215099.009   218212.001
   210:   223212.018   224171.003   224177.016   224227.026   224259.005
   215:   224692.009   225206.001   230206.018   231029.003   231035.016
   220:   231085.026   231147.005   231461.009   231842.001   236842.018
   225:   237314.003   237320.016   237360.001   237370.026   237383.003
   230:   237431.005   238043.009   238367.001   238437.003   238455.001
   235:   243455.018   243986.003   243992.016   244042.026   244073.005
   240:   244361.009   244384.005   244394.009   244764.001   249294.003
   245:   249483.001   249627.003   250150.001   254234.003   254271.001
   250:   258127.003   258309.001   258452.003   258463.001   263332.003
   255:   263440.001   263460.003   263536.005   263766.009   263934.001
   260:   268248.003   268699.001   273699.018   274056.003   274062.016
   265:   274112.026   274135.001   274179.003   274206.005   274533.009
   270:   274558.005   274609.009   274620.005   274691.009   276815.001
   275:   281316.003   281652.001   286652.018   287264.003   287270.016
   280:   287320.026   287411.001   287422.003   287424.005   288738.009
   285:   289028.001   294028.018   294192.003   294198.016   294248.026
   290:   294264.001   294281.003   294338.005   294717.009   295310.001
   295:   300159.003   300572.001   304919.003   305153.001   305654.003
   300:   305690.001   306089.003   306184.001   306210.003   306346.001
   305:   311346.018   312191.003   312197.016   312247.026   312377.005
   310:   312743.009   312752.005   312775.009   313510.001   318510.018
   315:   319602.003   319608.016   319658.026   319693.001   319716.003
   320:   319766.005   320539.009   322164.001   326942.003   327149.001
   325:   332149.018   332573.003   332579.016   332629.026   332690.005
   330:   333075.009   333318.005   333383.009   333786.001   338786.018
   335:   339067.003   339073.016   339123.026   339225.005   339504.009
   340:   339958.001   344958.018   345133.003   345139.016   345189.026
   345:   345257.005   346024.009   346469.001   351320.003   351355.001
   350:   351524.003   351699.001   356699.018   358329.003   358335.016
   355:   358368.001   358385.026   358419.003   358457.005   358766.009
   360:   359149.001   359272.003   359277.001   364279.018   364346.003
   365:   364352.016   364387.001   364402.026   364457.003   364476.005
   370:   364832.009   365483.001   366051.003   366358.001   370535.003
   375:   370823.005   370953.009   371127.001   374581.003   374755.001
   380:   379755.018   379988.003   379994.016   380044.026   380121.005
   385:   380657.009   381118.001   386118.018   387155.003   387161.016
   390:   387211.026   387330.005   387634.009   388308.001   393284.003
   395:   393403.001   393428.003   393569.001   398569.018   398773.003
   400:   398779.016   398817.001   398829.026   398897.003   398938.005
   405:   399227.009   399899.001   404899.018   405808.003   405814.016
   410:   405864.026   405871.001   405904.003   405942.005   406296.009
   415:   406312.005   406327.009   407981.001   412981.018   413880.003
   420:   413886.016   413936.026   413965.005   414352.009   414397.005
   425:   414417.009   414502.005   414532.009   415746.001   420746.018
   430:   421237.003   421243.016   421293.026   421357.005   421629.009
   435:   422583.001   427583.018   429928.003   429934.016   429984.026
   440:   430007.005   430384.009   431173.001   435625.003   435825.001
   445:   440825.018   441224.003   441230.016   441280.026   441365.005
   450:   441714.009   442334.001   447334.018   447623.003   447629.016
   455:   447679.026   447761.005   448199.009   448235.005   448269.009
   460:   448308.005   448355.009   449433.001   454433.018   454450.003
   465:   454456.016   454506.026   454582.005   455050.009   456148.001
   470:   460656.003   460844.005   461120.009   461312.001   466312.018
   475:   467246.003   467252.016   467302.026   467384.005   467944.009
   480:   468296.001   473143.003   473450.001   473474.003   473492.001
   485:   478492.018   480271.003   480277.016   480327.026   480386.005
   490:   480850.009   480935.005   481003.009   481342.001   486342.018
   495:   488159.003   488165.016   488215.026   488220.005   488672.009
   500:   489618.001   494618.018   495794.003   495800.016   495850.026
   505:   495925.005   496364.009   498900.001   503900.018   504965.003
   510:   504971.016   505021.026   505048.005   505437.009   506562.001
   515:   510923.003   510975.005   511531.009   511781.001   516781.018
   520:   517244.003   517250.016   517300.026   517316.001   517344.003
   525:   517398.005   517888.009   517919.005   517945.009   518346.001
   530:   523346.018   524590.003   524596.016   524602.005   524646.026
   535:   525109.009   526070.001   531070.018   531392.003   531398.016
   540:   531448.026   531491.005   531828.009   532698.001   537640.003
   545:   537825.001   542825.018   545002.003   545008.016   545058.026
   550:   545116.005   545484.009   545542.005   545565.009   546155.001
   555:   551016.003   551152.001   551232.003   551527.001   556527.018
   560:   556981.003   556987.016   557037.026   557123.005   557450.009
   565:   557451.005   557631.009   558856.001   563856.018   564564.003
   570:   564570.016   564620.026   564662.005   565042.009   565306.005
   575:   565333.009   565368.005   565399.009   565743.001   570743.018
   580:   571073.003   571079.016   571129.026   571132.005   571622.009
   585:   572419.001   576538.003   576964.001   581964.018   582152.003
   590:   582158.016   582183.001   582208.026   582260.003   582291.005
   595:   582666.009   582674.005   582706.009   582870.005   582898.009
   600:   583246.001   588246.018   590054.003   590060.016   590070.005
   605:   590110.026   590863.009   591413.001   596113.003   596280.005
   610:   596399.009   596581.001   601581.018   601919.003   601925.016
   615:   601975.026   602055.005   602539.009   602611.005   602632.009
   620:   602704.005   602731.009   603325.001   608325.018   608898.003
   625:   608904.016   608954.026   609015.005   610009.009   611374.001
   630:   616374.018   616425.003   616431.016   616481.026   616543.005
   635:   616972.009   616996.005   617007.009   617722.001   622127.003
   640:   622371.001   626847.003   627457.001   632424.003   632555.001
   645:   632578.003   633015.005   633190.009   633444.001   638444.018
   650:   638522.003   638528.016   638578.026   638600.005   639046.009
   655:   639419.001   639624.003   640176.001   643914.003   646223.001
   660:   650825.003   651057.001   656057.018   656268.003   656274.016
   665:   656324.026   656405.005   656764.009   656779.005   656808.009
   670:   657618.001   662618.018   663435.003   663441.016   663491.026
   675:   663507.005   664124.009   664571.001   669370.003   669779.001
   680:   674324.003   674501.001   675240.003   675695.001   680695.018
   685:   680792.003   680798.016   680848.026   680881.001   680906.003
   690:   680958.005   681303.009   681311.005   681333.009   681879.001
   695:   686879.018   688246.003   688252.016   688302.026   688418.005
   700:   688837.009   688946.005   688968.009   690155.001   695155.018
   705:   695156.003   695162.016   695212.026   695262.005   695863.009
   710:   696318.001   700680.003   700890.001   705890.018   706491.003
   715:   706497.016   706547.026   706556.001   706577.003   706636.005
   720:   707152.009   707456.001   712456.018   713039.003   713045.016
   725:   713095.026   713111.001   713140.003   713214.005   713600.009
   730:   714190.001   719190.018   719309.003   719315.016   719365.026
   735:   719432.005   719735.009   720180.001   724502.003   724754.001
   740:   724944.003   725289.001   730289.018   731689.003   731695.016
   745:   731739.001   731745.026   731767.003   731827.005   732122.009
   750:   733812.001   738812.018   738883.003   738889.016   738939.026
   755:   738973.005   739466.009   744756.001   748614.003   748877.001
   760:   753877.018   754088.003   754094.016   754130.005   754144.026
   765:   754584.009   755600.001   759738.003   759812.005   760125.009
   770:   760378.001   765378.018   765824.003   765830.016   765880.026
   775:   765939.005   766379.009   766519.005   766565.009   766627.005
   780:   766770.009   767136.001   772136.018   772371.003   772377.016
   785:   772427.026   772542.005   773333.009   775208.001   780208.018
   790:   781218.003   781224.016   781274.026   781356.005   782079.009
   795:   782127.005   782181.009   782183.005   782221.009   783178.001
   800:   788178.018   789841.003   789847.016   789897.026   789903.005
   805:   790565.009   790601.005   790658.009   791442.001   795804.003
   810:   796448.001   801448.018   802196.003   802202.016   802252.026
   815:   802331.005   802722.009   802751.005   802781.009   802819.005
   820:   802855.009   802867.005   802888.009   802927.005   802942.009
   825:   803956.001   808219.003   808315.005   808596.009   808888.001
   830:   813888.018   814046.003   814052.016   814102.026   814206.005
   835:   814914.009   815004.005   815098.009   815643.001   819764.003
   840:   820549.001   825549.018   826502.003   826508.016   826558.026
   845:   826649.005   827019.009   827114.005   827520.009   827566.005
   850:   828101.009   828407.001   832304.003   832452.001   832538.003
   855:   832543.001   837545.018   837728.003   837734.016   837784.026
   860:   837918.005   838659.009   838904.005   838956.009   839505.001
   865:   844505.018   846885.003   846891.016   846941.026   846965.005
   870:   847585.009   847718.005   847743.009   848698.001   853084.003
   875:   853719.001   858667.003   859080.005   859297.009   859489.001
   880:   864489.018   865273.003   865279.016   865329.026   865418.005
   885:   865935.009   865949.005   866005.009   866478.001   871178.003
   890:   871277.001   871472.003   871580.001   876332.003   876997.001
   895:   881997.018   882225.003   882231.016   882281.026   882288.001
   900:   882313.003   882363.005   883070.009   883912.001   888912.018
   905:   890622.003   890628.016   890638.001   890678.026   890763.003
   910:   890830.005   891219.009   891315.005   891395.009   891416.005
   915:   891698.009   893659.001   898659.018   899176.003   899182.016
   920:   899232.026   899318.005   899842.009   900781.001   905781.018
   925:   906745.003   906751.016   906801.026   906875.005   907288.009
   930:   908703.001   913127.003   913276.005   913416.009   913614.001
   935:   918614.018   918695.003   918701.016   918751.026   918801.005
   940:   919451.009   920164.001   920214.003   920242.001   925242.018
   945:   926196.003   926202.016   926252.026   926269.001   926293.003
   950:   926370.005   926790.009   926800.005   926831.009   926850.005
   955:   926909.009   927749.001   932749.018   933923.003   933929.016
   960:   933979.026   934012.005   934795.009   934900.005   934950.009
   965:   935023.005   935144.009   935158.005   935182.009   936143.005
   970:   936288.009   936567.001   941567.018   942867.003   942873.016
   975:   942908.005   942923.026   943597.009   943705.005   943798.009
   980:   943834.005   944031.009   944882.001   949882.018   950109.003
   985:   950115.016   950165.026   950281.005   950614.009   950633.005
   990:   950764.009   952829.001   957829.018   958496.003   958502.016
   995:   958552.026   958650.005   959097.009   959100.005   959175.009
  1000:   959201.005   959324.009   959840.005   959889.009   961246.001
  1005:   965701.003   966459.001   971459.018   972375.003   972381.016
  1010:   972431.026   972536.005   973197.009   974007.001   978347.003
  1015:   978638.001   982837.003   983029.001   988029.018   988544.003
  1020:   988550.016   988600.026   988627.001   988653.003   988701.005
  1025:   989282.009   989312.005   989412.009   991568.005   991626.009
  1030:   991911.001   996276.003   996576.001  1001576.018  1002882.003
  1035:  1002888.016  1002938.026  1003030.005  1003615.009  1005933.001
  1040:  1010933.018  1011517.003  1011523.016  1011556.005  1011573.026
  1045:  1011997.009  1012049.005  1012063.009  1012176.005  1012256.009
  1050:  1013182.001  1018182.018  1018416.003  1018422.016  1018472.026
  1055:  1018507.005  1019134.009  1021629.001  1025751.003  1026744.001
  1060:  1031744.018  1031749.003  1031755.016  1031805.026  1031903.005
  1065:  1032377.009  1032475.005  1032493.009  1032901.001  1037901.018
  1070:  1038331.003  1038337.016  1038387.026  1038482.005  1039084.009
  1075:  1039122.005  1039136.009  1039354.005  1039531.009  1039555.005
  1080:  1039659.009  1040015.001  1045015.018  1045398.003  1045404.016
  1085:  1045454.026  1045556.005  1046229.009  1047420.001  1052269.003
  1090:  1052470.001  1052627.003  1052790.001  1057039.003  1057333.001
  1095:  1057584.003  1057639.001  1062639.018  1062859.003  1062865.016
  1100:  1062915.026  1062937.001  1062963.003  1063009.005  1063841.009
  1105:  1064557.001  1069557.018  1070192.003  1070198.016  1070248.026
  1110:  1070305.005  1070965.009  1071008.005  1071076.009  1071886.001
  1115:  1076179.003  1076316.001  1076337.003  1076742.001  1081742.018
  1120:  1082869.003  1082875.016  1082925.026  1082944.001  1082969.003
  1125:  1083022.005  1083560.009  1083655.005  1083671.009  1083731.005
  1130:  1083745.009  1083751.005  1083794.009  1084410.001  1085145.003
  1135:  1085406.001  1090406.018  1090700.003  1090706.016  1090756.026
  1140:  1090769.001  1090785.003  1090836.005  1091249.009  1091458.005
  1145:  1091487.009  1094779.001  1099779.018  1100412.003  1100418.016
  1150:  1100468.026  1100592.005  1100980.009  1102086.001  1107086.018
  1155:  1108433.003  1108439.016  1108489.026  1108571.005  1109042.009
  1160:  1109048.005  1109061.009  1109353.005  1109368.009  1109569.005
  1165:  1109595.009  1109772.005  1109790.009  1110038.005  1110051.009
  1170:  1110245.005  1110884.009  1111422.005  1111705.009  1111711.005
  1175:  1111731.009  1112235.001  1117235.018  1117642.003  1117648.016
  1180:  1117698.026  1117699.005  1118232.009  1119241.001  1124241.018
  1185:  1124279.003  1124285.016  1124318.001  1124335.026  1124339.003
  1190:  1124384.005  1124758.009  1125482.001  1130482.018  1131252.003
  1195:  1131258.016  1131308.026  1131335.001  1131363.003  1131416.005
  1200:  1132023.009  1132051.005  1132109.009  1132188.005  1132206.009
  1205:  1133527.001  1138527.018  1139043.003  1139049.016  1139099.026
  1210:  1139100.005  1139619.009  1139668.005  1139680.009  1140444.001
  1215:  1145011.003  1145085.005  1145386.009  1145667.001  1150667.018
  1220:  1151340.003  1151346.016  1151396.026  1151490.005  1151969.009
  1225:  1152012.005  1152062.009  1152068.005  1152144.009  1152181.005
  1230:  1152197.009  1152853.001  1157177.003  1157557.001  1162557.018
  1235:  1163017.003  1163023.016  1163073.026  1163171.005  1163875.009
  1240:  1163961.005  1163986.009  1164064.005  1164165.009  1165796.001
  1245:  1169901.003  1170436.001  1175436.018  1175542.003  1175548.016
  1250:  1175598.026  1175637.001  1175666.003  1175710.005  1176236.009
  1255:  1176284.005  1176329.009  1176340.005  1176419.009  1177691.001
  1260:  1181432.003  1181788.001  1186172.003  1186361.001  1191223.003
  1265:  1191785.001  1196785.018  1197780.003  1197786.016  1197836.026
  1270:  1197865.001  1197922.003  1197958.005  1199468.009  1199517.005
  1275:  1199553.009  1200189.001  1200244.003  1200440.001  1205037.003
  1280:  1205237.001  1210237.018  1210910.003  1210916.016  1210966.026
  1285:  1211027.005  1211721.009  1211729.005  1211892.009  1214520.001
  1290:  1219520.018  1219967.003  1219973.016  1220023.026  1220033.005
  1295:  1221607.009  1222885.001  1227424.003  1227983.001  1232983.018
  1300:  1233837.003  1233843.016  1233890.005  1233893.026  1234555.009
  1305:  1234663.005  1234818.009  1234996.005  1235094.009  1236856.001
  1310:  1237570.003  1237604.001  1242604.018  1242958.003  1242964.016
  1315:  1243010.005  1243014.026  1244098.009  1245533.001  1250533.018
  1320:  1251123.003  1251129.016  1251179.026  1251240.005  1251714.009
  1325:  1251739.005  1251779.009  1252776.001  1257776.018  1258223.003
  1330:  1258229.016  1258279.026  1258372.005  1258833.009  1259089.005
  1335:  1259113.009  1259144.005  1259167.009  1259773.001  1264773.018
  1340:  1264802.003  1264808.016  1264858.026  1264931.005  1266365.009
  1345:  1266788.001  1271788.018  1271965.003  1271971.016  1272021.026
  1350:  1272143.005  1272481.009  1272513.005  1272553.009  1280512.005
  1355:  1280624.009  1281582.001  1286156.003  1286233.005  1286486.009
  1360:  1286746.001  1291746.018  1291752.003  1291758.016  1291808.026
  1365:  1291910.005  1292289.009  1293075.001  1297360.003  1297575.001
  1370:  1302575.018  1303039.003  1303045.016  1303095.026  1303163.005
  1375:  1303621.009  1303667.005  1303693.009  1303701.005  1303840.009
  1380:  1304235.001  1308369.003  1308703.001  1312429.003  1313322.001
  1385:  1317930.003  1318295.001  1318385.003  1318421.001  1323421.018
  1390:  1323944.003  1323950.016  1324000.026  1324056.005  1324870.009
  1395:  1325835.001  1330835.018  1331408.003  1331414.016  1331464.026
  1400:  1331573.005  1331983.009  1332007.005  1332033.009  1332077.005
  1405:  1332360.009  1333093.001  1337969.003  1338095.001  1338138.003
  1410:  1338420.001  1343420.018  1343521.003  1343527.016  1343577.026
  1415:  1343608.001  1343643.003  1343695.005  1344397.009  1344418.005
  1420:  1344442.009  1344846.001  1349846.018  1350505.003  1350511.016
  1425:  1350561.026  1350681.005  1351563.009  1351574.005  1351604.009
  1430:  1351791.005  1351820.009  1352672.001  1357672.018  1357865.003
  1435:  1357871.016  1357921.026  1358012.005  1358733.009  1362496.001
  1440:  1367415.003  1367885.001  1372885.018  1373044.003  1373050.016
  1445:  1373100.026  1373190.005  1373710.009  1373810.005  1373904.009
  1450:  1374577.001  1379577.018  1380098.003  1380104.016  1380154.026
  1455:  1380234.005  1380772.009  1381267.001  1385797.003  1385992.001
  1460:  1386080.003  1386107.001  1390128.003  1390158.001  1390215.003
  1465:  1390249.005  1390699.009  1391678.001  1396678.018  1397254.003
  1470:  1397260.016  1397310.026  1397404.005  1397974.009  1399060.001
  1475:  1403362.003  1403481.001  1403579.003  1403602.001  1408514.003
  1480:  1408639.001  1408662.003  1409047.001  1414047.018  1415516.003
  1485:  1415522.016  1415572.026  1415661.005  1416452.009  1416491.005
  1490:  1416531.009  1418842.001  1423678.003  1423762.001  1424008.003
  1495:  1424176.001  1429176.018  1430798.003  1430804.016  1430854.026
  1500:  1430863.005  1431286.009  1431327.005  1431344.009  1432351.001
  1505:  1437344.003  1437614.001  1442080.003  1442177.001  1442724.003
  1510:  1442854.001  1446853.003  1447037.001  1447776.003  1447880.005
  1515:  1448149.009  1448367.001  1453367.018  1455213.003  1455219.016
  1520:  1455269.026  1455281.005  1455743.009  1455775.005  1455797.009
  1525:  1455824.005  1455855.009  1457214.001  1460851.003  1461927.001
  1530:  1466927.018  1467085.003  1467091.016  1467141.026  1467204.005
  1535:  1467993.009  1468009.005  1468079.009  1468727.001  1473714.003
  1540:  1474014.001  1478840.003  1479346.001  1484346.018  1484442.003
  1545:  1484448.016  1484498.026  1484589.005  1485188.009  1487499.001
  1550:  1492499.018  1494207.003  1494213.016  1494263.026  1494357.005
  1555:  1495037.009  1496885.001
B:
     0:        0.000      315.000        0.000      314.000        0.000
     5:      265.000        0.000        0.000        0.000      265.000
    10:        0.000        1.000        0.000        1.000        0.000
    15:        0.000      132.000        0.000      132.000        0.000
    20:        0.000        0.000        0.000        0.000        0.000
    25:        0.000      132.000        0.000        0.000        0.000
    30:        0.000
D:
     0:  1543284.000  1540164.000  1537486.000
E:
     0:     5000.000     5000.000
T:
     0:        0.000        0.000        0.000        0.000
W:
     0:        2.000        0.000        0.000
