File: C:\MED-PC IV\Data\Reyes\AY\AY1067.999


Start Date: 10/31/24
End Date: 10/31/24
Subject: 67
Experiment: AY
Group: LINEAR
Box: 5
Start Time: 13:08:58
End Time: 13:58:59
MSN: DRRD_lin
C:       0.000
F:      11.000
G:       0.000
H:       1.000
I:       0.000
J:       0.000
K:   10000.000
L:       0.000
M:       0.000
N:       0.000
O:       0.000
P:       0.000
Q:       0.000
R:       0.000
S:       0.000
U: 2106037.000
V:       0.000
X:       0.000
Y:    1678.000
Z:       0.000
A:
     0:     5017.005     5871.009    15000.013    15000.011    15937.001
     5:    15995.003    16261.005    16380.009    16739.001    16884.003
    10:    17035.001    22035.018    23458.003    23464.016    23468.001
    15:    23514.026    23649.003    23671.005    23689.009    23697.005
    20:    24067.009    24346.001    24449.003    24525.001    29525.018
    25:    30031.003    30037.016    30045.001    30087.026    30315.003
    30:    30353.005    30864.009    31353.001    33521.003    33563.001
    35:    33582.003    33644.001    33902.003    33943.001    34212.003
    40:    34241.001    35801.003    35822.001    35873.003    35892.001
    45:    36048.003    36082.001    36367.003    36402.001    36654.003
    50:    36688.001    36876.003    36930.001    37002.003    37010.001
    55:    37296.003    37309.001    37550.003    37557.001    42557.018
    60:    42985.003    42991.016    43041.026    43064.005    43544.009
    65:    44166.001    45645.003    45741.001    50425.003    52717.001
    70:    53379.003    53430.001    58430.018    61221.003    61227.016
    75:    61277.026    61323.005    61629.009    61940.001    66940.018
    80:    71342.003    71348.016    71357.001    71376.003    71398.026
    85:    71420.001    71443.003    71531.005    71821.009    72135.001
    90:    77135.018    82607.003    82613.016    82627.001    82663.026
    95:    82840.003    82879.005    83295.009    83749.001    84057.003
   100:    84107.001    88089.003    88131.001    90249.003    90272.001
   105:    90359.003    90369.001    91236.003    91247.001    92392.003
   110:    92483.005    92988.009    93170.001    96937.003    96949.001
   115:    99851.003   100147.001   100781.003   100799.001   101079.003
   120:   101090.001   101471.003   101482.001   102258.003   104539.001
   125:   105229.003   105393.001   106522.003   106544.001   106621.003
   130:   106689.001   106706.003   106764.001   106805.003   106878.001
   135:   106953.003   106986.001   107630.003   107649.001   107828.003
   140:   107862.001   107904.003   107934.001   107947.003   107964.001
   145:   109011.003   109029.001   111319.003   111337.001   111725.003
   150:   111742.001   111947.003   111960.001   113418.003   113859.001
   155:   115468.003   115577.001   116281.003   116345.001   116398.003
   160:   116626.001   121626.018   125237.003   125243.016   125293.026
   165:   125345.005   125827.009   126875.001   131494.003   131552.001
   170:   133287.003   133307.001   135161.003   135215.001   138322.003
   175:   138864.001   139856.003   139873.001   139965.003   139977.001
   180:   140097.003   140105.001   140284.003   140348.001   140405.003
   185:   140466.001   140514.003   140565.001   140584.003   140598.001
   190:   140723.003   140741.001   141657.003   141670.001   143227.003
   195:   143239.001   144380.003   145065.005   145275.009   145748.001
   200:   146019.003   146060.001   146515.003   146803.001   149514.003
   205:   149768.001   151212.003   151229.001   154159.003   154175.001
   210:   154579.003   154597.001   155474.003   155488.001   157461.003
   215:   158346.001   162128.003   162148.001   163407.003   168208.001
   220:   168234.003   168716.001   173716.018   176539.003   176545.016
   225:   176554.001   176595.026   176780.003   176809.005   177367.009
   230:   177400.005   177834.009   178225.001   178440.003   178466.001
   235:   183466.018   184462.003   184468.016   184518.026   184530.001
   240:   184655.003   184696.005   185279.009   185626.001   186066.003
   245:   186528.001   191528.018   191636.003   191642.016   191652.001
   250:   191692.026   191942.003   191990.005   192589.009   192965.001
   255:   197965.018   199076.003   199082.016   199099.001   199132.026
   260:   199263.003   199294.005   199693.009   200067.001   205067.018
   265:   206270.003   206276.016   206292.001   206326.026   206450.003
   270:   206485.005   206977.009   207509.001   210680.003   210699.001
   275:   212538.003   212938.001   213112.003   213151.001   213216.003
   280:   213232.001   213792.003   213832.001   215381.003   215448.001
   285:   215493.003   215554.001   215596.003   215623.001   216304.003
   290:   218058.001   223058.018   224962.003   224968.016   225018.026
   295:   225099.005   225766.009   226057.001   230252.003   230300.001
   300:   230440.003   230459.001   231976.003   232123.001   234073.003
   305:   234264.001   235051.003   235077.001   235249.003   235322.001
   310:   235343.003   235377.001   237367.003   237852.001   238246.003
   315:   238618.001   241443.003   241461.001   243075.003   243104.001
   320:   245133.003   245367.001   245411.003   245475.001   245503.003
   325:   245527.001   246618.003   246633.001   247832.003   248191.001
   330:   249409.003   249623.001   249995.003   250019.001   250217.003
   335:   250240.001   250697.003   250714.001   250914.003   250935.001
   340:   250983.003   251000.001   253381.003   253417.001   255105.003
   345:   255634.001   255699.003   255772.001   256666.003   257170.005
   350:   257374.009   258271.001   258477.003   258645.001   258736.003
   355:   258770.001   263770.018   266500.003   266506.016   266556.026
   360:   266582.005   267063.009   267364.001   267422.003   267452.001
   365:   272452.018   273114.003   273120.016   273170.026   273227.001
   370:   273333.005   273345.003   273622.009   273659.005   273671.009
   375:   273987.001   274039.003   274064.001   278147.003   278185.001
   380:   278252.003   278273.001   278367.003   278386.001   279345.003
   385:   279595.005   279652.009   279913.001   284913.018   286085.003
   390:   286091.016   286102.001   286141.026   286284.003   286324.005
   395:   287024.009   289322.001   293065.003   293088.001   293595.003
   400:   295129.001   296971.003   297403.001   297462.003   297534.001
   405:   297733.003   297862.001   297972.003   298199.001   298267.003
   410:   298578.001   298840.003   298879.001   298915.003   298951.001
   415:   299089.003   299133.001   299158.003   299241.001   300663.003
   420:   300741.001   300879.003   300898.001   301558.003   301702.001
   425:   301775.003   301846.001   303556.003   303668.001   303684.003
   430:   303888.001   303953.003   304117.001   305164.003   305205.001
   435:   305240.003   305255.001   305808.003   305820.001   305835.003
   440:   305853.001   306244.003   306293.001   307887.003   310530.001
   445:   315530.018   315574.003   315580.016   315595.001   315630.026
   450:   315713.003   315753.005   316174.009   317313.001   321300.003
   455:   321330.001   322146.003   323033.001   327524.003   327582.001
   460:   327623.003   327665.001   327830.003   328066.001   328482.003
   465:   328528.001   328771.003   328790.001   329024.003   329074.001
   470:   329393.003   329757.001   329796.003   329845.001   329924.003
   475:   329951.001   330005.003   330097.001   330453.003   330489.001
   480:   330538.003   330624.001   332861.003   334768.001   339471.003
   485:   339505.001   340525.003   340542.001   340772.003   340807.001
   490:   340862.003   340909.001   341878.003   341992.005   342119.009
   495:   342318.001   347318.018   347892.003   347898.016   347923.001
   500:   347948.026   348144.003   348188.005   348499.009   349773.001
   505:   354773.018   357265.003   357271.016   357321.026   357374.005
   510:   357892.009   358343.001   362897.003   362923.001   362956.003
   515:   362999.001   363144.003   363170.001   363659.003   363777.001
   520:   364028.003   364056.001   365308.003   365615.001   365821.003
   525:   366303.001   369046.003   369090.001   369198.003   369273.001
   530:   369297.003   369350.001   369376.003   369388.001   369403.003
   535:   369432.001   369793.003   369843.001   371116.003   372148.001
   540:   376942.003   376964.001   378461.003   378610.001   383610.018
   545:   384621.003   384627.016   384677.026   384724.001   384814.003
   550:   384856.005   385429.009   386504.001   391504.018   391517.003
   555:   391523.016   391560.001   391573.026   391757.003   391807.005
   560:   392591.009   393302.001   393989.003   394054.001   397895.003
   565:   397923.001   398062.003   398097.001   399075.003   399635.001
   570:   404047.003   404073.001   404924.003   404937.001   409515.003
   575:   409546.001   414346.003   414398.001   414837.003   415734.001
   580:   418847.003   418911.001   418937.003   418962.001   420762.003
   585:   421259.001   421304.003   421361.001   421559.003   421677.001
   590:   421917.003   421936.001   422228.003   422299.001   422355.003
   595:   422405.001   423179.003   423504.001   428170.003   428216.001
   600:   430036.003   430756.005   431003.009   433549.001   438542.003
   605:   438686.001   438953.003   439535.001   440093.003   440605.001
   610:   443614.003   444541.001   449541.018   450832.003   450838.016
   615:   450888.026   450944.005   451866.009   452207.001   455914.003
   620:   455982.001   456436.003   456519.001   456534.003   456597.001
   625:   461597.018   463115.003   463121.016   463171.026   463227.001
   630:   463408.003   463461.005   464102.009   464999.001   469999.018
   635:   470458.003   470464.016   470514.026   470515.001   470657.003
   640:   470682.005   471135.009   471940.001   476621.003   476694.001
   645:   476767.003   476789.001   477485.003   477562.001   478797.003
   650:   479409.001   484409.018   485074.003   485080.016   485130.026
   655:   485167.001   485296.003   485343.005   486048.009   486049.005
   660:   486080.009   486549.001   489935.003   491515.001   491950.003
   665:   492185.001   494760.003   494792.001   495022.003   495081.001
   670:   495129.003   495184.001   495244.003   495276.001   495327.003
   675:   495347.001   496149.003   496989.001   501200.003   501223.001
   680:   501426.003   501451.001   502355.003   502395.001   503769.003
   685:   504560.001   509560.018   510025.003   510031.016   510045.001
   690:   510081.026   510177.003   510226.005   510631.009   510662.005
   695:   510688.009   511265.001   511636.003   511760.001   514870.003
   700:   514918.001   515124.003   515179.001   515208.003   515269.001
   705:   515451.003   515566.001   515601.003   515665.001   516010.003
   710:   516037.001   516122.003   516135.001   521135.018   522662.003
   715:   522668.016   522708.001   522718.026   522971.003   523034.005
   720:   523602.009   524963.001   529963.018   531757.003   531763.016
   725:   531813.026   531823.005   532391.009   533043.001   538043.018
   730:   539572.003   539578.016   539628.026   539673.005   540201.009
   735:   541229.001   546229.018   547058.003   547064.016   547114.026
   740:   547115.001   547128.003   547140.001   547308.003   547351.005
   745:   547757.009   548364.001   552700.003   552817.001   555577.003
   750:   556907.001   558245.003   558458.001   563458.018   563507.003
   755:   563513.016   563563.001   563563.026   563716.003   563754.005
   760:   564222.009   564722.001   569722.018   569815.003   569821.016
   765:   569831.001   569871.026   570083.003   570121.005   570571.009
   770:   571182.001   576182.018   579161.003   579167.016   579217.026
   775:   579235.005   579736.009   580080.001   585080.018   587063.003
   780:   587069.016   587119.026   587142.005   587470.009   587811.001
   785:   587857.003   588071.001   593071.018   595939.003   595945.016
   790:   595995.026   596032.005   596327.009   596878.001   601878.018
   795:   602218.003   602224.016   602261.001   602274.026   602405.003
   800:   602455.005   602929.009   603257.001   608257.018   610882.003
   805:   610888.016   610938.026   610968.005   611510.009   611927.001
   810:   616927.018   620272.003   620278.016   620328.026   620361.005
   815:   620928.009   620962.005   620970.009   621393.001   626393.018
   820:   629282.003   629288.016   629338.026   629346.005   629686.009
   825:   630008.001   635008.018   638521.003   638527.016   638577.026
   830:   638633.005   638925.009   639482.001   644482.018   647858.003
   835:   647864.016   647914.026   647955.005   648328.009   648696.001
   840:   653696.018   657655.003   657661.016   657711.026   657738.005
   845:   658037.009   658613.001   663613.018   664937.003   664943.016
   850:   664993.026   664998.001   665113.003   665167.005   665519.009
   855:   666465.001   671424.003   671488.001   671972.003   671988.001
   860:   672457.003   672576.005   672784.009   673508.001   678508.018
   865:   682297.003   682303.016   682307.001   682353.026   682544.003
   870:   682584.005   683025.009   683060.005   683073.009   683589.001
   875:   688589.018   691262.003   691268.016   691318.026   691366.005
   880:   691812.009   692428.001   697428.018   700008.003   700014.016
   885:   700021.001   700064.026   700176.003   700228.005   700521.009
   890:   701358.001   706358.018   706387.003   706393.016   706443.026
   895:   706447.001   706581.003   706629.005   707003.009   707594.001
   900:   712594.018   715061.003   715067.016   715076.001   715117.026
   905:   715315.003   715360.005   715865.009   716341.001   721341.018
   910:   723223.003   723229.016   723242.001   723279.026   723436.003
   915:   723482.005   723978.009   725799.001   730799.018   732073.003
   920:   732079.016   732129.026   732157.005   732528.009   733089.001
   925:   738089.018   739032.003   739038.016   739088.026   739165.001
   930:   739210.003   739262.005   739543.009   739565.005   739587.009
   935:   740920.001   745920.018   747964.003   747970.016   748020.026
   940:   748065.005   748439.009   749045.001   754045.018   756440.003
   945:   756446.016   756496.026   756514.005   756861.009   757739.001
   950:   762739.018   764855.003   764861.016   764911.026   764999.005
   955:   765447.009   765940.001   770940.018   773167.003   773173.016
   960:   773223.026   773250.005   773665.009   774674.001   779674.018
   965:   781538.003   781544.016   781594.026   781720.001   781816.003
   970:   781882.005   782481.009   783196.001   788196.018   789431.003
   975:   789437.016   789450.001   789487.026   789629.003   789671.005
   980:   790174.009   790967.001   795967.018   796256.003   796262.016
   985:   796281.001   796312.026   796472.003   796516.005   796865.009
   990:   797474.001   802474.018   806385.003   806391.016   806441.026
   995:   806457.005   806822.009   807401.001   812401.018   814684.003
  1000:   814690.016   814740.026   814760.005   815105.009   815832.001
  1005:   820832.018   823503.003   823509.016   823559.026   823681.005
  1010:   824077.009   824916.001   825172.003   825327.001   830327.018
  1015:   833261.003   833267.016   833317.026   833328.005   833745.009
  1020:   834316.001   839316.018   840883.003   840889.016   840939.026
  1025:   840979.001   841045.003   841104.005   841443.009   842123.001
  1030:   847123.018   847142.003   847148.016   847166.001   847198.026
  1035:   847362.003   847422.005   847756.009   848422.001   853422.018
  1040:   854805.003   854811.016   854861.026   854912.005   855455.009
  1045:   856021.001   861021.018   864010.003   864016.016   864064.005
  1050:   864066.026   864549.009   865701.001   870701.018   873893.003
  1055:   873899.016   873946.005   873949.026   874559.009   875560.001
  1060:   876641.003   876786.001   877693.003   880165.001   884965.003
  1065:   884987.001   885228.003   885255.001   885629.003   885830.001
  1070:   890830.018   891473.003   891479.016   891529.026   891596.001
  1075:   891662.003   891705.005   892448.009   894326.001   899326.018
  1080:   901872.003   901878.016   901928.026   901965.005   902401.009
  1085:   903239.001   908239.018   909286.003   909292.016   909342.026
  1090:   909404.001   909457.003   909520.005   910044.009   911389.001
  1095:   916389.018   916672.003   916678.016   916691.001   916728.026
  1100:   916856.003   916915.005   917359.009   918467.001   923467.018
  1105:   924071.003   924077.016   924127.026   924151.001   924219.003
  1110:   924279.005   925098.009   927750.001   932750.018   934054.003
  1115:   934060.016   934110.026   934117.005   934471.009   935559.001
  1120:   940559.018   942580.003   942586.016   942636.026   942674.005
  1125:   943291.009   943968.001   948968.018   949550.003   949556.016
  1130:   949606.026   949666.005   950218.009   950671.001   955671.018
  1135:   956625.003   956631.016   956681.026   956711.005   957290.009
  1140:   958682.001   963682.018   964257.003   964263.016   964313.026
  1145:   964367.005   964746.009   965605.001   965846.003   966008.001
  1150:   971008.018   972183.003   972189.016   972239.026   972241.001
  1155:   972333.003   972370.005   972924.009   973786.001   975125.003
  1160:   975245.001   978922.003   978975.001   979264.003   979883.001
  1165:   984883.018   985052.003   985058.016   985073.001   985108.026
  1170:   985279.003   985325.005   986042.009   987732.001   992732.018
  1175:   993930.003   993936.016   993986.026   994013.005   994419.009
  1180:   995279.001  1000279.018  1002288.003  1002294.016  1002344.026
  1185:  1002360.005  1002957.009  1003600.001  1008600.018  1009399.003
  1190:  1009405.016  1009430.001  1009455.026  1009564.003  1009608.005
  1195:  1009846.009  1009865.005  1010048.009  1010870.001  1015870.018
  1200:  1016114.003  1016120.016  1016164.001  1016170.026  1016284.003
  1205:  1016328.005  1016719.009  1016744.005  1016829.009  1017588.001
  1210:  1022486.003  1022568.005  1022971.009  1024643.001  1029643.018
  1215:  1032761.003  1032767.016  1032817.026  1032877.005  1033281.009
  1220:  1034524.001  1039524.018  1039549.003  1039555.016  1039572.001
  1225:  1039605.026  1039765.003  1039818.005  1040552.009  1041708.001
  1230:  1042053.003  1042712.001  1042765.003  1045260.001  1047398.003
  1235:  1047575.001  1048145.003  1048272.001  1048932.003  1049575.001
  1240:  1049714.003  1050385.001  1050509.003  1050550.001  1055550.018
  1245:  1055620.003  1055626.016  1055636.001  1055658.003  1055676.026
  1250:  1055700.001  1055782.003  1055829.005  1056317.009  1057503.001
  1255:  1062503.018  1064411.003  1064417.016  1064467.026  1064505.005
  1260:  1065133.009  1066139.001  1071139.018  1071463.003  1071469.016
  1265:  1071519.026  1071529.001  1071606.003  1071661.005  1072314.009
  1270:  1073098.001  1078098.018  1078273.003  1078279.016  1078329.026
  1275:  1078341.005  1078907.009  1079922.001  1083774.003  1083858.001
  1280:  1085668.003  1087129.001  1092129.018  1094640.003  1094646.016
  1285:  1094696.026  1094737.005  1095145.009  1095773.001  1100773.018
  1290:  1101217.003  1101223.016  1101273.026  1101296.005  1101846.009
  1295:  1102824.001  1105463.003  1105505.001  1108051.003  1108093.001
  1300:  1108670.003  1109765.001  1110582.003  1110651.001  1111185.003
  1305:  1155890.001  1156197.003  1160921.001  1161217.003  1161437.001
  1310:  1161507.003  1161862.001  1161941.003  1162388.001  1163242.003
  1315:  1163427.001  1164029.003  1164080.001  1164870.003  1164993.001
  1320:  1165637.003  1165685.001  1167617.003  1167664.001  1169007.003
  1325:  1169060.001  1169428.003  1170755.001  1172561.003  1172623.001
  1330:  1173650.003  1173675.001  1174510.003  1174641.001  1174655.003
  1335:  1174710.001  1176051.003  1176153.001  1178391.003  1178582.001
  1340:  1178715.003  1178969.001  1179102.003  1179301.001  1179327.003
  1345:  1179423.001  1179718.003  1179808.001  1179980.003  1180235.001
  1350:  1180266.003  1180960.001  1181425.003  1183387.001  1188387.018
  1355:  1188824.003  1188830.016  1188880.026  1188912.001  1189111.003
  1360:  1189162.005  1189909.009  1190543.001  1190922.003  1190970.001
  1365:  1195813.003  1195854.001  1196186.003  1196300.005  1196401.009
  1370:  1197395.001  1202395.018  1205504.003  1205510.016  1205515.001
  1375:  1205560.026  1205718.003  1205743.005  1206304.009  1207334.001
  1380:  1212334.018  1214262.003  1214268.016  1214318.026  1214328.005
  1385:  1214847.009  1215380.001  1219618.003  1219674.001  1219841.003
  1390:  1219863.001  1220176.003  1220327.001  1220701.003  1220859.001
  1395:  1220874.003  1220951.001  1220972.003  1220991.001  1225991.018
  1400:  1226132.003  1226138.016  1226186.005  1226188.026  1226642.009
  1405:  1227331.001  1232331.018  1235823.003  1235829.016  1235879.026
  1410:  1235884.005  1236319.009  1236610.001  1241238.003  1241286.001
  1415:  1241923.003  1241945.001  1243114.003  1243133.001  1243373.003
  1420:  1243384.001  1243627.003  1243848.001  1248848.018  1249570.003
  1425:  1249576.016  1249598.001  1249626.026  1249627.003  1249651.001
  1430:  1249731.003  1249776.005  1250779.009  1253629.001  1253843.003
  1435:  1253886.001  1257371.003  1257410.001  1262410.018  1263717.003
  1440:  1263723.016  1263773.026  1263809.005  1264164.009  1266327.001
  1445:  1271327.018  1275241.003  1275247.016  1275277.001  1275297.026
  1450:  1275397.003  1275447.005  1276018.009  1278113.001  1283113.018
  1455:  1284322.003  1284328.016  1284337.001  1284378.026  1284478.003
  1460:  1284521.005  1285181.009  1286310.001  1291310.018  1292777.003
  1465:  1292783.016  1292833.026  1292841.001  1292975.003  1293015.005
  1470:  1293295.009  1293315.005  1293361.009  1294606.001  1299606.018
  1475:  1301752.003  1301758.016  1301773.001  1301808.026  1301931.003
  1480:  1301971.005  1302570.009  1304202.001  1309202.018  1311832.003
  1485:  1311838.016  1311888.026  1311918.005  1312294.009  1313014.001
  1490:  1313140.003  1313221.001  1318221.018  1321761.003  1321767.016
  1495:  1321817.026  1321827.005  1322214.009  1322923.001  1323164.003
  1500:  1323219.001  1324122.003  1324410.001  1329410.018  1329883.003
  1505:  1329889.016  1329911.001  1329939.026  1330046.003  1330092.005
  1510:  1330658.009  1332715.001  1337715.018  1340903.003  1340909.016
  1515:  1340959.026  1341001.005  1341484.009  1341527.005  1341579.009
  1520:  1342440.001  1347440.018  1350446.003  1350452.016  1350502.026
  1525:  1350545.005  1351045.009  1351068.005  1351076.009  1351105.005
  1530:  1351121.009  1352403.001  1352664.003  1352856.001  1357856.018
  1535:  1358340.003  1358346.016  1358358.001  1358396.026  1358543.003
  1540:  1358587.005  1359135.009  1359839.001  1359980.003  1360139.001
  1545:  1365139.018  1366599.003  1366605.016  1366629.001  1366655.026
  1550:  1366773.003  1366820.005  1367361.009  1368047.001  1368485.003
  1555:  1368529.001  1373529.018  1373609.003  1373615.016  1373665.026
  1560:  1373696.005  1374106.009  1374977.001  1375128.003  1375168.001
  1565:  1380168.018  1381583.003  1381589.016  1381639.026  1381666.005
  1570:  1382257.009  1382989.001  1387989.018  1388018.003  1388024.016
  1575:  1388034.001  1388074.026  1388218.003  1388256.005  1388756.009
  1580:  1389508.001  1392882.003  1392923.001  1394978.003  1395002.001
  1585:  1395051.003  1395072.001  1395704.003  1395770.001  1395816.003
  1590:  1397011.001  1402011.018  1402986.003  1402992.016  1403042.026
  1595:  1403050.001  1403146.003  1403188.005  1403780.009  1404237.001
  1600:  1409237.018  1410534.003  1410540.016  1410590.026  1410603.005
  1605:  1411067.009  1411619.001  1416619.018  1419003.003  1419009.016
  1610:  1419059.026  1419090.005  1419542.009  1420311.001  1425311.018
  1615:  1425704.003  1425710.016  1425760.026  1425797.005  1426377.009
  1620:  1427729.001  1432729.018  1433106.003  1433112.016  1433162.026
  1625:  1433172.005  1433598.009  1434147.001  1439147.018  1441820.003
  1630:  1441826.016  1441876.026  1441893.005  1442341.009  1442920.001
  1635:  1447920.018  1449815.003  1449821.016  1449871.026  1449917.005
  1640:  1450258.009  1450729.001  1455729.018  1457707.003  1457713.016
  1645:  1457763.026  1457782.005  1458263.009  1459233.001  1464233.018
  1650:  1465120.003  1465126.016  1465175.005  1465176.026  1465884.009
  1655:  1466820.001  1471820.018  1473466.003  1473472.016  1473522.026
  1660:  1473579.005  1474166.009  1475974.001  1480974.018  1482734.003
  1665:  1482740.016  1482790.026  1482797.005  1483172.009  1484153.001
  1670:  1489153.018  1491727.003  1491733.016  1491783.026  1491809.005
  1675:  1492495.009  1493515.001  1498515.018
B:
     0:        0.000      503.000        0.000      502.000        0.000
     5:      149.000        0.000        0.000        0.000      149.000
    10:        0.000        1.000        0.000        1.000        0.000
    15:        0.000      124.000        0.000      125.000        0.000
    20:        0.000        0.000        0.000        0.000        0.000
    25:        0.000      124.000        0.000        0.000        0.000
    30:        0.000
D:
     0:  3606042.000  3599552.000  3597764.000
E:
     0:     5000.000     5000.000
T:
     0:        0.000        0.000        0.000        0.000
W:
     0:        2.000        0.000        0.000
