File: C:\MED-PC IV\Data\Reyes\AY\AY1070.999


Start Date: 10/21/24
End Date: 10/21/24
Subject: 70
Experiment: AY
Group: PERC
Box: 2
Start Time: 17:32:17
End Time: 18:22:18
MSN: DRRD_perc
C:       0.000
F:       0.000
G:       0.000
H:       0.000
I:       0.000
J:       0.000
K:    7320.000
L:       0.000
M:       0.000
N:       0.000
O:       0.000
Q:     968.800
S:    1174.638
U: 2027233.000
V:       0.000
X:       0.000
Y:    2722.000
Z:       0.000
A:
     0:     8939.005     9016.009     9137.005     9467.009     9478.005
     5:     9482.009     9506.005     9510.009     9609.005     9627.009
    10:    15000.013    15000.011    15137.001    15903.003    15913.001
    15:    18179.003    18302.005    18531.009    18797.001    19036.003
    20:    19137.001    19561.003    19594.001    19731.003    19766.001
    25:    19872.003    19906.001    20009.003    20047.001    21669.003
    30:    22683.005    22776.009    23011.001    23045.003    23082.001
    35:    23108.003    23439.001    24012.003    24427.005    24648.009
    40:    24682.005    24687.009    24789.005    24792.009    25370.001
    45:    25400.003    25426.001    25473.003    25481.001    25570.003
    50:    25627.001    25699.003    25729.001    25804.003    25860.001
    55:    26051.003    26069.001    28272.003    28375.005    28564.009
    60:    28772.001    28810.003    28840.001    28965.003    29015.001
    65:    29090.003    29126.001    29291.003    29326.001    29515.003
    70:    29522.001    29633.003    29643.001    32063.003    32834.005
    75:    32959.009    33163.001    33397.003    33427.001    33597.003
    80:    33602.001    35212.003    36121.005    36333.009    36337.005
    85:    36344.009    36560.001    36831.003    36842.001    37120.003
    90:    38925.001    38953.003    39125.001    39435.003    39459.001
    95:    39505.003    39513.001    39700.003    39751.001    39830.003
   100:    39858.001    40143.003    40166.001    42035.003    42116.001
   105:    43837.003    44472.005    44618.009    44804.001    44845.003
   110:    44880.001    44967.003    45148.001    45357.003    45716.001
   115:    45866.003    45881.001    46072.003    46086.001    47012.003
   120:    47030.001    49467.003    50400.005    50535.009    52003.001
   125:    52367.003    52394.001    52470.003    52479.001    56139.018
   130:    56536.003    56542.016    56592.026    56688.005    57350.009
   135:    59351.001    59432.003    59465.001    59588.003    59634.001
   140:    59779.003    59804.001    59957.003    59998.001    63658.018
   145:    64589.003    64595.016    64645.026    64715.005    65221.009
   150:    66283.001    66442.003    66480.001    66553.003    66777.001
   155:    66825.003    67168.001    67215.003    67234.001    67304.003
   160:    67323.001    67561.003    67577.001    67873.003    67886.001
   165:    68052.003    68074.001    68433.003    68467.001    68905.003
   170:    68934.001    69176.003    69242.001    69394.003    69411.001
   175:    69455.003    69468.001    69730.003    69745.001    70834.003
   180:    72216.001    72297.003    72323.001    72436.003    72464.001
   185:    72540.003    72560.001    74965.003    74974.001    75242.003
   190:    75799.001    75957.003    76030.001    76061.003    76095.001
   195:    76232.003    76265.001    79925.018    80277.003    80283.016
   200:    80333.026    80422.005    80792.009    80816.005    80829.009
   205:    80846.005    80890.009    81949.001    81992.003    82011.001
   210:    82075.003    82106.001    82353.003    82380.001    82654.003
   215:    82668.001    82878.003    82896.001    83265.003    83288.001
   220:    83464.003    83480.001    84236.003    84254.001    85925.003
   225:    86604.001    86724.003    86744.001    87710.003    87736.001
   230:    88055.003    88079.001    89296.003    90171.001    90200.003
   235:    90225.001    90488.003    90509.001    90646.003    90687.001
   240:    91108.003    91156.001    91562.003    91571.001    94553.003
   245:    95295.001    95424.003    95439.001    95801.003    95825.001
   250:    99485.018    99681.003    99687.016    99737.026    99894.005
   255:   100622.009   101599.001   101715.003   101751.001   101792.003
   260:   102178.001   102229.003   102480.001   102561.003   102594.001
   265:   105688.003   105702.001   106373.003   107211.001   107249.003
   270:   107276.001   107360.003   107446.001   107861.003   107876.001
   275:   108150.003   108164.001   108245.003   108249.001   110835.003
   280:   111862.001   112195.003   112221.001   115881.018   116095.003
   285:   116101.016   116151.026   116236.005   116768.009   117348.001
   290:   117703.003   118366.001   118536.003   118753.001   118921.003
   295:   118938.001   119657.003   119687.001   122263.003   123028.005
   300:   123148.009   126851.001   126898.003   126932.001   127134.003
   305:   127186.001   127292.003   127321.001   127494.003   127534.001
   310:   127591.003   127625.001   127644.003   127661.001   128908.003
   315:   128928.001   129031.003   129060.001   131073.003   132483.001
   320:   132547.003   132567.001   132625.003   132651.001   133007.003
   325:   133087.001   133616.003   133631.001   136624.003   137486.001
   330:   137544.003   137559.001   140337.003   141330.005   141473.009
   335:   142761.001   142859.003   142886.001   146546.018   146808.003
   340:   146814.016   146864.026   146921.005   147479.009   147549.005
   345:   147563.009   148959.001   149048.003   149153.001   149569.003
   350:   149581.001   149769.003   149814.001   150028.003   150125.001
   355:   150233.003   150267.001   150298.003   150314.001   151382.003
   360:   151403.001   153286.003   154610.001   154651.003   154662.001
   365:   154942.003   154969.001   157977.003   158611.001   159098.003
   370:   159137.001   159427.003   159456.001   159477.003   159486.001
   375:   159790.003   159819.001   162689.003   164037.001   164055.003
   380:   164124.001   164254.003   164285.001   164332.003   164339.001
   385:   165423.003   165450.001   168551.003   169866.005   169987.009
   390:   170519.001   171501.003   171537.001   171931.003   171960.001
   395:   174995.003   175009.001   177121.003   179805.005   179946.009
   400:   179954.005   179970.009   180058.005   180421.009   180833.001
   405:   184493.018   185521.003   185527.016   185541.001   185577.026
   410:   185626.003   185653.005   186081.009   186092.005   186119.009
   415:   189534.001   189586.003   189633.001   190514.003   190536.001
   420:   190566.003   190582.001   194148.003   195881.001   195921.003
   425:   195954.001   196046.003   196075.001   196150.003   196298.001
   430:   196358.003   196400.001   196910.003   196924.001   200584.018
   435:   200589.003   200595.016   200645.026   200693.005   201363.009
   440:   201364.005   201372.009   202793.001   203090.003   203176.001
   445:   203454.003   203495.001   203812.003   203834.001   206196.003
   450:   206209.001   206903.003   208037.001   208529.003   208542.001
   455:   211281.003   211895.001   211931.003   211954.001   212090.003
   460:   212113.001   212555.003   212569.001   212618.003   212642.001
   465:   212876.003   212901.001   213561.003   213587.001   215913.003
   470:   216919.005   217140.009   217402.001   217493.003   217529.001
   475:   217770.003   217786.001   217878.003   217956.001   218314.003
   480:   218333.001   221600.003   223108.001   223164.003   223197.001
   485:   223248.003   223266.001   226420.003   226442.001   227144.003
   490:   228773.005   228923.009   229673.001   230602.003   230632.001
   495:   234292.018   234774.003   234780.016   234830.026   234905.005
   500:   235578.009   237229.001   237740.003   237768.001   238436.003
   505:   238462.001   238503.003   238524.001   239114.003   239131.001
   510:   239188.003   239293.001   239815.003   239824.001   242217.003
   515:   243284.001   243388.003   243409.001   243614.003   243647.001
   520:   243857.003   243872.001   244127.003   244141.001   247436.003
   525:   249127.005   249221.009   250109.001   250317.003   250724.001
   530:   251453.003   251495.001   253192.003   253198.001   255426.003
   535:   257291.001   257478.003   257528.001   258078.003   258093.001
   540:   258142.003   258193.001   260975.003   260980.001   261300.003
   545:   263158.005   263368.009   263873.001   265158.003   265193.001
   550:   268853.018   268919.003   268925.016   268975.026   269032.005
   555:   270123.009   270144.005   270218.009   271351.001   271367.003
   560:   271957.001   272026.003   272043.001   272193.003   272219.001
   565:   272728.003   272738.001   274269.003   274278.001   275725.003
   570:   276635.001   276659.003   276928.001   277043.003   277078.001
   575:   277132.003   277149.001   280540.003   281504.001   282429.003
   580:   282440.001   282895.003   282903.001   285678.003   286794.001
   585:   287007.003   287498.005   287503.009   287509.005   287511.009
   590:   287523.005   287723.009   287993.001   288988.003   288996.001
   595:   290095.003   290104.001   291442.003   291457.001   293094.003
   600:   294624.001   294682.003   294727.001   294996.003   295005.001
   605:   295465.003   295490.001   297962.003   297984.001   298072.003
   610:   299242.005   299401.009   299718.001   303378.018   303853.003
   615:   303859.016   303909.026   304056.005   304926.009   304946.005
   620:   304951.009   305276.005   305976.009   308145.005   308506.009
   625:   309573.001   310002.003   310196.001   310371.003   310564.005
   630:   311144.009   311407.005   311439.009   321168.005   321454.009
   635:   325086.005   325195.009   325212.005   325529.009   325829.001
   640:   325908.003   325950.001   326179.003   326209.001   326343.003
   645:   326585.001   326881.003   326905.001   326939.003   326973.001
   650:   327766.003   327793.001   328956.003   330174.001   330202.003
   655:   330245.001   330302.003   330331.001   330542.003   330584.001
   660:   330644.003   330909.001   330961.003   330994.001   331018.003
   665:   331104.001   331284.003   331305.001   331435.003   331455.001
   670:   331974.003   332007.001   333463.003   334430.005   334529.009
   675:   334912.001   334945.003   334989.001   335188.003   335233.001
   680:   335446.003   335452.001   337976.003   338277.001   338460.003
   685:   339168.005   339373.009   339619.001   339697.003   339727.001
   690:   339827.003   339856.001   340217.003   340236.001   341181.003
   695:   341193.001   342535.003   343993.001   344020.003   344039.001
   700:   344237.003   344280.001   346439.003   347792.001   349028.003
   705:   349039.001   351434.003   352978.005   353223.009   353241.005
   710:   353322.009   354125.001   357405.003   357457.001   357613.003
   715:   358601.001   359021.003   359045.001   360588.003   362742.005
   720:   363047.009   363055.005   363064.009   363090.005   363437.009
   725:   363518.005   363539.009   363670.005   363680.009   363971.005
   730:   363974.009   364386.001   364419.003   364462.001   364704.003
   735:   364752.001   364903.003   364925.001   365102.003   365124.001
   740:   365326.003   365343.001   367717.003   368924.005   368999.009
   745:   369418.001   369691.003   369721.001   373381.018   373718.003
   750:   373724.016   373774.026   374030.005   374819.009   377451.001
   755:   377788.003   377814.001   380542.003   381649.005   382233.009
   760:   386260.001   389865.003   391879.005   392013.009   392752.001
   765:   392803.003   392823.001   393043.003   393074.001   393201.003
   770:   393267.001   393744.003   393760.001   396669.003   397274.001
   775:   397471.003   398226.005   398340.009   398608.001   398783.003
   780:   398859.001   399024.003   399057.001   399354.003   399373.001
   785:   402625.003   403967.005   404260.009   405842.005   406091.009
   790:   407526.005   407609.009   407715.005   407721.009   407968.001
   795:   408035.003   408074.001   408239.003   408271.001   411246.003
   800:   412803.005   412983.009   413759.001   413801.003   413897.001
   805:   414293.003   414332.001   414722.003   414754.001   417335.003
   810:   418922.005   419114.009   421518.005   421869.009   422770.001
   815:   423325.003   423339.001   426924.003   428071.005   428302.009
   820:   428348.005   428365.009   428367.005   429179.009   429221.005
   825:   429227.009   429244.005   429263.009   429313.005   429320.009
   830:   429327.005   430168.009   430175.005   430183.009   430191.005
   835:   430203.009   430215.005   430219.009   430244.005   430249.009
   840:   430413.005   430884.009   430887.005   430890.009   430954.005
   845:   430957.009   430982.005   430986.009   431291.001   431541.003
   850:   431571.001   431731.003   431765.001   435119.003   435127.001
   855:   436013.003   437241.005   437355.009   437605.001   437633.003
   860:   437656.001   441316.018   441440.003   441446.016   441496.026
   865:   441625.005   442622.009   444545.001   444635.003   444656.001
   870:   444829.003   444847.001   445209.003   445254.001   448738.003
   875:   449994.001   450069.003   450097.001   453685.003   454571.005
   880:   454699.009   455744.001   455792.003   455829.001   455886.003
   885:   455912.001   456081.003   456120.001   459405.003   461420.005
   890:   461645.009   461651.005   461658.009   461685.005   461689.009
   895:   466188.001   466228.003   466524.001   466550.003   466604.001
   900:   466683.003   466997.001   467105.003   467133.001   470662.003
   905:   471934.005   472139.009   472392.001   472420.003   472450.001
   910:   472799.003   472825.001   472925.003   472967.001   473894.003
   915:   473912.001   475893.003   477510.005   477701.009   477946.001
   920:   478196.003   478239.001   478736.003   478741.001   482084.003
   925:   482873.001   483124.003   483608.005   483788.009   485763.001
   930:   485923.003   486135.001   486498.003   486554.001   490041.003
   935:   492071.005   492285.009   493249.001   493424.003   493449.001
   940:   493515.003   493540.001   496895.003   500081.001   500506.003
   945:   500519.001   500661.003   500671.001   501761.003   502889.001
   950:   502960.003   502988.001   503052.003   503069.001   503326.003
   955:   503337.001   506436.003   506448.001   506988.003   509162.005
   960:   509349.009   509938.001   511063.003   511171.001   511196.003
   965:   511240.001   514900.018   515173.003   515179.016   515229.026
   970:   515392.005   516080.009   516088.005   516255.009   518532.001
   975:   518716.003   519134.001   519565.003   519595.001   523005.003
   980:   524770.005   524994.009   525845.001   526263.003   526324.001
   985:   526671.003   526728.001   528028.003   528077.001   530778.003
   990:   532053.001   532321.003   532336.001   532704.003   532761.001
   995:   535783.003   536825.001   536854.003   536919.001   536962.003
  1000:   536995.001   537100.003   537120.001   537842.003   537852.001
  1005:   540339.003   542465.005   542680.009   544262.001   544318.003
  1010:   544351.001   544648.003   544685.001   545034.003   545048.001
  1015:   545108.003   545124.001   545768.003   545790.001   548666.003
  1020:   548672.001   549466.003   550290.005   550421.009   550723.001
  1025:   550903.003   550927.001   554434.003   556935.005   557171.009
  1030:   560504.001   560782.003   560819.001   561111.003   561134.001
  1035:   561613.003   561638.001   564713.003   564730.001   564798.003
  1040:   566883.005   567022.009   567337.001   567495.003   567504.001
  1045:   570712.003   572189.005   572309.009   572651.001   572775.003
  1050:   572800.001   572919.003   572944.001   576586.003   576655.001
  1055:   576965.003   580522.001   584182.018   584691.003   584697.016
  1060:   584708.001   584747.026   584829.003   584918.005   585641.009
  1065:   587665.001   587750.003   587760.001   591212.003   591237.001
  1070:   592189.003   593186.005   593193.009   593226.005   593343.009
  1075:   593878.005   594032.009   595272.005   595377.009   595761.001
  1080:   596034.003   596044.001   596366.003   596383.001   600043.018
  1085:   600325.003   600331.016   600381.026   600487.005   602240.009
  1090:   603214.001   603246.003   603318.001   603747.003   604632.001
  1095:   605032.003   605044.001   606592.003   606664.001   608085.003
  1100:   608090.001   609253.003   609814.001   609873.003   609911.001
  1105:   610136.003   610158.001   610268.003   610287.001   610830.003
  1110:   610837.001   612502.003   612567.005   612817.009   617354.001
  1115:   617693.003   617734.001   618049.003   618063.001   621415.003
  1120:   622058.001   622574.003   622593.001   624808.003   625314.005
  1125:   625446.009   625505.005   625515.009   625516.005   625523.009
  1130:   625526.005   625532.009   625993.001   626245.003   626328.001
  1135:   629776.003   629806.001   629860.003   630452.001   630642.003
  1140:   630721.001   633175.003   633180.001   633657.003   634461.001
  1145:   635034.003   635062.001   635154.003   635163.001   636395.003
  1150:   636413.001   637096.003   638243.005   638472.009   638478.005
  1155:   638483.009   638750.001   642090.003   642105.001   642419.003
  1160:   643173.005   643259.009   643584.001   646857.003   648469.005
  1165:   648770.009   648780.005   648978.009   649780.001   650275.003
  1170:   650315.001   653642.003   655093.001   656368.003   656379.001
  1175:   658858.003   660338.005   660643.009   660647.005   660654.009
  1180:   660659.005   660669.009   660688.005   660774.009   661078.001
  1185:   661121.003   661153.001   664813.018   665808.003   665814.016
  1190:   665864.026   665926.005   666962.009   668491.001   668881.003
  1195:   668889.001   671743.003   671801.001   672033.003   673081.005
  1200:   673085.009   673095.005   673101.009   673150.005   673155.009
  1205:   673486.001   676982.003   678285.001   678543.003   678566.001
  1210:   682044.003   682966.001   682996.003   683026.001   683196.003
  1215:   683216.001   685608.003   685619.001   686370.003   686393.001
  1220:   686517.003   687237.005   687661.009   692236.001   695300.003
  1225:   695330.001   696661.003   697670.001   697737.003   697744.001
  1230:   698344.003   698376.001   700731.003   701439.001   701938.003
  1235:   701966.001   704524.003   706190.001   706229.003   706275.001
  1240:   706307.003   706326.001   708718.003   710705.001   712643.003
  1245:   714008.005   714161.009   714943.001   715013.003   715053.001
  1250:   715519.003   715551.001   715939.003   715956.001   719102.003
  1255:   720464.005   720726.009   728133.001   728217.003   728458.001
  1260:   728567.003   728580.001   729046.003   729065.001   729161.003
  1265:   729179.001   731887.003   732801.001   732958.003   733039.001
  1270:   733163.003   733239.001   733362.003   733386.001   735927.003
  1275:   735964.001   736098.003   737654.001   738162.003   738184.001
  1280:   741540.003   743293.001   743683.003   744814.001   745122.003
  1285:   745146.001   748042.003   751553.001   751616.003   751788.001
  1290:   751828.003   751915.001   755042.003   756926.005   757115.009
  1295:   757686.001   758426.003   758482.001   758575.003   758853.001
  1300:   760981.003   760991.001   764337.003   764624.001   764665.003
  1305:   764694.001   767371.003   769008.001   769071.003   769127.001
  1310:   769169.003   769207.001   770211.003   770236.001   772186.003
  1315:   772993.005   773249.009   774725.001   778385.018   778979.003
  1320:   778985.016   779035.026   779148.005   779596.009   779662.005
  1325:   779668.009   779952.005   779959.009   779975.005   779993.009
  1330:   779999.005   780005.009   780024.005   780743.009   781262.001
  1335:   781428.003   781636.001   781751.003   781850.001   781926.003
  1340:   782039.001   782216.003   782255.001   785915.018   786270.003
  1345:   786276.016   786326.026   786499.005   787268.009   789041.001
  1350:   789752.003   790282.001   790385.003   790451.001   790485.003
  1355:   790825.001   790954.003   791018.001   793784.003   794464.005
  1360:   794638.009   797512.001   797561.003   797808.001   800961.003
  1365:   803431.001   803500.003   803615.001   803803.003   803813.001
  1370:   806117.003   807219.001   807278.003   807306.001   807436.003
  1375:   807450.001   809545.003   810218.001   810245.003   810257.001
  1380:   810471.003   811103.001   811125.003   811552.001   812071.003
  1385:   812079.001   813898.003   815133.001   816750.003   817840.005
  1390:   817965.009   819177.001   819195.003   819227.001   819274.003
  1395:   819522.001   819608.003   819664.001   822361.003   823324.005
  1400:   823514.009   823516.005   823522.009   823550.005   823562.009
  1405:   823571.005   823577.009   823592.005   823693.009   824820.001
  1410:   827200.003   828466.005   828470.009   828475.005   828984.009
  1415:   829021.005   829030.009   829031.005   829037.009   829053.005
  1420:   829064.009   829082.005   829267.009   829615.001   830746.003
  1425:   830786.001   830853.003   830896.001   834409.003   835695.005
  1430:   835817.009   835834.005   835839.009   835867.005   836062.009
  1435:   836074.005   836089.009   836182.005   836736.009   836754.005
  1440:   836762.009   836789.005   836793.009   836859.005   836879.009
  1445:   836886.005   836894.009   836901.005   836911.009   836927.005
  1450:   836933.009   836941.005   836965.009   836966.005   836996.009
  1455:   837007.005   837088.009   837168.005   837173.009   837208.005
  1460:   837211.009   837227.005   837231.009   837245.005   837252.009
  1465:   837257.005   837269.009   837291.005   837298.009   837323.005
  1470:   837342.009   837356.005   837361.009   837362.005   837424.009
  1475:   837429.005   837492.009   837497.005   837517.009   837539.005
  1480:   837569.009   837578.005   837597.009   837607.005   837614.009
  1485:   839107.001   839166.003   839195.001   842855.018   843101.003
  1490:   843107.016   843157.026   843285.005   844043.009   846420.005
  1495:   846473.009   847019.001   850679.018   851114.003   851120.016
  1500:   851170.026   851383.005   851896.009   852620.001   853133.003
  1505:   853242.001   853923.003   853925.001   855967.003   856781.001
  1510:   857010.003   857547.001   857647.003   857659.001   860229.003
  1515:   860457.001   861076.003   861086.001   863857.003   864632.001
  1520:   867878.003   869354.001   869415.003   869512.001   869540.003
  1525:   869589.001   872447.003   872947.001   873002.003   873043.001
  1530:   873177.003   873206.001   874845.003   875777.001   875834.003
  1535:   875863.001   877294.003   877313.001   878292.003   878655.001
  1540:   878731.003   879420.001   881484.003   881523.001   881593.003
  1545:   882534.001   886012.003   886969.005   887090.009   887711.001
  1550:   887810.003   887846.001   887920.003   887932.001   891027.003
  1555:   892215.001   892343.003   892360.001   893675.003   893690.001
  1560:   895745.003   897023.005   897444.009   897802.001   897960.003
  1565:   897985.001   901645.018   901822.003   901828.016   901878.026
  1570:   902013.005   902544.009   904117.001   904311.003   905395.001
  1575:   905418.003   905503.001   905669.003   905723.001   909383.018
  1580:   910311.003   910317.016   910367.026   910758.005   911240.009
  1585:   911251.005   911285.009   911291.005   911298.009   911718.005
  1590:   912136.009   913676.001   913701.003   913885.001   917545.018
  1595:   918440.003   918446.016   918496.026   918579.005   919115.009
  1600:   919401.005   919590.009   922191.001   922243.003   922295.001
  1605:   922376.003   922478.001   922532.003   922574.001   922629.003
  1610:   922647.001   922806.003   922832.001   923207.003   923231.001
  1615:   923654.003   923664.001   925057.003   925592.001   925845.003
  1620:   925939.001   927452.003   927464.001   928210.003   929730.001
  1625:   929755.003   929782.001   929831.003   929839.001   930613.003
  1630:   930624.001   932032.003   932724.001   933171.003   933174.001
  1635:   934151.003   935267.005   935431.009   935755.005   935915.009
  1640:   936266.001   939926.018   940474.003   940480.016   940510.001
  1645:   940530.026   940586.003   940660.005   940947.009   940981.005
  1650:   940990.009   941204.005   941230.009   941409.005   941414.009
  1655:   941428.005   942166.009   942174.005   942798.009   943409.005
  1660:   943646.009   943687.005   943723.009   944912.001   945066.003
  1665:   945078.001   945324.003   945353.001   947800.003   947810.001
  1670:   948484.003   949054.001   949114.003   949181.001   949278.003
  1675:   949304.001   951984.003   952266.001   952374.003   952404.001
  1680:   954867.003   955936.005   956053.009   956424.001   960084.018
  1685:   960274.003   960280.016   960330.026   960509.005   961192.009
  1690:   962420.001   962449.003   962488.001   963035.003   963777.001
  1695:   964026.003   964056.001   965822.003   969709.005   969716.009
  1700:   970093.001   970199.003   970250.001   973711.003   974590.001
  1705:   974664.003   974704.001   974791.003   974805.001   974844.003
  1710:   974874.001   976387.003   976394.001   978482.003   980153.005
  1715:   980222.009   980725.001   984385.018   984873.003   984879.016
  1720:   984929.026   984990.005   985475.009   985489.005   985521.009
  1725:   985545.005   985668.009   986653.001   986684.003   988352.001
  1730:   988410.003   988460.001   990388.003   990760.001   990858.003
  1735:   990887.001   991053.003   991072.001   991252.003   991259.001
  1740:   992634.003   993798.001   995735.003   996442.005   996633.009
  1745:   996635.005   996641.009   996648.005   996653.009   997101.001
  1750:   997155.003   997172.001   997566.003   997580.001  1000549.003
  1755:  1001699.001  1002890.003  1002895.001  1003920.003  1005075.005
  1760:  1005336.009  1005382.005  1005406.009  1008189.001  1008255.003
  1765:  1008302.001  1008358.003  1008389.001  1011163.003  1011863.001
  1770:  1014487.003  1015212.001  1015263.003  1015347.001  1016454.003
  1775:  1017708.005  1017885.009  1017889.005  1017896.009  1017897.005
  1780:  1017910.009  1017942.005  1018017.009  1018043.005  1018048.009
  1785:  1018308.001  1021668.003  1023354.001  1023465.003  1023474.001
  1790:  1023529.003  1023582.001  1025564.003  1027155.001  1027190.003
  1795:  1027228.001  1029360.003  1030065.001  1030150.003  1030173.001
  1800:  1032375.003  1034144.001  1034647.003  1034694.001  1036239.003
  1805:  1036270.001  1036414.003  1037521.005  1037717.009  1037719.005
  1810:  1037724.009  1037731.005  1037736.009  1037755.005  1037762.009
  1815:  1037766.005  1037843.009  1038312.001  1041672.003  1043649.005
  1820:  1043919.009  1045213.001  1045296.003  1045358.001  1047967.003
  1825:  1049636.005  1049996.009  1049998.005  1050004.009  1050006.005
  1830:  1050012.009  1050339.001  1050367.003  1050423.001  1050475.003
  1835:  1050525.001  1050599.003  1050620.001  1053707.003  1054889.005
  1840:  1055174.009  1055613.001  1055746.003  1055793.001  1055850.003
  1845:  1056159.001  1058034.003  1058043.001  1058291.003  1058522.001
  1850:  1058604.003  1059010.001  1059076.003  1059131.001  1061421.003
  1855:  1062278.005  1062419.009  1062422.005  1062432.009  1062433.005
  1860:  1062569.009  1062584.005  1062591.009  1062650.005  1062860.009
  1865:  1063214.001  1063306.003  1063400.001  1063522.003  1063585.001
  1870:  1066754.003  1068788.001  1071921.003  1072688.005  1072858.009
  1875:  1072859.005  1072866.009  1076049.001  1076540.003  1076640.001
  1880:  1079808.003  1081522.001  1081561.003  1081579.001  1081725.003
  1885:  1081759.001  1084238.003  1086229.001  1086297.003  1086342.001
  1890:  1086413.003  1086435.001  1088747.003  1089784.005  1089882.009
  1895:  1090250.001  1093081.003  1093092.001  1093242.003  1094133.001
  1900:  1094176.003  1094280.001  1096720.003  1098711.005  1098879.009
  1905:  1098886.005  1098891.009  1098931.005  1099044.009  1099362.001
  1910:  1099476.003  1099907.001  1100014.003  1100041.001  1100852.003
  1915:  1100863.001  1103280.003  1104761.005  1104787.009  1104823.005
  1920:  1104861.009  1104864.005  1104958.009  1104963.005  1104986.009
  1925:  1104992.005  1105252.009  1105256.005  1105266.009  1105286.005
  1930:  1105291.009  1105480.005  1105884.009  1106351.001  1109792.003
  1935:  1110558.005  1110902.009  1110906.005  1110913.009  1126039.001
  1940:  1126340.003  1126455.001  1128549.003  1129765.005  1129883.009
  1945:  1130653.001  1133641.003  1135121.005  1135223.009  1135264.005
  1950:  1135272.009  1135274.005  1135279.009  1135292.005  1135365.009
  1955:  1135734.001  1135799.003  1135836.001  1135916.003  1135977.001
  1960:  1138440.003  1139528.001  1142813.003  1144443.005  1144644.009
  1965:  1145271.001  1145387.003  1145404.001  1148139.003  1150086.005
  1970:  1150088.009  1150124.005  1150129.009  1150151.005  1150156.009
  1975:  1150173.005  1150176.009  1150191.005  1150197.009  1150198.005
  1980:  1150309.009  1150637.001  1154054.003  1155356.005  1155500.009
  1985:  1155586.005  1155736.009  1156249.001  1159189.003  1159196.001
  1990:  1159608.003  1161022.001  1161190.003  1161215.001  1161410.003
  1995:  1161424.001  1164114.003  1164945.005  1165108.009  1166411.001
  2000:  1166560.003  1166640.001  1169476.003  1169527.001  1169589.003
  2005:  1171149.005  1171312.009  1171316.005  1171432.009  1171962.001
  2010:  1174504.003  1175858.001  1175955.003  1176051.001  1179430.003
  2015:  1180794.001  1180981.003  1181425.005  1181689.009  1181695.005
  2020:  1181703.009  1181710.005  1181718.009  1181752.005  1181754.009
  2025:  1181766.005  1181772.009  1181788.005  1181801.009  1181805.005
  2030:  1181915.009  1181943.005  1181948.009  1182439.005  1182447.009
  2035:  1182586.005  1182591.009  1183585.001  1187229.003  1188085.001
  2040:  1190820.003  1192195.001  1192329.003  1192357.001  1193949.003
  2045:  1193999.001  1195670.003  1197237.005  1197360.009  1197611.005
  2050:  1197820.009  1198422.005  1198429.009  1198485.005  1198494.009
  2055:  1198516.005  1198526.009  1198634.005  1198646.009  1198653.005
  2060:  1198657.009  1198669.005  1198857.009  1199537.001  1200199.003
  2065:  1200369.001  1201226.003  1201240.001  1204515.003  1205878.005
  2070:  1205983.009  1205985.005  1205997.009  1206004.005  1206011.009
  2075:  1206032.005  1206143.009  1206173.005  1206180.009  1206187.005
  2080:  1206593.009  1206603.005  1206609.009  1206664.005  1206673.009
  2085:  1206702.005  1206708.009  1206766.005  1206877.009  1206884.005
  2090:  1206890.009  1206896.005  1206912.009  1206934.005  1206982.009
  2095:  1208101.001  1208238.003  1208385.001  1212045.018  1212505.003
  2100:  1212511.016  1212561.026  1212693.005  1213507.009  1213649.005
  2105:  1213774.009  1213782.005  1213836.009  1215513.001  1215570.003
  2110:  1215777.001  1216899.003  1216912.001  1219576.003  1220450.001
  2115:  1220704.003  1220733.001  1220768.003  1220799.001  1222933.003
  2120:  1223888.005  1224078.009  1224114.005  1224123.009  1224132.005
  2125:  1224240.009  1224255.005  1224278.009  1224304.005  1224315.009
  2130:  1224330.005  1224453.009  1224549.005  1224565.009  1224768.005
  2135:  1224809.009  1224914.005  1224924.009  1224944.005  1225213.009
  2140:  1225214.005  1225220.009  1225235.005  1225241.009  1225287.005
  2145:  1225292.009  1225305.005  1225313.009  1225346.005  1225374.009
  2150:  1225383.005  1225413.009  1225416.005  1225432.009  1225440.005
  2155:  1225447.009  1225449.005  1225461.009  1225466.005  1225472.009
  2160:  1225502.005  1225508.009  1225520.005  1225529.009  1225543.005
  2165:  1225550.009  1226123.001  1226246.003  1226278.001  1226881.003
  2170:  1226893.001  1230292.003  1231111.005  1231288.009  1231316.005
  2175:  1231322.009  1231779.001  1234989.003  1235883.001  1235932.003
  2180:  1235960.001  1236330.003  1236353.001  1236774.003  1236801.001
  2185:  1238034.003  1238631.005  1239529.009  1239554.005  1239558.009
  2190:  1239566.005  1239571.009  1239585.005  1239589.009  1239616.005
  2195:  1239642.009  1239921.005  1240244.009  1240262.005  1240268.009
  2200:  1240289.005  1240302.009  1240304.005  1240311.009  1240332.005
  2205:  1240341.009  1241085.001  1241303.003  1241328.001  1241380.003
  2210:  1241454.001  1242722.003  1242743.001  1243729.003  1243760.001
  2215:  1245177.003  1246198.005  1246342.009  1247063.001  1247260.003
  2220:  1247355.001  1247502.003  1247522.001  1249222.003  1249228.001
  2225:  1250629.003  1252213.005  1252398.009  1252506.005  1252508.009
  2230:  1252530.005  1252551.009  1252557.005  1252567.009  1252580.005
  2235:  1252698.009  1253009.001  1253365.003  1253527.001  1256852.003
  2240:  1257856.005  1257910.009  1258265.001  1258531.003  1258547.001
  2245:  1259174.003  1259197.001  1261845.003  1263074.005  1263215.009
  2250:  1263216.005  1263227.009  1263288.005  1263295.009  1263305.005
  2255:  1263312.009  1263357.005  1263675.009  1264206.001  1267862.003
  2260:  1268615.001  1272275.018  1272355.003  1272361.016  1272411.026
  2265:  1272493.005  1274102.009  1274488.005  1274818.009  1274829.005
  2270:  1276338.009  1276521.005  1276536.009  1277021.005  1277025.009
  2275:  1277035.005  1277044.009  1277045.005  1277056.009  1277058.005
  2280:  1277072.009  1277074.005  1277234.009  1277242.005  1277250.009
  2285:  1277581.001  1278781.003  1279014.001  1279205.003  1279467.001
  2290:  1279497.003  1279620.001  1279681.003  1279776.001  1282324.003
  2295:  1282700.001  1285328.003  1285912.001  1285949.003  1286007.001
  2300:  1289080.003  1290058.005  1290191.009  1290572.001  1290968.003
  2305:  1291003.001  1292722.003  1293779.005  1293882.009  1293893.005
  2310:  1293899.009  1293908.005  1293913.009  1293945.005  1294083.009
  2315:  1294611.001  1295245.003  1295285.001  1295703.003  1295718.001
  2320:  1299090.003  1300441.001  1300786.003  1300791.001  1301038.003
  2325:  1301048.001  1303055.003  1304624.005  1304794.009  1304802.005
  2330:  1304815.009  1304816.005  1304823.009  1304828.005  1304839.009
  2335:  1304849.005  1304858.009  1304873.005  1304912.009  1305639.001
  2340:  1305690.003  1305858.001  1305909.003  1305939.001  1306883.003
  2345:  1306894.001  1308284.003  1309495.005  1309909.009  1310932.001
  2350:  1313976.003  1314801.001  1314936.003  1314960.001  1315008.003
  2355:  1315042.001  1317126.003  1318150.005  1318271.009  1318284.005
  2360:  1318291.009  1318298.005  1318360.009  1318369.005  1318378.009
  2365:  1318642.005  1318833.009  1319943.001  1321228.003  1321243.001
  2370:  1323626.003  1324800.005  1324923.009  1324931.005  1324959.009
  2375:  1324979.005  1325454.009  1325480.005  1325510.009  1325568.005
  2380:  1325581.009  1325584.005  1325589.009  1325693.005  1325703.009
  2385:  1325737.005  1325784.009  1325852.005  1325869.009  1325924.005
  2390:  1325931.009  1325933.005  1325941.009  1325966.005  1325979.009
  2395:  1325991.005  1326363.009  1326406.005  1326423.009  1326502.005
  2400:  1326832.009  1326843.005  1328111.009  1328153.005  1328172.009
  2405:  1328197.005  1328202.009  1328224.005  1328232.009  1328263.005
  2410:  1328270.009  1328444.005  1328455.009  1328474.005  1328796.009
  2415:  1328805.005  1330893.009  1330901.005  1330910.009  1330932.005
  2420:  1330938.009  1330953.005  1330958.009  1331694.005  1331820.009
  2425:  1332825.005  1333006.009  1333413.001  1333678.003  1333732.001
  2430:  1333783.003  1333815.001  1334636.003  1334672.001  1335854.003
  2435:  1335857.001  1336792.003  1337830.001  1337976.003  1338045.001
  2440:  1341232.003  1341967.001  1342029.003  1342067.001  1345027.003
  2445:  1345419.001  1345708.003  1345720.001  1347354.003  1349112.005
  2450:  1349233.009  1349245.005  1349251.009  1349867.001  1349913.003
  2455:  1350017.001  1353583.003  1354818.005  1355166.009  1356366.001
  2460:  1356454.003  1356523.001  1356654.003  1356663.001  1360226.003
  2465:  1361518.001  1361546.003  1361598.001  1361701.003  1361705.001
  2470:  1361776.003  1361818.001  1364807.003  1366477.005  1366761.009
  2475:  1366764.005  1366770.009  1372700.001  1372796.003  1372926.001
  2480:  1373401.003  1373637.001  1373751.003  1373973.001  1374049.003
  2485:  1374119.001  1374295.003  1374380.001  1374901.003  1374925.001
  2490:  1377196.003  1377391.005  1377899.009  1378325.001  1378569.003
  2495:  1378589.001  1380941.003  1381911.005  1382002.009  1397278.001
  2500:  1397363.003  1397392.001  1397451.003  1397487.001  1397555.003
  2505:  1397583.001  1397803.003  1397834.001  1397972.003  1398424.001
  2510:  1398554.003  1398659.001  1401292.003  1402269.005  1402329.009
  2515:  1402657.001  1402765.003  1402879.001  1402954.003  1403038.001
  2520:  1406584.003  1406962.001  1408718.003  1408732.001  1408899.003
  2525:  1410323.005  1410405.009  1410702.001  1410798.003  1410993.001
  2530:  1411060.003  1411094.001  1411937.003  1411965.001  1414773.003
  2535:  1414781.001  1415992.003  1416753.001  1416844.003  1416916.001
  2540:  1416991.003  1417010.001  1419462.003  1420355.001  1421169.003
  2545:  1421196.001  1422449.003  1422470.001  1424944.003  1425799.005
  2550:  1425916.009  1427785.001  1427842.003  1435729.005  1435938.009
  2555:  1435939.005  1436083.009  1436096.005  1436182.009  1436203.005
  2560:  1436686.009  1436697.005  1436704.009  1436725.005  1436735.009
  2565:  1436891.005  1436894.009  1438010.001  1438388.003  1438439.001
  2570:  1439467.003  1439573.001  1440628.003  1440650.001  1443590.003
  2575:  1445188.001  1446060.003  1446065.001  1446262.003  1446263.001
  2580:  1446679.003  1446716.001  1447871.003  1449210.005  1449460.009
  2585:  1449469.005  1449476.009  1449507.005  1449533.009  1449545.005
  2590:  1449551.009  1449552.005  1450062.009  1450081.005  1450114.009
  2595:  1450187.005  1450192.009  1450258.005  1450396.009  1450449.005
  2600:  1451655.009  1451656.005  1453604.009  1453626.005  1453636.009
  2605:  1453679.005  1453981.009  1454009.005  1454022.009  1454039.005
  2610:  1454587.009  1454825.005  1455290.009  1455294.005  1455307.009
  2615:  1455338.005  1455358.009  1455366.005  1455423.009  1455854.005
  2620:  1455879.009  1455937.005  1455967.009  1455979.005  1456346.009
  2625:  1456381.005  1456389.009  1456392.005  1456406.009  1456426.005
  2630:  1456432.009  1456436.005  1456444.009  1456448.005  1456539.009
  2635:  1457615.001  1461025.003  1461931.001  1461975.003  1462092.001
  2640:  1462215.003  1462238.001  1465898.018  1466044.003  1466050.016
  2645:  1466100.026  1466168.005  1467237.009  1467248.005  1467271.009
  2650:  1467273.005  1467292.009  1467346.005  1467358.009  1467366.005
  2655:  1467375.009  1467384.005  1467574.009  1467579.005  1467583.009
  2660:  1468532.001  1468946.003  1469046.001  1469223.003  1469240.001
  2665:  1472376.003  1473546.005  1475135.009  1475432.005  1476937.009
  2670:  1476948.005  1476988.009  1477024.005  1477039.009  1477067.005
  2675:  1477080.009  1477103.005  1477112.009  1477118.005  1477127.009
  2680:  1477316.005  1477328.009  1477648.001  1478673.003  1478696.001
  2685:  1478748.003  1478761.001  1482371.003  1483155.001  1483213.003
  2690:  1483269.001  1483296.003  1483348.001  1483417.003  1483441.001
  2695:  1483818.003  1483827.001  1484294.003  1484335.001  1485120.003
  2700:  1485125.001  1485546.003  1486180.005  1486288.009  1486562.001
  2705:  1486852.003  1487068.001  1488379.003  1488389.001  1488665.003
  2710:  1488673.001  1490329.003  1491256.005  1491458.009  1492451.001
  2715:  1492515.003  1492554.001  1495537.003  1497127.001  1497204.003
  2720:  1497219.001  1499739.003
B:
     0:        0.000      844.000        0.000      844.000        0.000
     5:      471.000        0.000        0.000        0.000      471.000
    10:        0.000        1.000        0.000        1.000        0.000
    15:        0.000       30.000        0.000       30.000        0.000
    20:        0.000        0.000        0.000        0.000        0.000
    25:        0.000       30.000        0.000        0.000        0.000
    30:        0.000
D:
     0:  3526971.000  3524452.000  3526972.000
E:
     0:     3660.000     3660.000
P:
     0:        0.000      766.000     2266.000      239.000      424.000
     5:      137.000      106.000      103.000     1622.000       34.000
    10:       26.000      573.000       30.000       47.000       88.000
    15:       72.000       75.000      191.000     2203.000       38.000
    20:      125.000       75.000      165.000      189.000      109.000
    25:     2420.000      234.000      170.000     1606.000      271.000
    30:      278.000       28.000      310.000       46.000      186.000
    35:       79.000      285.000     1869.000     1721.000       41.000
    40:       87.000      209.000      150.000      191.000      926.000
    45:     2437.000      364.000       76.000     4057.000       81.000
    50:      123.000      145.000      153.000     4591.000      159.000
    55:       73.000       48.000       47.000       70.000      238.000
    60:      296.000      166.000      359.000      438.000      242.000
    65:      152.000       44.000      262.000     1089.000       81.000
    70:      113.000       76.000     2405.000      268.000      158.000
    75:       31.000      137.000     4012.000       43.000       64.000
    80:      247.000      274.000      210.000      369.000      176.000
    85:      756.000     1671.000      120.000      966.000      319.000
    90:     1217.000       29.000      263.000      137.000      421.000
    95:      406.000     2982.000      129.000      362.000     3856.000
   100:      116.000       41.000       51.000       81.000     3094.000
   105:      671.000       38.000       84.000      415.000      274.000
   110:       81.000     2581.000      333.000     3874.000      355.000
   115:      170.000      168.000      719.000     2576.000       47.000
   120:      202.000      106.000      173.000       57.000       19.000
   125:     1247.000      103.000     2013.000       64.000       58.000
   130:      356.000      529.000     2993.000       58.000     2778.000
   135:       98.000     3922.000       89.000      416.000      188.000
   140:      214.000      108.000       31.000     1068.000     1883.000
   145:       41.000      280.000     3008.000      487.000      290.000
   150:       21.000      304.000     2870.000       18.000      130.000
   155:       47.000     1082.000     3101.000      982.000      394.000
   160:     3035.000     2112.000     4688.000       45.000       52.000
   165:      881.000       30.000     3566.000       40.000       92.000
   170:       75.000       60.000      510.000     3665.000      297.000
   175:      278.000      317.000     2362.000      694.000      492.000
   180:     2739.000       36.000      136.000      442.000       49.000
   185:      234.000      660.000     2326.000       91.000      241.000
   190:       92.000      358.000     3267.000       56.000       51.000
   195:     3154.000      702.000      929.000     4142.000      511.000
   200:      668.000       41.000      590.000       57.000      522.000
   205:     2393.000      104.000      205.000      210.000      255.000
   210:     3295.000      208.000      729.000     1697.000     2225.000
   215:      187.000      550.000       49.000     2782.000      316.000
   220:     1285.000     3726.000       16.000       69.000      150.000
   225:      509.000     1531.000     1447.000       24.000      115.000
   230:       54.000     3391.000      925.000      455.000     2774.000
   235:      213.000      995.000     1098.000     1338.000     1637.000
   240:       58.000      269.000      460.000     2472.000       88.000
   245:     4135.000      429.000      175.000       79.000      229.000
   250:      134.000      296.000       34.000      793.000     1163.000
   255:       28.000       57.000      211.000       60.000       52.000
   260:       24.000      180.000      130.000      519.000     1456.000
   265:       33.000      199.000      213.000     2521.000      183.000
   270:       78.000      100.000      361.000      945.000     1342.000
   275:       27.000      198.000     2159.000     1236.000     2395.000
   280:     3280.000      156.000      420.000     1543.000       33.000
   285:      242.000      151.000      177.000      202.000     2374.000
   290:      273.000     3997.000      337.000     2728.000     3605.000
   295:       51.000      220.000      127.000      477.000     2909.000
   300:      197.000      175.000      165.000      297.000     3252.000
   305:       67.000      165.000     2975.000       42.000      396.000
   310:      390.000     2581.000      555.000     3585.000      250.000
   315:      160.000     3354.000      885.000       28.000     3784.000
   320:       90.000      173.000      362.000     3484.000       75.000
   325:     3588.000       48.000       57.000      169.000     3285.000
   330:       40.000       26.000       79.000      108.000     3529.000
   335:       28.000      349.000      100.000      927.000     1981.000
   340:      250.000      497.000     3339.000      251.000      160.000
   345:      363.000     3487.000      175.000       66.000     3355.000
   350:      425.000      142.000     1090.000       71.000       64.000
   355:      257.000     3099.000      540.000     1125.000       25.000
   360:     3933.000      184.000      431.000     3410.000      418.000
   365:      347.000     1300.000     2701.000      268.000      368.000
   370:     3022.000       29.000       43.000      105.000      722.000
   375:     2487.000       56.000      297.000      349.000       60.000
   380:      644.000     2876.000      791.000      180.000     3507.000
   385:      278.000      292.000      479.000     3075.000       68.000
   390:      158.000     3208.000      124.000      119.000     3642.000
   395:      310.000     4169.000       78.000       85.000     3452.000
   400:      952.000      273.000      322.000     3942.000       32.000
   405:      429.000      400.000     1548.000     1421.000     1159.000
   410:       59.000      225.000      110.000      543.000     1663.000
   415:      339.000      315.000     3352.000      516.000     2215.000
   420:      252.000     3448.000       54.000      190.000     2454.000
   425:      473.000      573.000       92.000     1232.000      683.000
   430:     3340.000      314.000     3273.000      495.000     3327.000
   435:     1275.000     2479.000       43.000     4655.000      390.000
   440:     2853.000      232.000     3496.000      258.000     3478.000
   445:       30.000      170.000     2392.000      751.000      124.000
   450:     3064.000     1331.000       67.000      598.000     2355.000
   455:      499.000     2558.000       39.000       32.000     2392.000
   460:     1938.000       70.000      466.000      388.000     3146.000
   465:       84.000      109.000      466.000       96.000     2708.000
   470:      157.000      124.000      123.000     2541.000      134.000
   475:      508.000     3356.000      390.000      308.000     2896.000
   480:       63.000       40.000     3127.000      740.000       93.000
   485:     2128.000     3346.000       41.000     2677.000       63.000
   490:       42.000     1004.000     1950.000     4254.000      166.000
   495:      115.000       76.000      177.000     4015.000      711.000
   500:      103.000       34.000      129.000     2766.000       49.000
   505:     3153.000       69.000      188.000     2304.000       59.000
   510:      130.000     2095.000       27.000      214.000       22.000
   515:      519.000     1818.000     1617.000       18.000       47.000
   520:       86.000     2697.000     2380.000     1131.000       67.000
   525:     3513.000       59.000     3906.000     4095.000      513.000
   530:      681.000     2035.000      229.000      100.000     2570.000
   535:      619.000     2771.000     3246.000       61.000       28.000
   540:     2858.000       55.000      134.000     1639.000       57.000
   545:     1431.000      979.000       76.000     2064.000       70.000
   550:     3478.000       99.000       74.000     3095.000      128.000
   555:     1315.000     2055.000      158.000     3837.000      194.000
   560:       23.000      166.000     4588.000       25.000     4555.000
   565:       52.000       81.000       54.000       55.000      159.000
   570:      375.000      423.000     1393.000      253.000     1513.000
   575:      746.000       25.000       49.000      773.000     1408.000
   580:      447.000      971.000     4208.000       52.000      154.000
   585:      246.000     2447.000      674.000       60.000       97.000
   590:     2680.000      108.000     2463.000     3850.000       29.000
   595:      547.000      249.000     1766.000      106.000     3461.000
   600:       74.000       87.000       39.000     1513.000     2086.000
   605:     4148.000       31.000       58.000     1928.000       98.000
   610:      166.000      180.000     1373.000     1937.000       54.000
   615:      394.000     2969.000     1191.000     1021.000       66.000
   620:       56.000     2774.000     2624.000       51.000     1107.000
   625:     3360.000      111.000       55.000     1982.000       35.000
   630:     2132.000       85.000     2202.000      503.000     1545.000
   635:      144.000     3360.000       83.000     2609.000       28.000
   640:       52.000       74.000     3087.000      133.000       57.000
   645:     1875.000      248.000       82.000       66.000     2290.000
   650:       92.000      122.000     3169.000     3133.000      491.000
   655:     3168.000       39.000      146.000     2479.000       68.000
   660:       71.000     2312.000     2831.000      150.000       43.000
   665:     2440.000      114.000      107.000      811.000     2417.000
   670:     3441.000      301.000     2094.000     2988.000       65.000
   675:       80.000     2463.000     3285.000      116.000     2735.000
   680:     3417.000     2940.000      410.000      168.000      195.000
   685:     2690.000      149.000     2836.000       62.000     2542.000
   690:       97.000     3379.000      187.000     3644.000     2735.000
   695:      134.000     1592.000     1671.000      662.000      857.000
   700:     3275.000      137.000     4120.000       57.000     1122.000
   705:     2664.000      254.000       35.000     2134.000      123.000
   710:      603.000     3399.000     3210.000       49.000      370.000
   715:      421.000     1233.000      218.000       52.000     1268.000
   720:      986.000     1417.000      197.000      147.000     1700.000
   725:     1398.000      356.000     3325.000      266.000      627.000
   730:     2648.000     3656.000     3740.000     1200.000      191.000
   735:       30.000       61.000     2548.000     2628.000       37.000
   740:     3073.000      396.000     1719.000      634.000      418.000
   745:     3372.000      345.000      243.000     2007.000       51.000
   750:       51.000      944.000     1390.000     3044.000      135.000
   755:       48.000     2084.000     1285.000     2383.000      265.000
   760:       51.000      821.000     1182.000      929.000      146.000
   765:     3187.000       62.000     2960.000      289.000     1634.000
   770:       46.000     3566.000       88.000      131.000     3563.000
   775:       28.000      103.000       66.000     2989.000       96.000
   780:      475.000      114.000       76.000      176.000      521.000
   785:     2271.000      244.000     2352.000       85.000       59.000
   790:       68.000      220.000      138.000      130.000     2633.000
   795:      108.000       75.000     3546.000     1756.000      167.000
   800:       96.000       67.000      843.000     2808.000     1210.000
   805:       91.000       75.000     2452.000      814.000     1253.000
   810:     2474.000       57.000      378.000     1028.000     1055.000
   815:     2940.000      872.000      193.000      408.000     1155.000
   820:     3410.000       44.000      123.000     3806.000      414.000
   825:      177.000     3136.000     1025.000       52.000     3610.000
   830:       58.000       27.000       69.000      377.000      467.000
   835:      785.000      417.000      290.000     1311.000      276.000
   840:     1655.000       64.000     2983.000       77.000     2520.000
R:
     0:        1.000  1379774.063        0.000
T:
     0:        0.000        0.000        0.000        0.000
W:
     0:        0.000        0.000        0.000
