File: C:\MED-PC IV\Data\Reyes\AY\AY1057.999


Start Date: 10/14/24
End Date: 10/14/24
Subject: 57
Experiment: AY
Group: EXP20
Box: 1
Start Time: 14:56:51
End Time: 15:46:52
MSN: DRRD_exp_20
C:       0.000
F:       0.000
G:       0.000
H:       0.000
I:       0.000
J:       0.000
K:    1791.000
L:       0.000
M:       0.000
N:       0.000
O:       0.000
P:       0.000
Q:       0.000
R:       0.000
S:       0.000
U: 4574469.000
V:       0.000
X:       0.000
Y:    2144.000
Z:       0.000
A:
     0:     2544.005     2869.009     3391.005     3571.009     4403.005
     5:     4432.009     6166.005     6234.009     6235.005     6262.009
    10:    15000.013    15000.011    16435.001    16741.003    17187.005
    15:    17318.009    18003.001    18258.003    18328.001    18869.003
    20:    19012.005    19168.009    20341.001    20427.003    20447.001
    25:    20492.003    20502.001    20928.003    21148.001    21648.003
    30:    22463.001    23359.018    23629.003    23635.016    23685.026
    35:    23936.005    24543.009    25396.001    25902.003    25965.001
    40:    25984.003    26009.001    26905.018    27215.003    27221.016
    45:    27271.026    27365.005    28092.009    28096.005    28137.009
    50:    29404.001    29781.003    30054.005    30256.009    31013.001
    55:    31064.003    31091.001    31587.003    33563.005    33603.009
    60:    34353.001    34854.003    35166.005    35505.009    36038.001
    65:    36934.018    36999.003    37005.016    37055.026    37178.005
    70:    37713.009    40656.001    40719.003    40741.001    40754.003
    75:    40827.001    41024.003    41067.001    41090.003    41545.001
    80:    42191.003    43000.005    43167.009    45254.001    45412.003
    85:    45439.001    45979.003    46939.001    47835.018    47840.003
    90:    47846.016    47896.026    48022.005    48479.009    49128.001
    95:    49882.003    50088.005    50188.009    51183.001    51743.003
   100:    51751.001    51796.003    51867.005    52144.009    52703.001
   105:    53599.018    53646.003    53652.016    53702.026    53817.005
   110:    54286.009    54703.001    55174.003    55675.001    56487.003
   115:    56630.005    56789.009    57074.001    57754.003    57865.005
   120:    57993.009    58275.001    59171.018    60132.003    60138.016
   125:    60188.026    60291.005    60814.009    62895.001    63225.003
   130:    63236.001    63419.003    64679.001    65146.003    66691.001
   135:    67382.003    68551.005    68741.009    69115.001    69148.003
   140:    69159.001    69609.003    69908.005    70062.009    71278.001
   145:    71337.003    71369.001    72265.018    72279.003    72285.016
   150:    72335.026    72510.005    72943.009    74419.005    74441.009
   155:    77748.001    78016.003    78034.001    78496.003    78865.005
   160:    79002.009    79523.001    80419.018    80485.003    80491.016
   165:    80541.026    80683.005    81238.009    81338.005    81381.009
   170:    81989.001    82663.003    83311.005    83349.009    83737.001
   175:    83968.003    83977.001    84417.003    84747.005    84917.009
   180:    85366.001    86262.018    86304.003    86310.016    86360.026
   185:    86717.005    87036.009    91635.001    92531.018    92680.003
   190:    92686.016    92736.026    92760.005    93586.009    95092.001
   195:    95178.003    95197.001    95215.003    95233.001    96129.018
   200:    96213.003    96219.016    96269.026    96752.005    97375.009
   205:    99431.001    99467.003    99468.001   100290.003   100461.005
   210:   100639.009   101827.001   101925.003   101974.001   102870.018
   215:   103090.003   103096.016   103146.026   103243.005   103652.009
   220:   104143.001   105039.018   105252.003   105258.016   105308.026
   225:   105447.005   105937.009   106710.001   107403.003   109148.005
   230:   109327.009   109735.001   110631.018   110899.003   110905.016
   235:   110955.026   111091.005   111456.009   111836.001   112333.003
   240:   112370.001   113152.003   113369.005   113475.009   113743.001
   245:   114639.018   114678.003   114684.016   114734.026   114844.005
   250:   115327.009   115806.001   115856.003   116261.001   116279.003
   255:   116328.001   117224.018   118171.003   118177.016   118227.026
   260:   118421.005   118885.009   119028.005   119124.009   119136.005
   265:   119185.009   119413.001   119444.003   119520.001   119762.003
   270:   119798.001   119959.003   119982.001   120687.003   120744.001
   275:   120815.003   120849.001   121019.003   121515.005   121546.009
   280:   121868.001   122013.003   122024.001   122543.003   122738.005
   285:   122898.009   123506.001   124258.003   124808.005   124890.009
   290:   125474.001   125503.003   125524.001   126109.003   126857.001
   295:   127255.003   128043.005   128296.009   128787.001   129054.003
   300:   132278.001   132819.003   133454.001   134350.018   134374.003
   305:   134380.016   134430.026   134588.005   135143.009   138215.005
   310:   138237.009   138674.001   138747.003   138866.001   139690.003
   315:   139949.005   139982.009   140537.001   141433.018   141816.003
   320:   141822.016   141872.026   141928.005   142335.009   142564.001
   325:   142691.003   143081.001   143576.003   143769.001   143804.003
   330:   143833.001   144611.003   144841.005   144972.009   145196.001
   335:   145388.003   145520.001   145849.003   146019.001   146915.018
   340:   147194.003   147200.016   147250.026   147378.005   147792.009
   345:   149773.005   149802.009   151286.005   151301.009   151322.005
   350:   151346.009   154035.001   154140.003   154241.001   154547.003
   355:   154603.001   154636.003   154648.001   155178.003   155239.001
   360:   155458.003   155772.001   155851.003   156625.005   156788.009
   365:   158725.005   158960.009   159404.001   160292.003   161170.005
   370:   161323.009   162679.001   163575.018   163813.003   163819.016
   375:   163869.026   163976.005   164680.009   170715.001   170885.003
   380:   171104.001   171160.003   171176.001   172072.018   172093.003
   385:   172099.016   172149.026   172182.005   173210.009   174239.001
   390:   175135.018   175572.003   175578.016   175628.026   175745.005
   395:   176148.009   177331.001   178161.003   178337.005   178432.009
   400:   178791.005   178804.009   178806.005   178893.009   179802.001
   405:   179951.003   180842.001   181499.003   181919.005   182101.009
   410:   191984.001   192167.003   192210.001   192776.003   193187.005
   415:   193398.009   193894.001   194452.003   195029.005   195312.009
   420:   197903.001   198799.018   198917.003   198923.016   198973.026
   425:   199115.005   199521.009   202471.001   203151.003   203519.001
   430:   203538.003   203624.001   204520.018   204790.003   204796.016
   435:   204846.026   204954.005   205427.009   206246.001   206492.003
   440:   206637.001   206762.003   207014.001   207643.003   207883.005
   445:   208003.009   208537.001   208670.003   208733.001   208883.003
   450:   209688.001   210200.003   210439.005   210512.009   210916.001
   455:   211585.003   213548.001   213579.003   213587.001   214483.018
   460:   214782.003   214788.016   214838.026   214932.005   216141.009
   465:   220680.005   220707.009   221653.001   222549.018   222813.003
   470:   222819.016   222869.026   222938.005   223997.009   224014.005
   475:   224067.009   224691.001   224751.003   228234.005   228374.009
   480:   230014.005   230199.009   230789.001   231516.003   231965.005
   485:   232147.009   234648.005   234939.009   235435.001   235474.003
   490:   235511.001   235762.003   236532.001   237139.003   237383.005
   495:   237487.009   237914.001   238346.003   239451.001   240119.003
   500:   240911.001   240938.003   240951.001   241467.003   241489.001
   505:   242383.003   242542.005   242823.009   242846.005   243038.009
   510:   244983.001   245879.018   246122.003   246128.016   246178.026
   515:   246313.005   246773.009   251733.001   252190.003   252887.005
   520:   252969.009   256167.001   256258.003   256269.001   257165.018
   525:   257749.003   257755.016   257805.026   257851.005   258385.009
   530:   259408.001   259873.003   260072.001   260390.003   262215.001
   535:   263111.018   263112.003   263118.016   263168.026   263394.005
   540:   264152.009   264172.005   264319.009   264340.005   264373.009
   545:   265461.001   265508.003   265552.001   266448.018   266923.003
   550:   266929.016   266979.026   267054.005   268095.009   268137.005
   555:   268399.009   269812.001   269980.003   269994.001   270070.003
   560:   270126.001   270336.003   270766.005   270799.009   271332.001
   565:   272090.003   272676.005   272847.009   272959.005   273159.009
   570:   276941.001   277837.018   278326.003   278332.016   278382.026
   575:   278446.005   278921.009   279676.001   280572.018   280609.003
   580:   280615.016   280665.026   280812.005   281263.009   282070.001
   585:   282235.003   282245.001   283141.018   283531.003   283537.016
   590:   283578.001   283587.026   283690.003   283787.005   284530.009
   595:   284585.005   284633.009   284652.005   284681.009   285515.001
   600:   286135.003   287498.001   288394.018   288671.003   288677.016
   605:   288727.026   288933.005   289382.009   292102.001   292982.003
   610:   293166.005   293518.009   294004.005   294147.009   294952.001
   615:   295848.018   295918.003   295924.016   295974.026   296095.005
   620:   296548.009   298151.001   298514.003   300292.001   301092.003
   625:   301308.005   301398.009   301408.005   301452.009   302124.001
   630:   302893.003   304770.001   304799.003   304836.001   305050.003
   635:   305084.001   305613.003   306262.005   306438.009   312100.001
   640:   312996.018   312997.003   313003.016   313053.026   313166.005
   645:   313557.009   314383.001   315060.003   315879.001   316775.018
   650:   317845.003   317851.016   317901.026   318046.005   318560.009
   655:   318612.005   318780.009   319884.001   320780.018   320833.003
   660:   320839.016   320889.026   320974.005   321507.009   327633.005
   665:   327764.009   329640.005   329674.009   330735.001   331631.018
   670:   331920.003   331926.016   331976.026   331978.017   332071.005
   675:   332501.009   337895.005   337924.009   338052.005   338061.009
   680:   338076.005   338234.009   338942.001   339039.003   339163.001
   685:   340201.003   340572.005   340796.009   342190.001   342993.003
   690:   343203.005   343252.009   343257.005   343313.009   343331.005
   695:   343390.009   344397.001   345270.003   345656.001   345841.003
   700:   346476.005   346590.009   347062.001   347117.003   347154.001
   705:   348229.003   348235.016   348285.026   348481.005   348871.009
   710:   355004.001   355142.003   355161.001   356236.018   356686.003
   715:   356692.016   356742.026   356926.005   357740.009   358650.001
   720:   359132.003   359387.001   359773.003   360342.005   360355.009
   725:   362206.001   362299.003   362380.001   362666.003   364669.001
   730:   365744.018   366157.003   366163.016   366213.026   366355.005
   735:   366786.009   368425.001   369006.003   369828.001   370619.003
   740:   370811.001   371144.003   371589.005   371817.009   372337.001
   745:   373099.003   375260.001   376335.018   376365.003   376371.016
   750:   376421.026   376547.005   377301.009   377384.005   377543.009
   755:   378812.001   378970.003   379101.001   379191.003   379294.001
   760:   379319.003   380506.001   380968.003   382059.001   382611.003
   765:   383304.001   383346.003   383361.001   384075.003   384416.005
   770:   384519.009   385231.001   386273.003   387484.001   388559.018
   775:   388667.003   388673.016   388723.026   388871.005   389798.009
   780:   393499.001   393530.003   393564.001   394133.003   394254.005
   785:   394452.009   395339.001   396318.003   396883.005   396921.009
   790:   396923.005   397051.009   397550.001   398625.018   398890.003
   795:   398896.016   398946.026   398987.005   399591.009   400531.001
   800:   401463.003   404638.001   405415.003   405665.005   405915.009
   805:   406591.001   407352.003   408093.001   409005.003   409439.001
   810:   410148.003   410393.005   410507.009   411163.001   411725.003
   815:   412059.005   412178.009   414527.001   415602.018   415997.003
   820:   416003.016   416053.026   416160.005   416641.009   417351.001
   825:   417831.003   417893.001   418419.003   420134.001   421054.003
   830:   421508.005   421750.009   422220.001   423295.018   423542.003
   835:   423548.016   423598.026   423802.005   424345.009   426055.001
   840:   427130.018   427250.003   427256.016   427306.026   427368.005
   845:   428057.009   430287.001   431362.018   432306.003   432312.016
   850:   432362.026   432364.017   432456.005   433156.009   440811.001
   855:   442101.018   442168.003   442174.016   442224.026   442490.005
   860:   443084.009   443088.005   443194.009   444851.001   445593.003
   865:   445622.001   446369.003   447882.001   448607.003   448944.005
   870:   449464.009   450167.001   451184.003   452596.001   453306.003
   875:   454067.005   454173.009   460867.001   461832.003   462509.001
   880:   463551.003   463773.005   464158.009   464888.001   466178.018
   885:   466227.003   466233.016   466283.026   466508.005   467029.009
   890:   467510.001   467580.003   468985.001   469688.003   469950.005
   895:   470134.009   470151.005   470167.009   471065.001   472355.018
   900:   472437.003   472443.016   472493.026   472640.005   473242.009
   905:   473300.005   473353.009   474704.005   474762.009   485234.001
   910:   486346.003   486530.005   486682.009   487482.001   487514.003
   915:   487558.001   487646.003   487650.001   487869.003   487896.001
   920:   488774.003   488941.005   489023.009   489102.005   489111.009
   925:   501357.001   502181.003   502546.005   502592.009   502599.005
   930:   502638.009   503285.001   504131.003   507067.001   507088.003
   935:   507126.001   508416.018   508471.003   508477.016   508527.026
   940:   508553.005   509113.009   509606.001   509765.003   509831.001
   945:   510148.003   510522.001   511354.003   511689.005   511860.009
   950:   519558.001   520848.018   521134.003   521140.016   521190.026
   955:   521335.005   521912.009   524187.001   524893.003   525807.001
   960:   526642.003   527387.005   527403.009   527477.005   527556.009
   965:   528190.001   529427.003   529791.005   529978.009   530733.001
   970:   532023.018   532668.003   532674.016   532724.026   532752.005
   975:   533647.009   533668.005   533678.009   535117.001   535481.003
   980:   536766.001   536855.003   536888.001   537796.003   538244.005
   985:   538541.009   548554.001   549844.018   550492.003   550498.016
   990:   550548.026   550597.005   551095.009   551209.005   551232.009
   995:   551264.005   551933.009   555200.001   556489.003   558081.001
  1000:   559371.018   560416.005   560429.003   560435.016   560485.026
  1005:   561876.009   562129.005   562664.009   564545.001   565431.003
  1010:   565721.005   565837.009   565859.005   566282.009   567670.001
  1015:   568657.003   569850.001   570780.003   570997.005   571079.009
  1020:   573303.001   573894.003   574436.005   574771.009   575215.001
  1025:   575395.003   575479.001   576377.003   577373.005   577384.009
  1030:   577428.005   577450.009   577456.005   577606.009   583256.001
  1035:   583455.003   585611.001   585720.003   585737.001   586517.003
  1040:   586876.005   587667.009   593344.001   593964.003   594374.001
  1045:   594620.003   596042.001   596651.003   597475.005   597685.009
  1050:   597688.005   597709.009   598389.001   599446.003   599660.005
  1055:   599691.009   600075.005   600404.009   601117.001   602100.003
  1060:   602260.005   602340.009   603644.001   604496.003   604744.005
  1065:   604837.009   604918.005   604994.009   605539.001   605789.003
  1070:   605897.001   607187.018   607228.003   607234.016   607284.026
  1075:   607338.005   607901.009   607937.005   607982.009   608022.005
  1080:   608126.009   608216.005   608239.009   610348.001   611114.003
  1085:   611360.005   611513.009   612129.001   613392.003   613782.005
  1090:   613976.009   615265.001   615961.003   616135.005   616307.009
  1095:   618737.005   618748.009   618879.005   618912.009   618929.005
  1100:   618944.009   623141.005   623672.009   626091.001   626138.003
  1105:   626255.001   626572.003   626692.001   626873.003   627169.005
  1110:   627213.009   629300.001   629788.003   630278.005   630312.009
  1115:   631098.001   631789.003   632439.005   632447.009   632467.005
  1120:   632504.009   633922.001   634249.003   634894.005   635493.009
  1125:   636417.005   636462.009   637267.001   638383.003   640504.005
  1130:   640978.009   642049.001   642412.003   642890.005   642919.009
  1135:   643108.005   643146.009   643646.001   644455.003   644800.005
  1140:   645080.009   646158.001   646226.003   646248.001   646705.003
  1145:   647273.005   647693.009   648322.001   649333.003   649538.005
  1150:   649703.009   651135.001   651924.003   652573.005   652746.009
  1155:   653451.001   654411.003   655229.001   656066.003   656390.005
  1160:   656404.009   656423.005   656452.009   656467.005   656510.009
  1165:   657189.001   658479.018   658566.003   658572.016   658622.026
  1170:   658713.005   659941.009   662083.005   662108.009   662114.005
  1175:   662148.009   662829.001   664119.018   664264.003   664270.016
  1180:   664320.026   664481.005   665219.009   670226.001   670316.003
  1185:   670363.001   670468.003   670478.001   670688.003   671004.001
  1190:   671157.003   671495.005   671667.009   672815.001   673831.003
  1195:   675188.001   675258.003   675316.001   675721.003   675903.001
  1200:   676001.003   677269.001   677294.003   677326.001   678506.003
  1205:   678842.005   679149.009   679202.005   679269.009   679317.005
  1210:   679453.009   679897.001   679993.003   680194.001   681484.018
  1215:   681890.003   681896.016   681946.026   682159.005   682706.009
  1220:   684708.001   685099.003   686261.005   686276.009   686300.005
  1225:   686314.009   686899.001   688043.003   688489.005   688562.009
  1230:   689230.001   689579.003   689625.001   690267.003   690722.005
  1235:   690849.009   691888.001   692455.003   692473.001   693328.003
  1240:   693480.005   693744.009   695675.001   695752.003   695786.001
  1245:   696938.003   697440.005   697470.009   697494.005   697513.009
  1250:   698321.001   699182.003   700562.001   701283.003   701304.001
  1255:   702203.003   702712.005   702743.009   702751.005   702793.009
  1260:   702814.005   703023.009   704045.001   704183.003   704226.001
  1265:   704775.003   705695.005   705853.009   706097.005   706413.009
  1270:   707405.001   707437.003   707474.001   708478.003   710177.001
  1275:   711228.003   711276.001   711376.003   712673.001   713592.003
  1280:   714438.005   714455.009   714464.005   714610.009   715030.001
  1285:   715088.003   715101.001   716391.018   717577.003   717583.016
  1290:   717633.026   717721.005   718595.009   721670.001   722036.003
  1295:   722082.001   722307.003   722808.005   722825.009   722850.005
  1300:   722988.009   723524.001   724775.003   725462.005   725537.009
  1305:   725608.005   725637.009   726277.001   726331.003   726372.001
  1310:   727394.003   727455.001   727661.003   728764.001   728874.003
  1315:   728889.001   730179.018   730514.003   730520.016   730570.026
  1320:   730589.005   731780.009   738958.001   739230.003   739331.001
  1325:   740260.003   741052.005   741193.009   743757.001   744755.003
  1330:   747808.001   748779.003   749005.005   749356.009   750540.001
  1335:   751426.003   751989.005   752011.009   752641.001   752690.003
  1340:   752810.001   753850.003   754021.005   754062.009   755293.001
  1345:   756525.003   760661.001   760792.003   761099.001   761287.003
  1350:   762394.001   762548.003   763586.005   763665.009   764222.001
  1355:   764789.003   765010.005   765041.009   765048.005   765141.009
  1360:   765189.005   765223.009   765961.005   766091.009   766628.001
  1365:   767761.003   768524.001   769400.003   769567.005   769643.009
  1370:   770626.001   771916.018   772578.003   772584.016   772634.026
  1375:   772809.005   773879.009   776400.001   777439.003   777563.005
  1380:   777879.009   778659.001   778987.003   779046.001   780310.003
  1385:   780530.005   780562.009   780956.001   780983.003   781050.001
  1390:   781336.003   781378.001   781676.003   781712.001   782303.003
  1395:   783560.001   784632.003   790521.001   790588.003   791001.001
  1400:   792291.018   792702.003   792708.016   792758.026   792816.001
  1405:   792925.003   793151.005   793900.009   794288.005   794635.009
  1410:   794880.005   794983.009   795695.001   795727.003   796337.001
  1415:   796517.003   796534.001   796639.003   797106.001   797696.003
  1420:   810028.001   810418.003   810462.001   810565.003   810590.001
  1425:   811555.003   812120.005   812360.009   813030.001   814320.018
  1430:   815105.003   815111.016   815161.026   815259.005   815798.009
  1435:   815870.005   815989.009   829236.005   829281.009   829925.001
  1440:   830256.003   830277.001   830407.003   830412.001   830768.003
  1445:   830911.005   831092.009   831217.005   831418.009   832635.001
  1450:   832761.003   832779.001   833457.003   833515.001   833718.003
  1455:   834247.005   834263.009   835272.001   836478.003   845396.001
  1460:   846686.018   846720.003   846726.016   846776.026   846873.005
  1465:   847459.009   850122.001   850287.003   850452.001   850502.003
  1470:   850652.001   851369.003   853096.001   853297.003   853354.001
  1475:   853378.003   853397.001   854667.003   857083.005   857098.009
  1480:   857160.005   857256.009   858181.001   858439.003   858487.001
  1485:   858943.003   859183.005   859315.009   865794.005   865822.009
  1490:   866027.005   866344.009   866473.005   866626.009   866646.005
  1495:   866677.009   866701.005   866931.009   866952.005   867245.009
  1500:   867285.005   867581.009   867627.005   867894.009   868471.001
  1505:   868829.003   869807.005   869846.009   869856.005   869912.009
  1510:   869914.005   869961.009   870481.001   870777.003   870838.001
  1515:   871882.003   872367.005   872390.009   873755.001   874827.003
  1520:   876310.001   877238.003   877766.005   877802.009   877819.005
  1525:   877843.009   878580.001   879375.003   890879.005   891009.009
  1530:   894811.001   895101.003   895179.001   896301.003   896386.001
  1535:   897424.003   897666.005   897921.009   914089.005   914211.009
  1540:   914326.005   914342.009   914356.005   914413.009   915182.005
  1545:   915211.009   915343.005   915392.009   915574.005   915849.009
  1550:   917041.001   917211.003   917782.005   918017.009   918054.005
  1555:   918189.009   918530.001   918915.003   924771.001   925066.003
  1560:   925410.001   925828.003   925862.001   927152.018   927255.003
  1565:   927261.016   927311.026   927317.005   928342.009   930300.001
  1570:   930706.003   930736.001   931836.003   931943.005   932214.009
  1575:   932230.005   932361.009   933468.001   934576.003   935087.005
  1580:   935108.009   935111.005   935219.009   935789.001   936714.003
  1585:   936882.005   937129.009   937135.005   937238.009   937877.001
  1590:   938433.003   938454.001   939474.003   940003.005   940099.009
  1595:   940858.001   942118.003   942231.005   942488.009   943202.001
  1600:   943294.003   943338.001   943386.003   943895.001   944595.003
  1605:   945175.005   945500.009   946940.001   947037.003   947557.001
  1610:   948847.018   948970.003   948976.016   949026.026   949077.005
  1615:   949680.009   956898.005   957063.009   957927.001   958107.003
  1620:   958160.001   959048.003   959108.001   959503.003   959557.001
  1625:   959717.003   960715.005   960865.009   960952.005   961034.009
  1630:   961589.001   962462.003   963015.005   963109.009   963131.005
  1635:   963147.009   963854.001   964685.003   966172.001   966200.003
  1640:   966218.001   967508.018   968837.003   968843.016   968868.005
  1645:   968893.026   970358.009   972237.005   972327.009   973880.001
  1650:   975170.018   975288.003   975294.016   975344.026   975397.005
  1655:   976414.009   978973.001   979067.003   979161.001   980196.003
  1660:   980686.005   980706.009   982980.001   983733.003   984325.005
  1665:   984708.009   985651.001   985699.003   985749.001   986560.003
  1670:   987143.005   987362.009   987749.001   989039.018   989580.003
  1675:   989586.016   989636.026   989680.005   990402.009   990483.005
  1680:   990702.009   991852.001   992104.003   992202.001   992784.003
  1685:   993517.005   993555.009   993569.005   993609.009   993619.005
  1690:   993653.009   994285.001   994839.003   995178.005   995346.009
  1695:   995805.001   996392.003   996953.005   996992.009   996995.005
  1700:   997042.009   997586.001   998620.003   999123.005   999407.009
  1705:  1000500.001  1000855.003  1000880.001  1001351.003  1001522.001
  1710:  1001617.003  1002167.005  1002458.009  1006939.005  1006987.009
  1715:  1007795.001  1009085.018  1009204.003  1009210.016  1009260.026
  1720:  1009337.005  1009987.009  1012344.001  1012466.003  1013714.001
  1725:  1013867.003  1013897.001  1015187.018  1015308.003  1015314.016
  1730:  1015364.026  1015397.005  1016206.009  1017691.001  1017780.003
  1735:  1017838.001  1018604.003  1018725.005  1018903.009  1018907.005
  1740:  1018940.009  1020179.001  1021469.018  1021481.003  1021487.016
  1745:  1021537.026  1021698.005  1022382.009  1022543.005  1022557.009
  1750:  1026715.005  1026765.009  1026805.005  1027267.009  1028714.001
  1755:  1029685.003  1031576.001  1031797.003  1032074.001  1032972.003
  1760:  1033070.005  1033893.009  1035071.001  1035852.003  1036063.005
  1765:  1036094.009  1036100.005  1036130.009  1036937.001  1037133.003
  1770:  1037233.001  1037618.003  1038341.001  1038625.003  1038755.005
  1775:  1038989.009  1041216.005  1041485.009  1042016.001  1043210.003
  1780:  1044342.005  1044735.009  1046917.001  1047517.003  1048005.005
  1785:  1048551.009  1049529.001  1049705.003  1049734.001  1050603.003
  1790:  1051862.001  1051897.003  1051925.001  1052998.003  1054477.005
  1795:  1054511.009  1065953.005  1065964.009  1100734.001  1100831.003
  1800:  1101142.005  1101369.009  1104096.001  1104179.003  1105855.005
  1805:  1105879.009  1105898.005  1105938.009  1111298.001  1111369.003
  1810:  1134485.001  1134642.003  1135819.001  1136632.003  1144165.001
  1815:  1145399.003  1146369.005  1146579.009  1147595.001  1148037.003
  1820:  1148074.001  1148137.003  1149337.001  1150396.003  1150507.005
  1825:  1151150.009  1152087.001  1153052.003  1153403.005  1153535.009
  1830:  1154108.001  1154885.003  1156532.001  1157822.018  1158166.003
  1835:  1158172.016  1158222.026  1158281.005  1158986.009  1161152.001
  1840:  1161863.003  1162209.005  1162389.009  1163215.001  1163979.003
  1845:  1164954.005  1164997.009  1165974.001  1166109.003  1166288.001
  1850:  1166528.003  1168373.005  1168453.009  1170721.001  1170812.003
  1855:  1170869.001  1171799.003  1172552.005  1172586.009  1172613.005
  1860:  1172628.009  1173528.001  1173827.003  1175766.005  1175798.009
  1865:  1182022.001  1182379.003  1182727.005  1182754.009  1182943.005
  1870:  1183013.009  1183663.001  1183723.003  1184310.005  1184698.009
  1875:  1190835.001  1191311.003  1191341.001  1191550.003  1193278.001
  1880:  1193489.003  1195298.001  1195914.003  1196397.005  1196826.009
  1885:  1197632.001  1197664.003  1197740.001  1199030.018  1199034.003
  1890:  1199040.016  1199090.026  1199127.005  1200145.009  1204018.005
  1895:  1204034.009  1204037.005  1204085.009  1204269.005  1204335.009
  1900:  1204829.001  1205228.003  1205579.005  1205788.009  1206342.001
  1905:  1207278.003  1207907.005  1208008.009  1208625.001  1209915.018
  1910:  1209945.003  1209951.016  1209976.005  1210001.026  1210849.009
  1915:  1214603.001  1215859.003  1215899.005  1216336.009  1218054.001
  1920:  1218445.003  1219120.005  1219277.009  1219717.001  1221007.018
  1925:  1221135.003  1221141.016  1221191.026  1221374.005  1221837.009
  1930:  1221843.005  1221871.009  1221973.005  1222002.009  1243602.005
  1935:  1243712.009  1243766.005  1243944.009  1245140.005  1245393.009
  1940:  1251435.001  1251666.003  1251699.001  1252609.003  1252851.005
  1945:  1253055.009  1254003.001  1254231.003  1254303.001  1254493.003
  1950:  1255643.005  1255921.009  1258508.001  1258687.003  1258771.001
  1955:  1258865.003  1261082.001  1261618.003  1263325.005  1263573.009
  1960:  1263960.001  1264189.003  1264230.001  1265328.003  1265456.005
  1965:  1265826.009  1266612.001  1267155.003  1267429.001  1267496.003
  1970:  1268334.005  1268536.009  1276444.005  1276471.009  1277421.001
  1975:  1277607.003  1277651.001  1277819.003  1278599.001  1279212.003
  1980:  1279296.001  1279420.003  1279778.005  1279819.009  1280853.001
  1985:  1281085.003  1281385.005  1281424.009  1281438.005  1281691.009
  1990:  1282646.001  1283095.003  1283281.001  1283404.003  1284152.005
  1995:  1284455.009  1291237.001  1291315.003  1291637.001  1291877.003
  2000:  1291974.001  1292029.003  1292914.001  1293562.003  1293803.005
  2005:  1294214.009  1309865.005  1310109.009  1310300.005  1310329.009
  2010:  1310337.005  1310917.009  1311270.005  1311678.009  1311839.005
  2015:  1312215.009  1319807.001  1320403.003  1320432.001  1320526.003
  2020:  1321309.001  1322208.003  1322940.005  1323159.009  1323760.001
  2025:  1323843.003  1323861.001  1324435.003  1325003.005  1325243.009
  2030:  1325733.001  1325788.003  1325861.001  1326852.003  1327497.005
  2035:  1327947.009  1378210.001  1378543.003  1378586.001  1379107.003
  2040:  1379565.001  1379613.003  1379948.001  1380001.003  1380071.001
  2045:  1380265.003  1380701.005  1380745.009  1380751.005  1380789.009
  2050:  1380897.005  1380913.009  1381915.001  1382107.003  1382390.001
  2055:  1382458.003  1382818.005  1382857.009  1392775.001  1393551.003
  2060:  1394070.005  1394745.009  1402678.005  1402752.009  1403689.001
  2065:  1404386.003  1405826.001  1406213.003  1406865.005  1407086.009
  2070:  1408177.001  1409210.003  1409279.005  1409580.009  1412429.005
  2075:  1412691.009  1412766.005  1412890.009  1412905.005  1413076.009
  2080:  1413143.005  1413242.009  1413477.005  1413503.009  1416088.001
  2085:  1416159.003  1416697.001  1417259.003  1418804.001  1419728.003
  2090:  1420312.005  1420645.009  1423116.005  1423377.009  1423953.001
  2095:  1425044.003  1425350.005  1426091.009  1436406.005  1436758.009
  2100:  1442469.001  1443367.003  1444238.001  1444343.003  1444927.005
  2105:  1445218.009  1445272.005  1445323.009  1446362.001  1447070.003
  2110:  1448514.005  1448713.009  1449380.001  1449602.003  1449686.001
  2115:  1449892.003  1450875.005  1450968.009  1451059.005  1451367.009
  2120:  1451715.001  1451791.003  1452059.001  1452580.003  1455756.005
  2125:  1456165.009  1456761.001  1457285.003  1457319.001  1457556.003
  2130:  1458317.005  1458333.009  1458334.005  1458377.009  1458774.001
  2135:  1459649.003  1460175.005  1460615.009  1474189.001  1474367.003
  2140:  1474664.005  1474684.009  1474776.005  1475434.009
B:
     0:        0.000      528.000        0.000      528.000        0.000
     5:      424.000        0.000        0.000        0.000      424.000
    10:        0.000        1.000        0.000        1.000        0.000
    15:        0.000       79.000        2.000       78.000        0.000
    20:        0.000        0.000        0.000        0.000        0.000
    25:        0.000       79.000        0.000        0.000        0.000
    30:        0.000
D:
     0:  6048835.000  6048658.000  6048836.000
E:
     0:      895.500     1289.520
T:
     0:        0.000        0.000        0.000        0.000
W:
     0:        0.000        0.000        0.000
