File: C:\MED-PC IV\Data\Reyes\AY\AY1072.999


Start Date: 10/31/24
End Date: 10/31/24
Subject: 72
Experiment: AY
Group: EXP10
Box: 4
Start Time: 13:10:08
End Time: 14:00:08
MSN: DRRD_exp_10
C:       0.000
F:       3.000
G:       0.000
H:       0.000
I:       0.000
J:       0.000
K:   10000.000
L:       0.000
M:       0.000
N:       0.000
O:       0.000
P:       0.000
Q:       0.000
R:       0.000
S:       0.000
U:    2645.000
V:       0.000
X:       0.000
Y:    3229.000
Z:       0.000
A:
     0:     1255.005     1276.009     1336.005     1443.009     1455.005
     5:     1625.009     1644.005     1719.009     8823.005     8882.009
    10:     8919.005     8925.009    10468.005    10556.009    15000.013
    15:    15000.011    16985.001    17151.003    17208.001    17280.003
    20:    17970.001    18181.003    18285.001    18312.003    18500.001
    25:    18730.003    18780.001    18832.003    18862.001    19185.005
    30:    19227.009    19557.005    19591.009    19899.005    19934.009
    35:    19971.005    20042.009    20678.005    20690.009    21005.005
    40:    21082.009    21137.005    21208.009    21230.005    21953.003
    45:    22074.001    22131.003    22179.001    22453.009    22538.005
    50:    22551.009    22613.005    22650.009    22660.005    22711.009
    55:    22892.005    22903.009    22943.005    23067.009    23137.005
    60:    23148.009    23352.005    23692.009    23712.005    23918.009
    65:    23963.003    24116.005    24126.009    25195.001    25231.003
    70:    25253.001    25618.005    25633.009    25718.005    25735.009
    75:    25738.005    26067.009    26110.005    26119.009    26156.005
    80:    27195.009    27991.005    28080.009    28098.005    28166.003
    85:    28279.009    29532.005    29597.001    29786.003    29846.001
    90:    30117.009    30139.005    30161.009    30454.005    30536.009
    95:    30733.003    30889.005    31022.009    31024.005    31032.009
   100:    31456.005    31552.009    32143.005    32176.009    32189.005
   105:    32272.009    32313.005    32400.009    33479.001    33692.003
   110:    33762.001    34006.005    34149.009    34626.005    34637.009
   115:    34688.005    34776.009    35013.005    35067.009    35088.005
   120:    35467.009    35860.005    35863.009    35939.005    35975.009
   125:    36021.005    36317.009    36356.005    36369.009    36461.005
   130:    36507.009    36518.005    37336.003    37563.001    37703.003
   135:    37743.001    38823.009    39966.005    39973.009    39976.005
   140:    39979.009    39982.005    40017.009    41431.003    41693.005
   145:    42317.009    44031.001    44437.005    44621.009    44877.005
   150:    46299.009    46571.005    46623.009    46640.005    47675.003
   155:    47755.009    47788.005    47790.009    47868.001    49845.005
   160:    49899.009    50035.005    50076.009    50083.005    50091.009
   165:    52868.018    53740.003    53746.016    53796.026    53942.005
   170:    54476.009    55117.001    55307.003    55342.001    55906.005
   175:    56081.009    56102.005    56451.009    56490.005    57523.009
   180:    57924.005    58077.009    58104.005    58373.009    58461.005
   185:    58474.009    58493.005    58534.009    58671.005    58711.009
   190:    58761.005    58774.009    58893.005    58998.009    59002.005
   195:    59236.003    59264.009    59280.005    59314.009    59580.001
   200:    60388.005    60440.009    60460.005    60650.009    60669.005
   205:    60724.009    61800.005    61805.009    62820.005    63347.003
   210:    63402.009    63560.005    64016.009    64481.001    66278.003
   215:    66346.001    66678.005    67010.009    67056.005    67258.009
   220:    67494.005    67874.009    68641.005    68771.009    68805.005
   225:    68834.009    68853.005    69198.009    69314.005    69445.009
   230:    69460.005    69559.009    70080.005    70220.009    70273.005
   235:    70879.003    70988.009    70990.005    71008.009    72282.001
   240:    73199.005    73294.009    73442.005    73474.009    73504.005
   245:    73765.009    73818.005    74776.009    75072.005    75084.009
   250:    75612.005    75935.009    76364.005    76409.009    76445.005
   255:    76458.009    77083.005    77282.018    77977.003    77983.016
   260:    78033.026    78082.009    78218.005    78514.009    78599.005
   265:    78669.009    78693.005    78694.009    79933.001    80864.003
   270:    80886.001    81077.005    81084.009    82156.005    82166.009
   275:    82256.005    82292.009    82744.005    83815.009    83826.005
   280:    84277.009    84386.005    84395.009    84426.005    84442.009
   285:    84452.005    84587.009    84767.005    85162.003    88408.001
   290:    88850.009    88868.005    88881.009    88920.005    89222.009
   295:    89260.005    89997.009    90135.005    90169.009    90768.005
   300:    90777.009    90845.005    91642.009    93255.003    96205.005
   305:    96237.009    96958.001    97231.005    97396.009    97603.005
   310:    97633.009    97685.005    99125.009    99796.005   101376.009
   315:   101498.005   101958.018   103754.003   103760.016   103810.026
   320:   103893.009   104000.005   104409.009   104434.005   104443.009
   325:   104456.005   104477.009   105301.001   105682.005   105711.009
   330:   105809.005   105888.009   106023.005   106025.009   106063.005
   335:   106311.009   106550.005   106579.009   106649.005   108318.009
   340:   108463.005   108470.009   109448.005   109698.009   109872.005
   345:   109943.009   110019.005   110301.018   111448.009   111699.003
   350:   111705.016   111727.005   111755.026   111807.009   111808.005
   355:   111812.009   111944.005   112481.009   112487.005   112692.009
   360:   114102.001   114296.003   114320.001   114783.005   115152.009
   365:   115178.005   115281.009   115333.005   115356.009   115423.005
   370:   115433.009   115469.005   115489.009   115710.005   116434.009
   375:   116460.005   117161.009   117184.005   117227.009   117341.005
   380:   117399.009   117453.005   117484.009   117501.005   117677.009
   385:   117918.005   117961.009   118010.005   118048.009   118104.005
   390:   118128.009   118916.005   118964.009   119320.018   120482.003
   395:   120488.016   120538.026   120549.005   120588.009   120706.005
   400:   121685.009   122878.001   122926.003   122962.001   123202.005
   405:   123241.009   123645.005   123669.009   123728.005   123751.009
   410:   123910.005   123926.009   124505.005   124643.009   124653.005
   415:   124673.009   124684.005   124759.009   127422.005   127456.009
   420:   127962.018   130040.003   130046.016   130096.026   130125.005
   425:   130147.009   130259.005   130613.009   130656.005   130757.009
   430:   131871.001   132135.003   132166.001   132626.005   133901.009
   435:   134467.005   134488.009   137166.018   137972.003   137978.016
   440:   138028.026   138036.005   138045.009   138276.005   138680.009
   445:   146729.001   146973.005   147003.009   147331.005   147336.009
   450:   147376.005   147609.009   147679.005   147704.009   147791.005
   455:   147888.009   147991.005   148543.009   150253.005   150815.009
   460:   151729.018   151843.005   152551.009   154290.003   154296.016
   465:   154346.026   154548.005   155402.009   156368.001   156651.005
   470:   156695.009   156837.005   157183.003   157199.001   157483.009
   475:   157495.005   157503.009   157521.005   158484.009   158730.005
   480:   158739.009   160717.005   160726.009   160728.005   160732.009
   485:   161113.005   162199.018   162253.003   162259.016   162309.026
   490:   162334.009   162335.005   162338.009   162437.005   162807.009
   495:   164029.001   164456.005   164663.009   164728.005   164743.009
   500:   164784.005   164904.009   164941.005   165042.009   165164.005
   505:   166166.009   167198.005   167333.009   167348.005   167898.009
   510:   169029.018   170154.003   170160.016   170174.005   170210.026
   515:   170234.009   170358.005   171399.009   173168.001   173685.005
   520:   173919.009   174108.005   175254.009   175300.005   175451.009
   525:   175501.005   175502.009   175534.005   175588.009   175785.005
   530:   175803.009   175840.005   176859.009   176893.005   178168.018
   535:   178753.003   178759.016   178809.026   178965.009   179029.005
   540:   179345.009   179448.005   179464.009   180447.001   180885.005
   545:   180912.009   181369.005   181378.009   181407.005   183764.009
   550:   185447.018   186341.005   187011.009   187156.005   188109.003
   555:   188115.016   188165.026   188245.009   188378.005   189244.009
   560:   189320.005   189354.009   190301.001   190959.005   191152.009
   565:   191178.005   191187.009   191221.005   191592.009   191647.005
   570:   192051.009   192092.005   195209.003   196760.001   196886.003
   575:   196898.001   197003.009   197039.005   197407.009   197448.005
   580:   198423.009   198471.005   200158.009   200524.005   200882.009
   585:   200904.005   201898.018   202129.003   202135.016   202185.026
   590:   202414.009   202539.005   203164.009   203183.005   203273.009
   595:   209727.001   209871.005   209914.009   209946.005   210039.009
   600:   210230.005   210297.009   210393.005   210399.009   210442.005
   605:   210707.009   210878.005   210980.009   211237.005   211256.009
   610:   211271.005   211341.009   211360.005   211385.009   211406.005
   615:   211808.009   211867.005   212081.009   212090.005   212105.009
   620:   213585.005   213646.009   213733.005   213825.009   213899.005
   625:   214727.018   216096.003   216102.016   216152.026   216204.009
   630:   216213.005   216220.009   216325.005   216617.009   216639.005
   635:   216780.009   217636.001   218330.005   218410.009   222636.018
   640:   223365.003   223371.016   223421.026   223645.005   224474.009
   645:   225481.001   225857.005   225875.009   226467.005   226476.009
   650:   226498.005   226805.009   226849.005   227486.003   227528.001
   655:   227648.009   228763.005   229012.009   229134.005   229228.009
   660:   231383.003   232188.001   232205.003   232226.001   232231.005
   665:   232246.009   232248.005   232332.009   232380.005   232570.003
   670:   232614.001   233173.003   233185.001   233855.009   237365.003
   675:   238087.005   238291.009   240236.001   240861.003   240975.001
   680:   241018.003   241078.001   241696.005   241771.009   241789.005
   685:   242842.009   243135.005   244251.009   245637.003   245679.001
   690:   246937.003   247426.001   248027.003   248103.001   250489.005
   695:   250800.009   252326.005   252330.009   253103.018   253183.003
   700:   253189.016   253239.026   253310.005   253372.009   253482.005
   705:   253817.009   255003.001   255439.005   255464.009   255924.005
   710:   255929.009   255953.005   256130.009   256202.005   256346.009
   715:   256365.005   257007.009   257045.005   257584.009   258531.005
   720:   258778.009   258920.005   260003.018   261397.003   261403.016
   725:   261453.026   261579.009   261696.005   262540.009   263461.001
   730:   263827.005   263838.009   264082.005   264106.009   264132.005
   735:   265022.009   265051.005   265646.009   266977.005   267003.009
   740:   268461.018   270479.003   270485.016   270535.026   270615.005
   745:   270627.009   270761.005   271030.009   271061.005   271065.009
   750:   272282.001   273012.005   273030.009   273185.005   273194.009
   755:   274699.005   275510.009   277282.018   278022.003   278028.016
   760:   278078.026   278240.005   278242.009   278358.005   279257.009
   765:   280080.001   280491.005   280520.009   281174.005   281188.009
   770:   281192.005   281470.009   281510.005   281750.009   281760.005
   775:   283282.009   283396.005   283411.009   283414.005   285080.018
   780:   286142.003   286148.016   286198.026   286291.009   286400.005
   785:   286630.009   286633.005   286637.009   286786.005   287742.009
   790:   288971.001   289302.005   289325.009   289727.005   289736.009
   795:   289763.005   289883.009   289934.005   290131.009   290180.005
   800:   290183.009   290282.005   290483.009   290503.005   290835.009
   805:   290840.005   290917.009   291199.005   291392.009   292753.005
   810:   293971.018   295188.009   295212.005   295280.003   295286.016
   815:   295304.009   295325.005   295336.026   295373.009   295426.005
   820:   295432.009   295564.005   296206.009   296221.005   296299.009
   825:   297062.001   297144.003   297187.001   297495.005   297528.009
   830:   297730.003   297763.001   297852.005   297858.009   297905.005
   835:   297956.009   298062.005   298396.009   298516.005   298536.009
   840:   302101.003   303319.001   304036.005   304485.009   304517.005
   845:   304522.009   304528.005   305092.009   305875.005   305901.009
   850:   306408.005   306579.009   308208.003   309449.001   309467.003
   855:   309534.001   309670.003   309696.001   309835.005   309904.009
   860:   309943.005   310293.009   310331.005   310935.009   311176.005
   865:   311254.009   311260.005   311520.009   314407.003   316068.001
   870:   317714.005   317762.009   317817.005   317835.009   320831.003
   875:   321489.001   322242.005   322336.009   322401.005   322422.009
   880:   322601.005   323760.009   323859.005   323902.009   323928.005
   885:   324007.009   324727.005   326489.018   327171.003   327177.016
   890:   327227.026   327291.009   327417.005   328348.009   328410.005
   895:   328493.009   330461.005   330605.009   331307.001   331768.005
   900:   331784.009   331824.005   332092.009   332140.005   332149.009
   905:   332201.005   332212.009   332328.005   332352.009   332403.005
   910:   332543.009   332582.005   332716.009   333429.005   333438.009
   915:   335725.005   335745.009   336307.018   337728.003   337734.016
   920:   337784.026   337799.005   337818.009   337973.005   337981.009
   925:   337983.005   339126.009   339996.001   340045.003   340094.001
   930:   340439.005   340461.009   340746.005   340751.009   340767.005
   935:   340788.009   341515.005   341621.009   342523.005   342730.009
   940:   342757.005   342768.009   345094.018   345778.003   345784.016
   945:   345834.026   345899.005   345923.009   346023.005   346490.009
   950:   346507.005   346543.009   347796.001   348336.005   348356.009
   955:   348770.005   348798.009   348801.005   348819.009   349277.005
   960:   349409.009   349489.005   349523.009   349552.005   350544.009
   965:   352796.018   353380.003   353386.016   353436.026   353509.005
   970:   353522.009   353645.005   353902.009   353990.005   354038.009
   975:   354091.005   354129.009   354948.001   355542.005   355664.009
   980:   355812.005   355840.009   355862.005   356096.009   356143.005
   985:   356177.009   356256.005   356409.009   356434.005   356466.009
   990:   357012.005   357030.009   358481.005   358640.009   359948.018
   995:   360567.003   360573.016   360623.026   360700.005   360712.009
  1000:   360823.005   361243.009   362706.001   363005.005   363025.009
  1005:   363305.003   363371.001   363522.005   363573.009   363801.005
  1010:   363812.009   363835.005   364816.009   364822.005   364830.009
  1015:   365378.005   368080.003   369037.001   369120.003   369173.001
  1020:   369489.003   369511.001   369701.009   371606.003   373674.005
  1025:   373855.009   374401.001   374746.005   374829.009   375090.005
  1030:   375105.009   375151.005   375302.009   375387.005   375445.009
  1035:   375486.005   376036.009   376060.005   376806.009   378652.005
  1040:   378658.009   379401.018   379786.003   379792.016   379842.026
  1045:   380092.005   380890.009   395385.001   396250.005   396328.003
  1050:   396371.001   396743.009   396789.005   396801.009   397494.005
  1055:   397719.009   397788.005   397799.009   398732.005   400427.003
  1060:   400874.001   401158.003   401192.001   401616.009   401635.005
  1065:   401778.009   401801.005   402074.009   405079.005   405093.009
  1070:   405311.005   405383.009   406109.003   407518.005   407549.009
  1075:   407584.005   407920.001   408016.009   408075.005   408753.009
  1080:   408763.005   408768.009   408862.005   408905.009   408997.005
  1085:   409032.009   409112.005   409572.009   410018.005   410034.009
  1090:   410777.005   410785.009   410797.005   411057.009   411103.005
  1095:   411186.009   411211.005   411422.009   412583.005   412854.009
  1100:   412888.005   412904.009   412920.018   412954.005   412986.009
  1105:   413019.005   413065.009   413087.005   413273.003   413279.016
  1110:   413329.026   413390.009   413500.005   413785.009   413801.005
  1115:   413827.009   413837.005   414058.009   414066.005   414100.009
  1120:   415092.001   416340.005   416359.009   420092.018   420240.003
  1125:   420246.016   420296.026   420430.005   420785.009   420841.005
  1130:   421001.009   421069.005   421072.009   421096.005   421113.009
  1135:   422112.001   422629.005   422906.009   422997.005   424535.009
  1140:   424989.005   425208.009   425266.005   425387.009   427112.018
  1145:   427745.003   427751.016   427801.026   427879.005   427887.009
  1150:   427988.005   429236.009   430509.001   431011.005   431231.009
  1155:   431329.005   431334.009   431382.005   431389.009   431532.005
  1160:   431547.009   431840.005   431899.009   431975.005   432097.009
  1165:   432191.005   432340.009   432427.005   432539.009   432559.005
  1170:   432706.009   432726.005   432755.009   433269.005   433362.009
  1175:   433395.005   433514.009   433597.005   433974.009   433982.005
  1180:   434186.009   434217.005   435509.018   435735.003   435741.016
  1185:   435753.009   435781.005   435791.026   435803.009   435869.005
  1190:   435876.009   436008.005   436874.009   438276.001   438909.005
  1195:   438936.009   438957.005   438976.009   439002.005   439276.009
  1200:   439843.005   440232.009   440255.005   440264.009   441148.005
  1205:   441210.009   441435.005   441471.009   442034.005   443276.018
  1210:   444083.003   444089.016   444116.009   444139.026   444140.005
  1215:   444158.009   444182.005   444211.009   444286.005   444736.009
  1220:   446161.001   446535.005   446566.009   446835.005   446840.009
  1225:   446864.005   446918.009   447132.005   448179.009   448415.005
  1230:   448424.009   448500.005   448520.009   448546.005   448912.009
  1235:   448993.005   449178.009   449228.005   449247.009   449422.005
  1240:   449427.009   450417.003   450887.001   451659.005   451664.009
  1245:   454861.005   454869.009   454912.005   454989.009   455008.005
  1250:   455044.009   455587.005   455672.009   455887.018   457373.003
  1255:   457379.016   457429.026   457581.005   458445.009   458485.005
  1260:   458711.009   458756.005   458770.009   460051.001   460651.005
  1265:   462179.009   462303.005   462401.009   465051.018   465138.003
  1270:   465144.016   465194.026   465369.005   466484.009   468366.001
  1275:   468880.005   468912.009   469697.005   469972.009   470419.005
  1280:   470592.009   470647.005   470661.009   470675.005   470704.009
  1285:   470722.005   473366.018   475050.003   475056.016   475106.026
  1290:   475169.009   475178.005   475183.009   475305.005   476776.009
  1295:   476806.005   476835.009   478480.001   479035.005   479072.009
  1300:   479354.005   479365.009   479392.005   479572.009   479746.005
  1305:   480523.009   480641.005   483480.018   484149.003   484155.016
  1310:   484205.026   484269.009   484287.005   484305.009   484398.005
  1315:   484978.009   484999.005   485052.009   486628.001   487328.005
  1320:   487340.009   488495.005   488508.009   489552.005   490928.009
  1325:   490934.005   490954.009   491051.005   491077.009   491084.003
  1330:   491092.005   491557.001   491752.009   492099.003   492169.001
  1335:   497169.018   497632.003   497638.016   497688.026   497927.005
  1340:   498907.009   500642.001   501445.005   501574.009   505642.018
  1345:   506325.003   506331.016   506381.026   506559.005   508796.009
  1350:   508860.005   509536.009   509633.005   509982.009   510813.001
  1355:   511288.005   511299.009   512074.005   512091.009   512480.005
  1360:   512627.009   512643.005   515299.003   515661.001   516409.009
  1365:   516433.005   516444.009   520661.018   521632.003   521638.016
  1370:   521688.026   521936.005   523082.009   523126.005   523362.009
  1375:   527388.005   527622.009   527638.005   527652.009   528672.001
  1380:   529088.005   529133.009   529736.005   529746.009   529801.005
  1385:   529829.009   530971.005   530985.009   531142.005   531154.009
  1390:   533672.018   534030.003   534036.016   534086.026   534248.005
  1395:   534548.009   534588.005   534733.009   534839.005   535049.009
  1400:   535099.005   535250.009   537136.001   537529.005   537585.009
  1405:   537668.005   537950.009   538021.005   538032.009   538065.005
  1410:   538282.009   538406.005   538653.009   541976.003   542742.001
  1415:   543584.005   544102.009   544253.005   544434.009   544604.005
  1420:   545158.009   545168.005   545185.009   547687.003   549458.005
  1425:   550326.009   550936.001   551387.005   551409.009   551543.005
  1430:   551575.009   551713.005   551718.009   551745.005   551824.009
  1435:   551828.005   551874.009   552732.005   553148.009   553182.005
  1440:   553192.009   553249.005   553348.009   554399.005   554476.009
  1445:   554712.005   554816.009   554825.005   555936.018   556763.003
  1450:   556769.016   556819.026   556857.009   556870.005   556878.009
  1455:   556992.005   557877.009   560320.001   561039.005   561057.009
  1460:   562052.005   562763.009   563024.005   563036.009   563202.005
  1465:   565320.018   565429.003   565435.016   565485.026   565618.009
  1470:   565640.005   565647.009   565764.005   566978.009   576556.001
  1475:   577279.005   577557.009   577569.005   577578.009   581556.018
  1480:   582012.003   582018.016   582068.026   582245.005   582949.009
  1485:   585383.001   585967.005   586553.009   586566.005   587511.009
  1490:   588567.005   588676.009   588756.005   588986.009   590162.005
  1495:   590195.003   590711.001   590941.003   590965.001   591063.009
  1500:   591071.005   591075.009   591111.005   591155.009   592093.003
  1505:   592129.005   592279.009   592516.005   592666.001   592707.003
  1510:   592742.001   592954.009   592984.005   592998.009   593014.005
  1515:   593052.009   593254.005   593263.009   593286.005   593871.009
  1520:   593893.005   594645.009   597356.005   597742.018   599299.003
  1525:   599305.016   599355.026   599440.009   599453.005   599458.009
  1530:   599583.005   600231.009   600275.005   601269.009   602767.001
  1535:   603401.005   603417.009   603691.005   603710.009   603834.005
  1540:   603915.009   603928.005   604326.009   604385.005   604427.009
  1545:   604468.005   605085.009   605099.005   605280.009   605380.005
  1550:   606025.009   607767.018   608817.003   608823.016   608873.026
  1555:   609064.005   609346.009   609617.005   609691.009   612445.001
  1560:   613107.005   613167.009   614236.005   614245.009   617445.018
  1565:   619257.003   619263.016   619313.026   619494.005   619794.009
  1570:   619968.005   620815.009   620908.005   620917.009   623121.001
  1575:   623835.005   623859.009   624223.005   624239.009   624275.005
  1580:   624309.009   624359.005   624388.009   624441.005   624493.009
  1585:   624522.005   624583.009   624619.005   625705.009   625726.005
  1590:   625737.009   625740.005   625762.009   625770.005   628121.018
  1595:   628510.003   628516.016   628566.026   628619.009   628637.005
  1600:   628646.009   628750.005   629419.009   629468.005   629488.009
  1605:   629508.005   629956.009   631275.001   631756.005   631777.009
  1610:   631875.005   631990.009   632161.005   632175.009   632204.005
  1615:   632208.009   632211.005   632305.009   632401.005   633624.009
  1620:   633734.005   633809.009   633966.005   636275.018   637249.003
  1625:   637255.016   637305.026   637389.009   637473.005   638465.009
  1630:   640044.005   640090.009   640095.005   640155.009   640169.005
  1635:   640230.009   640285.005   640304.009   640307.005   640442.009
  1640:   644874.001   645653.003   645726.001   645878.005   646377.009
  1645:   646387.005   650691.003   652086.009   652245.005   652262.009
  1650:   652281.005   652370.001   653265.009   657370.018   658130.003
  1655:   658136.016   658186.026   658433.005   660000.009   660315.005
  1660:   661129.009   662786.001   665207.005   665250.009   665332.005
  1665:   667786.018   668501.003   668507.016   668557.026   668743.009
  1670:   668832.005   669738.009   671124.001   671573.005   671618.009
  1675:   671662.005   671884.009   671894.005   671905.009   671920.005
  1680:   673208.009   673269.005   673888.009   676124.018   676848.003
  1685:   676854.016   676904.026   677200.005   678046.009   678122.005
  1690:   678198.009   679822.001   680596.005   680613.009   681656.005
  1695:   682115.009   682149.005   682163.009   682174.005   682196.009
  1700:   682213.005   682234.009   682261.005   682349.009   682392.005
  1705:   682510.009   682540.005   684368.003   685270.001   686617.009
  1710:   686633.005   686650.009   686657.005   686687.009   686773.005
  1715:   686781.009   686843.005   687253.009   687289.005   688175.009
  1720:   688196.005   688210.009   688230.005   688246.009   688254.005
  1725:   690270.018   691023.003   691029.016   691079.026   691131.009
  1730:   691145.005   691153.009   691259.005   692040.009   692045.005
  1735:   692268.009   692293.005   692325.009   694271.001   695062.005
  1740:   695504.009   695727.005   696856.009   699271.018   699808.003
  1745:   699814.016   699864.026   699887.005   699930.009   700061.005
  1750:   701338.009   702813.001   703530.005   703888.009   704065.005
  1755:   704261.009   707813.018   709626.003   709632.016   709682.026
  1760:   709902.005   710384.009   710424.005   710897.009   712730.001
  1765:   713518.005   714377.009   717730.018   718298.003   718304.016
  1770:   718354.026   718569.005   719562.009   721888.001   723189.005
  1775:   723245.009   723278.005   723758.009   724178.005   726280.009
  1780:   726888.018   729390.003   729396.016   729446.026   729622.005
  1785:   730897.009   732599.001   733981.005   735284.009   735645.005
  1790:   735652.009   737599.018   739011.003   739017.016   739067.026
  1795:   739146.005   739186.009   739240.005   739260.009   739335.005
  1800:   740564.009   742452.001   742927.005   742945.009   743028.005
  1805:   743062.009   743088.005   743464.009   743828.005   743884.009
  1810:   743944.005   743953.009   743971.005   747452.018   748314.003
  1815:   748320.016   748370.026   748464.009   748480.005   748483.009
  1820:   748604.005   749954.009   756339.001   756951.005   757014.009
  1825:   757261.005   757267.009   757422.005   757592.009   757701.005
  1830:   758934.009   761339.018   761374.003   761380.016   761430.026
  1835:   761628.005   762184.009   762232.005   762311.009   762349.005
  1840:   762692.009   764411.001   764758.005   764849.009   765172.005
  1845:   765418.009   765577.005   766265.009   766908.005   766924.009
  1850:   767022.005   767040.009   769411.018   771199.003   771205.016
  1855:   771255.026   771443.005   771792.009   772357.005   772391.009
  1860:   774414.001   775044.005   775063.009   775082.005   775095.009
  1865:   775232.005   775287.009   775663.005   775674.009   779414.018
  1870:   780943.003   780949.016   780999.026   781186.005   781750.009
  1875:   781768.005   781876.009   781935.005   781988.009   781995.005
  1880:   782099.009   784105.001   784420.005   784442.009   785007.005
  1885:   785016.009   785049.005   785088.009   785727.005   785743.009
  1890:   785855.005   786242.009   786311.005   786315.009   788635.005
  1895:   789105.018   789573.009   789597.005   789645.009   789679.005
  1900:   789697.009   790147.003   790153.016   790203.026   790262.005
  1905:   790293.009   790407.005   790739.009   790956.005   790964.009
  1910:   791188.005   791202.009   791281.005   791393.009   794766.005
  1915:   794987.009   796669.001   797273.005   797289.009   797319.005
  1920:   797357.009   797390.005   797865.009   797942.005   797951.009
  1925:   797979.005   798003.009   798601.005   798670.009   798721.005
  1930:   799440.009   799483.005   799492.009   799521.005   799603.009
  1935:   799627.005   799661.009   799688.005   799760.009   799782.005
  1940:   799841.009   799903.005   799977.009   800027.005   801669.018
  1945:   803808.003   803814.016   803864.026   803924.009   803947.005
  1950:   803953.009   804046.005   805105.009   805132.005   805433.009
  1955:   805519.005   805523.009   805697.005   805866.009   806029.005
  1960:   806083.009   807444.001   808044.005   808047.009   808057.005
  1965:   808169.009   808481.005   808546.009   808791.005   808793.009
  1970:   808837.005   809447.009   809513.005   809534.009   812444.018
  1975:   813153.003   813159.016   813209.026   813456.005   813947.009
  1980:   814128.005   814450.009   816116.001   816646.005   816734.009
  1985:   816804.005   816856.009   817065.005   817082.009   817119.005
  1990:   817177.009   819336.005   819354.009   819394.005   819440.009
  1995:   819613.005   819755.009   819797.005   819895.009   819954.005
  2000:   820146.009   820184.005   820502.009   820504.005   821041.003
  2005:   821545.001   821579.003   821610.001   822040.003   822077.001
  2010:   823739.009   823757.005   823773.009   823825.003   823852.005
  2015:   823868.001   826916.009   826950.005   826991.009   827027.005
  2020:   827049.009   827094.005   827144.009   827246.005   827257.009
  2025:   827286.005   827349.009   827365.005   827386.009   827417.005
  2030:   827450.009   827537.003   827591.005   827912.009   827975.005
  2035:   827994.009   828018.005   828118.009   828134.005   828445.009
  2040:   828471.005   828576.009   828592.005   828606.009   828619.005
  2045:   828858.009   828889.005   828912.009   829300.001   829347.005
  2050:   829361.003   829418.001   829474.003   829511.001   829996.009
  2055:   830033.005   831203.009   831330.005   831384.009   831405.005
  2060:   834185.003   837063.001   837209.003   837233.001   838798.009
  2065:   839307.005   839543.009   839552.005   839825.009   839871.005
  2070:   839911.009   842233.018   842646.003   842652.016   842702.026
  2075:   842746.005   842753.009   842797.005   842820.009   842944.005
  2080:   843308.009   845618.001   846519.005   846668.009   846723.005
  2085:   846948.009   846951.005   847013.009   847052.005   848050.009
  2090:   848915.005   848951.009   850459.003   851882.001   852515.005
  2095:   852634.009   852949.005   852957.009   853016.005   853070.009
  2100:   853077.005   853160.009   853190.005   853577.009   853718.005
  2105:   853931.009   854058.005   855922.009   856882.018   858550.003
  2110:   858556.016   858603.005   858606.026   858610.009   858654.005
  2115:   858691.009   858814.005   859719.009   859862.005   860420.009
  2120:   860422.005   860480.009   860484.005   860490.009   860501.005
  2125:   860513.009   860810.005   860857.009   860864.005   860922.009
  2130:   861101.005   861147.009   861507.005   861542.009   861550.005
  2135:   861566.009   861628.005   861659.009   861669.005   863470.009
  2140:   863518.005   863701.009   868339.005   869617.009   869883.005
  2145:   869982.009   871523.001   872122.005   872199.009   876435.003
  2150:   876919.001   877805.005   877821.009   878883.005   878932.009
  2155:   878949.005   880264.009   880307.005   880311.009   880334.005
  2160:   881558.009   881561.005   881904.009   881919.018   881921.005
  2165:   881933.009   883819.005   883829.009   884262.005   884287.009
  2170:   884352.005   884407.009   884445.005   884654.009   884889.005
  2175:   884893.009   886519.003   886525.016   886575.026   886617.005
  2180:   886622.009   886786.005   887659.009   887703.005   887728.009
  2185:   887793.005   888041.009   889857.001   890509.005   894518.009
  2190:   894573.005   894618.009   894857.018   894930.005   896453.003
  2195:   896459.016   896509.026   896578.009   896691.005   899013.009
  2200:   900818.001   901428.005   901750.009   901965.005   902085.009
  2205:   902173.005   902185.009   902223.005   902471.009   902622.005
  2210:   903098.009   903107.005   903123.009   903129.005   905818.018
  2215:   907635.003   907641.016   907691.026   907795.009   907817.005
  2220:   907827.009   907942.005   909009.009   913810.005   913947.009
  2225:   913972.005   914139.009   914154.005   914306.009   914321.005
  2230:   914335.009   917169.001   917712.005   917743.009   920556.005
  2235:   921708.009   921837.005   921946.009   922169.018   923194.003
  2240:   923200.016   923250.026   923446.005   923803.009   923866.005
  2245:   923961.009   925996.001   926398.005   926951.009   930996.018
  2250:   931586.003   931592.016   931642.026   931865.005   932318.009
  2255:   932385.005   932479.009   932503.005   932524.009   932642.005
  2260:   933009.009   933149.005   933206.009   934750.001   935262.005
  2265:   935314.009   935346.005   935617.009   935733.005   935743.009
  2270:   936194.005   936491.009   939750.018   940860.003   940866.016
  2275:   940916.026   941197.005   942052.009   944633.001   945308.003
  2280:   945372.001   945449.005   945811.009   946000.005   946719.009
  2285:   946783.005   946927.009   946930.005   948599.009   950372.018
  2290:   951190.003   951196.016   951246.026   951543.005   952439.009
  2295:   955377.001   956157.005   956173.009   956811.005   956821.009
  2300:   956884.005   957632.009   957650.005   957662.009   960377.018
  2305:   961012.003   961018.016   961068.026   961152.005   961249.009
  2310:   961364.005   962684.009   964118.001   964703.005   964726.009
  2315:   964904.003   964962.001   968191.005   968378.009   968718.005
  2320:   969962.018   970568.003   970574.016   970624.026   970706.009
  2325:   970751.005   970832.009   970943.005   972018.009   972078.005
  2330:   972087.009   972111.005   972241.009   982418.001   983044.005
  2335:   983060.009   983419.003   983463.001   984742.005   984785.009
  2340:   984824.005   984896.009   984921.005   985271.009   985291.005
  2345:   985339.009   985351.005   985542.009   988463.018   990005.003
  2350:   990011.016   990022.001   990061.026   990381.003   990664.005
  2355:   990695.009   990724.005   990778.009   990786.005   990845.009
  2360:   990858.005   991742.009   991918.005   991970.009   993512.001
  2365:   994436.005   994449.009   994617.005   994676.009   994716.005
  2370:   994734.009   994837.005   994852.009   994938.005   995132.009
  2375:   995133.005   995287.009   998434.003   999904.001  1001168.005
  2380:  1001172.009  1001176.005  1001213.009  1001220.005  1003315.009
  2385:  1004904.018  1005437.003  1005443.016  1005493.026  1005714.005
  2390:  1006444.009  1007822.001  1008182.005  1008200.009  1009246.005
  2395:  1010154.009  1010484.005  1010508.009  1011189.005  1012822.018
  2400:  1013330.003  1013336.016  1013386.026  1013470.009  1013568.005
  2405:  1014588.009  1014830.005  1014900.009  1016065.001  1017580.005
  2410:  1017608.009  1018328.005  1021065.018  1021953.003  1021959.016
  2415:  1022009.026  1022071.009  1022086.005  1022093.009  1022206.005
  2420:  1022903.009  1023025.005  1023069.009  1023080.005  1023159.009
  2425:  1023178.005  1023203.009  1025471.001  1026151.005  1026170.009
  2430:  1026369.005  1026402.009  1026475.005  1026762.009  1026766.005
  2435:  1030461.003  1030913.001  1032097.009  1032108.005  1032117.009
  2440:  1032134.005  1032158.009  1032163.005  1033185.009  1033194.005
  2445:  1035913.018  1036945.003  1036951.016  1037001.026  1037015.009
  2450:  1037033.005  1037041.009  1037155.005  1038698.009  1041049.001
  2455:  1042365.005  1042466.009  1046049.018  1047434.003  1047440.016
  2460:  1047490.026  1047661.005  1048005.009  1048040.005  1048050.009
  2465:  1048146.005  1048207.009  1048378.005  1048534.009  1048538.005
  2470:  1048731.009  1048759.005  1048939.009  1073360.001  1073678.005
  2475:  1073970.009  1074675.005  1074681.009  1074720.005  1075172.009
  2480:  1075358.005  1075626.009  1075978.003  1076015.001  1076054.005
  2485:  1076065.009  1076282.005  1076294.009  1076806.005  1078428.009
  2490:  1078464.005  1078576.009  1079012.005  1079017.009  1079026.005
  2495:  1081015.018  1081140.003  1081146.016  1081196.026  1081290.009
  2500:  1081452.005  1082421.009  1084296.001  1085182.005  1085206.009
  2505:  1086253.005  1086662.009  1086726.005  1086737.009  1086758.005
  2510:  1087605.009  1089296.018  1089377.005  1089415.009  1089463.005
  2515:  1091102.003  1091108.016  1091158.026  1091225.009  1091323.005
  2520:  1092442.009  1094811.001  1095307.005  1095310.009  1095312.005
  2525:  1095789.009  1095816.005  1096452.009  1096658.005  1096691.009
  2530:  1096800.005  1097313.009  1097362.005  1097372.009  1097405.005
  2535:  1097458.009  1097466.005  1097472.009  1097757.005  1097773.009
  2540:  1099811.018  1100401.003  1100407.016  1100457.026  1100558.005
  2545:  1100563.009  1100707.005  1102178.009  1103452.001  1104116.003
  2550:  1104202.001  1104472.005  1105204.009  1105725.005  1105808.009
  2555:  1105872.005  1105882.009  1109126.003  1112550.005  1112552.009
  2560:  1112608.001  1113178.005  1113581.009  1113670.005  1113684.009
  2565:  1113873.005  1113966.009  1114041.005  1114069.009  1114141.005
  2570:  1114164.009  1117608.018  1117997.003  1118003.016  1118053.026
  2575:  1118104.005  1118112.009  1118240.005  1119070.009  1119078.005
  2580:  1119217.009  1122017.001  1122990.005  1123083.009  1124136.005
  2585:  1124423.009  1124450.005  1124462.009  1125072.005  1125948.009
  2590:  1125957.005  1127017.018  1127408.003  1127414.016  1127464.026
  2595:  1127487.009  1127513.005  1127520.009  1127651.005  1128473.009
  2600:  1128549.005  1128665.009  1131282.001  1131837.005  1131869.009
  2605:  1131908.005  1131918.009  1132444.005  1132479.009  1132490.005
  2610:  1132630.009  1132644.005  1132708.009  1132770.005  1132795.009
  2615:  1132802.005  1133825.009  1134488.005  1134516.009  1134579.005
  2620:  1136282.018  1137170.003  1137176.016  1137226.026  1137324.009
  2625:  1137451.005  1137874.009  1137907.005  1138920.009  1151267.001
  2630:  1151600.003  1151625.001  1152014.003  1152637.005  1152648.009
  2635:  1152666.005  1153047.009  1153717.001  1153822.003  1153895.001
  2640:  1154162.003  1154179.001  1154592.005  1154613.009  1154717.005
  2645:  1154747.009  1154757.005  1154787.009  1154803.005  1154882.009
  2650:  1154917.005  1154968.009  1155674.005  1155702.009  1155732.005
  2655:  1156896.009  1158007.005  1159179.018  1160007.003  1160013.016
  2660:  1160063.026  1160134.009  1160284.005  1160713.009  1160739.005
  2665:  1161100.009  1161152.005  1161223.009  1162526.001  1163159.005
  2670:  1163643.009  1164378.005  1164393.009  1165564.005  1165576.009
  2675:  1166342.005  1167526.018  1168202.003  1168208.016  1168258.026
  2680:  1168322.009  1168441.005  1169246.009  1169419.005  1169753.009
  2685:  1171082.001  1171506.005  1172001.009  1172024.005  1172033.009
  2690:  1172257.005  1172576.009  1176082.018  1177424.003  1177430.016
  2695:  1177480.026  1177694.005  1178541.009  1178604.005  1178894.009
  2700:  1180203.001  1180852.005  1180874.009  1181121.005  1181222.009
  2705:  1181237.005  1182265.009  1182297.005  1182316.009  1182328.005
  2710:  1182370.009  1182466.005  1182514.009  1182530.005  1185203.018
  2715:  1186039.003  1186045.016  1186095.026  1186147.009  1186160.005
  2720:  1186169.009  1186257.005  1187997.009  1188193.005  1188314.009
  2725:  1188406.005  1188509.009  1189768.005  1189863.009  1190857.001
  2730:  1191300.003  1191337.001  1193249.005  1193371.009  1193625.005
  2735:  1195751.003  1195803.009  1197061.001  1197861.003  1198112.001
  2740:  1198827.003  1198927.001  1199330.005  1199346.009  1199379.005
  2745:  1199691.009  1199978.005  1200057.009  1200185.005  1200199.009
  2750:  1200214.005  1200743.009  1200748.005  1202908.003  1205665.001
  2755:  1206019.003  1206043.001  1206586.009  1206597.005  1206603.009
  2760:  1206619.005  1206635.009  1207257.005  1207904.009  1207948.005
  2765:  1207962.009  1207967.005  1207988.009  1208188.005  1208210.009
  2770:  1208401.005  1211043.018  1211059.003  1211065.016  1211115.026
  2775:  1211195.009  1211211.005  1211221.009  1211348.005  1212997.009
  2780:  1213042.005  1213126.009  1214782.005  1214874.009  1241220.001
  2785:  1241389.003  1241441.001  1242212.005  1242227.009  1243456.005
  2790:  1243650.009  1243792.005  1244234.009  1244242.005  1244379.003
  2795:  1245415.009  1245436.005  1245448.009  1245596.001  1245924.005
  2800:  1246113.009  1246148.005  1246402.009  1247338.005  1247343.009
  2805:  1249305.005  1249315.009  1249329.005  1249357.009  1250388.003
  2810:  1250675.005  1250980.009  1251535.001  1252158.003  1252239.001
  2815:  1252522.005  1252551.009  1256937.003  1258950.001  1259177.003
  2820:  1259516.001  1260128.005  1260161.009  1261184.005  1261493.009
  2825:  1261497.005  1261589.009  1261644.005  1261659.009  1261689.005
  2830:  1261994.009  1262006.005  1262341.009  1262372.005  1264390.003
  2835:  1264600.009  1264618.005  1264633.009  1264860.005  1265139.009
  2840:  1265942.001  1266490.005  1266505.009  1270942.018  1273976.003
  2845:  1273982.016  1274032.026  1274233.005  1275508.009  1276840.001
  2850:  1277361.005  1277378.009  1277704.005  1277713.009  1278034.005
  2855:  1278061.009  1278083.005  1278102.009  1278602.005  1278703.009
  2860:  1278736.005  1278745.009  1278774.005  1281840.018  1281904.003
  2865:  1281910.016  1281960.026  1282105.009  1282114.005  1282121.009
  2870:  1282217.005  1283066.009  1283083.005  1283099.009  1283169.005
  2875:  1283270.009  1322494.001  1323213.005  1323349.009  1324664.005
  2880:  1324847.009  1324942.005  1324953.009  1325031.005  1325181.009
  2885:  1325548.005  1325605.009  1325971.005  1326005.009  1327494.018
  2890:  1328149.003  1328155.016  1328205.026  1328223.005  1328249.009
  2895:  1328363.005  1329072.009  1330709.001  1331070.005  1331441.009
  2900:  1331562.005  1331573.009  1331603.005  1332072.009  1333669.005
  2905:  1335709.018  1336132.003  1336138.016  1336188.026  1336318.009
  2910:  1336361.005  1336370.009  1336477.005  1337743.009  1339334.001
  2915:  1339692.005  1340018.009  1340121.005  1340140.009  1340163.005
  2920:  1340845.009  1341157.005  1341168.009  1341207.005  1341635.009
  2925:  1342611.005  1342630.009  1342670.005  1343051.009  1343799.005
  2930:  1344334.018  1344767.003  1344773.016  1344823.026  1344852.009
  2935:  1344886.005  1344902.009  1345060.005  1346137.009  1347692.001
  2940:  1348068.005  1348468.009  1348724.005  1348738.009  1349046.005
  2945:  1349067.009  1349090.005  1350194.009  1352692.018  1353129.003
  2950:  1353135.016  1353185.026  1353370.005  1354153.009  1354217.005
  2955:  1354415.009  1355721.001  1356196.005  1356565.009  1356582.005
  2960:  1356610.009  1357527.005  1358047.009  1358082.005  1358096.009
  2965:  1358119.005  1358723.009  1358955.005  1359002.009  1359059.005
  2970:  1360721.018  1360808.003  1360814.016  1360864.026  1360921.009
  2975:  1360950.005  1360963.009  1361044.005  1362102.009  1363534.001
  2980:  1364066.005  1364083.009  1365076.005  1365096.009  1365121.005
  2985:  1365135.009  1365157.005  1365198.009  1365206.005  1368003.003
  2990:  1369509.001  1370054.009  1370065.005  1370072.009  1370086.005
  2995:  1370102.009  1370124.005  1370266.009  1370373.005  1370417.009
  3000:  1370439.005  1370714.009  1370728.005  1374509.018  1375092.003
  3005:  1375098.016  1375148.026  1375228.009  1375256.005  1375266.009
  3010:  1375345.005  1376805.009  1376875.005  1376964.009  1378748.001
  3015:  1379314.005  1379333.009  1379776.005  1379804.009  1379841.005
  3020:  1380628.009  1380630.005  1380640.009  1380714.005  1380894.009
  3025:  1383748.018  1384223.003  1384229.016  1384279.026  1384473.005
  3030:  1385313.009  1385336.005  1385592.009  1385670.005  1385744.009
  3035:  1385783.005  1385911.009  1387087.001  1387736.005  1388026.009
  3040:  1388159.005  1388180.009  1388195.005  1390155.009  1390173.005
  3045:  1392087.018  1392419.003  1392425.016  1392475.026  1392555.009
  3050:  1392558.005  1392573.009  1392694.005  1394220.009  1394262.005
  3055:  1394359.009  1399693.005  1399732.009  1401198.001  1401442.003
  3060:  1401478.001  1402232.005  1403273.009  1403415.003  1403453.001
  3065:  1403731.005  1403752.009  1403776.005  1405146.009  1405168.005
  3070:  1405334.009  1405765.005  1406013.009  1406017.005  1406062.009
  3075:  1406163.005  1406293.009  1408453.018  1409038.003  1409044.016
  3080:  1409094.026  1409127.005  1409155.009  1409271.005  1410068.009
  3085:  1410071.005  1410082.009  1410127.005  1410537.009  1411696.001
  3090:  1412067.005  1412284.009  1412434.005  1412744.009  1412770.005
  3095:  1412803.009  1413672.005  1413684.009  1413723.005  1416696.018
  3100:  1417253.003  1417259.016  1417309.026  1417449.009  1417456.005
  3105:  1417473.009  1417580.005  1418595.009  1418719.005  1418791.009
  3110:  1418817.005  1418895.009  1419049.005  1419079.009  1420222.001
  3115:  1420669.005  1420690.009  1421179.005  1421184.009  1421213.005
  3120:  1421368.009  1422517.005  1425222.018  1425317.003  1425323.016
  3125:  1425373.026  1425484.009  1425596.005  1426019.009  1426141.005
  3130:  1426619.009  1426650.005  1426697.009  1428043.001  1428512.005
  3135:  1428591.009  1428611.005  1428625.009  1431135.005  1431182.009
  3140:  1433043.018  1433193.005  1433232.003  1433238.016  1433288.026
  3145:  1433345.009  1433450.005  1434766.009  1434784.005  1435246.009
  3150:  1436635.001  1436964.005  1436978.009  1437535.005  1437552.009
  3155:  1437596.005  1438051.009  1438196.005  1438216.009  1438364.005
  3160:  1438510.009  1438550.005  1438751.009  1438777.005  1438795.009
  3165:  1438802.005  1438824.009  1438832.005  1440870.003  1444008.001
  3170:  1444803.009  1444812.005  1444820.009  1444842.005  1444887.009
  3175:  1445022.005  1445601.009  1445637.005  1445651.009  1445691.005
  3180:  1445752.009  1445795.005  1445849.009  1445871.005  1445936.009
  3185:  1445958.005  1449008.018  1449571.003  1449577.016  1449627.026
  3190:  1449698.009  1449711.005  1449720.009  1449796.005  1450455.009
  3195:  1450806.005  1451492.009  1451556.005  1451611.009  1453214.001
  3200:  1453615.005  1453728.009  1453874.005  1454006.009  1458214.018
  3205:  1458885.003  1458891.016  1458941.026  1459129.005  1460572.009
  3210:  1465011.001  1465841.005  1465854.009  1466053.005  1470011.018
  3215:  1470436.003  1470442.016  1470492.026  1470608.009  1470629.005
  3220:  1470639.009  1470722.005  1471615.009  1471657.005  1471997.009
  3225:  1472102.005  1472231.009  1472367.005  1472390.009
B:
     0:        0.000      224.000        0.000      224.000        0.000
     5:     1226.000        0.000        0.000        0.000     1226.000
    10:        0.000        1.000        0.000        1.000        0.000
    15:        0.000      109.000        0.000      109.000        0.000
    20:        0.000        0.000        0.000        0.000        0.000
    25:        0.000      109.000        0.000        0.000        0.000
    30:        0.000
D:
     0:  1473080.000  1467656.000  1473081.000
E:
     0:     5000.000     5000.000
T:
     0:        0.000        0.000        0.000        0.000
W:
     0:        0.000        0.000        0.000
