File: C:\MED-PC IV\Data\Reyes\AY\AY1061.999


Start Date: 10/24/24
End Date: 10/24/24
Subject: 61
Experiment: AY
Group: EXP20
Box: 5
Start Time: 15:43:36
End Time: 16:33:37
MSN: DRRD_exp_20
C:       0.000
F:       0.000
G:       0.000
H:       0.000
I:       0.000
J:       0.000
K:    7700.000
L:       0.000
M:       0.000
N:       0.000
O:       0.000
P:       0.000
Q:       0.000
R:       0.000
S:       0.000
U: 2301490.000
V:       0.000
X:       0.000
Y:    1949.000
Z:       0.000
A:
     0:     3175.005     3232.009    13374.005    13384.009    13405.005
     5:    14350.009    15000.013    15000.011    15483.001    15614.003
    10:    15837.001    16158.003    16450.001    16474.003    16514.001
    15:    17428.003    17489.001    17569.003    17692.001    17700.003
    20:    17716.001    17729.003    18011.001    18151.003    18178.001
    25:    18368.003    18475.001    19838.003    19863.001    20013.003
    30:    20207.005    20287.009    20689.001    22312.003    22823.001
    35:    24177.003    25238.001    25392.003    25424.001    25445.003
    40:    26151.001    26192.003    26422.001    26532.003    26551.001
    45:    26699.003    26761.001    26920.003    26944.001    28568.003
    50:    33012.001    33465.003    33806.001    33859.003    33889.001
    55:    37116.003    37161.005    37263.009    37411.005    37478.009
    60:    37891.001    38029.003    38044.001    39921.003    40028.001
    65:    40055.003    40129.001    42024.003    42482.001    42494.003
    70:    42551.001    42590.003    42707.001    45420.003    46118.001
    75:    46199.003    46241.001    46361.003    46596.001    46619.003
    80:    46647.001    48118.003    48346.001    49369.003    53750.001
    85:    53764.003    53850.001    53940.003    53968.001    54356.003
    90:    55732.001    55831.003    55979.001    56003.003    56110.001
    95:    56202.003    56220.001    56332.003    56339.001    57130.003
   100:    58589.001    58843.003    58899.001    58916.003    58977.001
   105:    59128.003    59153.001    59260.003    59284.001    62352.003
   110:    62644.005    63597.009    63607.005    63620.009    64394.001
   115:    68244.018    68489.003    68495.016    68545.026    68585.005
   120:    69134.009    70666.001    70946.003    71228.001    74414.003
   125:    74546.005    74698.009    74795.005    74854.009    75279.001
   130:    75386.003    75417.001    75617.003    75677.001    75686.003
   135:    75733.001    75744.003    75879.001    79522.003    79824.005
   140:    79952.009    80351.001    80430.003    80474.001    80573.003
   145:    80699.001    80806.003    80838.001    84008.003    84925.001
   150:    84957.003    84992.001    88534.003    89399.001    89497.003
   155:    89546.001    93287.003    93660.005    94016.009    94745.001
   160:    94765.003    94787.001    98637.018    98976.003    98982.016
   165:    99032.026    99087.005    99617.009   100806.001   100879.003
   170:   100926.001   100946.003   100998.001   104848.018   104858.003
   175:   104864.016   104914.026   104999.005   105409.009   107107.001
   180:   107229.003   107408.001   107494.003   108770.001   108820.003
   185:   108857.001   108899.003   108929.001   108960.003   108988.001
   190:   112838.018   113318.003   113324.016   113374.026   113423.005
   195:   113984.009   115811.001   115842.003   116171.001   116202.003
   200:   116224.001   116263.003   116305.001   119970.003   120429.005
   205:   120589.009   121136.001   121254.003   121291.001   124864.003
   210:   125198.005   125233.009   125766.005   125827.009   126032.001
   215:   126100.003   126238.001   129720.003   130115.005   130201.009
   220:   132328.001   132418.003   133032.001   136882.018   137422.003
   225:   137428.016   137478.026   137619.005   138152.009   139473.001
   230:   139498.003   139541.001   139690.003   139737.001   142760.003
   235:   143336.005   143462.009   144610.001   144656.003   144677.001
   240:   144691.003   144786.001   144798.003   145010.001   145026.003
   245:   145148.001   145186.003   145205.001   148646.003   149680.001
   250:   149706.003   149745.001   149759.003   149958.001   153808.018
   255:   153886.003   153892.016   153942.026   154094.005   154565.009
   260:   154615.005   154661.009   155760.001   155780.003   155794.001
   265:   155896.003   156125.001   159281.003   160380.001   160432.003
   270:   160455.001   160543.003   160567.001   160686.003   160784.001
   275:   160810.003   160848.001   160903.003   161208.001   161308.003
   280:   161333.001   164683.003   166138.001   166350.003   166918.005
   285:   167176.009   167810.001   167956.003   168169.001   168255.003
   290:   168288.001   171645.003   172990.001   173063.003   173140.001
   295:   173735.003   173974.005   174164.009   174273.005   174303.009
   300:   181302.001   181387.003   181746.001   181824.003   181876.001
   305:   185035.003   185462.005   185709.009   186893.001   188018.003
   310:   188075.001   190339.003   190612.005   190762.009   190785.005
   315:   190946.009   191517.001   195067.003   195720.001   195744.003
   320:   195970.001   196131.003   196307.001   196436.003   196473.001
   325:   199931.003   200838.001   200865.003   200913.001   200951.003
   330:   200993.001   201234.003   201298.001   201356.003   201580.001
   335:   201717.003   201736.001   202175.003   202830.001   202854.003
   340:   202973.001   203036.003   203196.001   203384.003   203400.001
   345:   206548.003   207138.005   207337.009   207842.001   207886.003
   350:   209619.001   209791.003   209804.001   210246.003   210622.005
   355:   211128.009   211951.001   211991.003   212029.001   212086.003
   360:   212099.001   215307.003   216287.001   216315.003   216360.001
   365:   220015.003   220431.005   220640.009   221126.001   221158.003
   370:   221459.001   221666.003   221708.001   225493.003   226609.001
   375:   226650.003   226693.001   226761.003   226811.001   226876.003
   380:   226907.001   226962.003   227009.001   230163.003   230616.005
   385:   230809.009   232042.001   232085.003   232166.001   232181.003
   390:   232249.001   232353.003   232376.001   236075.003   236536.005
   395:   236587.009   239207.001   239285.003   239325.001   243175.018
   400:   243422.003   243428.016   243478.026   243547.005   244284.009
   405:   257879.001   257897.003   258010.001   258029.003   258555.001
   410:   258611.003   258671.001   258802.003   258849.001   261311.003
   415:   261707.005   261925.009   261956.005   262132.009   262741.001
   420:   262804.003   262862.001   262885.003   262938.001   263003.003
   425:   263046.001   263726.003   263745.001   263755.003   263781.001
   430:   266051.003   266322.005   266473.009   266858.001   270553.003
   435:   271113.005   271235.009   271305.005   271422.009   275410.001
   440:   275546.003   275730.001   279077.003   279434.005   279504.009
   445:   279812.001   279858.003   279916.001   279952.003   280000.001
   450:   280034.003   280043.001   280092.003   280139.001   280190.003
   455:   280243.001   280322.003   280366.001   280868.003   280999.001
   460:   281018.003   281782.001   285539.003   286836.001   286932.003
   465:   287082.001   290932.018   290952.003   290958.016   291008.026
   470:   291092.005   291581.009   293215.001   293235.003   293296.001
   475:   293347.003   293379.001   293430.003   293533.001   293676.003
   480:   293717.001   296801.003   298081.001   298097.003   298204.001
   485:   298228.003   298365.001   298435.003   298814.001   302225.003
   490:   302768.005   302972.009   307510.005   307629.009   308280.001
   495:   308378.003   308585.001   308820.003   308868.001   312718.018
   500:   313142.003   313148.016   313198.026   313295.005   313890.009
   505:   314914.001   314949.003   314979.001   315103.003   315422.001
   510:   315930.003   316774.001   320315.003   320632.005   320789.009
   515:   321680.001   321742.003   321780.001   325630.018   326206.003
   520:   326212.016   326262.026   326381.005   326939.009   327113.005
   525:   327396.009   327434.005   328003.009   328670.001   328749.003
   530:   328830.001   328904.003   328952.001   332576.003   333911.001
   535:   336874.003   336897.001   337661.003   338904.001   340235.003
   540:   340265.001   342560.003   342957.005   343059.009   344285.001
   545:   344304.003   344349.001   344412.003   344547.001   344673.003
   550:   344699.001   348214.003   349858.005   349953.009   350300.001
   555:   350349.003   350683.001   350728.003   350784.001   352187.003
   560:   352218.001   352753.003   352771.001   354756.003   355271.005
   565:   355312.009   356296.001   356465.003   356525.001   358984.003
   570:   358992.001   360144.003   360938.001   360966.003   361113.001
   575:   361155.003   361192.001   361222.003   361254.001   365104.018
   580:   365466.003   365472.016   365522.026   365679.005   366619.009
   585:   369709.005   369768.009   369873.005   369903.009   370964.001
   590:   374814.018   374978.003   374984.016   375034.026   375152.005
   595:   375702.009   375780.005   376129.009   388604.001   388646.003
   600:   388709.001   388911.003   388945.001   391243.003   391273.001
   605:   392666.003   393628.001   397204.003   398281.001   398331.003
   610:   398573.001   402306.003   404392.001   404422.003   404707.001
   615:   408319.003   408640.005   408826.009   411598.001   411643.003
   620:   411673.001   411698.003   411767.001   411793.003   411848.001
   625:   415698.018   416022.003   416028.016   416061.001   416078.026
   630:   416216.003   416275.005   416870.009   418762.001   418804.003
   635:   418979.001   422707.003   423834.001   424087.003   424119.001
   640:   425908.003   425915.001   427306.003   427877.005   428102.009
   645:   432981.005   433008.009   435683.001   439533.018   440267.003
   650:   440273.016   440323.026   440397.005   441019.009   441040.005
   655:   441053.009   442827.001   446677.018   447260.003   447266.016
   660:   447316.026   447431.005   447821.009   450385.001   450496.003
   665:   450539.001   454389.018   454553.003   454559.016   454609.026
   670:   454760.005   455238.009   479911.001   483761.018   484478.003
   675:   484484.016   484534.026   484710.005   485611.009   486640.001
   680:   486669.003   486700.001   486721.003   486795.001   487115.003
   685:   487160.001   487294.003   487343.001   487419.003   487449.001
   690:   487470.003   488442.001   492060.003   498227.005   498282.009
   695:   498934.001   498984.003   499086.001   499147.003   499166.001
   700:   503016.018   503116.003   503122.016   503172.026   503297.005
   705:   503778.009   505091.001   505448.003   505522.001   506055.003
   710:   506120.001   508314.003   508362.001   509627.003   511016.001
   715:   511125.003   511186.001   511212.003   511278.001   513711.003
   720:   513725.001   515012.003   515440.005   515678.009   525949.005
   725:   526030.009   526169.005   526347.009   527113.001   527173.003
   730:   527277.001   527968.003   527988.001   531838.018   532004.003
   735:   532010.016   532060.026   532130.005   532516.009   532538.005
   740:   532585.009   532784.005   532989.009   535088.001   535121.003
   745:   535172.001   535221.003   535283.001   535303.003   535388.001
   750:   539054.003   539928.001   539968.003   540063.001   540183.003
   755:   540223.001   542804.003   542850.001   543846.003   544283.005
   760:   544347.009   544924.001   544958.003   545066.001   545077.003
   765:   545096.001   548656.003   549803.001   549829.003   549887.001
   770:   549916.003   549959.001   552992.003   553320.005   553543.009
   775:   554343.001   554375.003   554444.001   554461.003   554501.001
   780:   558339.003   559737.001   559871.003   559905.001   563416.003
   785:   564393.001   564403.003   564454.001   567388.003   567412.001
   790:   568329.003   568857.005   569053.009   569680.001   569697.003
   795:   569722.001   573572.018   573578.003   573584.016   573634.026
   800:   573741.005   574312.009   585486.005   585509.009   586387.001
   805:   590237.018   590482.003   590488.016   590538.026   590690.005
   810:   592021.009   592198.005   592218.009   593948.001   593984.003
   815:   594028.001   594311.003   594337.001   597900.003   599304.001
   820:   599336.003   599399.001   599462.003   599489.001   603339.018
   825:   603355.003   603361.016   603411.026   603572.005   604650.009
   830:   605226.005   605240.009   606814.001   606860.003   606903.001
   835:   606938.003   607022.001   609365.003   609400.001   610144.003
   840:   610626.005   610699.009   612674.001   612762.003   612803.001
   845:   616402.003   617136.005   617187.009   617844.001   617958.003
   850:   618004.001   621574.003   622721.001   622767.003   622837.001
   855:   626687.018   626721.003   626727.016   626777.026   626890.005
   860:   627403.009   631762.001   635612.018   636074.003   636080.016
   865:   636130.026   636239.005   636915.009   636977.005   637291.009
   870:   637293.005   637353.009   639971.001   640032.003   640084.001
   875:   643934.018   644204.003   644210.016   644260.026   644368.005
   880:   644922.009   650445.005   650451.009   654499.001   654648.003
   885:   654700.001   658550.018   658848.003   658854.016   658904.026
   890:   659032.005   659519.009   659551.005   659582.009   660297.005
   895:   660304.009   660580.005   660962.009   679236.005   679660.009
   900:   680441.001   680500.003   680586.001   680671.003   680712.001
   905:   683981.003   684268.005   684418.009   685098.001   685139.003
   910:   685185.001   685242.003   685295.001   689141.003   690795.001
   915:   690820.003   690969.001   691110.003   691217.001   691294.003
   920:   691334.001   694692.003   695301.005   695506.009   695540.005
   925:   695563.009   705816.001   705862.003   706056.001   706116.003
   930:   706173.001   706301.003   706362.001   709879.003   710924.001
   935:   710943.003   711005.001   714855.018   714903.003   714909.016
   940:   714959.026   715132.005   715752.009   717914.001   717928.003
   945:   717970.001   718125.003   718155.001   721866.003   725059.001
   950:   725122.003   725182.001   725230.003   725312.001   729162.018
   955:   729434.003   729440.016   729490.026   729552.005   730351.009
   960:   731178.001   731640.003   731704.001   731872.003   731906.001
   965:   732235.003   733139.001   733249.003   733283.001   736837.003
   970:   738833.001   738892.003   738953.001   738994.003   739018.001
   975:   742868.018   742878.003   742884.016   742934.026   743084.005
   980:   743561.009   751455.005   751498.009   751515.005   751539.009
   985:   752025.001   752143.003   752440.001   752465.003   752678.001
   990:   756193.003   756228.001   756241.003   757280.001   757310.003
   995:   757374.001   761204.003   762085.005   762243.009   762818.001
  1000:   762837.003   762894.001   762922.003   762979.001   763031.003
  1005:   763079.001   766311.003   766790.005   766854.009   766864.005
  1010:   766928.009   767328.005   767375.009   768277.001   768286.003
  1015:   768303.001   768326.003   768379.001   768417.003   768572.001
  1020:   772281.003   773840.001   773861.003   773922.001   773946.003
  1025:   774011.001   777456.003   778384.001   778431.003   778489.001
  1030:   778523.003   778587.001   778609.003   778685.001   782167.003
  1035:   783864.001   783870.003   784939.001   784948.003   785057.001
  1040:   785076.003   785741.001   785770.003   785821.001   785856.003
  1045:   785912.001   787991.003   788310.005   788476.009   788940.001
  1050:   789226.003   789287.001   789400.003   789442.001   792807.003
  1055:   793197.005   793301.009   794764.001   794834.003   794890.001
  1060:   794929.003   794964.001   798187.003   798211.001   798589.003
  1065:   799043.005   799181.009   800295.001   800394.003   800428.001
  1070:   804060.003   804729.005   804836.009   805472.001   805514.003
  1075:   805550.001   805656.003   805682.001   809532.018   809603.003
  1080:   809609.016   809659.026   809748.005   810395.009   815389.005
  1085:   815450.009   815470.005   815485.009   816311.001   816440.003
  1090:   816513.001   820349.003   822422.001   822571.003   822727.001
  1095:   826322.003   826937.005   827035.009   828449.001   828518.003
  1100:   828579.001   828710.003   828738.001   831806.003   831824.001
  1105:   832631.003   833831.001   833883.003   833902.001   837752.018
  1110:   838025.003   838031.016   838081.026   838170.005   838819.009
  1115:   838830.005   838903.009   841979.001   845829.018   845936.003
  1120:   845942.016   845992.026   846108.005   846491.009   846500.005
  1125:   846510.009   846514.005   846584.009   847967.001   847984.003
  1130:   848008.001   848121.003   848168.001   848349.003   849090.001
  1135:   849108.003   849175.001   849205.003   849247.001   849427.003
  1140:   849470.001   853320.018   853334.003   853340.016   853390.026
  1145:   853502.005   854020.009   855844.001   855983.003   856016.001
  1150:   856088.003   856134.001   856500.003   856632.001   860152.003
  1155:   863778.001   863951.003   863973.001   864116.003   864415.001
  1160:   866567.003   866610.001   866745.003   866769.001   867900.003
  1165:   868553.005   868645.009   868709.005   868759.009   869222.001
  1170:   869312.003   869489.001   869536.003   869601.001   869632.003
  1175:   869686.001   869709.003   869766.001   870223.003   870292.001
  1180:   870414.003   870632.001   874164.003   875451.005   875666.009
  1185:   876379.001   876398.003   876727.001   876922.003   876996.001
  1190:   880846.018   881471.003   881477.016   881527.026   881630.005
  1195:   882210.009   882251.005   882284.009   882296.005   882315.009
  1200:   885223.001   885257.003   885650.001   886629.003   886728.001
  1205:   890381.003   890908.005   890956.009   891826.001   891967.003
  1210:   891993.001   892101.003   892156.001   892390.003   892401.001
  1215:   896251.018   896817.003   896823.016   896873.026   896990.005
  1220:   897568.009   940228.001   940460.003   940631.001   940652.003
  1225:   940713.001   944563.018   944665.003   944671.016   944721.026
  1230:   944875.005   944898.009   944919.005   945903.009   947382.001
  1235:   947444.003   947468.001   948429.003   948513.001   948556.003
  1240:   948605.001   948634.003   949542.001   953168.003   953969.005
  1245:   954071.009   955286.001   955329.003   955345.001   955365.003
  1250:   955406.001   955564.003   955589.001   955749.003   955880.001
  1255:   955935.003   955949.001   955990.003   956053.001   959903.018
  1260:   959954.003   959960.016   960010.026   960054.001   960173.003
  1265:   960318.005   961067.009   969288.005   969515.009   969808.001
  1270:   969831.003   970170.001   970209.003   970229.001   970251.003
  1275:   970283.001   970628.003   970649.001   972086.003   972738.001
  1280:   972753.003   972784.001   972849.003   972884.001   972947.003
  1285:   973002.001   976852.018   976854.003   976860.016   976910.026
  1290:   976986.005   977733.009   984844.001   984993.003   985096.001
  1295:   988946.018   989713.003   989719.016   989769.026   989953.005
  1300:   990016.009   990286.005   990405.009   991983.001   992102.003
  1305:   992370.001   992499.003   992536.001   992800.003   992815.001
  1310:   996272.003   999553.001   999725.003  1000352.001  1000661.003
  1315:  1000709.001  1000721.003  1001106.001  1001160.003  1001204.001
  1320:  1005054.018  1005122.003  1005128.016  1005178.026  1005243.005
  1325:  1006534.009  1008703.001  1008897.003  1009394.001  1009657.003
  1330:  1009693.001  1009859.003  1009910.001  1009952.003  1009984.001
  1335:  1013466.003  1014843.001  1014855.003  1015205.001  1015242.003
  1340:  1015294.001  1015371.003  1015422.001  1015496.003  1015514.001
  1345:  1015570.003  1015591.001  1019244.003  1020859.001  1020893.003
  1350:  1020944.001  1020994.003  1021032.001  1021268.003  1021388.001
  1355:  1021521.003  1021564.001  1021638.003  1021943.001  1021968.003
  1360:  1022010.001  1023211.003  1023665.001  1027515.018  1027801.003
  1365:  1027807.016  1027857.026  1027990.005  1028877.009  1032621.001
  1370:  1036220.003  1037864.001  1037897.003  1037965.001  1037972.003
  1375:  1038106.001  1038181.003  1038200.001  1041713.003  1043729.001
  1380:  1043772.003  1043843.001  1043874.003  1043938.001  1046042.003
  1385:  1046071.001  1047471.003  1048033.005  1048055.009  1049110.001
  1390:  1049172.003  1049226.001  1049257.003  1049318.001  1049345.003
  1395:  1049410.001  1053260.018  1053499.003  1053505.016  1053555.026
  1400:  1053696.005  1054188.009  1054237.005  1054263.009  1055878.001
  1405:  1055918.003  1055968.001  1055997.003  1056053.001  1056075.003
  1410:  1056105.001  1059708.003  1061102.001  1061214.003  1061253.001
  1415:  1061311.003  1061359.001  1065209.018  1065236.003  1065242.016
  1420:  1065292.026  1065420.005  1065951.009  1068364.001  1068389.003
  1425:  1068478.001  1068526.003  1068540.001  1068626.003  1068660.001
  1430:  1072374.003  1073884.001  1073908.003  1074339.001  1074359.003
  1435:  1074411.001  1074505.003  1074598.001  1078448.018  1078759.003
  1440:  1078765.016  1078815.026  1078921.005  1079418.009  1081306.001
  1445:  1081494.003  1081536.001  1081615.003  1081854.001  1081914.003
  1450:  1081968.001  1085599.003  1089364.005  1089447.009  1089493.005
  1455:  1089526.009  1092242.001  1092258.003  1092355.001  1096093.003
  1460:  1096610.005  1096735.009  1097919.001  1101769.018  1101894.003
  1465:  1101900.016  1101950.026  1102013.005  1102579.009  1105365.001
  1470:  1105382.003  1105401.001  1105475.003  1105511.001  1105556.003
  1475:  1105587.001  1109437.018  1109638.003  1109644.016  1109694.026
  1480:  1109895.005  1112833.009  1113099.005  1116940.009  1117002.005
  1485:  1117554.009  1117564.005  1118763.009  1118888.005  1119135.009
  1490:  1123680.005  1123738.009  1124732.001  1124750.003  1124836.001
  1495:  1128580.003  1129118.005  1129146.009  1129236.005  1129270.009
  1500:  1129843.001  1129864.003  1129960.001  1129979.003  1130022.001
  1505:  1133872.018  1133912.003  1133918.016  1133968.026  1134091.005
  1510:  1137729.009  1137738.005  1138027.009  1139047.005  1140585.009
  1515:  1140633.005  1140644.009  1140766.005  1141029.009  1141079.005
  1520:  1141082.009  1141083.005  1141126.009  1141181.005  1141194.009
  1525:  1142487.001  1146261.003  1146721.005  1146857.009  1147647.001
  1530:  1147736.003  1147785.001  1151635.018  1152198.003  1152204.016
  1535:  1152254.026  1152369.005  1153034.009  1153924.005  1156080.009
  1540:  1158359.001  1158466.003  1158491.001  1162341.018  1162413.003
  1545:  1162419.016  1162439.001  1162469.026  1162551.003  1162627.005
  1550:  1163390.009  1166151.001  1169891.003  1169945.001  1170011.003
  1555:  1170049.001  1171080.003  1171461.005  1171575.009  1172356.001
  1560:  1172401.003  1172439.001  1172466.003  1172514.001  1172532.003
  1565:  1172571.001  1176421.018  1176758.003  1176764.016  1176814.026
  1570:  1176942.005  1177761.009  1179874.001  1183724.018  1184504.003
  1575:  1184510.016  1184560.026  1184659.005  1186352.009  1187877.001
  1580:  1187917.003  1187972.001  1188335.003  1188369.001  1188806.003
  1585:  1189025.001  1189148.003  1189202.001  1192957.003  1193414.005
  1590:  1194002.009  1194018.005  1194052.009  1195435.001  1199285.018
  1595:  1199737.003  1199743.016  1199793.026  1199882.005  1200750.009
  1600:  1200786.005  1200809.009  1200823.005  1200862.009  1200880.005
  1605:  1201215.009  1202259.001  1206109.018  1206387.003  1206393.016
  1610:  1206443.026  1206522.005  1207273.009  1207290.005  1207450.009
  1615:  1209625.001  1213475.018  1213600.003  1213606.016  1213656.026
  1620:  1213658.017  1213764.005  1214347.009  1216519.001  1216557.003
  1625:  1216614.001  1216638.003  1216702.001  1216724.003  1216835.001
  1630:  1220819.003  1223291.001  1223403.003  1223703.001  1227534.003
  1635:  1229485.001  1229508.003  1229565.001  1229602.003  1229634.001
  1640:  1230068.003  1230085.001  1234069.003  1235651.001  1235815.003
  1645:  1235839.001  1240386.003  1241780.001  1242435.003  1242459.001
  1650:  1242661.003  1242689.001  1242751.003  1242925.001  1242940.003
  1655:  1243075.001  1243091.003  1243376.001  1247193.003  1247821.005
  1660:  1247885.009  1248043.005  1248458.009  1250003.001  1250091.003
  1665:  1250133.001  1250335.003  1250466.001  1254472.003  1255605.001
  1670:  1255653.003  1255977.001  1256025.003  1256501.001  1260543.003
  1675:  1262553.001  1262574.003  1262824.001  1263224.003  1263271.001
  1680:  1263319.003  1263371.001  1263388.003  1263661.001  1266586.003
  1685:  1266642.001  1267762.003  1269549.001  1269599.003  1269639.001
  1690:  1269753.003  1270193.001  1274541.003  1275096.005  1275252.009
  1695:  1277234.001  1277258.003  1277329.001  1281704.003  1282185.005
  1700:  1282281.009  1282354.005  1282454.009  1283128.001  1284223.003
  1705:  1284544.001  1284563.003  1284632.001  1288827.003  1290027.001
  1710:  1290112.003  1290148.001  1290232.003  1290317.001  1290360.003
  1715:  1290383.001  1291219.003  1291412.001  1295248.003  1295743.005
  1720:  1295958.009  1297571.001  1297593.003  1297743.001  1301860.003
  1725:  1302277.005  1302461.009  1312955.005  1314203.009  1315607.001
  1730:  1320227.018  1320476.003  1320482.016  1320532.026  1320642.005
  1735:  1321693.009  1321703.005  1322488.009  1323750.005  1324071.009
  1740:  1325750.001  1330074.003  1332234.001  1336790.003  1337971.001
  1745:  1338004.003  1338078.001  1338136.003  1338190.001  1338307.003
  1750:  1338472.001  1338498.003  1338517.001  1338690.003  1338704.001
  1755:  1342329.003  1342354.001  1343479.003  1345588.001  1345619.003
  1760:  1345681.001  1345781.003  1345821.001  1350422.003  1350928.005
  1765:  1351218.009  1351246.005  1351563.009  1352679.001  1352845.003
  1770:  1352875.001  1357495.018  1357526.003  1357532.016  1357582.026
  1775:  1357722.005  1358815.009  1358858.005  1358861.009  1358870.005
  1780:  1358935.009  1358944.005  1358964.009  1362818.005  1362901.009
  1785:  1362939.005  1362985.009  1363121.005  1363142.009  1363144.005
  1790:  1363468.009  1365266.001  1369385.003  1370606.001  1370708.003
  1795:  1370737.001  1374579.003  1374735.005  1374824.009  1375003.005
  1800:  1375200.009  1376974.001  1377005.003  1377315.001  1377387.003
  1805:  1377419.001  1381482.003  1381973.005  1382184.009  1382812.001
  1810:  1387432.018  1387671.003  1387677.016  1387727.026  1387822.005
  1815:  1389138.009  1392176.005  1392177.009  1397424.001  1401405.003
  1820:  1401930.005  1401957.009  1401973.005  1401988.009  1403163.001
  1825:  1403264.003  1403316.001  1403374.003  1403415.001  1408035.018
  1830:  1408036.003  1408042.016  1408092.026  1408223.005  1409252.009
  1835:  1409278.005  1409292.009  1411722.001  1411760.003  1411923.001
  1840:  1412008.003  1412061.001  1412180.003  1412203.001  1415591.003
  1845:  1415610.001  1416184.003  1416639.005  1416740.009  1417681.001
  1850:  1418316.003  1418350.001  1418363.003  1418731.001  1418786.003
  1855:  1419594.001  1419679.003  1419703.001  1423586.003  1425140.001
  1860:  1425227.003  1425585.001  1425624.003  1425661.001  1430137.003
  1865:  1430775.005  1430893.009  1431948.001  1431988.003  1432031.001
  1870:  1436352.003  1437046.005  1437065.009  1437098.005  1437134.009
  1875:  1437137.005  1437264.009  1437362.005  1437528.009  1437604.005
  1880:  1437766.009  1446703.001  1450479.003  1451586.001  1451627.003
  1885:  1451690.001  1455914.003  1457878.001  1457912.003  1457956.001
  1890:  1457994.003  1458055.001  1458160.003  1458197.001  1458225.003
  1895:  1458413.001  1462500.003  1463088.005  1463208.009  1464322.001
  1900:  1464778.003  1464813.001  1464838.003  1464885.001  1465026.003
  1905:  1465084.001  1465181.003  1466199.001  1469862.003  1470719.005
  1910:  1470879.009  1472544.001  1472587.003  1472624.001  1477244.018
  1915:  1477454.003  1477460.016  1477510.026  1477577.005  1478590.009
  1920:  1480581.005  1480587.009  1480616.005  1480651.009  1480690.005
  1925:  1480841.009  1480862.005  1480964.009  1481011.005  1481016.009
  1930:  1482002.001  1486327.003  1486851.005  1486882.009  1487851.001
  1935:  1487945.003  1487975.001  1492101.003  1493619.001  1493689.003
  1940:  1493726.001  1497899.003  1498427.005  1498576.009  1498631.005
  1945:  1498717.009  1499461.001  1499520.003  1499556.001
B:
     0:        0.000      655.000        0.000      654.000        0.000
     5:      230.000        0.000        0.000        0.000      230.000
    10:        0.000        1.000        0.000        1.000        0.000
    15:        0.000       59.000        1.000       59.000        0.000
    20:        0.000        0.000        0.000        0.000        0.000
    25:        0.000       59.000        0.000        0.000        0.000
    30:        0.000
D:
     0:  3801495.000  3801046.000  3801010.000
E:
     0:     3850.000     4620.000
T:
     0:        0.000        0.000        0.000        0.000
W:
     0:        2.000        0.000        0.000
