File: C:\MED-PC IV\Data\Reyes\AY\AY1063.999


Start Date: 10/31/24
End Date: 10/31/24
Subject: 63
Experiment: AY
Group: LINEAR
Box: 1
Start Time: 13:08:58
End Time: 13:58:59
MSN: DRRD_lin
C:       0.000
F:       0.000
G:       0.000
H:       0.000
I:       0.000
J:       0.000
K:   10000.000
L:       0.000
M:       0.000
N:       0.000
O:       0.000
P:       0.000
Q:       0.000
R:       0.000
S:       0.000
U: 2106037.000
V:       0.000
X:       0.000
Y:    1241.000
Z:       0.000
A:
     0:    12098.005    12172.009    12550.005    12766.009    15000.013
     5:    15000.011    16048.001    16154.003    16172.001    16316.003
    10:    16342.001    16375.003    17148.001    17599.003    17611.001
    15:    17732.003    18163.001    20444.003    20777.001    24880.003
    20:    25277.001    25379.003    25406.001    30406.018    30473.003
    25:    30479.016    30529.026    30637.005    32219.009    32248.005
    30:    32291.009    32300.005    32359.009    32421.005    32583.009
    35:    34209.001    34371.003    34462.001    38007.003    38638.001
    40:    38704.003    38744.001    43163.003    43628.001    48157.003
    45:    48365.001    49171.003    49206.001    49337.003    49400.001
    50:    49464.003    50812.001    51873.005    52012.009    55812.018
    55:    56944.003    56950.016    57000.026    57076.005    58390.009
    60:    58421.005    58568.009    58961.005    59042.009    60963.001
    65:    65678.003    66156.001    71156.018    72667.003    72673.016
    70:    72723.026    72800.005    74110.009    75387.001    76734.003
    75:    76763.001    81305.003    81731.001    86731.018    86992.003
    80:    86998.016    87048.026    87150.005    88678.009    89361.001
    85:    90761.003    90845.001    91096.003    91148.001    96148.018
    90:    96274.003    96280.016    96330.026    96407.005    97052.009
    95:    97092.005    97667.009    98298.001    98349.003    98618.001
   100:   103618.018   104046.003   104052.016   104102.026   104182.005
   105:   105619.009   105622.005   105668.009   106856.001   111856.018
   110:   112473.003   112479.016   112529.026   112598.005   113139.009
   115:   113153.005   113773.009   113796.005   113876.009   115326.001
   120:   120326.018   121421.003   121427.016   121477.026   121578.005
   125:   122530.009   123588.001   123646.003   123674.001   128165.003
   130:   128634.005   128681.009   131444.001   133081.003   133148.001
   135:   133190.003   133230.001   138230.018   139097.003   139103.016
   140:   139153.026   139252.005   140510.009   140597.005   140608.009
   145:   141537.001   146537.018   147498.003   147504.016   147554.026
   150:   147643.005   149025.009   149891.001   154891.018   155819.003
   155:   155825.016   155875.026   155969.005   158398.009   159227.001
   160:   164227.018   165977.003   165983.016   166033.026   166118.005
   165:   166923.009   167819.001   172819.018   174323.003   174329.016
   170:   174379.026   174476.005   175850.009   176724.001   181724.018
   175:   182011.003   182017.016   182067.026   182156.005   183078.009
   180:   184226.001   189226.018   189481.003   189487.016   189537.026
   185:   189617.005   190895.009   192069.001   197069.018   197662.003
   190:   197668.016   197718.026   197797.005   198687.009   199007.001
   195:   204007.018   204180.003   204186.016   204236.026   204340.005
   200:   205147.009   206373.001   211040.003   211355.001   216355.018
   205:   218762.003   218768.016   218818.026   218901.005   219842.009
   210:   221139.001   222752.003   222793.001   227440.003   227720.001
   215:   232720.018   235414.003   235420.016   235470.026   235572.005
   220:   236065.009   236274.005   236444.009   240334.005   240929.009
   225:   240982.005   241055.009   247962.001   252188.003   252495.001
   230:   257495.018   259499.003   259505.016   259555.026   259658.005
   235:   260181.009   262841.001   263844.003   263863.001   264883.003
   240:   264892.001   269079.003   269936.001   274936.018   277331.003
   245:   277337.016   277387.026   277454.005   279833.009   280354.001
   250:   285354.018   287008.003   287014.016   287064.026   287137.005
   255:   288048.009   288394.005   288418.009   290952.001   291412.003
   260:   291522.001   291667.003   291804.001   296601.003   296870.005
   265:   297107.009   297554.001   302554.018   303494.003   303500.016
   270:   303550.026   303606.005   304706.009   304710.005   304722.009
   275:   305684.001   310684.018   311465.003   311471.016   311521.026
   280:   311598.005   312381.009   332369.001   337194.003   337605.001
   285:   342605.018   344357.003   344363.016   344413.026   344469.005
   290:   345535.009   346276.001   351276.018   352225.003   352231.016
   295:   352281.026   352365.005   353696.009   354822.001   359822.018
   300:   361556.003   361562.016   361612.026   361679.005   362194.009
   305:   362594.001   367594.018   368018.003   368024.016   368074.026
   310:   368195.005   368853.009   369270.001   374270.018   375076.003
   315:   375082.016   375132.026   375215.005   376032.009   376966.001
   320:   378002.003   378520.001   383258.003   384071.001   389071.018
   325:   390751.003   390757.016   390807.026   390896.005   392051.009
   330:   393542.001   398542.018   399421.003   399427.016   399477.026
   335:   399563.005   400512.009   400968.001   405951.003   406147.005
   340:   406315.009   406707.001   411707.018   413063.003   413069.016
   345:   413119.026   413200.005   414143.009   414839.001   419839.018
   350:   421477.003   421483.016   421533.026   421637.005   422094.009
   355:   422944.001   427944.018   429819.003   429825.016   429875.026
   360:   429943.005   430864.009   431722.001   436722.018   437634.003
   365:   437640.016   437690.026   437759.005   438680.009   441078.001
   370:   441310.003   441333.001   446333.018   449711.003   449717.016
   375:   449767.026   449840.005   450443.009   451460.001   456460.018
   380:   457379.003   457385.016   457435.026   457519.005   458215.009
   385:   459126.001   464126.018   465096.003   465102.016   465152.026
   390:   465225.005   466221.009   466948.001   467278.003   467289.001
   395:   472289.018   473231.003   473237.016   473287.026   473377.005
   400:   473959.009   475384.001   480312.003   480679.001   485679.018
   405:   488455.003   488461.016   488511.026   488584.005   489697.009
   410:   490506.001   495506.018   496205.003   496211.016   496261.026
   415:   496359.005   497337.009   497713.005   497850.009   498333.001
   420:   501434.003   501444.001   503337.003   503535.001   507894.003
   425:   508589.001   513589.018   515512.003   515518.016   515568.026
   430:   515630.005   516179.009   516192.005   516212.009   517055.001
   435:   522055.018   522881.003   522887.016   522937.026   523006.005
   440:   523645.009   524724.001   529724.018   530346.003   530352.016
   445:   530402.026   530477.005   531811.009   533149.001   537989.003
   450:   538372.001   543372.018   544849.003   544855.016   544905.026
   455:   544957.005   546281.009   546781.001   551781.018   553535.003
   460:   553541.016   553591.026   553650.005   554316.009   554323.005
   465:   554583.009   555469.001   556747.003   556785.001   561785.018
   470:   561820.003   561826.016   561876.026   561971.005   563032.009
   475:   563849.001   568849.018   569583.003   569589.016   569639.026
   480:   569719.005   572025.009   572092.005   572113.009   572724.001
   485:   572850.003   572868.001   573103.003   573648.001   578648.018
   490:   578828.003   578834.016   578884.026   578989.005   580452.009
   495:   580514.005   580527.009   580548.005   580982.009   581345.001
   500:   586345.018   586628.003   586634.016   586654.001   586684.026
   505:   586848.003   587020.005   587843.009   588334.001   593334.018
   510:   593908.003   593914.016   593964.026   594021.005   594797.009
   515:   595478.001   600478.018   602525.003   602531.016   602581.026
   520:   602661.005   604000.009   605383.001   605430.003   605499.001
   525:   610499.018   611548.003   611554.016   611604.026   611670.005
   530:   612364.009   613054.005   613157.009   613872.001   618133.003
   535:   618517.001   623517.018   625891.003   625897.016   625947.026
   540:   626035.005   626972.009   628024.001   628081.003   628277.001
   545:   628426.003   628467.001   633467.018   634818.003   634824.016
   550:   634874.026   634954.005   635805.009   636268.001   641243.003
   555:   641534.001   646534.018   647211.003   647217.016   647267.026
   560:   647329.005   648362.009   649572.001   654572.018   655807.003
   565:   655813.016   655863.026   655938.005   656528.009   657731.001
   570:   657773.003   658038.001   662163.003   662641.001   667641.018
   575:   668961.003   668967.016   669017.026   669085.005   669815.009
   580:   671101.001   676101.018   677632.003   677638.016   677688.026
   585:   677769.005   678282.009   678823.001   683823.018   685236.003
   590:   685242.016   685292.026   685362.005   686537.009   687226.001
   595:   692226.018   693699.003   693705.016   693755.026   693823.005
   600:   695083.009   695584.001   695933.003   696057.001   700844.003
   605:   701402.001   706402.018   707814.003   707820.016   707870.026
   610:   707963.005   708705.009   709170.001   714170.018   715087.003
   615:   715093.016   715143.026   715238.005   715682.009   716850.001
   620:   718870.003   718885.001   718916.003   718946.001   719024.003
   625:   719147.001   723549.003   724167.001   729167.018   731538.003
   630:   731544.016   731594.026   731671.005   732276.009   735236.001
   635:   739670.003   740300.001   745300.018   746128.003   746134.016
   640:   746184.026   746267.005   746989.009   747873.001   752873.018
   645:   753854.003   753860.016   753910.026   753993.005   754853.009
   650:   756173.001   756349.003   756382.001   759370.003   759658.001
   655:   759714.003   759747.001   760109.003   760163.001   764769.003
   660:   764939.005   765026.009   765467.001   770467.018   771500.003
   665:   771506.016   771556.026   771659.005   772579.009   773364.001
   670:   778364.018   779157.003   779163.016   779213.026   779308.005
   675:   780108.009   780887.001   785637.003   785880.001   786277.003
   680:   786296.001   791296.018   792867.003   792873.016   792923.026
   685:   793020.005   793631.009   794426.001   799426.018   800562.003
   690:   800568.016   800618.026   800704.005   801750.009   802786.001
   695:   807689.003   808336.001   813336.018   813864.003   813870.016
   700:   813920.026   814060.005   814672.009   815305.001   820305.018
   705:   820666.003   820672.016   820722.026   820822.005   821373.009
   710:   822304.001   826754.003   827123.001   832123.018   833371.003
   715:   833377.016   833427.026   833524.005   835003.009   835493.001
   720:   840493.018   842191.003   842197.016   842247.026   842353.005
   725:   842843.009   844558.001   849558.018   850564.003   850570.016
   730:   850620.026   850723.005   851707.009   852171.001   857171.018
   735:   857334.003   857340.016   857390.026   857505.005   858355.009
   740:   858730.001   863730.018   866239.003   866245.016   866295.026
   745:   866376.005   867249.009   867853.001   872853.018   873765.003
   750:   873771.016   873821.026   873917.005   874990.009   876032.001
   755:   881032.018   885341.003   885347.016   885397.026   885467.005
   760:   886667.009   887357.001   892357.018   892972.003   892978.016
   765:   893028.026   893089.005   893897.009   894443.001   897614.003
   770:   897632.001   899243.003   899563.001   899593.003   899790.001
   775:   904790.018   905856.003   905862.016   905912.026   905966.005
   780:   906819.009   907462.001   912462.018   913054.003   913060.016
   785:   913110.026   913214.005   913973.009   914018.005   914099.009
   790:   914548.001   919548.018   919646.003   919652.016   919702.026
   795:   919833.005   920645.009   921037.001   926037.018   926236.003
   800:   926242.016   926292.026   926349.005   927296.009   928480.001
   805:   931735.003   932071.001   937071.018   939180.003   939186.016
   810:   939236.026   939296.005   940011.009   941073.001   945326.003
   815:   945944.001   950944.018   951941.003   951947.016   951997.026
   820:   952074.005   952579.009   952580.005   952589.009   953506.001
   825:   955229.003   955251.001   959227.003   959392.005   959558.009
   830:   966297.001   971297.018   971697.003   971703.016   971753.026
   835:   971905.005   972641.009   973464.001   973544.003   973635.001
   840:   976637.003   977233.001   982160.003   982535.001   987535.018
   845:   988883.003   988889.016   988939.026   989002.005   989652.009
   850:   990095.005   990108.009   996981.001   998937.003   998983.001
   855:   999176.003   999200.001  1002414.003  1002834.001  1006920.003
   860:  1007525.001  1012525.018  1013025.003  1013031.016  1013081.026
   865:  1013213.005  1014647.009  1016193.001  1021193.018  1021264.003
   870:  1021270.016  1021320.026  1021456.005  1022605.009  1022799.005
   875:  1022938.009  1024004.001  1026098.003  1026132.001  1028542.003
   880:  1028875.001  1031995.003  1034071.001  1039071.018  1039902.003
   885:  1039908.016  1039958.026  1040029.005  1041153.009  1041758.001
   890:  1045645.003  1046152.001  1050618.003  1051127.001  1056127.018
   895:  1056621.003  1056627.016  1056677.026  1056746.005  1057977.009
   900:  1058829.001  1059163.003  1059181.001  1063847.003  1064428.001
   905:  1069428.018  1071383.003  1071389.016  1071439.026  1071502.005
   910:  1072773.009  1077949.001  1082949.018  1083351.003  1083357.016
   915:  1083407.026  1083495.005  1084314.009  1084762.001  1089365.003
   920:  1089879.001  1094879.018  1095363.003  1095369.016  1095419.026
   925:  1095494.005  1095884.009  1098407.001  1103407.018  1105712.003
   930:  1105718.016  1105768.026  1105832.005  1106543.009  1107679.001
   935:  1112230.003  1112577.001  1117577.018  1118795.003  1118801.016
   940:  1118851.026  1118936.005  1119975.009  1120347.001  1121477.003
   945:  1121511.001  1121663.003  1121719.001  1125298.003  1125656.001
   950:  1130311.003  1133008.001  1135231.003  1135260.001  1138098.003
   955:  1138460.001  1143460.018  1143581.003  1143587.016  1143637.026
   960:  1143713.005  1144180.009  1146200.001  1146581.003  1146598.001
   965:  1148683.003  1148694.001  1151080.003  1151575.001  1156575.018
   970:  1158313.003  1158319.016  1158369.026  1158455.005  1159277.009
   975:  1161553.001  1166469.003  1166830.001  1171830.018  1174430.003
   980:  1174436.016  1174486.026  1174563.005  1175506.009  1177479.001
   985:  1178868.003  1178986.001  1182788.003  1183084.001  1188084.018
   990:  1188791.003  1188797.016  1188847.026  1188937.005  1189670.009
   995:  1190882.001  1194667.003  1194691.001  1198356.003  1198791.001
  1000:  1203791.018  1205937.003  1205943.016  1205993.026  1206093.005
  1005:  1206812.009  1207659.001  1212659.018  1215458.003  1215464.016
  1010:  1215514.026  1215607.005  1216532.009  1217324.001  1222324.018
  1015:  1224053.003  1224059.016  1224109.026  1224205.005  1224694.009
  1020:  1224701.005  1224713.009  1224904.005  1224947.009  1225680.001
  1025:  1230680.018  1231348.003  1231354.016  1231404.026  1231502.005
  1030:  1232409.009  1232984.001  1237984.018  1238366.003  1238372.016
  1035:  1238422.026  1238495.005  1240198.009  1240238.005  1240283.009
  1040:  1241374.001  1246374.018  1247375.003  1247381.016  1247431.026
  1045:  1247525.005  1248812.009  1249633.001  1254633.018  1255124.003
  1050:  1255130.016  1255180.026  1255262.005  1256291.009  1257426.001
  1055:  1262426.018  1263465.003  1263471.016  1263521.026  1263581.005
  1060:  1264585.009  1264989.001  1265025.003  1265191.001  1265325.003
  1065:  1265392.001  1270392.018  1271526.003  1271532.016  1271582.026
  1070:  1271673.005  1272340.009  1277948.001  1278793.003  1278814.001
  1075:  1278998.003  1279032.001  1279100.003  1279164.001  1279272.003
  1080:  1279299.001  1279399.003  1279492.001  1282248.003  1282476.001
  1085:  1287028.003  1287733.001  1292733.018  1294109.003  1294115.016
  1090:  1294165.026  1294249.005  1294990.009  1298135.001  1298489.003
  1095:  1298530.001  1299348.003  1299368.001  1302318.003  1302733.001
  1100:  1307435.003  1308137.001  1313137.018  1315836.003  1315842.016
  1105:  1315892.026  1315987.005  1317066.009  1318122.001  1323122.018
  1110:  1323244.003  1323250.016  1323300.026  1323472.005  1326518.009
  1115:  1326756.005  1326795.009  1328280.005  1328392.009  1328400.005
  1120:  1329315.009  1329324.005  1329383.009  1329431.005  1329933.009
  1125:  1329942.005  1329964.009  1330796.001  1330847.003  1331207.005
  1130:  1331526.009  1331664.005  1331903.009  1332262.005  1332341.009
  1135:  1358729.001  1359027.003  1359082.001  1359126.003  1359335.005
  1140:  1359617.009  1359691.005  1359707.009  1359807.005  1359837.009
  1145:  1359840.005  1360907.009  1361040.005  1361070.009  1361071.005
  1150:  1361099.009  1363444.005  1364023.009  1383241.005  1383460.009
  1155:  1402192.005  1402310.009  1402890.001  1404635.003  1404666.001
  1160:  1404868.003  1404903.001  1405043.003  1405232.001  1405361.003
  1165:  1405425.001  1406989.003  1407006.001  1411061.003  1411414.001
  1170:  1416123.003  1416624.001  1421624.018  1422642.003  1422648.016
  1175:  1422698.026  1422794.005  1423662.009  1423982.001  1428982.018
  1180:  1430244.003  1430250.016  1430300.026  1430410.005  1431312.009
  1185:  1431824.001  1436824.018  1438825.003  1438831.016  1438881.026
  1190:  1438958.005  1439949.009  1440858.001  1445858.018  1446833.003
  1195:  1446839.016  1446889.026  1446992.005  1448633.009  1448648.005
  1200:  1448670.009  1448687.005  1448749.009  1449105.001  1449231.003
  1205:  1449326.001  1449697.003  1449711.001  1454534.003  1454870.001
  1210:  1455909.003  1455937.001  1460937.018  1461799.003  1461805.016
  1215:  1461855.026  1461964.005  1462927.009  1464504.001  1469347.003
  1220:  1469736.001  1474736.018  1477501.003  1477507.016  1477557.026
  1225:  1477671.005  1478296.009  1479246.001  1481846.003  1481865.001
  1230:  1485472.003  1486136.001  1491136.018  1493970.003  1493976.016
  1235:  1494026.026  1494104.005  1495117.009  1495611.001  1496140.003
  1240:  1496178.001
B:
     0:        0.000      263.000        0.000      262.000        0.000
     5:      177.000        0.000        0.000        0.000      177.000
    10:        0.000        1.000        0.000        1.000        0.000
    15:        0.000      120.000        0.000      120.000        0.000
    20:        0.000        0.000        0.000        0.000        0.000
    25:        0.000      120.000        0.000        0.000        0.000
    30:        0.000
D:
     0:  3606042.000  3602215.000  3602177.000
E:
     0:     5000.000     5000.000
T:
     0:        0.000        0.000        0.000        0.000
W:
     0:        2.000        0.000        0.000
