File: C:\MED-PC IV\Data\Reyes\AY\AY1056.999


Start Date: 10/17/24
End Date: 10/17/24
Subject: 56
Experiment: AY
Group: EXP10
Box: 6
Start Time: 14:39:19
End Time: 15:29:19
MSN: DRRD_exp_10
C:       0.000
F:       0.000
G:       0.000
H:       0.000
I:       0.000
J:       0.000
K:    5960.000
L:       0.000
M:       0.000
N:       0.000
O:       0.000
P:       0.000
Q:       0.000
R:       0.000
S:       0.000
U: 2820486.000
V:       0.000
X:       0.000
Y:    1522.000
Z:       0.000
A:
     0:     1957.005     2009.009    15000.013    15000.011    18469.005
     5:    18663.009    19244.001    19599.003    19658.001    22051.003
    10:    22193.001    22304.003    22410.001    24221.003    24727.001
    15:    27064.003    27388.005    28461.009    28925.001    29017.003
    20:    29284.001    31691.003    32368.001    34904.003    35667.001
    25:    37471.003    38339.001    38674.003    38742.001    40743.003
    30:    41212.001    43027.003    43455.001    43803.003    43899.001
    35:    43966.003    44268.001    44639.003    44972.005    45730.009
    40:    46744.001    48462.003    48945.001    51434.003    52411.001
    45:    54548.003    55183.005    55275.009    55941.001    57834.003
    50:    57980.005    58122.009    60680.005    60737.009    60972.005
    55:    61519.009    62258.001    65238.018    65351.003    65357.016
    60:    65407.026    65438.001    65657.003    65895.005    66846.009
    65:    67116.005    67153.009    68156.001    69810.003    69911.001
    70:    72163.003    72324.005    72472.009    72852.005    72956.009
    75:    73460.001    75830.003    76580.001    76627.003    76753.001
    80:    79107.003    80159.001    82201.003    83019.001    85303.003
    85:    85499.005    86151.009    86493.001    86569.003    91461.005
    90:    91682.009    94248.005    94292.009    94313.005    94324.009
    95:    94435.005    94615.009    94665.005    94991.009    95431.001
   100:    95653.003    95701.001    97992.003    98632.001   100633.003
   105:   100819.001   103799.018   103825.003   103831.016   103881.026
   110:   104033.005   104764.009   105334.005   105353.009   105357.005
   115:   105571.009   106403.001   109383.018   109902.003   109908.016
   120:   109958.026   109983.005   110788.009   112130.001   114500.003
   125:   114687.005   115007.009   115266.005   115331.009   115338.005
   130:   115347.009   115631.001   118192.003   118366.005   118616.009
   135:   118709.005   118820.009   119192.001   121629.003   123262.001
   140:   124310.003   124331.001   124860.003   125241.001   127495.003
   145:   128378.001   130557.003   131347.001   133628.003   134411.001
   150:   136872.003   139493.001   140324.003   141563.001   143676.003
   155:   143951.005   144175.009   144657.001   145067.003   145137.001
   160:   147231.003   147392.005   147649.009   148222.001   150573.003
   165:   151268.001   153739.003   157531.001   159104.003   159371.001
   170:   162180.003   163599.001   164476.003   174441.005   174445.009
   175:   174466.005   175005.009   175398.001   177912.003   178048.005
   180:   178345.009   179079.001   180522.003   181652.001   184138.003
   185:   184603.001   186860.003   187457.001   189616.003   189730.005
   190:   189939.009   189994.005   190018.009   190045.005   190129.009
   195:   191620.005   191646.009   191752.005   191797.009   192631.001
   200:   194696.003   195617.001   198597.018   199142.003   199148.016
   205:   199198.026   199287.005   201750.009   202639.005   202714.009
   210:   203029.001   205217.003   205654.005   205663.009   205697.005
   215:   205724.009   206172.001   207674.003   208559.001   210339.003
   220:   210896.001   212521.003   213184.001   213204.003   213245.001
   225:   214341.003   214462.001   216919.003   217676.001   220501.003
   230:   220806.001   220826.003   221296.005   223063.009   223184.005
   235:   223190.009   224634.005   224658.009   224660.005   224749.009
   240:   224772.005   224990.009   225695.001   228022.003   229114.001
   245:   232094.018   232365.003   232371.016   232421.026   232508.005
   250:   233713.009   233752.005   233762.009   233773.005   233845.009
   255:   234272.001   236205.003   236837.005   236861.009   236876.005
   260:   237063.009   237432.001   237520.003   237631.001   239595.003
   265:   240747.001   242629.003   242870.001   243898.003   246389.001
   270:   248452.003   249080.005   249091.009   249703.001   252683.018
   275:   254135.003   254141.016   254191.026   254219.005   255769.009
   280:   256092.005   256209.009   257036.001   259185.003   259562.005
   285:   259860.009   260562.001   262248.003   262868.001   265493.003
   290:   265940.005   266591.009   267038.001   269834.003   270826.001
   295:   273480.003   274676.001   277656.018   277807.003   277813.016
   300:   277863.026   277911.005   278598.009   278607.005   278626.009
   305:   278639.005   278667.009   280021.005   280272.009   280733.001
   310:   283017.003   283152.005   283390.009   286310.001   288605.003
   315:   288877.005   289033.009   289048.005   289052.009   289534.001
   320:   291608.003   291874.005   292038.009   308548.005   308635.009
   325:   309237.001   311918.003   312442.001   314043.003   314710.001
   330:   316689.003   316844.005   317206.009   318138.001   318725.003
   335:   318760.001   320612.003   321283.005   321295.009   321328.005
   340:   321387.009   321878.001   322319.003   323211.001   325659.003
   345:   326259.001   328253.003   329667.001   331562.003   332531.001
   350:   333972.003   334559.005   334673.009   334714.005   334893.009
   355:   335291.001   337241.003   337618.001   339523.003   340546.001
   360:   342868.003   342953.005   343295.009   343783.001   346763.018
   365:   348738.003   348744.016   348794.026   348967.005   349803.009
   370:   350702.001   351794.003   352870.001   355008.003   355402.005
   375:   355661.009   356168.001   357717.003   358133.005   358311.009
   380:   358679.001   360828.003   361993.001   362049.003   362160.001
   385:   364429.003   365380.001   367137.003   368206.001   370339.003
   390:   371009.005   371123.009   371455.001   373851.003   374620.001
   395:   376297.003   376632.001   376718.003   376861.001   378906.003
   400:   379837.005   380150.009   380559.001   382977.003   383108.001
   405:   383184.003   383902.001   385920.003   386403.001   387353.003
   410:   388062.001   388562.003   388626.001   390733.003   391798.001
   415:   391922.003   392000.001   394627.003   395193.005   395535.009
   420:   395766.001   395865.003   395995.001   397785.003   398403.001
   425:   399918.003   401213.001   403551.003   404378.001   404762.003
   430:   405466.001   406551.003   407529.001   409589.003   410497.005
   435:   410687.009   410945.001   413029.003   413742.005   413904.009
   440:   414244.001   414313.003   414368.001   416233.003   416749.001
   445:   419367.003   419913.005   420016.009   420045.005   420058.009
   450:   420398.001   420485.003   420536.001   423516.018   423573.003
   455:   423579.016   423629.026   423887.005   424909.009   425048.005
   460:   425176.009   426152.001   427086.003   428747.001   430518.003
   465:   431791.001   433708.003   434458.005   434633.009   435233.001
   470:   438003.003   438139.005   438661.009   438710.005   438792.009
   475:   438932.005   438941.009   439206.001   442172.003   442697.001
   480:   443745.003   443810.001   444333.003   445537.001   447922.003
   485:   448869.001   451554.003   452524.001   455504.018   457153.003
   490:   457159.016   457209.026   457235.005   457824.009   457944.005
   495:   458191.009   465621.005   466326.009   466828.001   467118.003
   500:   467214.001   468984.003   469669.001   471243.003   471461.001
   505:   474441.018   474539.003   474545.016   474595.026   474673.005
   510:   475097.009   476274.001   478661.003   479715.001   481291.003
   515:   481725.001   484262.003   485412.001   487428.003   488638.001
   520:   490806.003   491731.001   494266.003   495298.001   497530.003
   525:   498520.005   498706.009   499880.001   501042.003   502033.001
   530:   503744.003   503884.005   503935.009   504657.001   506520.003
   535:   507166.001   510146.018   510303.003   510309.016   510359.026
   540:   510399.005   511728.009   512567.001   513656.003   514031.005
   545:   514141.009   514163.005   514175.009   514179.005   514193.009
   550:   514612.001   516650.003   517690.001   519432.003   519908.001
   555:   522642.003   523484.001   526188.003   527064.001   529797.003
   560:   530897.001   533146.003   534227.001   535896.003   536402.005
   565:   536759.009   537513.001   539260.003   539884.001   542435.003
   570:   543293.001   545855.003   546010.005   546345.009   547125.001
   575:   549476.003   549601.005   550081.009   550373.001   553353.018
   580:   553609.003   553615.016   553665.026   553842.005   554957.009
   585:   554988.005   555514.009   556949.005   556972.009   556984.005
   590:   557549.009   558990.005   559001.009   559954.005   559982.009
   595:   559988.005   560418.009   560832.001   561098.003   561133.001
   600:   563886.003   564703.001   566081.003   566403.001   566428.003
   605:   566988.005   567265.009   567689.001   570126.003   570743.001
   610:   573530.003   574458.001   576761.003   577184.001   578726.003
   615:   580168.001   582458.003   582530.001   582653.003   583038.001
   620:   583924.003   584080.001   584570.003   584906.005   585413.009
   625:   585525.005   585666.009   586867.001   589276.003   590294.001
   630:   592417.003   592907.005   592940.009   593274.001   593370.003
   635:   593453.001   594878.003   596244.001   598335.003   599554.001
   640:   601360.003   602036.001   604637.003   605047.001   607303.003
   645:   607679.005   607945.009   608408.001   609131.003   609157.001
   650:   610782.003   611321.005   611474.009   611850.005   614022.009
   655:   614034.005   614128.009   614141.005   614390.009   614443.005
   660:   614497.009   633874.005   634112.009   634268.005   634290.009
   665:   634949.001   637684.003   638343.001   640019.003   641278.001
   670:   643036.003   643833.001   646813.018   647041.003   647047.016
   675:   647097.026   647163.005   648562.009   648611.005   648658.009
   680:   649365.001   649721.003   650211.001   653191.018   653220.003
   685:   653226.016   653276.026   653317.005   654622.009   654784.005
   690:   654877.009   655268.001   656717.003   658025.001   659570.003
   695:   659911.005   660258.009   660294.005   660340.009   660862.001
   700:   663603.003   664585.001   666412.003   667076.001   668757.003
   705:   669340.001   670694.003   670801.001   671176.003   671808.001
   710:   673440.003   674328.001   676828.003   677526.001   680442.003
   715:   681470.001   683383.003   683813.005   684166.009   684464.001
   720:   686774.003   687405.005   687621.009   687992.001   690053.003
   725:   690869.001   692652.003   692775.001   692800.003   694052.001
   730:   696132.003   696852.005   697416.009   697834.001   699484.003
   735:   700052.005   700181.009   700707.001   702934.003   703574.001
   740:   706457.003   706810.005   706859.009   706863.005   707518.009
   745:   707850.001   710362.003   711529.001   714509.018   716874.003
   750:   716880.016   716930.026   716986.005   717503.009   717532.005
   755:   717546.009   717575.005   717717.009   717773.005   717783.009
   760:   718348.001   720111.003   720957.001   723074.003   723498.005
   765:   723506.009   723540.005   723703.009   724157.001   726147.003
   770:   727250.001   730006.003   730332.001   733312.018   733651.003
   775:   733657.016   733707.026   733752.005   734678.009   737257.005
   780:   737280.009   737861.001   740185.003   741173.001   742878.003
   785:   743847.001   745851.003   746671.001   748161.003   749688.001
   790:   751249.003   752523.001   754507.003   754967.005   755255.009
   795:   755692.001   758023.003   758999.001   760825.003   761968.001
   800:   763411.003   763560.001   763652.003   763723.001   764127.003
   805:   764151.001   764215.003   765414.001   766651.003   766869.005
   810:   767322.009   767449.005   767461.009   767572.005   767668.009
   815:   767723.005   768148.009   768738.001   769115.003   769147.001
   820:   771406.003   772621.001   774371.003   774398.001   774689.003
   825:   775249.001   775521.003   777598.001   779631.003   780245.005
   830:   780323.009   781111.001   782733.003   784112.001   785943.003
   835:   786996.001   789367.003   789633.005   790271.009   790282.005
   840:   790502.009   791036.001   793731.003   795122.001   796056.003
   845:   796068.001   797523.003   797601.001   797879.003   798238.001
   850:   799902.003   800522.001   800818.003   800841.001   803193.003
   855:   804097.001   806717.003   807510.005   807523.009   807529.005
   860:   808186.009   808245.005   808280.009   809094.001   811146.003
   865:   811707.001   814159.003   814838.001   817215.003   818199.001
   870:   820308.003   821264.001   823390.003   823690.001   826385.003
   875:   827394.001   830054.003   830825.001   832197.003   834287.001
   880:   835280.003   836142.005   836360.009   836849.001   839803.003
   885:   839836.001   841997.003   842657.001   845637.018   846117.003
   890:   846123.016   846146.001   846173.026   846409.003   846629.005
   895:   847995.009   848530.001   849543.003   850243.005   850764.009
   900:   851619.001   853575.003   853898.001   853959.003   854519.001
   905:   856251.003   856654.001   858985.003   859593.005   859930.009
   910:   860422.001   862322.003   862992.001   864712.003   865701.001
   915:   865770.003   865868.001   868524.003   869711.001   871648.003
   920:   872421.001   874229.003   875138.001   877934.003   878830.001
   925:   880429.003   880877.001   880912.003   881609.001   884585.003
   930:   885949.001   887432.003   887747.001   887790.003   888059.001
   935:   888090.003   888187.005   888802.009   889129.001   892062.003
   940:   892552.001   895532.018   896304.003   896310.016   896360.026
   945:   896439.005   897192.009   897200.005   897562.009   900959.001
   950:   903939.018   904461.003   904467.016   904517.026   904579.005
   955:   905727.009   905730.005   905753.009   905871.005   905978.009
   960:   905980.005   906031.009   906059.005   906122.009   906141.005
   965:   906148.009   906778.001   909282.003   910034.001   912606.003
   970:   913283.001   915329.003   915713.005   915817.009   916254.001
   975:   918559.003   919378.001   921134.003   921996.001   924157.003
   980:   926214.001   928838.003   929599.001   929665.003   930574.001
   985:   933136.003   933422.005   935202.009   935263.005   935680.009
   990:   936283.001   937895.003   938519.005   938539.009   938556.005
   995:   938778.009   939177.001   942095.003   943090.001   945595.003
  1000:   946271.001   948478.003   948831.005   948988.009   949307.001
  1005:   952287.018   952333.003   952339.016   952389.026   952452.005
  1010:   954001.009   954020.005   954083.009   954170.005   954191.009
  1015:   956286.001   958084.003   959324.001   960518.003   960639.001
  1020:   960726.003   960984.001   963311.003   964320.001   966383.003
  1025:   967716.001   968809.003   969570.001   972428.003   973193.001
  1030:   975914.003   976659.001   979639.018   979666.003   979672.016
  1035:   979722.026   979785.005   980012.009   980032.005   981271.009
  1040:   984549.001   986328.003   987299.001   987561.003   987736.001
  1045:   989786.003   990762.001   993742.018   994239.003   994245.016
  1050:   994295.026   994372.005   995428.009   996333.001   997115.003
  1055:   997479.001  1000199.003  1000325.005  1000596.009  1002010.001
  1060:  1003498.003  1004768.001  1006521.003  1007193.001  1009836.003
  1065:  1010791.005  1011185.009  1011716.001  1013994.003  1014785.005
  1070:  1014996.009  1015001.005  1015016.009  1015567.001  1016585.003
  1075:  1019166.001  1019489.003  1019529.001  1021532.003  1022199.005
  1080:  1022318.009  1022721.001  1024686.003  1025013.001  1026341.003
  1085:  1027442.001  1029495.003  1029941.001  1029992.003  1030430.005
  1090:  1030539.009  1030580.005  1030697.009  1031239.001  1033409.003
  1095:  1034281.001  1034412.003  1034473.001  1036642.003  1037993.001
  1100:  1039606.003  1040091.005  1040426.009  1040724.005  1040746.009
  1105:  1040792.005  1040839.009  1041219.001  1043730.003  1045028.001
  1110:  1047397.003  1048246.001  1051176.003  1051271.005  1051865.009
  1115:  1052463.005  1052560.009  1052617.005  1053240.009  1053785.001
  1120:  1056179.003  1056672.001  1059652.018  1059704.003  1059710.016
  1125:  1059760.026  1059818.005  1061088.009  1062760.001  1064262.003
  1130:  1065159.001  1067417.003  1068206.001  1071169.003  1072217.001
  1135:  1075197.018  1075925.003  1075931.016  1075981.026  1076021.005
  1140:  1077410.009  1078334.005  1080075.009  1080091.005  1080270.009
  1145:  1081252.001  1083044.003  1084075.001  1086986.003  1087680.001
  1150:  1089997.003  1090405.001  1092339.003  1092881.005  1093063.009
  1155:  1093552.001  1095781.003  1096216.005  1096306.009  1096329.005
  1160:  1096418.009  1096862.001  1099524.003  1099973.005  1100272.009
  1165:  1101068.001  1103631.003  1104583.005  1104684.009  1105672.001
  1170:  1108652.018  1110293.003  1110299.016  1110349.026  1110405.005
  1175:  1111548.009  1112363.001  1115106.003  1115648.005  1116099.009
  1180:  1116521.001  1119048.003  1120183.001  1123163.018  1123217.003
  1185:  1123223.016  1123273.026  1123364.005  1126796.009  1127865.005
  1190:  1127942.009  1128978.001  1131446.003  1132700.001  1135098.003
  1195:  1135862.001  1135916.003  1135948.001  1138512.003  1139182.005
  1200:  1139561.009  1140096.001  1140305.003  1140361.001  1143341.018
  1205:  1143931.003  1143937.016  1143987.026  1144060.005  1145125.009
  1210:  1149312.001  1150837.003  1152646.001  1154551.003  1155770.001
  1215:  1158208.003  1158508.001  1160742.003  1161103.005  1161157.009
  1220:  1161707.001  1163854.003  1164531.005  1164657.009  1165190.001
  1225:  1167128.003  1168167.001  1170569.003  1171877.001  1174273.003
  1230:  1175305.001  1176771.003  1177788.001  1177936.003  1178005.001
  1235:  1180051.003  1180674.005  1180929.009  1181328.001  1183427.003
  1240:  1184315.005  1184331.009  1184859.001  1187240.003  1192537.005
  1245:  1192845.009  1192871.005  1192947.009  1193507.001  1194330.003
  1250:  1195225.001  1197251.003  1197539.005  1197999.009  1198140.005
  1255:  1198173.009  1199343.001  1201845.003  1202238.005  1202317.009
  1260:  1202804.001  1204813.003  1205407.001  1206554.003  1207554.001
  1265:  1209823.003  1210275.001  1212889.003  1212927.001  1215736.003
  1270:  1216531.001  1218743.003  1219401.001  1220230.003  1220355.001
  1275:  1220428.003  1221097.001  1223506.003  1223888.005  1224056.009
  1280:  1224412.005  1224646.009  1226016.001  1226439.003  1226788.001
  1285:  1228838.003  1229786.001  1232096.003  1232907.001  1235887.018
  1290:  1236734.003  1236740.016  1236790.026  1236819.005  1237626.009
  1295:  1239781.005  1240086.009  1240147.005  1240164.009  1240625.001
  1300:  1240713.003  1241031.001  1242225.003  1242879.005  1242918.009
  1305:  1256563.005  1257122.009  1259219.005  1259249.009  1260233.001
  1310:  1261823.003  1262515.001  1264906.003  1266069.001  1268230.003
  1315:  1269237.001  1271375.003  1272587.001  1274699.003  1275068.005
  1320:  1275244.009  1275786.001  1277488.003  1278232.001  1279828.003
  1325:  1279961.005  1280166.009  1280185.005  1280294.009  1280736.001
  1330:  1283221.003  1284002.005  1284047.009  1286962.001  1288384.003
  1335:  1288608.001  1289219.003  1290824.001  1292465.003  1292976.001
  1340:  1293463.003  1293511.001  1294411.003  1294533.001  1296387.003
  1345:  1297361.001  1297466.003  1297526.001  1299832.003  1300437.005
  1350:  1300685.009  1301205.001  1303759.003  1305083.001  1306829.003
  1355:  1308526.001  1310073.003  1310168.001  1312200.003  1313207.005
  1360:  1313285.009  1313889.001  1316530.003  1318694.001  1320675.003
  1365:  1323160.001  1323651.003  1324085.001  1327009.003  1327765.005
  1370:  1327785.009  1328111.001  1330026.003  1330909.005  1331513.009
  1375:  1331551.005  1331633.009  1332097.001  1333958.003  1334497.001
  1380:  1336850.003  1337844.005  1338186.009  1338198.005  1338214.009
  1385:  1338291.005  1338316.009  1338421.005  1338470.009  1338491.005
  1390:  1338496.009  1356645.005  1356799.009  1360500.005  1360618.009
  1395:  1361393.001  1364373.018  1368076.003  1368082.016  1368132.026
  1400:  1368156.005  1368744.009  1368844.005  1369380.009  1370827.001
  1405:  1371912.003  1372315.001  1373974.003  1374688.001  1376624.003
  1410:  1377795.001  1379628.003  1380278.001  1382576.003  1383103.001
  1415:  1383199.003  1383820.001  1386740.003  1387726.001  1390231.003
  1420:  1391644.001  1394203.003  1394601.005  1394688.009  1395042.001
  1425:  1398022.018  1400403.003  1400409.016  1400459.026  1400579.005
  1430:  1401092.009  1401198.005  1401269.009  1401502.005  1401649.009
  1435:  1401735.005  1401759.009  1402222.001  1404047.003  1404480.001
  1440:  1405671.003  1405706.001  1408218.003  1409035.001  1410753.003
  1445:  1411476.001  1413670.003  1413931.001  1414061.003  1415279.001
  1450:  1416934.003  1416970.001  1417556.003  1418194.001  1420666.003
  1455:  1422211.001  1423795.003  1424910.001  1425958.003  1426613.001
  1460:  1429363.003  1430644.001  1432072.003  1433901.001  1434714.003
  1465:  1434936.005  1435216.009  1435660.001  1438188.003  1439045.005
  1470:  1439139.009  1439577.001  1441873.003  1444958.001  1446224.003
  1475:  1448671.001  1450447.003  1450887.005  1451011.009  1462180.001
  1480:  1462327.003  1462356.001  1462987.003  1467625.005  1468012.009
  1485:  1468092.005  1468101.009  1468667.001  1470493.003  1471001.001
  1490:  1473981.018  1475392.003  1475398.016  1475448.026  1475508.005
  1495:  1478044.009  1478061.005  1479144.009  1479153.005  1479397.009
  1500:  1479410.005  1481957.009  1481969.005  1481977.009  1482179.005
  1505:  1483414.009  1483419.005  1483531.009  1483906.005  1484013.009
  1510:  1484564.001  1487514.003  1487592.005  1488698.009  1488747.005
  1515:  1488930.009  1489691.001  1492209.003  1492758.001  1494811.003
  1520:  1495226.005  1495722.009
B:
     0:        0.000      453.000        0.000      453.000        0.000
     5:      259.000        0.000        0.000        0.000      259.000
    10:        0.000        1.000        0.000        1.000        0.000
    15:        0.000       32.000        0.000       32.000        0.000
    20:        0.000        0.000        0.000        0.000        0.000
    25:        0.000       32.000        0.000        0.000        0.000
    30:        0.000
D:
     0:  4315296.000  4313244.000  4315297.000
E:
     0:     2980.000     2980.000
T:
     0:        0.000        0.000        0.000        0.000
W:
     0:        0.000        0.000        0.000
