File: C:\MED-PC IV\Data\Reyes\AY\AY1066.999


Start Date: 10/21/24
End Date: 10/21/24
Subject: 66
Experiment: AY
Group: PERC
Box: 4
Start Time: 16:27:18
End Time: 17:17:18
MSN: DRRD_perc
C:       0.000
F:       1.000
G:       0.000
H:       0.000
I:       0.000
J:       0.000
K:    8554.000
L:       0.000
M:       0.000
N:       0.000
O:       0.000
Q:    3255.650
S:    1751.979
U:   77586.000
V:       0.000
X:       0.000
Y:    1344.000
Z:       0.000
A:
     0:     1911.005     1988.009     2058.005     2081.009     2312.005
     5:     2885.009     3132.005     4431.009     5984.005     6087.009
    10:     6103.005     6150.009     9396.005     9527.009    15000.013
    15:    15000.011    18950.001    19190.003    19222.001    19435.003
    20:    19640.001    19777.003    19800.001    20281.003    20295.001
    25:    20654.003    21460.001    21585.003    21611.001    21741.003
    30:    21793.001    21941.003    22008.001    22036.003    22177.001
    35:    22707.003    23454.001    23784.003    23902.005    24834.009
    40:    24908.005    25395.009    27560.005    27777.009    28469.001
    45:    28692.003    28816.001    32781.003    33318.005    33475.009
    50:    34021.001    34125.003    34178.001    35418.003    36352.005
    55:    36380.009    36609.005    36624.009    37058.001    37084.003
    60:    37194.001    37762.003    66177.001    66357.003    68859.005
    65:    69412.009    71402.001    74657.003    75211.001    75357.003
    70:    76510.005    77631.009    86029.005    86198.009    87209.001
    75:    91069.003    94666.005    95038.009    96610.001    96630.003
    80:    96714.001    96836.003    96883.001    96955.003    96984.001
    85:    97045.003    97170.001    98959.003   104593.005   105767.009
    90:   105790.005   105793.009   105942.005   106724.009   106771.005
    95:   106820.009   107996.005   108001.009   108003.005   108012.009
   100:   108015.005   110097.009   110154.005   110320.009   110341.005
   105:   110463.009   110491.005   110900.009   110994.005   111187.009
   110:   111921.001   112409.003   112453.001   115778.003   116104.005
   115:   116433.009   116461.005   116534.009   117567.001   121718.003
   120:   121737.001   122209.003   125596.001   125657.003   125795.001
   125:   126590.003   126631.001   127092.003   127113.001   131009.003
   130:   132296.001   132654.003   132665.001   136942.018   137136.003
   135:   137142.016   137192.026   137262.005   137998.009   139659.001
   140:   140248.003   140272.001   143142.003   146785.001   150398.003
   145:   151414.001   151948.003   151971.001   154750.003   155510.001
   150:   155620.003   155674.001   159951.018   159961.003   159967.016
   155:   160017.026   160086.005   160571.009   161722.001   161861.003
   160:   161911.001   164995.003   165008.001   165970.003   166973.005
   165:   167193.009   167658.001   170608.003   170630.001   171921.003
   170:   173009.001   177286.018   177479.003   177485.016   177535.026
   175:   177609.005   178434.009   179655.001   182160.003   183576.001
   180:   183685.003   183805.001   186521.003   186535.001   188392.003
   185:   189194.001   192934.003   193692.001   193738.003   193792.001
   190:   197791.003   198289.005   198572.009   199230.001   203171.003
   195:   203197.001   203721.003   204536.005   204640.009   204983.001
   200:   208272.003   208281.001   208507.003   210049.005   210085.009
   205:   210099.005   210124.009   211384.001   211401.003   211525.001
   210:   215802.018   216167.003   216173.016   216223.026   216308.005
   215:   217069.009   217915.001   221314.003   223418.001   223682.003
   220:   223720.001   223857.003   223905.001   227881.003   229455.001
   225:   233705.003   234106.001   237105.003   238442.001   240582.003
   230:   240594.001   242553.003   243280.005   243449.009   243571.005
   235:   243619.009   244128.001   247847.003   248684.001   252206.003
   240:   252965.005   253082.009   253854.001   253981.003   254028.001
   245:   254476.003   254489.001   257385.003   258017.005   258293.009
   250:   258830.001   263107.018   263315.003   263321.016   263371.026
   255:   263438.005   264248.009   264380.005   264422.009   264428.005
   260:   264495.009   265513.001   269790.018   269906.003   269912.016
   265:   269962.026   270029.005   270700.009   270737.005   270752.009
   270:   270793.005   270804.009   270889.005   270937.009   270958.005
   275:   270991.009   272083.001   272359.003   272440.001   275908.003
   280:   276511.005   276544.009   276557.005   276670.009   277185.001
   285:   277691.003   277709.001   281486.003   282705.001   286341.003
   290:   286360.001   287511.003   288246.005   288539.009   289039.001
   295:   292487.003   294859.001   297761.003   297779.001   298865.003
   300:   299565.005   299929.009   301123.001   305067.003   305971.001
   305:   306092.003   306197.001   306752.003   306784.001   309236.003
   310:   312408.001   312858.003   313180.001   316480.003   316496.001
   315:   317096.003   317790.005   318137.009   318803.001   322427.003
   320:   323364.001   327584.003   328499.001   332366.003   332959.005
   325:   332975.009   332988.005   333218.009   333650.001   334137.003
   330:   334165.001   338024.003   338690.005   338789.009   339194.001
   335:   339320.003   339332.001   343609.018   344732.003   344738.016
   340:   344788.026   344841.005   345712.009   345919.005   345934.009
   345:   345936.005   345988.009   346984.001   347229.003   347259.001
   350:   347485.003   347530.001   351218.003   352128.005   352299.009
   355:   352625.001   352772.003   352909.001   357186.018   357633.003
   360:   357639.016   357689.026   357753.005   358493.009   359778.001
   365:   360058.003   360078.001   364355.018   364781.003   364787.016
   370:   364837.026   364908.005   365568.009   365657.005   365765.009
   375:   366639.001   366822.003   366883.001   366931.003   366963.001
   380:   367238.003   367283.001   371557.003   373054.001   373240.003
   385:   373295.001   377401.003   377409.017   378637.001   381257.003
   390:   381279.001   382947.003   384199.001   387706.003   387719.001
   395:   388168.003   388862.005   389014.009   389631.001   389694.003
   400:   389890.001   390227.003   390555.001   390597.003   390630.001
   405:   391243.003   391347.001   391439.003   392100.001   394580.003
   410:   398729.001   399025.003   399064.001   402624.003   403404.001
   415:   407359.003   408013.005   408174.009   408737.001   412330.003
   420:   413690.001   414176.003   414444.005   414455.009   414466.005
   425:   414797.009   419363.001   423699.018   423964.003   423970.016
   430:   424020.026   424117.005   425152.009   426122.001   429635.003
   435:   429938.005   429954.009   430793.001   435129.018   436117.003
   440:   436123.016   436173.026   436239.005   436757.009   436858.005
   445:   436870.009   438097.001   442433.018   442961.003   442967.016
   450:   443017.026   443097.005   443643.009   444702.001   444878.003
   455:   444939.001   449194.003   450542.001   454603.003   456190.005
   460:   456329.009   456349.005   456418.009   457047.001   457450.003
   465:   457469.001   459844.003   460525.005   460601.009   462391.005
   470:   462464.009   462499.005   462610.009   463782.001   468118.018
   475:   468194.003   468200.016   468250.026   468253.017   468452.005
   480:   468941.009   470071.001   473095.003   473103.017   474577.001
   485:   476089.003   476104.001   477991.003   477999.017   478011.001
   490:   479646.003   480719.001   481289.003   481439.001   485436.003
   495:   485444.017   487103.001   487139.003   487267.001   489959.003
   500:   489991.001   491060.003   492467.001   492884.003   492917.001
   505:   495718.003   496513.005   496697.009   497307.001   501436.003
   510:   502933.001   507489.018   508086.003   508092.016   508142.026
   515:   508192.005   508742.009   508838.005   508893.009   509048.005
   520:   509080.009   510037.001   510203.003   510230.001   510440.003
   525:   510463.001   512445.003   512477.001   512980.003   513002.001
   530:   513880.003   515028.001   519584.018   520301.003   520307.016
   535:   520357.026   520428.005   520892.009   521017.005   521158.009
   540:   522117.001   525424.003   525450.001   526417.003   527651.001
   545:   531468.003   532792.001   532879.003   532892.001   532989.003
   550:   533011.001   533193.003   533215.001   537093.003   537762.005
   555:   537778.009   537800.005   537901.009   538221.001   541864.003
   560:   542885.001   545431.003   546781.001   547119.003   547191.001
   565:   550286.003   550302.001   550856.003   551700.005   551850.009
   570:   552917.001   557108.003   557537.005   557745.009   559013.001
   575:   562173.003   562788.005   562945.009   563936.001   564469.003
   580:   564485.001   568047.003   568849.005   568907.009   570453.001
   585:   575009.018   575115.003   575121.016   575171.026   575297.005
   590:   575838.009   577289.001   581446.003   583020.001   587222.003
   595:   588483.001   593033.003   594203.001   594271.003   594323.001
   600:   598197.003   598215.001   598796.003   600227.001   600672.003
   605:   600709.001   604730.003   605804.001   609845.003   609864.001
   610:   610374.003   611713.001   616208.003   616815.005   616923.009
   615:   617377.001   621820.003   621828.017   622399.005   622448.009
   620:   622604.005   622971.009   623645.001   626897.003   626905.017
   625:   627868.001   632195.003   632203.017   632801.005   632843.009
   630:   636495.001   641224.018   641333.003   641339.016   641389.026
   635:   641392.017   641497.005   641891.009   641906.005   641954.009
   640:   643376.001   643615.003   643631.001   647827.003   648616.005
   645:   648970.009   649844.001   654494.003   654502.017   655082.005
   650:   655098.009   655604.001   655732.003   655804.001   660804.018
   655:   660937.003   660943.016   660993.026   661059.005   661798.009
   660:   663015.001   663231.003   663309.001   663455.003   663617.001
   665:   663790.003   663849.001   667415.003   668820.001   671805.003
   670:   672305.001   674188.003   676373.005   676682.009   687309.005
   675:   687345.009   688374.001   688515.003   688536.001   688956.003
   680:   689015.001   689055.003   689150.001   691574.003   691594.001
   685:   692443.003   693314.001   695555.003   695592.001   697570.003
   690:   698911.001   699153.003   699184.001   704184.018   704562.003
   695:   704568.016   704586.001   704618.026   704821.003   704885.005
   700:   705554.009   705608.005   705661.009   705725.005   705786.009
   705:   707196.001   707449.003   707517.001   708788.003   708836.001
   710:   712711.003   712993.005   713248.009   714253.001   714637.003
   715:   714670.001   719670.018   721415.003   721421.016   721471.026
   720:   721532.005   722175.009   722194.005   722222.009   723489.001
   725:   728489.018   728585.003   728591.016   728641.026   728700.005
   730:   729329.009   729460.005   729528.009   729540.005   729603.009
   735:   730435.001   730828.003   730864.001   731390.003   731427.001
   740:   734890.003   736112.001   736139.003   736167.001   738128.003
   745:   738150.001   741611.003   741635.001   742835.003   744484.001
   750:   748369.003   749678.001   749743.003   749786.001   753897.003
   755:   755202.001   755483.003   755526.001   755715.003   755763.001
   760:   759940.003   760709.005   760854.009   762592.001   766458.003
   765:   767357.005   767436.009   767467.005   767617.009   768384.005
   770:   768473.009   770154.005   770234.009   770458.005   770482.009
   775:   771498.001   771642.003   771727.001   772572.003   772711.001
   780:   776150.003   777488.001   778039.003   778126.001   783126.018
   785:   783142.003   783148.016   783198.026   783267.005   783880.009
   790:   785884.001   789851.003   790831.005   790994.009   791473.001
   795:   796473.018   797395.003   797401.016   797451.026   797701.005
   800:   798326.009   799757.001   799927.003   799962.001   804562.003
   805:   805326.005   805394.009   805961.001   810670.003   812040.001
   810:   814386.003   814401.001   816504.003   817608.001   817688.003
   815:   817799.001   822793.003   823804.005   823908.009   823911.005
   820:   823936.009   827241.001   831133.003   832245.001   832301.003
   825:   833111.001   833397.003   834259.001   837758.003   843241.005
   830:   843250.009   845615.001   850105.003   851092.001   855472.003
   835:   856535.005   856674.009   857402.001   862179.003   863503.005
   840:   864470.009   865635.001   865804.003   865851.001   870415.003
   845:   873295.001   874172.003   875686.001   875740.003   875800.001
   850:   880504.003   881183.005   881287.009   882115.001   887115.018
   855:   887720.003   887726.016   887776.026   887839.005   888479.009
   860:   890931.001   894910.003   896190.005   896330.009   896802.001
   865:   901802.018   902071.003   902077.016   902127.026   902189.005
   870:   903282.009   904566.001   909246.003   910768.001   911053.003
   875:   911090.001   915784.003   917372.001   917553.003   917597.001
   880:   917827.003   917857.001   920499.003   920523.001   921726.003
   885:   923061.001   923167.003   924537.005   924735.009   926969.005
   890:   926978.009   927476.005   927567.009   932257.001   933125.003
   895:   933158.001   937121.003   938162.001   943162.018   943472.003
   900:   943478.016   943528.026   943589.005   944544.009   946136.001
   905:   949135.003   949199.001   949791.003   951274.001   952420.003
   910:   952443.001   955918.003   957580.001   962491.003   962511.001
   915:   963074.003   964112.005   964135.009   964825.001   969774.003
   920:   972378.005   972487.009   972949.001   973293.003   978463.005
   925:   978544.009   979810.001   979902.003   979943.001   984148.003
   930:   985301.001   985348.003   985416.001   990307.003   992031.001
   935:   997031.018   997519.003   997525.016   997575.026   997616.005
   940:   998190.009  1002454.001  1006153.003  1006788.005  1007127.009
   945:  1007867.001  1009820.003  1009841.001  1012863.003  1013781.005
   950:  1014049.009  1014519.001  1019519.018  1019943.003  1019949.016
   955:  1019999.026  1020069.005  1020883.009  1020903.005  1021034.009
   960:  1022945.001  1023247.003  1023260.001  1027608.003  1029771.001
   965:  1032797.003  1032834.001  1033397.003  1033410.001  1033712.003
   970:  1033750.001  1034676.003  1034703.001  1034983.003  1035900.005
   975:  1035936.009  1035965.005  1035991.009  1036832.001  1037150.003
   980:  1037436.001  1041129.003  1041907.005  1042117.009  1043340.005
   985:  1043367.009  1043428.005  1043799.009  1044634.001  1049634.018
   990:  1050363.003  1050369.016  1050419.026  1050482.005  1051001.009
   995:  1052515.001  1055191.003  1055546.001  1055936.003  1055962.001
  1000:  1057126.003  1057144.001  1057334.003  1058928.001  1063078.003
  1005:  1063097.001  1063840.003  1065816.001  1066495.003  1066830.001
  1010:  1071232.003  1072008.005  1072196.009  1072314.005  1072357.009
  1015:  1073392.001  1073533.003  1074438.001  1079392.003  1079996.005
  1020:  1080002.009  1082914.001  1085144.003  1085188.001  1086633.003
  1025:  1086652.001  1088674.003  1090295.005  1090390.009  1090417.005
  1030:  1090436.009  1092747.001  1092930.003  1093062.001  1098062.018
  1035:  1098331.003  1098337.016  1098387.026  1098452.005  1099044.009
  1040:  1099142.005  1099192.009  1100869.001  1105574.003  1106684.005
  1045:  1107098.009  1107916.001  1112916.018  1113168.003  1113174.016
  1050:  1113224.026  1113284.005  1114483.009  1115954.001  1120792.003
  1055:  1122196.001  1126883.003  1126899.001  1128031.003  1129241.005
  1060:  1129307.009  1129348.005  1129354.009  1130265.001  1130283.003
  1065:  1130323.001  1131139.003  1131178.001  1135864.003  1137624.001
  1070:  1142624.018  1142918.003  1142924.016  1142974.026  1143037.005
  1075:  1144027.009  1145352.001  1150352.018  1150396.003  1150402.016
  1080:  1150416.001  1150452.026  1150474.003  1150591.005  1151021.009
  1085:  1151335.005  1151472.009  1151657.005  1151695.009  1152620.001
  1090:  1152832.003  1152882.001  1157882.018  1158044.003  1158050.016
  1095:  1158100.026  1158163.005  1158963.009  1158988.005  1159117.009
  1100:  1160188.001  1164956.003  1166577.001  1167373.003  1167410.001
  1105:  1167465.003  1167512.001  1167679.003  1167732.001  1170939.003
  1110:  1172063.001  1172330.003  1172374.001  1175841.003  1175867.001
  1115:  1175975.003  1176008.001  1176086.003  1176102.001  1176458.003
  1120:  1176491.001  1177382.003  1179387.001  1179875.003  1179968.001
  1125:  1180254.003  1180297.001  1180960.003  1181003.001  1183097.003
  1130:  1183994.005  1184101.009  1184819.005  1185025.009  1185049.005
  1135:  1185069.009  1185236.005  1185256.009  1186530.001  1191047.003
  1140:  1197178.001  1197252.003  1197338.001  1202338.018  1202520.003
  1145:  1202526.016  1202576.026  1202645.005  1203449.009  1205083.001
  1150:  1210083.018  1210815.003  1210821.016  1210871.026  1210939.005
  1155:  1211858.009  1213601.001  1216394.003  1216457.001  1218012.003
  1160:  1219447.001  1222777.003  1222793.001  1225019.003  1226381.001
  1165:  1230547.003  1231191.005  1231260.009  1231926.001  1236349.003
  1170:  1237133.005  1237304.009  1238980.001  1243156.003  1245123.001
  1175:  1249717.003  1250388.005  1250393.009  1251166.001  1255763.003
  1180:  1256526.005  1256639.009  1257329.001  1262143.003  1263359.005
  1185:  1263464.009  1264060.001  1267988.003  1268053.001  1270138.003
  1190:  1272080.001  1277080.018  1277326.003  1277332.016  1277382.026
  1195:  1277440.005  1278123.009  1280425.001  1284440.003  1284750.005
  1200:  1285010.009  1286370.001  1291351.003  1291594.005  1291721.009
  1205:  1294593.001  1294917.003  1295595.001  1298705.003  1299603.005
  1210:  1299764.009  1301404.001  1305286.003  1310254.001  1312611.003
  1215:  1312629.001  1314739.003  1314762.001  1315076.003  1322399.001
  1220:  1326305.003  1327244.005  1327280.009  1327863.005  1327876.009
  1225:  1328503.001  1329025.003  1329727.001  1329951.003  1329981.001
  1230:  1333802.003  1340935.005  1340989.009  1342106.001  1346696.003
  1235:  1351852.001  1352031.003  1352049.001  1352519.003  1376785.001
  1240:  1380822.003  1381669.005  1381674.009  1381837.005  1381876.009
  1245:  1381929.005  1382493.009  1387923.001  1388046.003  1388096.001
  1250:  1392591.003  1393195.005  1393206.009  1394000.001  1394323.003
  1255:  1394495.001  1399495.018  1400674.003  1400680.016  1400730.026
  1260:  1400804.005  1401578.009  1402745.005  1402754.009  1403720.001
  1265:  1407920.003  1409153.005  1409181.009  1410057.001  1415057.018
  1270:  1415147.003  1415153.016  1415203.026  1415282.005  1416248.009
  1275:  1416297.005  1416307.009  1416525.005  1416605.009  1417356.001
  1280:  1417452.003  1417473.001  1421315.003  1424501.001  1427356.003
  1285:  1427498.001  1427705.003  1427734.001  1428938.003  1430859.001
  1290:  1430877.003  1430895.001  1435895.018  1436075.003  1436081.016
  1295:  1436131.026  1436191.005  1437328.009  1439391.001  1443806.003
  1300:  1446230.001  1446705.003  1446721.001  1451346.003  1453023.001
  1305:  1457634.003  1458763.005  1458809.009  1459586.001  1464586.018
  1310:  1464647.003  1464653.016  1464703.026  1464761.005  1465816.009
  1315:  1467302.001  1467364.003  1467421.001  1471011.003  1472381.001
  1320:  1473871.003  1473911.001  1477282.003  1478847.001  1483536.003
  1325:  1485695.001  1485845.003  1485880.001  1486206.003  1486284.001
  1330:  1486577.003  1486628.001  1490328.003  1492461.001  1492833.003
  1335:  1492943.001  1497943.018  1498706.003  1498712.016  1498762.026
  1340:  1498834.005  1499384.009  1499447.005  1499471.009
B:
     0:        0.000      402.000        0.000      402.000        0.000
     5:      201.000        0.000        0.000        0.000      201.000
    10:        0.000        1.000        0.000        1.000        0.000
    15:        0.000       42.000       10.000       42.000        0.000
    20:        0.000        0.000        0.000        0.000        0.000
    25:        0.000       42.000        0.000        0.000        0.000
    30:        0.000
D:
     0:  1576291.000  1570529.000  1576292.000
E:
     0:     4277.000     5000.000
P:
     0:        0.000      240.000      213.000      137.000      481.000
     5:      359.000      125.000      130.000      148.000       28.000
    10:      530.000      330.000      223.000     3965.000      104.000
    15:     1240.000       26.000      568.000      180.000     3255.000
    20:      146.000     3860.000       20.000      122.000       72.000
    25:       61.000     1789.000      488.000     3325.000     4151.000
    30:      472.000       61.000      795.000      461.000     3896.000
    35:      358.000     4471.000      589.000     2870.000     3613.000
    40:      534.000     2779.000      110.000     4287.000      139.000
    45:     3084.000      962.000     2950.000     1291.000     4470.000
    50:     2505.000      109.000     2716.000     1857.000     3740.000
    55:       46.000     3999.000     3941.000      524.000     3289.000
    60:      226.000       17.000     4642.000     3399.000      264.000
    65:      137.000     3976.000     4250.000     2999.000     2140.000
    70:     1959.000     3719.000     3522.000      127.000      448.000
    75:     2896.000     4485.000     4393.000      276.000     3468.000
    80:      506.000     3777.000     3636.000     1151.000     3448.000
    85:     2902.000     1086.000     3944.000      121.000      555.000
    90:     2452.000      450.000     3300.000      600.000     3624.000
    95:     4220.000     3867.000      487.000     3859.000      126.000
   100:     5400.000      245.000      226.000     3688.000      147.000
   105:     4724.000      280.000     4703.000      183.000       48.000
   110:      275.000     4274.000      186.000     4106.000     2620.000
   115:     1668.000     3507.000      449.000       63.000      337.000
   120:       42.000      613.000       92.000     2480.000      296.000
   125:     3560.000     3955.000     3593.000      486.000     4601.000
   130:     3513.000     5324.000     4864.000      176.000     4255.000
   135:     4061.000      403.000     2375.000     4412.000     3024.000
   140:     1512.000     1887.000     1635.000      570.000     3997.000
   145:       36.000     2692.000     1069.000      417.000     2801.000
   150:     4129.000     5153.000      166.000      210.000     1982.000
   155:      503.000      878.000     5273.000     3307.000      967.000
   160:     3817.000       87.000       97.000      182.000     3878.000
   165:     3643.000     2546.000      338.000     3095.000      554.000
   170:     4191.000     3160.000      533.000     3562.000     4662.000
   175:     4157.000     4202.000     4550.000       68.000     3874.000
   180:      581.000      445.000     4021.000     4041.000      510.000
   185:     4495.000     4443.000     3252.000     4327.000     4838.000
   190:      239.000     4196.000     4650.000      128.000     5133.000
   195:      216.000      146.000      173.000     3566.000     2985.000
   200:     1883.000      141.000      420.000       40.000     2424.000
   205:      849.000     2241.000     1978.000      242.000     5378.000
   210:      201.000      253.000     1271.000     3875.000      384.000
   215:     6745.000     5096.000      393.000      526.000     3463.000
   220:       27.000     1961.000     3461.000     1200.000     3885.000
   225:       65.000     4111.000      281.000      189.000     4177.000
   230:     3866.000      144.000      845.000     3439.000      551.000
   235:     5016.000     3967.000     5922.000      170.000     4600.000
   240:     4709.000     2346.000     2103.000       80.000     4994.000
   245:     3892.000       56.000      286.000     3499.000     4490.000
   250:     4380.000     4777.000      169.000     4564.000      877.000
   255:       54.000     4704.000     5605.000     3979.000     5269.000
   260:     4680.000      285.000     4694.000      181.000      230.000
   265:     2642.000     1203.000      106.000      868.000     3963.000
   270:     5310.000     2999.000      592.000     1146.000     3475.000
   275:     4911.000      563.000     4949.000      344.000       92.000
   280:     4205.000       47.000     4891.000     5488.000     3699.000
   285:     1953.000     3022.000     5424.000      302.000     4348.000
   290:     3026.000      563.000      302.000      926.000      280.000
   295:      318.000     3693.000     5729.000     2676.000      390.000
   300:     1164.000      190.000     4150.000      743.000      679.000
   305:     4402.000      141.000     4954.000     2230.000     1445.000
   310:     2022.000      183.000     5269.000     4705.000     5252.000
   315:     4838.000     4687.000     1132.000       18.000      816.000
   320:     4686.000     5294.000     5044.000       20.000      212.000
   325:     5162.000     4768.000      796.000       55.000      167.000
   330:     3207.000      267.000     3467.000      108.000       78.000
   335:      356.000      891.000      488.000      286.000      663.000
   340:     2094.000     4517.000       74.000     5182.000     5732.000
   345:     2793.000     1555.000     3330.000     2226.000     4166.000
   350:     4423.000     4176.000     4594.000     4597.000     4814.000
   355:     3928.000     2085.000     5246.000     4015.000     4981.000
   360:      324.000     3110.000     3882.000     2357.000     2110.000
   365:      314.000     3906.000      522.000      224.000     3821.000
   370:     4590.000      179.000      470.000     4037.000      123.000
   375:     4495.000      323.000     6179.000     4200.000     5090.000
   380:       96.000     3842.000     2855.000      207.000     1204.000
   385:       18.000     5180.000     4415.000      475.000     4625.000
   390:     4611.000     5061.000       62.000     3590.000     1490.000
   395:     3371.000     4689.000      150.000      326.000      293.000
   400:     3700.000      372.000     5763.000
R:
     0:        1.000  3069431.503        0.000
T:
     0:        0.000        0.000        0.000        0.000
W:
     0:        0.000        0.000        0.000
