File: C:\MED-PC IV\Data\Reyes\AY\AY1060.999


Start Date: 10/31/24
End Date: 10/31/24
Subject: 60
Experiment: AY
Group: EXP10
Box: 4
Start Time: 12:57:23
End Time: 13:47:23
MSN: DRRD_exp_10
C:       0.000
F:       0.000
G:       0.000
H:       0.000
I:       0.000
J:       0.000
K:   10000.000
L:       0.000
M:       0.000
N:       0.000
O:       0.000
P:       0.000
Q:       0.000
R:       0.000
S:       0.000
U:    2798.000
V:       0.000
X:       0.000
Y:    1356.000
Z:       0.000
A:
     0:     5648.005     5851.009    11411.005    11450.009    11466.005
     5:    11565.009    12442.005    12451.009    12552.005    12678.009
    10:    14674.005    14719.009    14746.005    14856.009    14875.005
    15:    15000.013    15000.011    15027.009    15382.005    15402.009
    20:    15412.005    15414.009    15424.005    15579.009    16623.001
    25:    16643.003    16671.001    17080.003    17103.001    17222.003
    30:    17252.001    18605.003    19726.001    23054.003    23065.001
    35:    24404.003    24817.001    28352.003    29556.001    34556.018
    40:    35081.003    35087.016    35137.026    35272.005    36205.009
    45:    37424.001    37560.003    37575.001    41381.003    41997.001
    50:    46997.018    47254.003    47260.016    47310.026    47470.005
    55:    49196.009    49930.001    54345.003    55411.001    59452.003
    60:    60390.001    64340.003    65022.005    65705.009    76751.001
    65:    76777.003    76982.001    77162.003    77187.001    77757.003
    70:    77766.001    78220.003    78239.001    82999.003    83623.001
    75:    83660.003    84013.005    84082.009    84094.005    84239.009
    80:    84261.005    84612.009    86163.001    90776.003    92296.005
    85:    92374.009    92417.005    92718.009    93224.001    93268.003
    90:    94009.001    94064.003    94086.001    94098.003    94127.001
    95:    97747.003    97760.001    98837.003    98859.001   101701.003
   100:   103067.001   108067.018   108877.003   108883.016   108933.026
   105:   109153.005   111254.009   122274.005   122452.009   122481.005
   110:   122774.009   124818.001   125007.003   125018.001   129369.003
   115:   130368.001   130392.003   130419.001   134660.003   135332.001
   120:   140332.018   140531.003   140537.016   140587.026   140759.005
   125:   142502.009   154167.005   154347.009   160277.001   163402.003
   130:   163418.001   167323.003   168373.001   172445.003   173581.001
   135:   178581.018   178620.003   178626.016   178676.026   178847.005
   140:   179890.009   181198.001   181351.003   181391.001   181436.003
   145:   181569.001   181625.003   181634.001   182404.003   182450.001
   150:   183953.003   183964.001   185496.003   185538.001   187744.003
   155:   188948.001   188972.003   189006.001   193723.003   193741.001
   160:   193795.003   194839.001   198908.003   200232.001   203508.003
   165:   203513.001   204789.003   204804.001   205140.003   216076.001
   170:   216096.003   216154.001   216352.003   216381.001   221381.018
   175:   222010.003   222016.016   222066.026   222224.005   223717.009
   180:   224082.005   224285.009   226146.001   226263.003   226289.001
   185:   226362.003   226381.001   231381.018   232482.003   232488.016
   190:   232521.001   232538.026   232600.003   232727.005   233816.009
   195:   233887.005   233892.009   233902.005   234261.009   235171.001
   200:   235242.003   235266.001   240266.018   240674.003   240680.016
   205:   240730.026   240956.005   242258.009   242336.005   242564.009
   210:   243780.001   248780.018   249147.003   249153.016   249203.026
   215:   249365.005   250214.009   253261.001   253495.003   253649.001
   220:   255292.003   255304.001   256856.003   256894.001   259609.003
   225:   260043.005   260329.009   262008.001   263146.003   263187.001
   230:   263208.003   263247.001   267943.003   268703.001   272879.003
   235:   274266.001   278708.003   282562.001   287562.018   287604.003
   240:   287610.016   287660.026   287954.005   288541.009   289121.005
   245:   290554.009   305439.001   305510.003   305618.001   305712.003
   250:   305723.001   309268.003   310475.001   314055.003   314757.001
   255:   314778.003   314813.001   314823.003   314844.001   318766.003
   260:   320077.001   324116.003   325185.001   328360.003   329039.001
   265:   329078.003   329100.001   329257.003   329273.001   332238.003
   270:   332995.001   337429.003   338563.001   343563.018   344825.003
   275:   344831.016   344881.026   345112.005   346830.009   348160.005
   280:   348425.009   349592.001   349655.003   349717.001   354371.003
   285:   355091.001   359254.003   359986.001   364928.003   364978.001
   290:   365007.003   365845.001   368904.003   369337.005   369404.009
   295:   370229.001   375229.018   376463.003   376469.016   376519.026
   300:   376677.005   377282.009   377312.005   377376.009   377467.005
   305:   377523.009   378900.001   383900.018   384690.003   384696.016
   310:   384746.026   384886.005   385544.009   387163.001   389969.003
   315:   389989.001   393249.003   394146.001   399146.018   399832.003
   320:   399838.016   399888.026   400128.005   401076.009   416619.001
   325:   416661.003   416686.001   417205.003   417237.001   417251.003
   330:   417263.001   419960.003   421322.001   421374.003   421405.001
   335:   426405.018   427429.003   427435.016   427485.026   427702.005
   340:   430466.009   431698.001   431799.003   431854.001   431995.003
   345:   432028.001   437028.018   437233.003   437239.016   437289.026
   350:   437487.005   437904.009   437950.005   438346.009   439734.001
   355:   439782.003   439847.001   444847.018   444893.003   444899.016
   360:   444949.026   445175.005   445293.009   446759.005   448011.009
   365:   463117.005   463156.009   463195.005   463277.009   463295.005
   370:   463684.009   469669.001   469717.003   470346.001   470396.003
   375:   470453.001   473160.003   474616.001   474660.003   474758.001
   380:   478322.003   479493.005   479765.009   480716.001   480779.003
   385:   480833.001   480890.003   480998.001   481074.003   481091.001
   390:   486091.018   487684.003   487690.016   487740.026   488011.005
   395:   488633.009   489781.001   493894.003   494419.005   494667.009
   400:   495006.005   495530.009   497055.001   497079.003   497138.001
   405:   502138.018   503297.003   503303.016   503353.026   503579.005
   410:   504229.009   504274.005   504311.009   505463.001   505562.003
   415:   505621.001   510022.003   510810.005   510890.009   511489.001
   420:   516489.018   518259.003   518265.016   518315.026   518557.005
   425:   520163.009   521498.001   521660.003   521713.001   526713.018
   430:   528529.003   528535.016   528585.026   528870.005   529363.009
   435:   531471.001   531637.003   531679.001   536679.018   536708.003
   440:   536714.016   536764.026   536962.005   537928.009   539291.001
   445:   539319.003   539431.001   539490.003   539545.001   541699.003
   450:   541708.001   543095.003   543108.001   543928.003   545399.001
   455:   550399.018   550564.003   550570.016   550620.026   550818.005
   460:   552050.009   567261.001   567451.003   567593.001   567794.003
   465:   567813.001   571971.003   573293.001   578293.018   578551.003
   470:   578557.016   578607.026   578799.005   579316.009   579346.005
   475:   580991.009   581188.005   581228.009   581243.005   581587.009
   480:   583194.001   588005.003   589501.001   591515.003   591531.001
   485:   595743.003   596967.001   601967.018   602591.003   602597.016
   490:   602647.026   602829.005   603696.009   605445.001   605482.003
   495:   605578.001   610269.003   611665.001   616288.003   617263.001
   500:   621399.003   621410.001   622012.003   623399.001   628399.018
   505:   629973.003   629979.016   630029.026   630283.005   631421.009
   510:   632732.001   633690.003   633747.001   638747.018   638892.003
   515:   638898.016   638948.026   639177.005   640007.009   640066.005
   520:   640094.009   640119.005   640153.009   642213.001   642251.003
   525:   642321.001   642394.003   642431.001   647431.018   647700.003
   530:   647706.016   647756.026   647962.005   648564.009   650330.001
   535:   655035.003   657643.001   657720.003   657732.001   661904.003
   540:   662639.005   662712.009   663434.001   668434.018   669337.003
   545:   669343.016   669393.026   669607.005   670302.009   670609.005
   550:   670722.009   670766.005   671041.009   682261.005   682536.009
   555:   682543.005   682572.009   687284.005   687309.009   690564.001
   560:   692898.003   692905.001   694365.003   695672.001   698820.003
   565:   698875.001   698921.003   699587.005   699740.009   700691.001
   570:   705691.018   706030.003   706036.016   706086.026   706298.005
   575:   708872.009   708910.005   709096.009   711244.001   711313.003
   580:   711349.001   716167.003   716557.005   717011.009   717818.001
   585:   722818.018   724113.003   724119.016   724169.026   724470.005
   590:   725320.009   725858.005   726194.009   727297.001   732297.018
   595:   733439.003   733445.016   733495.026   733690.005   735405.009
   600:   735468.005   735507.009   737160.001   742160.018   742391.003
   605:   742397.016   742447.026   742649.005   743797.009   743847.005
   610:   743884.009   745930.001   746085.003   746115.001   750448.003
   615:   751079.005   751252.009   751998.001   752029.003   752059.001
   620:   757059.018   757665.003   757671.016   757721.026   757995.005
   625:   758673.009   760832.001   760868.003   760898.001   761010.003
   630:   761034.001   766034.018   767450.003   767456.016   767506.026
   635:   767802.005   769658.009   769703.005   769729.009   770532.005
   640:   770662.009   772547.001   772634.003   772652.001   773035.003
   645:   773052.001   774445.003   774458.001   779458.018   779929.003
   650:   779935.016   779985.026   780172.005   780637.009   780668.005
   655:   780673.009   780759.005   780991.009   781367.005   781370.009
   660:   781414.005   781521.009   783080.001   783094.003   783172.001
   665:   783278.003   783302.001   787195.003   788232.001   788272.003
   670:   788334.001   793334.018   793867.003   793873.016   793923.026
   675:   794371.005   795055.009   795351.005   795516.009   811116.005
   680:   811195.009   811246.005   812000.009   818024.001   818141.003
   685:   818188.001   818454.003   818505.001   821927.003   823323.001
   690:   824559.003   824572.001   826310.003   827499.001   830974.003
   695:   831579.005   831615.009   832443.001   837443.018   837872.003
   700:   837878.016   837896.001   837928.026   837942.003   838138.005
   705:   838534.009   838542.005   839266.009   839463.005   840037.009
   710:   840064.005   841730.009   843591.001   843633.003   843692.001
   715:   848588.003   849369.001   849446.003   849467.001   853776.003
   720:   853814.001   853833.003   854810.001   859810.018   860141.003
   725:   860147.016   860197.026   860473.005   861592.009   863007.001
   730:   863044.003   863080.001   867422.003   867487.001   867508.003
   735:   868933.001   868989.003   869040.001   873419.003   874845.001
   740:   879845.018   880124.003   880130.016   880180.026   880392.005
   745:   881989.009   883270.001   883321.003   883411.001   883430.003
   750:   883489.001   883626.003   883663.001   888362.003   889328.001
   755:   889349.003   889782.001   894782.018   895174.003   895180.016
   760:   895230.026   895575.005   897228.009   911389.005   911607.009
   765:   911668.005   911679.009   916295.001   920350.003   922185.001
   770:   925749.003   927052.001   927095.003   927189.001   931644.003
   775:   933279.001   933325.003   933408.001   938408.018   938633.003
   780:   938639.016   938689.026   938912.005   940306.009   953019.001
   785:   958019.018   958806.003   958812.016   958862.026   959096.005
   790:   959857.009   960341.005   960354.009   960359.005   960697.009
   795:   962345.001   962631.003   962654.001   962703.003   962776.001
   800:   962856.003   962891.001   967891.018   968415.003   968421.016
   805:   968471.026   968662.005   969122.009   969198.005   969231.009
   810:   970805.001   970940.003   971007.001   971160.003   971197.001
   815:   975540.003   976929.001   981929.018   983189.003   983195.016
   820:   983245.026   983510.005   984952.009   986845.001   986929.003
   825:   987058.001   992058.018   992831.003   992837.016   992887.026
   830:   993109.005   993650.009   993692.005   994172.009   994205.005
   835:   994321.009   996272.001   996415.003   996455.001  1001455.018
   840:  1001716.003  1001722.016  1001772.026  1002014.005  1002466.009
   845:  1002507.005  1002969.009  1004478.001  1004605.003  1004633.001
   850:  1004721.003  1004777.001  1009777.018  1010691.003  1010697.016
   855:  1010747.026  1011067.005  1011839.009  1012367.005  1012695.009
   860:  1013555.001  1018555.018  1019905.003  1019911.016  1019961.026
   865:  1020251.005  1021083.009  1021166.005  1021185.009  1021213.005
   870:  1021268.009  1023730.001  1023807.003  1023823.001  1023905.003
   875:  1023936.001  1028936.018  1029847.003  1029853.016  1029903.026
   880:  1030178.005  1031325.009  1031339.005  1031359.009  1033505.001
   885:  1033563.003  1033644.001  1033692.003  1033715.001  1033772.003
   890:  1033832.001  1038832.018  1039385.003  1039391.016  1039441.026
   895:  1039645.005  1040386.009  1040439.005  1040544.009  1040561.005
   900:  1040616.009  1040667.005  1040678.009  1040744.005  1040822.009
   905:  1042602.001  1047602.018  1049005.003  1049011.016  1049061.026
   910:  1049322.005  1052424.009  1052441.005  1052644.009  1052784.005
   915:  1052801.009  1052867.005  1053018.009  1054384.005  1054630.009
   920:  1060454.001  1060496.003  1061215.001  1061257.003  1061411.001
   925:  1061734.003  1061782.001  1062460.003  1062470.001  1065743.003
   930:  1067940.001  1072940.018  1073646.003  1073652.016  1073702.026
   935:  1073935.005  1074497.009  1076723.001  1076755.003  1076804.001
   940:  1081362.003  1082559.005  1082706.009  1083446.001  1088446.018
   945:  1090773.003  1090779.016  1090829.026  1091048.005  1091802.009
   950:  1091930.005  1091946.009  1093607.001  1098607.018  1101875.003
   955:  1101881.016  1101931.026  1102159.005  1102876.009  1102901.005
   960:  1103283.009  1103291.005  1103325.009  1103916.005  1104078.009
   965:  1106463.001  1111201.003  1112908.001  1112943.003  1112982.001
   970:  1117982.018  1121278.003  1121284.016  1121334.026  1121992.005
   975:  1122880.009  1123061.005  1123131.009  1123149.005  1123847.009
   980:  1124323.005  1124327.009  1127662.001  1127690.003  1127859.001
   985:  1132859.018  1134310.003  1134316.016  1134366.026  1134590.005
   990:  1135231.009  1135334.005  1135476.009  1137470.001  1137644.003
   995:  1137661.001  1142661.018  1143196.003  1143202.016  1143252.026
  1000:  1143436.005  1144596.009  1146146.001  1151146.018  1152084.003
  1005:  1152090.016  1152140.026  1152431.005  1153492.009  1153509.005
  1010:  1153517.009  1153529.005  1153778.009  1154089.005  1154301.009
  1015:  1156702.001  1156782.003  1156876.001  1161876.018  1162319.003
  1020:  1162325.016  1162375.026  1162631.005  1163563.009  1164330.005
  1025:  1164336.009  1164455.005  1164486.009  1165981.001  1170981.018
  1030:  1171060.003  1171066.016  1171116.026  1171499.005  1172060.009
  1035:  1174952.001  1179855.003  1180659.005  1180672.009  1180681.005
  1040:  1180946.009  1181758.001  1186758.018  1187933.003  1187939.016
  1045:  1187989.026  1188272.005  1189165.009  1189639.005  1189651.009
  1050:  1191303.001  1196303.018  1198143.003  1198149.016  1198199.026
  1055:  1198463.005  1199366.009  1199402.005  1199701.009  1199738.005
  1060:  1199757.009  1199839.005  1200001.009  1200321.005  1200445.009
  1065:  1204121.005  1204202.009  1207343.001  1212343.018  1212717.003
  1070:  1212723.016  1212773.026  1213038.005  1213480.009  1213523.005
  1075:  1213567.009  1213961.005  1214772.009  1214900.005  1214966.009
  1080:  1216941.001  1217070.003  1217124.001  1218543.003  1218561.001
  1085:  1222438.003  1224308.001  1225880.003  1225916.001  1230116.003
  1090:  1231077.005  1231313.009  1232882.001  1237882.018  1239099.003
  1095:  1239105.016  1239155.026  1239379.005  1240140.009  1240527.005
  1100:  1240624.009  1242447.001  1242520.003  1242570.001  1247570.018
  1105:  1248104.003  1248110.016  1248160.026  1248393.005  1249325.009
  1110:  1249400.005  1249408.009  1249711.005  1249733.009  1251398.001
  1115:  1251472.003  1251492.001  1251543.003  1251601.001  1255377.003
  1120:  1256981.001  1260452.003  1261905.001  1262017.003  1262037.001
  1125:  1267037.018  1268444.003  1268450.016  1268500.026  1268753.005
  1130:  1269155.009  1269215.005  1270599.009  1272257.001  1272448.003
  1135:  1272502.001  1277502.018  1278417.003  1278423.016  1278473.026
  1140:  1278723.005  1280135.009  1282321.001  1287321.018  1288340.003
  1145:  1288346.016  1288396.026  1288612.005  1289677.009  1291830.001
  1150:  1295037.003  1297362.001  1302362.018  1303877.003  1303883.016
  1155:  1303933.026  1304147.005  1304707.009  1304719.005  1304774.009
  1160:  1307709.001  1310305.003  1310315.001  1310506.003  1311587.001
  1165:  1312639.003  1312658.001  1317658.018  1318016.003  1318022.016
  1170:  1318072.026  1318663.005  1319260.009  1319524.005  1320628.009
  1175:  1324836.001  1329836.018  1329970.003  1329976.016  1330026.026
  1180:  1330255.005  1331533.009  1331602.005  1331634.009  1332158.005
  1185:  1332198.009  1332211.005  1332226.009  1339467.001  1344467.018
  1190:  1344654.003  1344660.016  1344710.026  1344917.005  1346303.009
  1195:  1346324.005  1346353.009  1346370.005  1346402.009  1346414.005
  1200:  1346514.009  1350699.001  1352718.003  1352766.001  1356623.003
  1205:  1358134.001  1363134.018  1363702.003  1363708.016  1363758.026
  1210:  1364005.005  1364643.009  1364796.005  1364858.009  1367375.001
  1215:  1367500.003  1367674.001  1372674.018  1373070.003  1373076.016
  1220:  1373126.026  1373396.005  1374597.009  1374614.005  1374664.009
  1225:  1376295.001  1376380.003  1376456.001  1381456.018  1382226.003
  1230:  1382232.016  1382282.026  1382571.005  1383541.009  1383554.005
  1235:  1383565.009  1385506.001  1385625.003  1385696.001  1390696.018
  1240:  1392263.003  1392269.016  1392319.026  1392609.005  1393250.009
  1245:  1393399.005  1394278.009  1394288.005  1394331.009  1394768.005
  1250:  1394810.009  1400814.001  1405814.018  1406959.003  1406965.016
  1255:  1407015.026  1407213.005  1408042.009  1408134.005  1408416.009
  1260:  1408434.005  1408442.009  1408486.005  1408560.009  1410870.001
  1265:  1414715.003  1414775.001  1414811.003  1416255.001  1421255.018
  1270:  1422002.003  1422008.016  1422058.026  1422260.005  1423219.009
  1275:  1424962.001  1429962.018  1430281.003  1430287.016  1430337.026
  1280:  1430618.005  1431782.009  1431795.005  1431954.009  1432588.005
  1285:  1432595.009  1438944.001  1439024.003  1439795.001  1439928.003
  1290:  1440092.001  1443995.003  1445412.001  1445509.003  1445545.001
  1295:  1446771.003  1447251.001  1452251.018  1453829.003  1453835.016
  1300:  1453885.026  1454206.005  1454666.009  1454998.005  1455429.009
  1305:  1457266.001  1462266.018  1463500.003  1463506.016  1463556.026
  1310:  1463716.005  1463719.009  1463790.005  1464216.009  1464314.005
  1315:  1464657.009  1464671.005  1464704.009  1466663.001  1471663.018
  1320:  1473467.003  1473473.016  1473523.026  1473751.005  1474175.009
  1325:  1474202.005  1474212.009  1474274.005  1474320.009  1474353.005
  1330:  1474390.009  1476738.001  1476763.003  1476825.001  1481825.018
  1335:  1481932.003  1481938.016  1481988.026  1482272.005  1482771.009
  1340:  1482815.005  1483137.009  1483171.005  1483198.009  1484654.001
  1345:  1489654.018  1490159.003  1490165.016  1490215.026  1490626.005
  1350:  1491409.009  1491802.005  1492226.009  1495927.001  1496041.003
  1355:  1496115.001
B:
     0:        0.000      315.000        0.000      314.000        0.000
     5:      235.000        0.000        0.000        0.000      235.000
    10:        0.000        1.000        0.000        1.000        0.000
    15:        0.000       85.000        0.000       85.000        0.000
    20:        0.000        0.000        0.000        0.000        0.000
    25:        0.000       85.000        0.000        0.000        0.000
    30:        0.000
D:
     0:  1502803.000  1498913.000  1498839.000
E:
     0:     5000.000     5000.000
T:
     0:        0.000        0.000        0.000        0.000
W:
     0:        2.000        0.000        0.000
