File: C:\MED-PC IV\Data\Reyes\AY\AY1066.999


Start Date: 10/26/24
End Date: 10/26/24
Subject: 66
Experiment: AY
Group: PERC
Box: 4
Start Time: 15:17:37
End Time: 16:07:37
MSN: DRRD_perc
C:       0.000
F:       3.000
G:       0.000
H:       0.000
I:       0.000
J:       0.000
K:   10000.000
L:       0.000
M:       0.000
N:       0.000
O:       0.000
Q:       0.000
S:       0.000
U: 7950443.000
V:       0.000
X:       0.000
Y:    1400.000
Z:       0.000
A:
     0:     3020.005     3710.009     6437.005     7160.009     7295.005
     5:     7607.009    11503.005    11702.009    11779.005    12222.009
    10:    12584.005    12990.009    13888.005    14058.009    15000.013
    15:    15000.011    15731.001    16048.003    16086.001    16302.003
    20:    16321.001    16665.003    16675.001    18405.003    18585.001
    25:    18758.003    18832.001    20125.003    20288.001    20489.003
    30:    20575.001    22930.003    23392.001    27217.003    27471.001
    35:    31249.003    31419.005    31843.009    32212.001    33225.003
    40:    33261.001    37851.003    37948.005    38098.009    38224.005
    45:    38373.009    38856.001    43856.018    44807.003    44813.016
    50:    44863.026    44915.005    45335.009    45861.001    45974.003
    55:    46114.001    51114.018    52763.003    52769.016    52819.026
    60:    52855.005    53195.009    53958.001    54077.003    54109.001
    65:    54901.003    54932.001    59932.018    59940.003    59946.016
    70:    59996.026    60030.005    60386.009    61392.001    61732.003
    75:    61752.001    62694.003    62768.001    63013.003    63702.001
    80:    68702.018    70482.003    70488.016    70538.026    70583.005
    85:    70934.009    72092.001    77092.018    78907.003    78913.016
    90:    78963.026    78987.005    79374.009    80289.001    85289.018
    95:    88252.003    88258.016    88308.026    88337.005    88672.009
   100:    89520.001    89820.003    89862.001    94862.018    96798.003
   105:    96804.016    96854.026    96878.005    97381.009    98278.001
   110:    98613.003    98643.001   103643.018   104590.003   104596.016
   115:   104646.026   104671.005   105116.009   106243.001   107331.003
   120:   107346.001   112346.018   114041.003   114047.016   114097.026
   125:   114120.005   114561.009   115124.001   120124.018   123157.003
   130:   123163.016   123213.026   123242.005   123593.009   124363.001
   135:   125004.003   125031.001   130031.018   134740.003   134746.016
   140:   134796.026   134822.005   135183.009   135281.005   135298.009
   145:   136101.001   136204.003   136283.001   136460.003   136498.001
   150:   141498.018   143844.003   143850.016   143857.005   143900.026
   155:   144465.009   145402.001   150402.018   152219.003   152225.016
   160:   152275.026   152296.005   152733.009   154950.001   159750.003
   165:   159862.005   160395.009   160771.001   162301.003   162367.001
   170:   166378.003   166505.005   166662.009   166988.005   167009.009
   175:   167838.001   167979.003   168024.001   173024.018   175536.003
   180:   175542.016   175592.026   175630.005   176249.009   178951.005
   185:   179130.009   179680.001   179747.003   179790.001   180004.003
   190:   180020.001   181439.003   181487.001   186487.018   188780.003
   195:   188786.016   188836.026   188860.005   189277.009   190221.001
   200:   190507.003   190531.001   191319.003   191338.001   196338.018
   205:   198216.003   198222.016   198272.026   198292.005   198778.009
   210:   199419.001   200119.003   200153.001   205153.018   207200.003
   215:   207206.016   207256.026   207264.005   207904.009   208412.001
   220:   208985.003   209056.001   214056.018   216005.003   216011.016
   225:   216061.026   216110.005   216407.009   216717.005   216783.009
   230:   217466.001   222466.018   223738.003   223744.016   223794.026
   235:   223830.005   224256.009   224992.001   225226.003   225598.001
   240:   230598.018   234029.003   234035.016   234085.026   234122.005
   245:   234593.009   235659.001   236067.003   236103.001   241103.018
   250:   243990.003   243996.016   244046.026   244084.005   244857.009
   255:   244967.005   245014.009   245849.001   245936.003   245965.001
   260:   250965.018   253432.003   253438.016   253488.026   253495.005
   265:   254013.009   254045.005   254076.009   255538.001   260538.018
   270:   263148.003   263154.016   263204.026   263228.005   264154.009
   275:   265247.001   270247.018   272423.003   272429.016   272479.026
   280:   272498.005   273208.009   273729.001   274495.003   274518.001
   285:   279518.018   282069.003   282075.016   282125.026   282150.005
   290:   282687.009   282727.005   282740.009   283919.001   285930.003
   295:   285969.001   290969.018   292768.003   292774.016   292824.026
   300:   292830.005   293379.009   294208.001   294387.003   294429.001
   305:   299429.018   301403.003   301409.016   301459.026   301496.005
   310:   302077.009   303031.001   303092.003   303180.001   308180.018
   315:   312576.003   312582.016   312632.026   312645.005   313153.009
   320:   314303.001   318292.003   318313.001   323313.018   323487.003
   325:   323493.016   323543.026   323580.005   323983.009   324110.005
   330:   324157.009   324742.001   324935.003   325328.001   330328.018
   335:   333641.003   333647.016   333697.026   333725.005   334030.009
   340:   334886.001   339886.018   343294.003   343300.016   343322.005
   345:   343350.026   344010.009   344762.001   349762.018   349945.003
   350:   349951.016   350001.026   350026.005   350541.009   351649.001
   355:   356649.018   358942.003   358948.016   358965.001   358998.026
   360:   359354.003   359449.005   359933.009   360915.001   361156.003
   365:   361232.001   366232.018   368126.003   368132.016   368167.005
   370:   368182.026   368638.009   368652.005   368678.009   368898.005
   375:   368948.009   370065.001   375065.018   377177.003   377183.016
   380:   377233.026   377238.005   377622.009   378586.001   383586.018
   385:   386246.003   386252.016   386302.026   386309.005   386735.009
   390:   387585.001   392585.018   396062.003   396068.016   396118.026
   395:   396146.005   396587.009   397858.001   402858.018   405765.003
   400:   405771.016   405821.026   405833.005   406285.009   407688.001
   405:   412688.018   415200.003   415206.016   415256.026   415288.005
   410:   415645.009   417324.001   421620.003   421709.005   422185.009
   415:   422926.001   427926.018   430003.003   430009.016   430059.026
   420:   430077.005   430531.009   431260.001   436260.018   438484.003
   425:   438490.016   438540.026   438570.005   438917.009   439022.005
   430:   439081.009   440414.001   445414.018   448165.003   448171.016
   435:   448221.026   448233.005   448603.009   449887.001   451311.003
   440:   451340.001   456340.018   458044.003   458050.016   458054.001
   445:   458100.026   458168.003   458238.005   458772.009   459737.001
   450:   459843.003   460111.001   465111.018   466557.003   466563.016
   455:   466612.005   466613.026   467122.009   468383.001   469217.003
   460:   469912.001   473943.003   474017.005   474288.009   475607.001
   465:   480607.018   483787.003   483793.016   483843.026   483865.005
   470:   484481.009   485828.001   490828.018   492989.003   492995.016
   475:   493045.026   493087.005   493330.009   497561.001   502561.018
   480:   505821.003   505827.016   505877.005   505877.026   506256.009
   485:   506396.005   506434.009   508037.001   513037.018   516099.003
   490:   516105.016   516155.026   516183.005   517026.009   517043.005
   495:   517045.009   517057.005   517181.009   517219.005   517283.009
   500:   518816.001   523816.018   525431.003   525437.016   525439.001
   505:   525487.026   525595.003   525667.005   526459.009   527122.001
   510:   532122.018   533463.003   533469.016   533512.005   533519.026
   515:   533910.009   534030.005   534046.009   534680.001   539680.018
   520:   541935.003   541941.016   541991.026   541992.005   542588.009
   525:   544529.001   549529.018   550242.003   550248.016   550295.005
   530:   550298.026   550777.009   551952.001   556888.003   556979.005
   535:   557231.009   557718.001   562718.018   565837.003   565843.016
   540:   565886.005   565893.026   566368.009   567442.001   572442.018
   545:   575563.003   575569.016   575581.005   575619.026   576048.009
   550:   576920.001   577291.003   577314.001   582314.018   584627.003
   555:   584633.016   584680.005   584683.026   585014.009   586528.001
   560:   591528.018   595883.003   595889.016   595917.005   595939.026
   565:   596515.009   596637.005   596751.009   602930.001   603018.003
   570:   603083.001   608083.018   610163.003   610169.016   610185.001
   575:   610219.026   610288.003   610325.001   610347.005   610486.003
   580:   610974.009   611890.001   616890.018   618992.003   618998.016
   585:   619048.026   619080.005   619545.009   621060.001   626060.018
   590:   627264.003   627270.016   627320.026   627324.005   627805.009
   595:   629536.001   634536.018   636676.003   636682.016   636707.005
   600:   636732.026   637359.009   637544.005   637587.009   638524.001
   605:   643524.018   644375.003   644381.016   644431.026   644473.005
   610:   644900.009   644914.005   644935.009   646162.001   646254.003
   615:   646389.001   646435.003   646484.001   651484.018   653184.003
   620:   653190.016   653240.026   653278.005   653749.009   655451.001
   625:   655519.003   655617.001   660617.018   662614.003   662620.016
   630:   662670.026   662688.005   663139.009   663968.001   664001.003
   635:   664063.001   665759.003   665769.001   666905.003   666929.001
   640:   671544.003   671588.005   672027.009   672838.001   672892.003
   645:   673608.001   673739.003   673843.001   674432.003   674491.001
   650:   679491.018   681315.003   681321.016   681371.026   681423.005
   655:   681812.009   682848.001   682900.003   683042.001   688042.018
   660:   690652.003   690658.016   690708.026   690728.005   691187.009
   665:   691430.005   691443.009   691493.005   691601.009   692705.001
   670:   692843.003   693089.001   698089.018   701029.003   701035.016
   675:   701085.026   701086.005   701485.009   703330.001   708330.018
   680:   711120.003   711126.016   711176.026   711189.005   711598.009
   685:   713586.001   718586.018   719666.003   719672.016   719722.026
   690:   719729.005   720383.009   720583.005   720635.009   721508.001
   695:   726508.018   728179.003   728185.016   728230.005   728235.026
   700:   728610.009   728701.005   728737.009   730227.001   735227.018
   705:   736747.003   736753.016   736803.005   736803.026   737262.009
   710:   737408.005   737513.009   738519.001   743519.018   744942.003
   715:   744948.016   744998.026   745001.005   745751.009   746730.001
   720:   751730.018   753367.003   753373.016   753423.026   753454.005
   725:   753913.009   755040.001   760040.018   762027.003   762033.016
   730:   762083.026   762113.005   763129.009   764372.001   765941.003
   735:   766056.001   771056.018   771065.003   771071.016   771121.026
   740:   771124.005   771881.009   772072.005   772140.009   772194.005
   745:   772327.009   777016.001   777118.003   777996.001   782996.018
   750:   783892.005   783893.003   783899.016   783949.026   784529.009
   755:   785375.001   790375.018   792608.003   792614.016   792664.026
   760:   792678.005   793233.009   793243.005   793370.009   794509.001
   765:   794632.003   794785.001   799785.018   801476.003   801482.016
   770:   801532.026   801554.005   801991.009   804047.001   809047.018
   775:   811597.003   811603.016   811653.005   811653.026   812422.009
   780:   815190.001   816530.003   816614.001   821614.018   823184.003
   785:   823190.016   823240.026   823256.005   823760.009   825415.001
   790:   830415.018   833089.003   833095.016   833145.026   833162.005
   795:   833679.009   833850.005   833910.009   834930.001   835011.003
   800:   835131.001   840131.018   841836.003   841842.016   841892.026
   805:   841904.005   842289.009   842403.005   842513.009   843760.001
   810:   848760.018   850531.003   850537.016   850587.026   850595.005
   815:   851130.009   851242.005   851304.009   852448.001   853948.003
   820:   853978.001   855062.003   855083.001   858837.003   858894.005
   825:   859267.009   872114.001   873017.003   873040.001   877889.003
   830:   878020.005   878276.009   878999.001   883999.018   886045.003
   835:   886051.016   886101.026   886140.005   886638.009   886673.005
   840:   886702.009   886739.005   886782.009   886853.005   886883.009
   845:   887554.001   889890.003   889918.001   894286.003   894306.001
   850:   894792.003   894895.005   895179.009   895783.001   900783.018
   855:   903471.003   903477.016   903520.005   903527.026   904005.009
   860:   905359.001   905408.003   905429.001   910429.018   911177.003
   865:   911183.016   911233.026   911248.005   911888.009   913256.001
   870:   913341.003   913370.001   913424.003   913473.001   918473.018
   875:   920527.003   920533.016   920583.026   920611.005   921110.009
   880:   921326.005   921372.009   922451.001   927451.018   927504.003
   885:   927510.016   927560.026   927565.005   928669.009   929448.001
   890:   934448.018   934551.003   934557.016   934574.001   934607.026
   895:   934699.003   934771.005   935601.009   935627.005   935768.009
   900:   936807.001   941807.018   942156.003   942162.016   942212.026
   905:   942225.005   942622.009   942638.005   942813.009   943758.001
   910:   948758.018   950674.003   950680.016   950730.026   950734.005
   915:   951298.009   951299.005   951307.009   951609.005   951678.009
   920:   952930.001   957930.018   959422.003   959428.016   959463.005
   925:   959478.026   960038.009   960042.005   960132.009   960837.001
   930:   965837.018   966327.003   966333.016   966383.026   966416.005
   935:   967021.009   967150.005   967247.009   968097.001   973097.018
   940:   973120.003   973126.016   973176.026   973211.005   973581.009
   945:   973585.005   973612.009   974902.001   979682.003   979772.005
   950:   980076.009   986457.001   990948.003   991009.005   991378.009
   955:   998477.005   998505.009   999864.001  1004864.018  1006290.003
   960:  1006296.016  1006346.026  1006367.005  1006951.009  1007844.001
   965:  1012551.003  1012579.001  1013984.003  1014063.005  1014298.009
   970:  1015036.001  1015496.003  1015536.001  1016296.003  1016340.001
   975:  1021340.018  1021849.003  1021855.016  1021905.026  1021930.005
   980:  1022730.009  1025858.001  1025964.003  1026021.001  1031021.018
   985:  1031829.003  1031835.016  1031885.026  1031922.005  1032859.009
   990:  1033722.001  1038722.018  1040014.003  1040020.016  1040070.026
   995:  1040095.005  1040657.009  1040686.005  1040773.009  1042117.001
  1000:  1047117.018  1048050.003  1048056.016  1048106.026  1048111.005
  1005:  1048542.009  1049855.001  1049933.003  1050015.001  1050855.003
  1010:  1051698.001  1056384.003  1056448.005  1056677.009  1059334.001
  1015:  1060568.003  1060699.001  1062658.003  1062683.001  1066581.003
  1020:  1066672.005  1067671.009  1068327.001  1073327.018  1076540.003
  1025:  1076546.016  1076596.026  1076602.005  1077245.009  1078862.001
  1030:  1083862.018  1085927.003  1085933.016  1085983.026  1086018.005
  1035:  1086545.009  1086649.005  1086755.009  1087978.001  1092978.018
  1040:  1095054.003  1095060.016  1095110.026  1095128.005  1095719.009
  1045:  1095787.005  1095860.009  1097281.001  1102281.018  1103959.003
  1050:  1103965.016  1104015.026  1104030.005  1104585.009  1105871.001
  1055:  1110871.018  1113351.003  1113357.016  1113407.026  1113417.005
  1060:  1113892.009  1113962.005  1113968.009  1113996.005  1114088.009
  1065:  1114232.005  1114287.009  1115529.001  1115753.003  1115903.001
  1070:  1120903.018  1124007.003  1124013.016  1124063.026  1124082.005
  1075:  1124599.009  1124637.005  1124765.009  1124793.005  1124873.009
  1080:  1125996.001  1126035.003  1126169.001  1131169.018  1134399.003
  1085:  1134405.016  1134455.026  1134464.005  1136023.009  1137137.001
  1090:  1142137.018  1145555.003  1145561.016  1145610.005  1145611.026
  1095:  1146112.009  1147361.001  1152361.018  1155100.003  1155106.016
  1100:  1155156.026  1155188.005  1155707.009  1155916.005  1155921.009
  1105:  1155953.005  1155990.009  1156191.005  1156285.009  1156288.005
  1110:  1156336.009  1157332.001  1162332.018  1164645.003  1164651.016
  1115:  1164701.026  1164711.005  1165514.009  1165676.005  1165730.009
  1120:  1167207.001  1167664.003  1167999.001  1172999.018  1176167.003
  1125:  1176173.016  1176223.026  1176257.005  1176761.009  1176844.005
  1130:  1176952.009  1178634.001  1183634.018  1185514.003  1185520.016
  1135:  1185570.026  1185580.005  1186196.009  1211344.005  1211967.009
  1140:  1212027.005  1212034.009  1213649.001  1213724.003  1213740.001
  1145:  1218740.018  1220143.003  1220149.016  1220199.026  1220228.005
  1150:  1220966.009  1223361.001  1228361.018  1229049.003  1229055.016
  1155:  1229067.001  1229105.026  1229217.003  1229292.005  1229683.009
  1160:  1229704.005  1230090.009  1230158.005  1230211.009  1231112.001
  1165:  1235694.003  1235792.005  1236034.009  1237076.001  1237992.003
  1170:  1238040.001  1243040.018  1244952.003  1244958.016  1245007.005
  1175:  1245008.026  1246303.009  1246526.005  1247046.009  1248025.001
  1180:  1252988.003  1253063.005  1253299.009  1253810.001  1258810.018
  1185:  1260478.003  1260484.016  1260534.026  1260536.005  1261283.009
  1190:  1262419.001  1266702.003  1266726.001  1267824.003  1267899.005
  1195:  1268096.009  1268211.005  1268435.009  1268896.001  1269854.003
  1200:  1269880.001  1274880.018  1275091.003  1275097.016  1275147.026
  1205:  1275154.005  1275935.009  1276999.001  1281999.018  1283355.003
  1210:  1283361.016  1283411.026  1283453.005  1283970.009  1284012.005
  1215:  1284058.009  1285657.001  1290657.018  1292243.003  1292249.016
  1220:  1292295.005  1292299.026  1292855.009  1292996.005  1293038.009
  1225:  1294619.001  1299619.018  1300320.003  1300326.016  1300376.026
  1230:  1300407.005  1301115.009  1303284.001  1308284.018  1308925.003
  1235:  1308931.016  1308981.026  1308996.005  1309516.009  1309548.005
  1240:  1309775.009  1310430.005  1310493.009  1313651.001  1313747.003
  1245:  1313771.001  1318771.018  1319920.003  1319926.016  1319976.026
  1250:  1319985.005  1320402.009  1320597.005  1321178.009  1322156.001
  1255:  1327156.018  1328216.003  1328222.016  1328272.026  1328277.005
  1260:  1328850.009  1329638.001  1334638.018  1336016.003  1336022.016
  1265:  1336066.005  1336072.026  1336787.009  1338081.001  1343081.018
  1270:  1343597.003  1343603.016  1343653.026  1343662.005  1344216.009
  1275:  1344339.005  1344384.009  1345456.001  1350456.018  1352020.003
  1280:  1352026.016  1352072.005  1352076.026  1352446.009  1353294.001
  1285:  1358294.018  1358420.003  1358426.016  1358476.026  1358508.005
  1290:  1359196.009  1360431.001  1365431.018  1366726.003  1366732.016
  1295:  1366782.026  1366792.005  1367715.009  1368527.001  1373527.018
  1300:  1375469.003  1375475.016  1375525.026  1375535.005  1376043.009
  1305:  1376149.005  1376202.009  1377087.001  1377830.003  1377871.001
  1310:  1382871.018  1384567.003  1384573.016  1384613.005  1384623.026
  1315:  1385209.009  1386330.001  1391330.018  1393926.003  1393932.016
  1320:  1393973.005  1393982.026  1394566.009  1394687.005  1394736.009
  1325:  1395818.001  1396560.003  1396587.001  1401587.018  1401819.003
  1330:  1401825.016  1401875.026  1401906.005  1402477.009  1402502.005
  1335:  1402551.009  1403394.001  1408394.018  1410125.003  1410131.016
  1340:  1410181.026  1410184.005  1410728.009  1410768.005  1410791.009
  1345:  1410819.005  1410841.009  1412003.001  1417003.018  1419173.003
  1350:  1419179.016  1419229.026  1419259.005  1419752.009  1419777.005
  1355:  1419868.009  1420973.001  1425973.018  1427819.003  1427825.016
  1360:  1427875.026  1427886.005  1428420.009  1428448.005  1428472.009
  1365:  1430054.001  1430101.003  1430213.001  1435213.018  1436555.003
  1370:  1436561.016  1436611.026  1436636.005  1437610.009  1439053.001
  1375:  1444053.018  1445376.003  1445382.016  1445432.005  1445432.026
  1380:  1445856.009  1445870.005  1445889.009  1445961.005  1446056.009
  1385:  1447530.001  1452530.018  1454384.003  1454390.016  1454440.026
  1390:  1454485.005  1454982.009  1454997.005  1455011.009  1455105.005
  1395:  1455153.009  1455274.005  1455628.009  1476818.005  1476918.009
B:
     0:        0.000      251.000        0.000      251.000        0.000
     5:      244.000        0.000        0.000        0.000      244.000
    10:        0.000        1.000        0.000        1.000        0.000
    15:        0.000      136.000        0.000      136.000        0.000
    20:        0.000        0.000        0.000        0.000        0.000
    25:        0.000      136.000        0.000        0.000        0.000
    30:        0.000
D:
     0:  9404826.000  9397973.000  9404827.000
E:
     0:     5000.000     5000.000
P:
     0:        0.000      317.000      216.000      344.000     1730.000
     5:      173.000     1293.000      201.000     2355.000     3825.000
    10:     3778.000     1013.000     4590.000     5951.000      113.000
    15:     6649.000      119.000      792.000     5008.000      340.000
    20:      942.000      245.000     6780.000     6815.000     7963.000
    25:      300.000     6936.000      335.000     5947.000     1088.000
    30:     6695.000     8033.000      641.000     9709.000      103.000
    35:      177.000     7346.000     6817.000     4800.000     1530.000
    40:     4011.000      141.000     7512.000       67.000      214.000
    45:     1419.000     7293.000      286.000      788.000     6878.000
    50:      700.000     7047.000      573.000     6949.000     6272.000
    55:      234.000     8431.000      408.000     7887.000       87.000
    60:     7467.000     7610.000     7176.000      766.000     7551.000
    65:     2011.000     6799.000      179.000     6974.000       61.000
    70:     9396.000     3989.000     5174.000      193.000     8313.000
    75:     8408.000     5183.000     7293.000      354.000      241.000
    80:     6894.000     7112.000     7660.000     8477.000     7907.000
    85:     7512.000     4296.000     7077.000     7224.000     7751.000
    90:     1424.000     6704.000       66.000      106.000     6446.000
    95:      834.000     4031.000     8180.000     7161.000     8260.000
   100:     8062.000     6615.000      106.000     6341.000     7255.000
   105:     5713.000     4936.000     8119.000     8121.000      371.000
   110:     7313.000     9355.000       88.000     7080.000       67.000
   115:      161.000     7102.000     6204.000     7140.000     5851.000
   120:       92.000       46.000     6700.000       68.000     6997.000
   125:       33.000     1696.000     1136.000     4615.000       54.000
   130:      131.000      589.000     6824.000       52.000     7610.000
   135:      138.000     7940.000     7790.000     6080.000     6671.000
   140:     6520.000     6423.000     6637.000     6987.000     1569.000
   145:     5009.000      102.000     5897.000     7233.000      123.000
   150:     6691.000     7550.000     1340.000     6570.000     7674.000
   155:       81.000     6705.000     6771.000     1500.000     1084.000
   160:     3754.000      903.000     4849.000     7046.000     2336.000
   165:     4368.000      486.000     7688.000       49.000     5748.000
   170:       85.000       54.000     7054.000     5053.000     5103.000
   175:       90.000     5349.000     6916.000     6492.000     5490.000
   180:     5023.000     4780.000     4491.000     6426.000     4707.000
   185:     1405.000      460.000      760.000     5509.000      106.000
   190:     5808.000     6292.000     5933.000       78.000      840.000
   195:     4686.000     1234.000     1959.000     3898.000     8213.000
   200:     7065.000     7076.000     6678.000     7480.000      224.000
   205:     8104.000       39.000     8230.000     8418.000     7739.000
   210:     7313.000      457.000     8168.000     6880.000       75.000
   215:     6403.000     5688.000      110.000     4582.000      916.000
   220:     6912.000     4963.000     6668.000     4283.000     1098.000
   225:      958.000     5211.000     6356.000     6586.000     5701.000
   230:     5641.000       96.000     6149.000     6060.000     6378.000
   235:     5516.000     6564.000     5126.000     6295.000     6942.000
   240:      743.000     6696.000     7596.000      742.000     5232.000
   245:     6731.000     7170.000     6846.000       47.000     6342.000
   250:     6323.000     6854.000
R:
     0:        1.000        0.000        0.000
T:
     0:        0.000        0.000        0.000        0.000
W:
     0:        0.000        0.000        0.000
