File: C:\MED-PC IV\Data\Reyes\AY\AY1057.999


Start Date: 10/19/24
End Date: 10/19/24
Subject: 57
Experiment: AY
Group: EXP20
Box: 1
Start Time: 14:55:40
End Time: 15:45:40
MSN: DRRD_exp_20
C:       0.000
F:       0.000
G:       0.000
H:       0.000
I:       0.000
J:       0.000
K:    7700.000
L:       0.000
M:       0.000
N:       0.000
O:       0.000
P:       0.000
Q:       0.000
R:       0.000
S:       0.000
U: 2009465.000
V:       0.000
X:       0.000
Y:    1736.000
Z:       0.000
A:
     0:     3814.005     4244.009    15000.013    15000.011    17718.001
     5:    17874.003    18107.001    18145.003    18191.001    19253.005
    10:    19425.003    19428.009    19551.005    19631.009    20051.005
    15:    20268.009    21150.001    22732.005    22821.009    23092.003
    20:    23800.001    25094.005    25245.009    25473.003    25685.005
    25:    25721.009    25733.005    25771.009    25776.005    26214.009
    30:    26701.001    28840.005    28883.009    29181.003    29556.005
    35:    29597.009    29638.005    29811.009    30668.001    31556.003
    40:    31571.001    31593.003    31595.001    32860.005    32938.003
    45:    33078.009    35202.001    36463.003    36821.001    36947.003
    50:    36978.001    37731.003    37816.001    39003.005    39295.009
    55:    39297.005    39386.009    39451.005    39498.009    39781.003
    60:    40719.001    41411.003    44531.001    44642.003    44717.001
    65:    46478.005    46658.009    46998.003    47288.005    47463.009
    70:    47739.005    47815.009    49084.001    49191.003    49194.001
    75:    50422.003    51294.005    51415.009    51668.005    51765.009
    80:    51870.005    51895.009    55533.001    55621.003    55665.001
    85:    55742.003    55779.001    58120.005    58199.003    58423.009
    90:    58740.005    58912.009    59192.005    59803.009    61616.001
    95:    61691.003    62087.001    62121.003    62142.001    64328.005
   100:    64353.003    64451.009    65315.005    65452.009    67412.005
   105:    67428.009    69006.001    69461.003    69465.001    69599.003
   110:    69697.001    71201.003    71487.005    71630.009    72304.005
   115:    72440.009    75786.001    75834.003    75864.001    78046.005
   120:    78083.009    78340.005    78560.009    78580.005    78612.009
   125:    78777.003    79198.005    79567.009    79685.005    80015.009
   130:    80132.005    80236.009    81075.001    81214.003    81229.001
   135:    82843.003    84086.005    84263.009    84777.005    84804.009
   140:    85013.005    85188.009    85517.005    85616.009    85808.005
   145:    85905.009    86281.005    86383.009    86864.005    86978.009
   150:    89430.001    89983.003    90085.005    90174.009    91876.001
   155:    94743.003    94862.005    95398.009    95537.005    95665.009
   160:    97788.005    97832.009    99652.005    99809.009   103944.001
   165:   104067.003   104796.001   104903.003   104925.001   107547.005
   170:   107722.009   108066.003   109635.001   110473.005   110474.003
   175:   110754.009   110905.005   111178.009   114934.001   114966.003
   180:   114983.001   115034.003   115063.001   115087.003   115117.001
   185:   115165.003   115191.001   115338.003   115365.001   116318.003
   190:   116386.001   116435.005   116594.009   116602.003   117070.005
   195:   117173.009   120817.001   120951.003   120998.001   123046.005
   200:   123087.009   123236.003   125866.001   125959.003   126014.001
   205:   128230.003   128291.001   128515.003   128642.005   128739.009
   210:   130703.001   133602.003   134022.005   134196.009   134581.005
   215:   134791.009   134895.005   135236.009   139057.001   139833.003
   220:   139869.001   143327.005   143413.009   143719.018   143732.003
   225:   143738.016   143788.026   143990.005   144818.009   148616.001
   230:   152466.018   152888.003   152894.016   152944.026   153127.005
   235:   153993.009   157128.001   157477.003   157520.001   157556.003
   240:   157632.001   160471.003   160705.005   160825.009   162063.001
   245:   162097.003   162142.001   163916.003   164016.001   164064.005
   250:   164266.009   164272.003   164349.005   164387.009   167726.001
   255:   170366.003   170943.005   171028.009   174165.001   175417.003
   260:   177072.005   177177.009   179637.001   183487.018   184348.003
   265:   184354.016   184404.026   184549.005   185641.009   185649.005
   270:   185861.009   188463.001   188801.003   190479.001   193856.003
   275:   194050.001   194102.003   194128.005   194361.009   195643.001
   280:   195701.003   195718.001   195867.003   195882.001   199732.018
   285:   203472.005   203512.009   204092.003   204098.016   204148.026
   290:   204395.005   205332.009   205358.005   205410.009   207448.001
   295:   207788.003   208787.001   209344.003   209361.001   213009.003
   300:   213435.005   213580.009   216036.005   216154.009   220625.005
   305:   220823.009   221677.001   223253.003   223330.001   224746.003
   310:   228018.005   228087.009   229727.001   229784.003   229807.001
   315:   230106.003   231712.001   231793.003   231797.001   235651.018
   320:   235906.005   235996.009   236603.003   236609.016   236659.026
   325:   236925.005   237429.009   237434.005   237611.009   240196.001
   330:   244046.018   244839.005   244856.009   245790.003   245796.016
   335:   245846.026   245922.005   246504.009   248482.001   248635.003
   340:   248644.001   251882.005   251911.009   251924.005   251954.009
   345:   252060.003   252835.005   252967.009   256030.001   256414.003
   350:   256429.001   258576.003   258630.001   258949.003   259028.001
   355:   259320.003   260647.005   260732.009   261322.005   261386.009
   360:   261573.001   261687.003   262179.005   262275.009   264101.001
   365:   265715.003   265863.001   267295.003   268404.005   268431.009
   370:   268443.005   268523.009   270182.001   270237.003   270272.001
   375:   272946.003   274982.005   275103.009   277302.001   279060.005
   380:   279153.009   279528.003   286528.001   286674.003   286697.001
   385:   289470.005   289575.009   289698.003   291309.005   291403.009
   390:   294126.005   294256.009   294300.005   295452.009   300891.001
   395:   301366.003   301393.001   303602.003   305578.005   305603.009
   400:   305612.005   305658.009   305951.005   305992.009   306156.005
   405:   306160.009   307219.005   307485.009   309928.001   310264.003
   410:   310287.001   310512.003   310544.001   312588.003   312956.001
   415:   312987.005   313170.009   313180.003   314572.001   318069.003
   420:   320287.005   320509.009   321666.005   322025.009   326696.001
   425:   327384.003   327397.001   330026.003   331470.005   331596.009
   430:   331633.005   331857.009   333176.001   337026.018   337955.003
   435:   337961.016   338011.026   338230.005   338859.009   345396.005
   440:   345475.009   346059.001   349909.018   350388.003   350394.016
   445:   350444.026   350547.005   351083.009   351102.005   351260.009
   450:   353494.001   357344.018   357732.003   357738.016   357788.026
   455:   357790.017   358028.005   358643.009   361129.001   365749.018
   460:   367522.003   367528.016   367578.026   367700.005   368288.009
   465:   370052.001   370313.003   370340.001   370385.003   370411.001
   470:   370479.003   370510.001   373961.003   374458.005   374551.009
   475:   376157.001   376243.003   376273.001   376436.003   376454.001
   480:   378068.003   379389.005   379480.009   383876.005   383937.009
   485:   385229.001   388624.003   389205.005   389305.009   390863.005
   490:   390922.009   393019.001   394837.003   396411.005   397037.009
   495:   397051.005   397092.009   397448.005   398107.009   401327.001
   500:   403482.003   403521.001   404702.003   405638.005   405786.009
   505:   406899.005   406954.009   406959.005   406992.009   408287.005
   510:   408404.009   409115.001   409260.003   409382.001   409789.003
   515:   409795.001   411146.003   411280.001   412049.005   412073.009
   520:   413361.003   415400.005   415522.009   415578.005   415639.009
   525:   418123.001   419994.005   420012.009   420019.005   420105.009
   530:   420538.003   422545.005   422604.009   423125.005   423502.009
   535:   424440.001   428904.005   428988.009   429060.018   429097.003
   540:   429103.016   429153.026   429227.005   429871.009   432866.001
   545:   437090.003   437811.005   437962.009   438054.005   438351.009
   550:   439042.001   439993.003   440004.001   442931.003   443320.005
   555:   443472.009   447124.005   447191.009   448079.001   452686.003
   560:   453165.005   453253.009   453360.005   453380.009   453588.005
   565:   453767.009   457696.001   461796.003   462162.001   462225.005
   570:   462242.003   462430.009   463726.005   464027.009   466219.001
   575:   467503.003   468866.001   470236.005   470365.009   470820.003
   580:   471183.005   471489.009   479116.005   479135.009   480680.001
   585:   483146.003   483329.001   484199.003   484987.001   486863.003
   590:   486894.001   487347.003   487421.001   489399.003   489734.005
   595:   489812.009   492464.005   492496.009   492505.005   492564.009
   600:   492978.005   493157.009   495293.001   495351.003   495365.001
   605:   495951.003   495963.001   495991.003   495993.001   497826.003
   610:   497851.001   498166.003   500856.005   500957.009   501029.005
   615:   501041.009   502986.005   503320.009   503327.005   503345.009
   620:   503643.005   503802.009   505530.001   508682.003   511293.001
   625:   514282.005   514347.009   514448.003   515149.005   515227.009
   630:   515235.005   515248.009   516671.005   516950.009   519127.005
   635:   519439.009   519458.005   519784.009   519866.005   519879.009
   640:   520071.005   520195.009   520420.005   520424.009   522958.001
   645:   523031.003   524166.001   524495.003   525071.001   525149.003
   650:   525303.001   525376.003   525641.001   525774.003   525804.001
   655:   528893.005   528919.009   528933.005   528975.009   528977.003
   660:   529007.005   529112.009   530282.005   530557.009   532559.001
   665:   532818.003   532853.001   533062.003   533110.001   534569.003
   670:   534634.001   535435.003   535487.001   536046.003   540579.005
   675:   540651.009   542181.005   542699.009   544092.001   548712.018
   680:   550369.005   550426.009   550560.003   550566.016   550616.026
   685:   550690.005   551268.009   551289.005   551333.009   554500.001
   690:   554810.003   554913.001   554989.003   555015.001   557625.003
   695:   559349.005   559535.009   560890.005   561089.009   563058.005
   700:   563162.009   563210.005   563232.009   565511.005   565719.009
   705:   566271.005   566404.009   566567.005   566740.009   567018.005
   710:   567321.009   568593.001   571704.005   571919.009   573066.003
   715:   573602.005   573707.009   577582.005   577653.009   578940.001
   720:   580597.003   580950.001   582961.003   583202.005   583320.009
   725:   584190.005   584467.009   594881.001   595862.003   595888.001
   730:   597943.003   598590.001   598627.003   598949.001   599001.003
   735:   599018.001   599103.003   599124.001   603057.005   603081.009
   740:   603239.005   603267.009   603744.018   603879.003   603885.016
   745:   603935.026   604094.005   604620.009   607114.005   607146.009
   750:   607147.005   607259.009   608487.001   608554.003   608568.001
   755:   608740.003   608904.001   609340.003   609496.001   609612.003
   760:   609663.001   610440.003   611925.001   614193.003   617192.005
   765:   617210.009   617221.005   617338.009   619487.005   619582.009
   770:   619584.005   619604.009   619696.005   619751.009   620478.001
   775:   620709.003   620745.001   623829.003   624853.005   625146.009
   780:   629227.005   629246.009   629252.005   629264.009   629644.005
   785:   630092.009   630107.005   630186.009   630473.005   630481.009
   790:   633842.001   638061.003   638349.005   638461.009   638505.005
   795:   638597.009   645121.001   647143.003   647277.001   648152.003
   800:   650347.005   650391.009   651227.005   651456.009   651686.005
   805:   651925.009   658420.001   658576.003   658606.001   659606.003
   810:   659821.001   660057.003   660253.001   661175.003   661199.001
   815:   662341.003   663722.001   664686.003   664891.001   665135.003
   820:   665519.005   665685.009   665733.005   665745.009   667207.005
   825:   667285.009   668065.005   668181.009   668765.005   669077.009
   830:   670267.001   670622.003   670730.001   672221.003   672295.001
   835:   674020.003   674145.001   675936.003   677902.005   678041.009
   840:   679661.005   680044.009   682387.001   682602.003   682636.001
   845:   684723.003   687813.005   688065.009   689638.005   689655.009
   850:   691590.001   691703.003   691727.001   693509.003   694087.005
   855:   694149.009   695277.001   695320.003   695566.005   695777.009
   860:   695798.005   696197.009   700435.001   700557.003   701385.001
   865:   703489.003   703512.001   707394.003   707495.005   707548.009
   870:   707600.005   707634.009   709742.005   709792.009   710934.005
   875:   711356.009   712495.001   714087.003   714345.001   714616.003
   880:   719987.005   720095.009   721175.005   721285.009   721358.005
   885:   721462.009   722473.005   722513.009   723551.001   726803.005
   890:   726835.009   728171.018   728884.005   729044.009   729736.003
   895:   729742.016   729792.026   730065.005   731279.009   735307.001
   900:   736931.003   737020.001   737994.003   738420.005   738469.001
   905:   739079.003   739400.009   741898.001   745796.003   748140.005
   910:   748213.009   749958.005   750027.009   751004.005   751046.009
   915:   753207.005   753330.009   753354.005   753518.009   755520.001
   920:   755551.003   755643.001   755839.003   755887.001   758315.005
   925:   758341.009   760507.018   761105.003   761111.016   761161.026
   930:   761251.005   762350.009   766534.005   768151.009   768163.005
   935:   769093.009   769102.005   769230.009   769236.005   769373.009
   940:   769374.005   769406.009   769444.005   769468.009   769498.005
   945:   769635.009   769668.005   771382.009   771496.005   771538.009
   950:   771813.005   771961.009   771977.005   772129.009   772341.005
   955:   772375.009   772458.005   777041.009   779045.001   783120.003
   960:   783360.005   784095.009   784689.005   784712.009   784761.005
   965:   784781.009   784785.005   784802.009   784815.005   784835.009
   970:   786090.001   786123.003   786180.001   788619.003   790687.005
   975:   790804.009   792926.001   793014.003   793082.001   793846.003
   980:   793896.001   794118.003   794239.001   796436.003   796442.001
   985:   797694.005   797790.009   798233.003   799616.005   799690.009
   990:   799710.005   799771.009   802261.005   802308.009   802426.005
   995:   802475.009   803429.005   803507.009   803614.005   803628.009
  1000:   811148.001   814615.003   814626.001   817201.003   817607.005
  1005:   817987.009   819503.001   821797.005   822117.009   823013.003
  1010:   827590.001   828338.003   828352.001   831326.003   837488.001
  1015:   838781.003   839086.001   839313.003   839644.001   842618.003
  1020:   842933.001   843053.003   843144.001   846334.003   846642.001
  1025:   847201.003   848268.005   848303.001   848330.003   848364.009
  1030:   848375.005   848736.009   848767.005   848861.009   851450.001
  1035:   851523.003   859790.001   862055.003   862076.001   863655.003
  1040:   864099.005   864108.009   864140.005   864293.009   866436.001
  1045:   866533.003   866639.001   869646.003   879262.001   879485.003
  1050:   879538.001   879676.003   879706.001   880127.003   880152.001
  1055:   880229.003   880535.001   880555.003   880698.001   882719.003
  1060:   883127.005   883246.009   883801.005   884028.001   884209.003
  1065:   884866.009   893854.001   896994.003   897043.005   897155.009
  1070:   898352.005   898573.009   905880.001   906212.003   906786.001
  1075:   907530.003   909426.001   909595.003   909622.001   910019.003
  1080:   911265.005   911357.009   912463.001   915593.003   916527.005
  1085:   916625.009   918061.005   918532.009   921574.001   921791.003
  1090:   921916.001   921984.003   922220.001   922371.003   923553.001
  1095:   924563.003   925231.001   925275.003   925301.001   928496.003
  1100:   929453.001   929475.005   929634.009   929846.003   930884.005
  1105:   930934.009   931014.005   931038.009   932090.005   932157.009
  1110:   932239.005   932292.009   933500.005   933557.009   935705.005
  1115:   935729.009   935740.005   935938.009   936596.001   941216.018
  1120:   943983.005   944008.009   944105.005   944290.009   944363.003
  1125:   944369.016   944419.026   944530.005   945057.009   949549.001
  1130:   949800.003   949877.001   950864.003   952477.001   952638.005
  1135:   952732.009   952749.005   952797.009   952818.003   958466.001
  1140:   958897.003   958932.001   961367.003   964600.005   964790.009
  1145:   966631.005   966838.009   967250.005   967327.009   967530.005
  1150:   967845.009   970114.001   970217.003   970459.001   970829.003
  1155:   970863.001   971442.003   971459.001   973443.003   973641.005
  1160:   973726.009   973815.005   973837.009   974721.005   974753.009
  1165:   978254.005   978306.009   978312.005   978418.009   979396.005
  1170:   979498.009   979641.005   979651.009   980493.005   980539.009
  1175:   980744.005   981163.009   981529.005   981929.009   987197.001
  1180:   988664.003   988807.001   991445.003   991767.005   991961.009
  1185:   991964.005   991978.009   992120.005   992339.009   994485.001
  1190:   995132.003   995133.001   997482.005   997601.009   997694.003
  1195:  1003933.001  1005014.003  1005415.005  1005575.009  1006259.005
  1200:  1006383.009  1006862.001  1007144.003  1007196.001  1007342.003
  1205:  1007374.001  1008668.003  1008706.001  1009975.003  1010982.005
  1210:  1010995.009  1012231.005  1012269.009  1015607.005  1015943.009
  1215:  1017075.001  1019580.005  1019615.009  1019627.005  1019670.009
  1220:  1021159.003  1021946.005  1022066.009  1022155.005  1022338.009
  1225:  1025449.001  1025512.003  1025573.001  1025684.003  1025702.001
  1230:  1026018.003  1026172.001  1026602.003  1026630.001  1027759.003
  1235:  1027873.001  1030276.003  1030967.005  1031089.009  1031212.005
  1240:  1031298.009  1058306.001  1058528.003  1058552.001  1058622.003
  1245:  1058634.001  1059035.003  1059051.001  1059084.003  1059203.001
  1250:  1059226.003  1059254.001  1061409.003  1061975.005  1062017.009
  1255:  1062050.005  1062406.009  1063539.001  1063577.003  1063598.001
  1260:  1066552.005  1066643.009  1066646.005  1066735.009  1066981.005
  1265:  1067133.009  1067168.003  1067921.005  1068246.009  1069188.001
  1270:  1069420.003  1069620.001  1069802.003  1070954.001  1071257.003
  1275:  1072309.001  1074254.005  1074367.009  1074406.003  1074724.005
  1280:  1074791.009  1083962.001  1087777.003  1088019.001  1088662.005
  1285:  1088749.009  1088829.003  1089698.005  1089967.009  1093148.005
  1290:  1093230.009  1093694.005  1093705.009  1093762.005  1093888.009
  1295:  1093916.005  1096401.009  1096418.005  1096456.009  1096484.005
  1300:  1097437.009  1097529.005  1098026.009  1098042.005  1098369.009
  1305:  1099226.001  1099425.003  1099440.001  1100228.003  1100248.001
  1310:  1102902.003  1104424.001  1106340.003  1106867.001  1107006.003
  1315:  1107603.005  1107656.009  1107668.005  1107979.009  1114240.001
  1320:  1114548.003  1114594.001  1114791.003  1115814.001  1119147.003
  1325:  1119645.005  1119988.009  1121664.001  1121730.003  1121766.001
  1330:  1126265.005  1126321.009  1126353.005  1126386.018  1126542.009
  1335:  1126569.003  1126575.016  1126625.026  1126687.005  1128180.009
  1340:  1128190.005  1128295.009  1130765.005  1132040.009  1132580.005
  1345:  1132708.009  1132737.005  1134775.009  1134852.005  1136709.009
  1350:  1136718.005  1136770.009  1136804.005  1137605.009  1137696.005
  1355:  1137892.009  1137934.005  1138086.009  1139214.001  1140303.003
  1360:  1140324.001  1142597.003  1142960.005  1143117.009  1144370.005
  1365:  1144686.009  1145369.001  1145554.003  1145592.001  1145657.003
  1370:  1145694.001  1145831.003  1146020.001  1148144.003  1148735.005
  1375:  1148767.009  1148775.005  1148801.009  1149811.005  1150060.009
  1380:  1150768.001  1150913.005  1151030.003  1151205.009  1152652.005
  1385:  1152674.009  1158889.005  1158911.009  1158962.005  1159063.009
  1390:  1159091.005  1159759.009  1159783.005  1160007.009  1161847.001
  1395:  1164838.003  1165077.005  1165471.009  1165700.005  1165811.009
  1400:  1167254.005  1167462.009  1169090.001  1173237.003  1173562.005
  1405:  1173614.009  1173714.005  1173795.009  1175567.005  1175795.009
  1410:  1176636.005  1176946.009  1178664.005  1178708.009  1178806.005
  1415:  1179157.009  1179355.005  1179669.009  1179789.005  1179904.009
  1420:  1180646.005  1180700.009  1180949.005  1180993.009  1181606.001
  1425:  1182907.003  1183693.001  1183783.003  1183807.001  1183969.003
  1430:  1183981.001  1184955.003  1185045.001  1186205.003  1186479.005
  1435:  1186601.009  1186645.005  1186653.009  1189178.005  1189261.009
  1440:  1189343.005  1189549.009  1189671.005  1189879.009  1196782.001
  1445:  1197930.003  1198087.001  1198535.003  1198555.001  1200375.005
  1450:  1200425.009  1200534.003  1201271.005  1201482.009  1202320.005
  1455:  1203349.009  1205360.001  1205434.003  1205485.001  1205659.003
  1460:  1205704.001  1208808.003  1210056.005  1210097.009  1210194.005
  1465:  1210251.009  1211122.005  1211196.009  1211276.005  1211456.009
  1470:  1211497.005  1211787.009  1216030.001  1216533.003  1216564.001
  1475:  1218408.003  1219278.005  1219362.009  1219427.005  1219720.009
  1480:  1222865.005  1223304.009  1223570.005  1223913.009  1226099.001
  1485:  1226806.003  1226809.001  1231367.003  1232090.005  1232238.009
  1490:  1233291.005  1233496.009  1234505.005  1234534.009  1234565.005
  1495:  1234765.009  1234777.005  1234951.009  1235158.001  1235280.003
  1500:  1235652.005  1235975.009  1243092.001  1245379.003  1245533.005
  1505:  1246585.009  1248237.001  1248358.003  1248371.001  1248533.003
  1510:  1248891.001  1249021.003  1249041.001  1251159.003  1251601.005
  1515:  1251652.009  1251675.005  1252281.009  1253015.001  1253752.003
  1520:  1253765.001  1257179.005  1257356.009  1257378.003  1260129.005
  1525:  1260910.009  1260974.005  1261021.009  1262374.001  1262457.003
  1530:  1262799.001  1265368.003  1265470.005  1265606.009  1265678.005
  1535:  1265760.009  1267258.005  1267530.009  1267706.005  1267785.009
  1540:  1277838.005  1278012.009  1280515.005  1280562.009  1281717.001
  1545:  1283830.003  1287516.001  1292136.018  1293310.003  1293316.016
  1550:  1293366.026  1293611.005  1293638.009  1293655.005  1293681.009
  1555:  1293719.005  1294338.009  1297138.001  1300650.003  1301068.005
  1560:  1301493.009  1304423.001  1309043.018  1309175.005  1309279.009
  1565:  1309458.003  1309464.016  1309514.026  1309576.005  1310427.009
  1570:  1314783.001  1314819.003  1314847.001  1314924.003  1314957.001
  1575:  1315482.003  1315935.001  1315997.003  1316008.001  1318828.003
  1580:  1319478.001  1319651.003  1319995.005  1319996.001  1320077.009
  1585:  1320142.005  1320221.009  1320224.003  1321705.001  1322194.003
  1590:  1323068.001  1323212.003  1323433.005  1323791.009  1327677.001
  1595:  1330747.003  1331140.001  1331184.003  1331284.005  1331577.009
  1600:  1332180.005  1332750.009  1335119.001  1338645.003  1338711.005
  1605:  1338960.009  1341818.001  1344886.005  1344965.009  1345012.005
  1610:  1345125.009  1345319.003  1351977.001  1353820.003  1358473.001
  1615:  1359623.003  1359694.001  1361985.003  1362305.005  1362653.009
  1620:  1363663.001  1363725.003  1363754.001  1364234.003  1373672.005
  1625:  1373777.009  1373794.005  1373803.009  1373844.005  1374045.009
  1630:  1376370.001  1376554.003  1377399.001  1378983.003  1378989.001
  1635:  1379591.003  1380111.001  1380804.003  1381095.005  1381299.009
  1640:  1381791.005  1381939.009  1382899.005  1382972.009  1383091.005
  1645:  1383192.009  1383600.005  1383998.009  1388583.001  1390869.005
  1650:  1390908.009  1391068.003  1394913.001  1397507.003  1397822.005
  1655:  1397885.009  1398018.005  1398205.009  1399381.005  1399667.009
  1660:  1399775.005  1399881.009  1400452.005  1400581.009  1403418.001
  1665:  1403446.003  1403485.001  1403706.003  1403725.001  1404112.003
  1670:  1404113.001  1406110.005  1406139.009  1406856.005  1406921.009
  1675:  1408069.005  1408231.003  1408467.009  1409219.005  1409440.009
  1680:  1409764.005  1409905.009  1415951.001  1418756.003  1419014.005
  1685:  1419164.009  1421348.005  1421460.009  1424729.001  1424756.003
  1690:  1424815.001  1424954.003  1424958.001  1428253.005  1428258.003
  1695:  1428500.009  1430290.005  1430362.009  1430442.005  1430540.009
  1700:  1432107.005  1432254.009  1435470.005  1435592.009  1435625.005
  1705:  1436484.009  1436511.005  1436631.009  1437576.001  1440054.003
  1710:  1446697.001  1447039.003  1447089.001  1449339.003  1452040.005
  1715:  1452089.009  1452094.005  1452338.009  1453478.005  1453522.009
  1720:  1453620.005  1453765.009  1453778.005  1453857.009  1465220.001
  1725:  1469116.003  1472027.005  1472060.009  1481345.001  1485251.003
  1730:  1485896.005  1486286.009  1486459.005  1486844.009  1498160.005
  1735:  1498178.009
B:
     0:        0.000      376.000        0.000      376.000        0.000
     5:      462.000        0.000        0.000        0.000      462.000
    10:        0.000        1.000        0.000        1.000        0.000
    15:        0.000       19.000        1.000       19.000        0.000
    20:        0.000        0.000        0.000        0.000        0.000
    25:        0.000       19.000        0.000        0.000        0.000
    30:        0.000
D:
     0:  3494715.000  3490810.000  3494716.000
E:
     0:     3850.000     4620.000
T:
     0:        0.000        0.000        0.000        0.000
W:
     0:        0.000        0.000        0.000
