File: C:\MED-PC IV\Data\Reyes\AY\AY1073.999


Start Date: 10/17/24
End Date: 10/17/24
Subject: 73
Experiment: AY
Group: EXP20
Box: 5
Start Time: 18:12:00
End Time: 19:02:00
MSN: DRRD_exp_20
C:       0.000
F:       0.000
G:       0.000
H:       1.000
I:       0.000
J:       0.000
K:    2150.000
L:       0.000
M:       0.000
N:       0.000
O:       0.000
P:       0.000
Q:       0.000
R:       0.000
S:       0.000
U: 9201017.000
V:       0.000
X:       0.000
Y:    2777.000
Z:       0.000
A:
     0:     1428.005     1497.009     1520.005     1542.009     3797.005
     5:     5646.009     5845.005     5871.009     5988.005     6580.009
    10:     7404.005     8205.009     8226.005     8240.009    11369.005
    15:    11502.009    14084.005    14504.009    15000.013    15000.011
    20:    15177.001    15204.003    15359.001    16434.018    16456.003
    25:    16462.016    16490.001    16512.026    16534.003    16558.005
    30:    17076.009    17573.001    18591.003    20141.001    20213.003
    35:    20246.001    20257.003    20269.001    21066.003    21683.001
    40:    22709.003    22953.001    22978.003    23609.001    23695.003
    45:    23712.001    24787.018    25146.003    25152.016    25202.026
    50:    25256.005    25975.009    26607.001    27505.003    29008.001
    55:    29048.003    29066.001    30141.018    30362.003    30368.016
    60:    30383.001    30418.026    30468.003    30500.005    30909.009
    65:    31663.001    32738.018    32900.003    32906.016    32956.026
    70:    33198.005    33613.009    33858.001    34752.003    36017.001
    75:    36098.003    36113.001    36813.003    38035.005    38067.009
    80:    38425.001    38515.003    38530.001    39513.003    40481.001
    85:    40549.003    40565.001    41640.018    41715.003    41721.016
    90:    41771.026    42701.005    43297.009    44457.001    44579.003
    95:    44595.001    45670.018    45892.003    45898.016    45948.026
   100:    46225.005    46729.009    47257.001    47287.003    47309.001
   105:    47354.003    47374.001    47384.003    47421.001    48168.003
   110:    49150.001    49231.003    49262.001    49369.003    49389.001
   115:    50303.003    50853.005    51028.009    51312.005    51968.009
   120:    52185.001    52288.003    52439.001    52576.003    52587.001
   125:    53367.003    54147.001    54220.003    54239.001    55314.018
   130:    55483.003    55489.016    55539.026    55687.005    56315.009
   135:    56515.001    57562.003    58265.001    58280.003    58434.001
   140:    58522.003    58539.001    59614.018    59901.003    59907.016
   145:    59957.026    60137.005    60653.009    60716.005    60787.009
   150:    61588.001    61707.003    61734.001    62689.003    63386.005
   155:    63423.009    63913.005    63963.009    63973.005    64035.009
   160:    64210.001    64301.003    64323.001    65398.018    65457.003
   165:    65463.016    65513.026    65743.005    66323.009    66693.001
   170:    66797.003    66816.001    66908.003    66928.001    67809.003
   175:    68937.001    69019.003    69038.001    69609.003    70524.001
   180:    70560.003    70573.001    70596.003    70616.001    71332.003
   185:    71361.001    71545.003    72846.001    72922.003    72943.001
   190:    73093.003    73108.001    73938.003    74186.001    74280.003
   195:    74314.005    74656.009    75055.001    75812.003    75825.001
   200:    76591.003    77597.001    77677.003    77692.001    78031.003
   205:    78046.001    79121.018    79142.003    79148.016    79198.026
   210:    79484.001    79510.003    79543.005    80614.009    81676.001
   215:    81880.003    81889.001    82675.003    83868.005    84018.009
   220:    84021.005    84036.009    84471.001    85286.003    86314.005
   225:    86424.009    93047.005    93095.009    93152.005    93202.009
   230:    93382.001    93473.003    93489.001    93610.003    93788.001
   235:    94747.003    95260.005    95584.009    95671.005    96255.009
   240:    97221.001    97275.003    97312.001    97333.003    97358.001
   245:    98264.003    99014.001    99764.003    99790.001    99986.003
   250:   100703.001   101643.003   102135.001   102182.003   102208.001
   255:   102478.003   102564.001   103624.003   104142.005   104267.009
   260:   104572.005   104637.009   104742.005   105138.009   105873.001
   265:   105896.003   106289.001   107283.003   107601.001   107633.003
   270:   107727.001   107798.003   107838.001   108112.003   108120.001
   275:   109195.018   109202.003   109208.016   109256.005   109258.026
   280:   109738.009   114953.001   115118.003   115128.001   115247.003
   285:   115473.005   115480.009   115482.005   115485.009   115486.005
   290:   115504.009   116145.001   116363.003   116644.005   116793.009
   295:   116951.001   117002.003   117239.001   117317.003   119650.005
   300:   119751.009   120527.005   120563.009   129683.005   130285.009
   305:   130313.005   130344.009   130457.005   130534.009   131305.001
   310:   131792.003   131813.001   132475.003   133135.001   133162.003
   315:   133176.001   133194.003   133205.001   133900.003   134505.001
   320:   134616.003   134709.001   134727.003   134742.001   135817.018
   325:   136076.003   136082.016   136109.001   136132.026   136145.003
   330:   136231.005   136747.009   136782.005   136814.009   137136.001
   335:   138211.018   138235.003   138241.016   138289.001   138291.026
   340:   138344.003   138494.005   139790.009   139981.001   141056.018
   345:   141094.003   141100.016   141150.026   141279.005   141658.009
   350:   142065.001   142190.003   142206.001   142951.003   145201.001
   355:   145291.003   145333.001   145394.003   145406.001   146061.003
   360:   146428.001   146469.003   147285.001   147352.003   147363.001
   365:   147455.003   147468.001   148428.003   148682.001   148784.003
   370:   149009.001   149084.003   149108.001   150183.018   150194.003
   375:   150200.016   150250.026   150420.005   152063.009   152292.001
   380:   152402.003   152463.001   153347.003   155249.001   155296.003
   385:   155310.001   155326.003   155348.001   155431.003   155445.001
   390:   156158.003   157117.001   157201.003   157216.001   158283.003
   395:   159504.005   159514.009   159711.001   159790.003   159803.001
   400:   160878.018   161125.003   161131.016   161161.001   161181.026
   405:   161231.003   161258.005   161662.009   161965.001   163040.018
   410:   163355.003   163361.016   163411.026   163582.005   164395.009
   415:   166433.001   166512.003   166582.001   166995.003   167006.001
   420:   168022.003   168975.001   170050.018   171086.003   171092.016
   425:   171095.001   171142.026   172220.018   172498.003   172504.016
   430:   172554.026   172588.005   173345.009   173818.005   173867.009
   435:   174156.001   174506.003   174513.001   175073.003   176990.001
   440:   177042.003   177059.001   177073.003   177108.001   177570.003
   445:   177579.001   178269.003   178301.001   178532.003   179958.001
   450:   180034.003   180045.001   180139.003   180153.001   180835.003
   455:   182092.001   182260.003   182302.001   182810.003   182926.001
   460:   183225.003   183256.001   183394.003   183468.001   183684.003
   465:   183930.005   184133.009   184624.001   184802.003   184946.001
   470:   186021.018   187377.003   187383.016   187433.026   187466.005
   475:   188447.009   188791.001   189159.003   189183.001   189649.003
   480:   190534.005   190566.009   190864.001   190903.003   190969.001
   485:   191051.003   191075.001   191580.003   192943.005   193043.009
   490:   193625.001   194700.018   194955.003   194961.016   195011.026
   495:   195158.005   195637.009   195914.001   195994.003   196024.001
   500:   196949.003   198116.001   198161.003   198177.001   198191.003
   505:   198207.001   199003.003   199835.001   199869.005   199890.003
   510:   199984.009   200256.001   200280.003   200300.001   200314.003
   515:   200336.001   200556.003   200609.001   201144.003   202574.001
   520:   203649.018   203731.003   203737.016   203787.026   203922.005
   525:   204168.009   204183.005   204518.009   205339.005   205772.009
   530:   205799.005   207068.009   207312.001   207441.003   207453.001
   535:   208528.018   208918.003   208924.016   208974.026   208999.005
   540:   209826.009   211601.005   211639.009   211843.001   211962.003
   545:   211974.001   212507.003   212977.001   213035.003   213364.005
   550:   213570.009   213832.001   214863.003   215342.005   215494.009
   555:   215905.001   216007.003   216016.001   216978.003   217104.001
   560:   217126.003   217684.001   217692.005   217767.009   217824.003
   565:   218460.001   218646.003   218659.001   219734.018   219757.003
   570:   219763.016   219813.026   219994.005   220446.009   223083.001
   575:   224158.018   224178.003   224184.016   224234.026   224384.005
   580:   224891.009   225110.001   225223.003   225236.001   226008.003
   585:   228042.001   229088.003   229125.001   229253.003   229938.005
   590:   229940.001   229959.003   230109.009   232314.005   232687.009
   595:   232909.001   233014.003   233201.001   233529.003   234156.001
   600:   234577.003   234584.001   235426.003   236262.001   236341.003
   605:   236353.001   237314.003   237927.005   238003.009   241214.001
   610:   241273.003   241504.001   241548.003   241690.001   242765.018
   615:   243044.003   243050.016   243100.026   243190.005   243701.009
   620:   243896.001   243964.003   243974.001   245049.018   245211.003
   625:   245217.016   245267.026   245413.005   246432.009   246644.001
   630:   246934.003   246944.001   247784.003   247806.001   247940.003
   635:   248854.001   249050.003   249063.001   250055.003   250082.001
   640:   250325.003   251361.001   251469.003   251874.005   251878.001
   645:   251954.009   251984.003   252823.005   253105.009   253354.001
   650:   253446.003   253600.001   253689.003   253980.001   254071.003
   655:   254087.001   254870.003   256139.001   256184.003   256194.001
   660:   256225.003   256240.001   256334.003   256350.001   256986.003
   665:   257013.001   257134.003   257166.001   257284.003   258275.001
   670:   258416.003   258438.001   259513.018   260272.005   260302.009
   675:   260486.003   260492.016   260542.026   260562.001   260733.003
   680:   260898.005   261564.009   262031.001   263106.018   263133.003
   685:   263139.016   263189.026   263301.005   264419.009   264755.001
   690:   265298.003   265994.005   266112.009   268162.001   268422.003
   695:   268506.001   268618.003   268626.001   269606.003   270297.001
   700:   271372.018   271390.003   271396.016   271446.026   271601.005
   705:   272151.009   272169.005   272252.009   272498.001   273479.003
   710:   274470.001   274499.003   274514.001   275552.003   276508.001
   715:   276596.003   276610.001   277319.003   278204.005   278273.009
   720:   278647.001   278688.003   278700.001   278836.003   278848.001
   725:   279491.003   280641.001   280670.003   280683.001   280798.003
   730:   280813.001   281653.003   282405.005   282452.009   282909.005
   735:   282989.009   283712.001   283794.003   283867.001   283918.003
   740:   283933.001   285008.018   285103.003   285109.016   285143.001
   745:   285159.026   285187.003   285252.005   285916.009   286215.001
   750:   287115.003   287857.001   288932.018   289096.003   289102.016
   755:   289152.026   289198.005   289794.009   290050.001   291125.018
   760:   291678.003   291684.016   291734.026   291797.005   292239.009
   765:   295642.005   295658.009   296094.001   297004.003   298430.001
   770:   298496.003   298504.001   298536.003   298550.001   299273.003
   775:   299443.001   299600.003   300241.001   300295.003   300311.001
   780:   300335.003   300354.001   301420.003   301957.001   302052.003
   785:   302067.001   302229.003   302236.001   303230.003   303568.001
   790:   303663.003   304073.001   305148.018   305181.003   305187.016
   795:   305237.026   305413.005   306003.009   306235.001   306741.003
   800:   306747.001   307824.018   307882.003   307888.016   307938.026
   805:   308136.005   308871.009   309179.001   310236.003   310271.001
   810:   310478.003   310660.001   310697.003   311153.005   311189.009
   815:   311547.001   311595.003   311675.001   312581.003   313651.001
   820:   314659.003   315878.005   315965.009   316177.001   316332.003
   825:   316339.001   316982.003   317820.005   317967.009   318206.001
   830:   319281.018   319475.003   319481.016   319531.026   319688.005
   835:   320214.009   321281.005   321305.009   321484.001   322559.018
   840:   322780.003   322786.016   322836.026   322976.005   323339.009
   845:   323584.001   323755.003   323764.001   324508.003   325945.001
   850:   326029.003   326044.001   327119.018   327473.003   327479.016
   855:   327529.026   327746.005   328312.009   328562.001   329637.018
   860:   329932.003   329938.016   329988.026   330174.005   330846.009
   865:   331145.001   331224.003   331239.001   331655.003   332542.005
   870:   332740.009   332958.001   334033.018   334086.003   334092.016
   875:   334142.026   334332.005   334922.009   337428.001   337905.003
   880:   338845.001   339009.003   339023.001   340086.003   341071.001
   885:   341309.003   341328.001   342225.003   343089.001   343252.003
   890:   343264.001   344339.018   344345.003   344351.016   344401.026
   895:   344582.005   345812.009   346206.005   346271.009   346678.005
   900:   346711.009   347018.001   347958.003   349656.001   349716.003
   905:   349747.001   349888.003   349909.001   350297.003   351705.001
   910:   351775.003   351804.001   351875.003   351894.001   352618.003
   915:   352870.001   352888.003   353404.005   353419.009   354262.001
   920:   354330.003   354351.001   354427.003   354437.001   355441.003
   925:   355591.001   355623.003   356169.001   356288.005   356355.003
   930:   356829.009   356986.005   358911.009   359678.005   360436.009
   935:   360456.005   360463.009   360791.001   360886.003   361282.001
   940:   361709.003   361876.001   361894.003   362313.001   362383.003
   945:   374946.005   375092.009   375546.001   375985.003   376012.001
   950:   376227.003   376282.001   377357.018   377580.003   377586.016
   955:   377636.026   377671.005   378758.009   378788.005   378889.009
   960:   379109.001   380184.018   380359.003   380365.016   380415.026
   965:   380543.005   381026.009   381213.001   382223.003   383552.001
   970:   383628.003   383640.001   383672.003   383691.001   384544.003
   975:   384651.001   384692.003   385597.005   385629.009   385946.001
   980:   387021.018   387161.003   387167.016   387217.026   387303.005
   985:   388013.009   389453.001   390318.003   391223.001   391291.003
   990:   391301.001   392095.003   393491.001   393543.003   393558.001
   995:   393586.003   393603.001   394678.018   394689.003   394695.016
  1000:   394745.026   394851.005   395314.009   395585.001   396660.018
  1005:   396748.003   396754.016   396804.026   396988.005   397638.009
  1010:   397957.001   398714.003   400990.001   401387.003   401395.001
  1015:   402111.003   402149.001   402221.003   403209.001   403260.003
  1020:   403274.001   404263.003   405062.005   405158.009   405216.001
  1025:   405266.003   405519.001   405756.003   405771.001   405875.003
  1030:   405881.001   406520.003   407662.005   407903.009   408101.001
  1035:   408219.003   408234.001   408323.003   408335.001   409407.003
  1040:   410025.005   410067.009   410566.001   411325.003   413171.001
  1045:   413626.003   413634.001   414230.003   415115.005   415237.009
  1050:   415583.001   416658.018   416759.003   416765.016   416815.026
  1055:   416909.005   417367.009   417642.001   418717.018   419140.003
  1060:   419146.016   419196.026   419333.005   420047.009   420449.001
  1065:   421524.018   421638.003   421644.016   421694.026   421696.017
  1070:   421797.005   422845.009   426481.001   426610.003   426738.001
  1075:   427073.003   427809.001   428811.003   429306.001   430471.003
  1080:   433940.001   434162.003   434184.001   434218.003   434230.001
  1085:   434613.003   434627.001   434862.003   435709.005   435734.009
  1090:   437840.001   438090.003   438187.001   438366.003   438587.001
  1095:   438811.003   439792.001   439876.003   439892.001   439966.003
  1100:   439974.001   440060.003   440093.001   440822.003   442152.001
  1105:   442646.003   442676.001   442725.003   443739.001   443775.003
  1110:   443784.001   443807.003   443823.001   443891.003   443935.001
  1115:   444960.003   445288.005   445295.009   445571.001   445684.003
  1120:   445702.001   446745.003   447278.001   447355.003   447364.001
  1125:   448257.003   449278.005   449567.009   449951.001   450043.003
  1130:   450584.001   450671.003   450749.001   450842.003   450886.001
  1135:   452176.018   452311.003   452317.016   452334.001   452367.026
  1140:   452434.003   452485.005   453096.009   453321.001   454344.003
  1145:   455535.001   456390.003   457514.001   457544.003   457563.001
  1150:   457577.003   457595.001   458741.003   459031.001   459057.003
  1155:   459585.005   459980.009   460216.001   461506.018   462032.003
  1160:   462038.016   462088.026   462169.005   462881.009   463056.001
  1165:   464346.018   464486.003   464492.016   464542.026   464613.005
  1170:   465186.009   465377.001   466667.018   467275.003   467281.016
  1175:   467331.026   467333.017   467372.005   468007.009   471689.005
  1180:   471761.009   472005.001   472521.003   473510.001   474463.003
  1185:   475930.001   476015.003   476041.001   476970.003   478001.001
  1190:   479208.003   480542.001   480647.003   480660.001   481558.003
  1195:   482418.001   482519.003   482534.001   482680.003   482696.001
  1200:   483280.003   493335.001   493359.003   493516.001   493694.003
  1205:   494655.001   494722.003   494732.001   495361.003   500558.005
  1210:   500577.009   500702.005   501011.009   503002.001   503115.003
  1215:   503144.001   503208.003   503224.001   504223.003   504470.001
  1220:   504519.003   504940.001   504957.003   505009.001   506139.003
  1225:   506242.005   506327.009   506773.005   506786.009   507201.001
  1230:   507438.003   507452.001   508687.003   509684.001   509785.003
  1235:   509793.001   510886.003   511164.005   511185.001   511372.009
  1240:   511411.003   511638.001   513186.018   513826.003   513832.016
  1245:   513882.026   513900.005   514521.009   514758.001   515830.003
  1250:   517624.001   517718.003   517728.001   517895.003   517907.001
  1255:   518986.003   519135.001   519230.003   519331.001   519516.003
  1260:   519773.005   519776.001   519806.009   519855.003   520228.005
  1265:   520271.009   520480.001   520543.003   520556.001   522104.018
  1270:   522480.003   522486.016   522536.026   522649.005   523258.009
  1275:   526013.001   527561.018   527733.003   527739.016   527789.026
  1280:   527811.005   528963.009   529191.001   529547.003   529723.001
  1285:   529977.003   530024.001   531276.003   531338.001   531515.003
  1290:   532703.001   532779.003   532830.001   534378.018   534954.003
  1295:   534960.016   535010.026   535118.005   535576.009   535768.001
  1300:   537316.018   537904.003   537910.016   537960.026   537996.005
  1305:   539518.009   539956.001   540127.003   540193.001   540440.003
  1310:   540488.001   541262.003   543675.001   544839.003   545985.005
  1315:   546134.009   547943.001   549007.003   551111.001   552459.003
  1320:   553432.001   553854.003   553873.001   555247.003   555712.005
  1325:   555738.009   556805.001   556848.003   556918.001   557112.003
  1330:   557299.001   557445.003   557478.001   558439.003   558494.001
  1335:   558578.003   559757.001   559819.003   559839.001   559870.003
  1340:   559889.001   561306.003   562127.001   562212.003   562224.001
  1345:   562326.003   562337.001   563885.018   564077.003   564083.016
  1350:   564133.026   564173.005   564705.009   566149.001   566294.003
  1355:   566316.001   566555.003   566598.001   566636.003   566669.001
  1360:   567070.003   567746.005   567759.009   568262.001   568383.003
  1365:   568399.001   568432.003   568450.001   569918.003   570090.001
  1370:   570285.003   570710.005   570775.009   570948.001   572380.003
  1375:   572459.001   572581.003   573024.005   573039.009   574878.005
  1380:   575615.009   576332.001   577868.003   579000.001   579027.003
  1385:   579097.001   580096.003   580248.001   580274.003   581235.001
  1390:   581380.003   581395.001   582711.003   582824.001   582982.003
  1395:   583312.001   584860.018   585323.003   585329.016   585379.026
  1400:   585401.005   586891.009   587094.001   588642.018   588720.005
  1405:   588746.009   589118.005   589199.009   589289.003   589295.016
  1410:   589345.026   589450.005   590546.009   590599.005   591071.009
  1415:   591154.005   591160.009   592083.001   593631.018   593977.003
  1420:   593983.016   594033.026   594035.017   594117.005   594739.009
  1425:   599758.001   599949.003   600648.005   600666.009   600850.001
  1430:   601912.003   602018.001   602279.003   602521.001   602708.003
  1435:   602731.001   602923.003   602936.001   603650.003   604779.001
  1440:   604860.003   604881.001   605845.003   606308.005   606525.009
  1445:   606889.001   608453.003   608520.005   608536.001   608681.009
  1450:   608730.003   610394.001   611780.003   612716.001   612854.003
  1455:   612894.001   613083.003   613095.001   614928.003   614998.005
  1460:   615082.009   615465.005   615502.009   615835.001   615924.003
  1465:   615939.001   617427.003   617767.001   617796.003   619085.001
  1470:   619204.003   619222.001   620227.003   621031.001   621073.003
  1475:   621583.001   621782.003   621793.001   621931.003   621949.001
  1480:   622769.003   625106.005   625673.009   626157.001   626214.003
  1485:   626502.001   626536.003   626565.001   626593.003   626657.001
  1490:   627892.003   628490.005   628504.009   629448.001   629524.003
  1495:   629541.001   631128.003   632775.001   632849.003   632867.001
  1500:   632890.003   632898.001   633876.003   634155.005   634183.009
  1505:   634203.005   634246.009   640458.005   640475.009   640485.005
  1510:   640919.009   640937.005   641795.009   642209.001   643415.003
  1515:   643488.005   643556.009   644222.001   645391.003   646171.001
  1520:   646218.003   646229.001   646259.003   646268.001   648028.003
  1525:   649378.001   651236.018   651508.003   651514.016   651564.026
  1530:   651719.005   653282.009   653503.001   653970.003   654012.001
  1535:   655052.003   656680.005   656828.009   657482.001   659340.018
  1540:   659626.003   659632.016   659682.026   659741.005   660630.009
  1545:   662082.005   662105.009   662119.005   662164.009   662462.001
  1550:   662545.003   662649.001   664159.003   665557.001   665730.003
  1555:   665954.005   666065.009   666102.005   666123.009   666182.005
  1560:   666211.001   666309.003   667519.009   668229.001   668274.003
  1565:   668372.001   668447.003   668701.001   668781.003   668796.001
  1570:   670222.003   672395.001   672442.003   672466.001   673770.003
  1575:   674873.001   674989.003   675004.001   676070.003   678028.001
  1580:   679886.018   680305.003   680311.016   680361.026   680497.005
  1585:   680853.009   681770.005   681932.009   682423.001   683830.003
  1590:   687421.005   687548.009   687853.001   688359.003   689179.001
  1595:   690141.003   691398.001   691453.003   691513.001   692701.003
  1600:   692936.001   693314.003   693413.001   694179.003   695224.005
  1605:   695370.009   695659.001   696593.003   696605.001   697095.003
  1610:   698605.001   698731.003   698746.001   698786.003   698798.001
  1615:   699897.003   700252.001   700349.003   700676.001   700750.003
  1620:   701351.005   702219.009   702246.005   702251.009   702676.001
  1625:   702803.003   702852.001   704621.003   705543.001   705568.003
  1630:   705580.001   705775.003   705786.001   707467.003   708200.005
  1635:   708208.009   708451.001   708638.003   708651.001   708955.003
  1640:   708965.001   709971.003   711563.001   711625.003   711644.001
  1645:   713502.018   713960.003   713966.016   714016.026   714023.001
  1650:   714028.005   714074.003   714760.009   716033.005   716082.009
  1655:   716098.005   716622.009   717141.001   717265.003   717521.001
  1660:   719379.018   719794.005   720107.009   720474.003   720480.016
  1665:   720530.026   720560.005   721501.009   721519.005   722130.009
  1670:   722428.001   723453.003   724990.005   725115.009   725453.005
  1675:   725474.009   726400.001   727583.003   729259.001   729352.003
  1680:   729370.001   729541.003   729562.001   731097.003   732329.005
  1685:   732673.009   741398.005   741778.009   742110.005   742200.009
  1690:   742648.001   744330.003   745265.005   745332.009   745638.005
  1695:   745676.009   746468.001   747956.003   749143.001   750084.003
  1700:   750104.001   750649.003   751228.005   751241.009   751259.001
  1705:   751312.003   751633.005   751728.009   752104.005   752135.009
  1710:   761240.005   762137.009   762604.001   762703.003   762775.001
  1715:   763591.003   764369.005   764396.009   764478.005   764585.009
  1720:   764848.001   766010.003   767133.005   767354.009   767606.001
  1725:   767888.003   767898.001   768535.003   769289.005   769357.009
  1730:   776436.005   777227.009   777522.001   777735.003   778449.001
  1735:   780043.003   780409.001   780436.003   780904.005   780919.009
  1740:   781277.005   781338.001   781434.009   781472.003   782061.001
  1745:   782279.003   782296.001   784154.018   785199.003   785205.016
  1750:   785255.026   785371.005   785947.009   785971.005   786108.009
  1755:   786155.005   786168.009   786651.005   786692.009   787224.001
  1760:   787288.003   787320.001   787771.003   789371.001   789464.003
  1765:   789479.001   789666.003   789683.001   790416.003   790592.001
  1770:   790643.003   791092.005   791167.009   794984.005   795091.009
  1775:   795216.005   795357.009   795915.001   796047.003   796073.001
  1780:   796173.003   796185.001   797721.003   798757.005   798801.009
  1785:   800105.005   800134.009   800858.001   801091.003   803076.005
  1790:   803104.009   803528.005   803980.009   804200.001   804380.003
  1795:   804547.001   804732.003   804804.001   804891.003   805223.001
  1800:   805312.003   805331.001   805637.003   805692.001   806673.003
  1805:   808528.005   808666.009   810279.001   811434.003   814041.001
  1810:   815509.003   816020.001   816104.003   817200.005   817389.009
  1815:   817877.005   818581.009   818591.005   818595.009   820571.001
  1820:   820592.003   820619.001   820730.003   820754.001   820767.003
  1825:   820772.001   822381.003   822422.005   822429.001   822539.009
  1830:   822592.003   822969.005   823055.009   823181.005   823291.009
  1835:   823446.001   825195.003   826646.001   826732.003   826745.001
  1840:   826780.003   826795.001   826890.003   826912.001   827024.003
  1845:   827038.001   828432.003   828957.005   829111.009   839069.001
  1850:   839130.003   839293.001   839502.003   839521.001   840007.003
  1855:   840067.001   840103.003   840383.005   840388.009   840656.001
  1860:   840917.003   840932.001   841950.003   844120.001   844190.003
  1865:   844206.001   844227.003   844264.001   844330.003   844347.001
  1870:   846205.018   846790.003   846796.016   846846.026   846985.005
  1875:   847521.009   850816.001   851835.003   854415.001   854450.003
  1880:   854469.001   855495.003   857678.001   857783.003   857805.001
  1885:   858026.003   858049.001   858875.003   872339.001   873720.003
  1890:   875177.001   875201.003   876209.001   876343.003   876362.001
  1895:   876447.003   876463.001   877298.003   877338.001   878044.003
  1900:   878112.005   878113.001   878390.003   878613.009   878647.005
  1905:   878650.009   878949.001   879028.003   879084.001   880942.018
  1910:   881162.003   881168.016   881218.026   881347.005   881890.009
  1915:   881913.005   882001.009   894043.005   894131.009   894152.005
  1920:   894574.009   895560.001   896486.003   896577.001   896654.003
  1925:   898740.001   898991.003   899007.001   900398.003   900901.001
  1930:   901101.003   901515.001   901675.003   901687.001   902868.003
  1935:   902894.001   903074.003   903435.001   903592.003   903705.005
  1940:   903777.009   904140.005   904190.009   908553.005   909255.009
  1945:   909849.001   910016.003   910128.001   911491.003   919290.005
  1950:   919433.009   919812.001   919984.003   920270.001   920553.003
  1955:   920593.001   921914.003   923514.001   923606.003   923617.001
  1960:   925475.018   927627.003   927633.016   927683.026   927803.005
  1965:   928244.009   930395.001   931389.003   931411.001   933269.018
  1970:   934762.003   934768.016   934818.026   934924.005   935861.009
  1975:   938718.001   938919.003   938933.001   940791.018   941396.003
  1980:   941402.016   941452.026   941487.005   942202.009   943642.005
  1985:   943692.009   944435.001   946293.018   947386.003   947392.016
  1990:   947442.026   947475.005   948529.009   950222.001   950325.003
  1995:   950351.001   952209.018   953644.003   953650.016   953700.026
  2000:   953861.005   954681.009   955994.001   957755.003   957836.005
  2005:   957844.001   957975.009   958016.003   959070.001   959229.003
  2010:   959940.005   960157.009   961804.005   961826.009   961859.005
  2015:   961953.009   962156.001   963963.003   965864.001   967273.003
  2020:   967296.001   967483.003   971699.001   971912.003   972145.001
  2025:   972274.003   972283.001   973640.003   973673.001   973853.003
  2030:   974104.001   974155.003   976826.005   977538.009   977772.001
  2035:   979630.018   981012.003   981018.016   981068.026   981270.005
  2040:   981981.009   982017.005   982118.009   983008.005   983453.009
  2045:   983475.005   983489.009   983877.001   983938.003   983954.001
  2050:   983982.003   984014.001   984940.003   986210.005   986249.009
  2055:   987023.001   988881.018   990631.003   990637.016   990687.026
  2060:   990709.001   990710.005   990756.003   991391.009   993715.005
  2065:   993758.009   993794.005   993957.009   994268.001   994335.003
  2070:   994384.001   995203.003   998516.001   998631.003   998653.001
  2075:  1000458.003  1000580.001  1000721.003  1001989.001  1002193.003
  2080:  1002206.001  1004064.018  1004105.003  1004111.016  1004161.026
  2085:  1004251.005  1004636.009  1004726.005  1005010.009  1005620.005
  2090:  1005675.009  1006083.005  1006130.009  1007861.001  1007997.003
  2095:  1008025.001  1009047.003  1011492.001  1011609.003  1011627.001
  2100:  1011739.003  1011762.001  1013081.003  1015794.001  1015920.003
  2105:  1015954.001  1017101.003  1018590.001  1018697.003  1018710.001
  2110:  1020425.003  1022232.005  1022597.009  1022861.001  1023261.003
  2115:  1023273.001  1024370.003  1025052.001  1026910.018  1026967.003
  2120:  1026973.016  1027023.026  1027151.005  1027740.009  1029061.001
  2125:  1030319.003  1034674.001  1034704.003  1035263.001  1035331.003
  2130:  1035354.001  1035390.003  1035413.001  1035499.003  1035510.001
  2135:  1036966.003  1037170.001  1037195.003  1037623.001  1037649.003
  2140:  1039092.001  1039147.003  1039155.001  1039290.003  1039309.001
  2145:  1039437.003  1039499.001  1040392.003  1041598.001  1042229.003
  2150:  1042237.001  1043621.003  1045551.001  1045562.003  1045576.001
  2155:  1045592.003  1045619.001  1047477.018  1047505.003  1047511.016
  2160:  1047561.026  1047622.005  1048163.009  1048169.005  1048234.009
  2165:  1048246.005  1048436.009  1049861.001  1049960.003  1049980.001
  2170:  1050769.003  1050918.001  1052395.003  1053629.001  1053871.003
  2175:  1053879.001  1053993.003  1054009.001  1054893.003  1055177.001
  2180:  1055217.003  1055747.001  1055798.003  1056786.001  1056999.003
  2185:  1057863.001  1057951.003  1057970.001  1058002.003  1058018.001
  2190:  1058094.003  1058109.001  1059247.003  1059272.001  1060848.003
  2195:  1069211.005  1069236.009  1069260.005  1069468.009  1070392.001
  2200:  1072250.018  1072966.003  1072972.016  1073022.026  1073156.005
  2205:  1073997.009  1074137.005  1074293.009  1074510.001  1075478.003
  2210:  1077646.001  1077828.003  1077849.001  1078926.003  1081290.005
  2215:  1081318.009  1082000.005  1082061.009  1082272.001  1083917.003
  2220:  1085947.001  1086051.003  1086096.001  1087954.018  1088051.003
  2225:  1088057.016  1088107.026  1088310.005  1089107.009  1089850.001
  2230:  1089892.003  1089935.001  1090940.003  1093624.001  1093728.003
  2235:  1093742.001  1095037.003  1099755.005  1100062.009  1100378.001
  2240:  1100455.003  1100497.001  1102355.018  1103401.003  1103407.016
  2245:  1103457.026  1103537.005  1103595.001  1103824.003  1104454.009
  2250:  1104490.005  1104603.009  1106536.001  1108394.018  1108534.003
  2255:  1108540.016  1108590.026  1108636.005  1109364.009  1109878.001
  2260:  1111049.003  1113984.001  1115175.003  1116020.001  1117460.003
  2265:  1119686.001  1119739.003  1120056.001  1121914.018  1121971.003
  2270:  1121977.016  1122027.026  1122234.005  1122910.009  1123083.005
  2275:  1123144.009  1123489.001  1125347.018  1125438.003  1125444.016
  2280:  1125494.026  1125696.005  1126401.009  1126477.005  1126539.009
  2285:  1129549.001  1131407.018  1131905.003  1131911.016  1131961.026
  2290:  1131963.017  1132031.005  1132695.009  1133043.001  1133283.003
  2295:  1133312.001  1133551.003  1136619.005  1136720.009  1137437.001
  2300:  1137641.003  1137717.001  1137738.003  1140106.001  1142336.018
  2305:  1142784.003  1142790.016  1142840.026  1142855.005  1142858.001
  2310:  1142951.003  1143457.009  1146356.001  1148056.003  1152055.001
  2315:  1152142.003  1152215.001  1153934.003  1154038.001  1154439.003
  2320:  1155446.005  1155797.009  1156506.001  1158128.003  1164895.001
  2325:  1164961.003  1165057.001  1165202.003  1165248.001  1165312.003
  2330:  1165343.001  1165642.003  1165689.001  1165710.003  1165745.001
  2335:  1165755.003  1165813.001  1168043.018  1170913.003  1170919.016
  2340:  1170969.026  1170982.001  1171052.003  1171067.005  1171561.009
  2345:  1174245.005  1175012.009  1175336.001  1175415.003  1175605.001
  2350:  1176507.003  1176803.005  1176872.009  1177675.001  1177707.003
  2355:  1177982.001  1178453.005  1178461.009  1178510.003  1178649.001
  2360:  1178672.003  1179162.001  1179659.003  1179970.001  1182200.018
  2365:  1183331.003  1183337.016  1183387.026  1183455.005  1184103.009
  2370:  1186387.005  1186464.009  1186777.001  1187754.003  1191916.001
  2375:  1192014.003  1192028.001  1194258.018  1196193.003  1196199.016
  2380:  1196249.026  1196415.005  1196955.009  1204120.001  1206350.018
  2385:  1206372.005  1206445.009  1208121.003  1208127.016  1208150.001
  2390:  1208164.003  1208177.026  1208184.001  1208402.003  1208518.005
  2395:  1209304.009  1209550.001  1210458.003  1213247.001  1214483.003
  2400:  1216368.005  1216494.009  1216892.001  1218849.003  1220824.001
  2405:  1221969.003  1224239.001  1224306.003  1224367.001  1225543.003
  2410:  1230104.005  1230231.009  1230843.001  1231116.003  1231215.001
  2415:  1232445.003  1232836.001  1232999.003  1234436.005  1234640.009
  2420:  1234810.001  1234924.003  1235002.001  1237232.018  1239924.003
  2425:  1239930.016  1239980.026  1240051.005  1240074.001  1240347.003
  2430:  1240795.009  1242357.001  1242408.003  1242460.001  1243511.003
  2435:  1246884.001  1246974.003  1246998.001  1249228.018  1249268.003
  2440:  1249274.016  1249324.026  1249502.005  1250190.009  1251493.001
  2445:  1253275.003  1255613.005  1255661.001  1255963.009  1256009.003
  2450:  1256903.005  1256947.009  1257210.001  1257797.003  1257820.001
  2455:  1258021.003  1258076.001  1258508.003  1259973.001  1261385.003
  2460:  1263649.001  1263669.003  1263770.001  1265147.003  1267659.001
  2465:  1267725.003  1267831.001  1268767.003  1269856.005  1269865.009
  2470:  1272288.005  1273095.009  1273589.001  1273684.003  1274058.001
  2475:  1275382.003  1277900.005  1277914.009  1277924.005  1278133.009
  2480:  1278677.001  1278744.003  1278799.001  1278911.003  1278949.001
  2485:  1280407.003  1283808.005  1284189.009  1284474.001  1284676.003
  2490:  1284688.001  1285700.003  1286804.001  1286931.003  1286950.001
  2495:  1288349.003  1290699.001  1290847.003  1290914.001  1291111.003
  2500:  1291122.001  1292278.003  1292985.005  1293075.009  1293098.005
  2505:  1293426.009  1294262.005  1294282.009  1294920.001  1297150.018
  2510:  1298110.003  1298116.016  1298166.026  1298313.005  1299301.009
  2515:  1299992.001  1300728.003  1302228.005  1302244.009  1303076.005
  2520:  1303112.009  1304012.001  1306242.018  1306836.003  1306842.016
  2525:  1306892.026  1306939.005  1306947.001  1307064.003  1307507.009
  2530:  1307513.005  1307531.009  1308842.001  1310864.003  1311125.001
  2535:  1311381.003  1311443.005  1311944.009  1313259.001  1314626.003
  2540:  1317390.001  1317476.003  1317543.001  1318994.003  1319021.001
  2545:  1320838.003  1321323.005  1321344.009  1325065.005  1325725.009
  2550:  1326544.001  1328524.003  1334244.005  1334459.009  1335087.001
  2555:  1335214.003  1335306.001  1336899.003  1340664.001  1341615.003
  2560:  1343415.001  1343501.003  1343523.001  1343554.003  1343574.001
  2565:  1343687.003  1343709.001  1345939.018  1346193.003  1346199.016
  2570:  1346249.026  1346431.005  1346939.009  1347020.005  1347213.009
  2575:  1349336.001  1349430.003  1349464.001  1349588.003  1349611.001
  2580:  1350823.003  1354226.001  1354383.003  1354421.001  1355891.003
  2585:  1356615.005  1356655.009  1356666.005  1358136.009  1358289.005
  2590:  1358446.009  1359001.001  1359470.003  1359786.001  1359899.003
  2595:  1359975.001  1360444.003  1360519.001  1361390.003  1363509.005
  2600:  1363674.009  1364574.001  1366210.003  1368580.001  1370810.018
  2605:  1373130.003  1373136.016  1373186.026  1373347.005  1374237.009
  2610:  1375901.001  1375933.003  1375970.001  1378200.018  1379030.003
  2615:  1379036.016  1379086.026  1379208.005  1379631.009  1379669.005
  2620:  1379860.009  1380413.005  1380462.009  1381049.005  1381134.009
  2625:  1383392.001  1384127.003  1384152.001  1385052.003  1388692.005
  2630:  1388801.009  1390755.005  1390981.009  1392269.001  1392405.003
  2635:  1393513.001  1395565.003  1395987.005  1396249.009  1396330.005
  2640:  1396439.009  1397267.001  1398269.003  1400666.005  1400674.009
  2645:  1401085.005  1401168.009  1403661.005  1404578.009  1405291.001
  2650:  1405372.003  1405419.001  1405502.003  1405543.001  1405743.003
  2655:  1405776.001  1408006.018  1408425.003  1408431.016  1408456.001
  2660:  1408481.026  1408512.005  1408518.003  1409579.009  1410037.001
  2665:  1411499.003  1417586.001  1419816.018  1420922.003  1420928.016
  2670:  1420978.026  1421013.005  1421734.009  1424105.005  1424157.009
  2675:  1424774.001  1425049.003  1425116.001  1425259.003  1425755.005
  2680:  1425775.009  1427621.005  1427873.009  1428106.001  1430336.018
  2685:  1430485.003  1430491.016  1430541.026  1430611.005  1431140.009
  2690:  1431178.005  1431238.009  1433457.005  1433658.009  1433665.005
  2695:  1433676.009  1433959.001  1435677.003  1440785.005  1440812.009
  2700:  1442470.001  1444700.018  1444949.003  1444955.016  1445005.026
  2705:  1445143.005  1445610.009  1445731.005  1445790.009  1446848.001
  2710:  1448696.003  1451848.001  1454078.018  1455727.003  1455733.016
  2715:  1455783.026  1455973.005  1456554.009  1456582.005  1456589.009
  2720:  1456592.005  1457669.009  1458297.001  1458567.003  1461378.005
  2725:  1461674.009  1462923.001  1464599.003  1468419.005  1468421.009
  2730:  1468454.005  1468662.009  1469054.001  1469270.003  1469308.001
  2735:  1470746.003  1470822.001  1470945.003  1473637.001  1473774.003
  2740:  1475917.001  1478147.018  1479582.003  1479588.016  1479638.001
  2745:  1479638.026  1479655.005  1479887.003  1480209.009  1481101.005
  2750:  1481210.009  1481611.001  1481944.003  1481975.001  1482042.003
  2755:  1482091.001  1482334.003  1482644.001  1483224.003  1483427.001
  2760:  1483611.003  1483975.005  1484039.009  1485495.001  1487620.003
  2765:  1490879.001  1491043.003  1491091.001  1491220.003  1491235.001
  2770:  1491761.003  1494219.005  1494569.009  1495299.001  1495939.003
  2775:  1495988.001  1498218.018
B:
     0:        0.000      861.000        0.000      860.000        0.000
     5:      367.000        0.000        0.000        0.000      367.000
    10:        0.000        1.000        0.000        1.000        0.000
    15:        0.000      105.000        4.000      106.000        0.000
    20:        0.000        0.000        0.000        0.000        0.000
    25:        0.000      105.000        0.000        0.000        0.000
    30:        0.000
D:
     0: 10701022.000 10697005.000 10696956.000
E:
     0:     1075.000     2229.120
T:
     0:        0.000        0.000        0.000        0.000
W:
     0:        2.000        0.000        0.000
