File: C:\MED-PC IV\Data\Reyes\AY\AY1054.999


Start Date: 10/01/24
End Date: 10/01/24
Subject: 54
Experiment: AY
Group: PERC
Box: 4
Start Time: 13:58:22
End Time: 14:48:22
MSN: DRRD_perc
C:       0.000
F:       0.000
G:       0.000
H:       0.000
I:       0.000
J:       0.000
K:    5157.000
L:       0.000
M:       0.000
N:       0.000
O:       0.000
Q:    1532.050
S:    1008.853
U:    7901.000
V:       0.000
X:       0.000
Y:    1701.000
Z:       0.000
A:
     0:     1041.005     1115.009    10737.005    11327.009    11407.005
     5:    11887.009    15000.013    15000.011    15188.001    15406.003
    10:    15435.001    16382.003    16506.005    16655.009    16956.001
    15:    17036.003    17091.001    18162.003    19626.001    21441.003
    20:    22460.001    22479.003    22500.001    24371.003    25027.001
    25:    27606.018    27885.003    27891.016    27941.026    28023.005
    30:    30591.009    30791.005    31898.009    32819.001    33803.003
    35:    34476.005    34560.009    34573.005    34576.009    34797.005
    40:    35052.009    35078.005    35150.009    35805.001    36032.003
    45:    36047.001    37438.003    37957.001    38884.003    38908.001
    50:    39948.003    40654.005    40784.009    41270.001    42016.003
    55:    42067.001    42877.003    42922.001    44040.003    44783.001
    60:    46151.003    46352.001    47551.003    48317.001    48391.003
    65:    48414.001    49484.003    49529.001    50600.003    51319.001
    70:    51427.003    51578.005    52399.009    52444.005    52524.009
    75:    54440.001    54460.003    54581.001    56392.003    57401.001
    80:    57603.003    57736.001    60247.003    60721.005    61339.009
    85:    62008.001    62295.003    65149.001    65200.003    65220.001
    90:    65264.003    69238.005    69778.009    73479.005    73490.009
    95:    73501.005    73636.009    73804.005    74530.009    75366.001
   100:    75846.003    75878.001    77507.003    77961.005    77966.009
   105:    78306.001    80276.003    81313.001    81779.003    81792.001
   110:    83355.003    83387.001    84301.003    85559.005    85578.009
   115:    85593.005    85727.009    87258.001    87961.003    88745.001
   120:    89268.003    89914.001    90756.003    90840.001    92937.003
   125:    94156.001    94388.003    98117.005    98670.009    98734.005
   130:    98738.009    98995.005    99222.009    99922.001   102321.003
   135:   103064.005   103222.009   120181.005   120755.009   121563.001
   140:   122357.003   122373.001   124051.003   125110.001   125337.003
   145:   125422.001   125546.003   125611.001   126033.003   126518.005
   150:   126597.009   126760.005   126783.009   127647.001   130226.018
   155:   130303.003   130309.016   130359.026   130467.005   132133.009
   160:   132160.005   133212.009   136431.005   137159.009   137326.005
   165:   137533.009   137538.005   137985.009   139419.001   139488.003
   170:   139769.001   139851.003   139889.001   142399.003   143220.005
   175:   143667.009   144484.001   144509.003   144525.001   147104.018
   180:   147117.003   147123.016   147173.026   147245.005   149780.009
   185:   151488.001   151653.003   151751.001   153894.003   154768.005
   190:   154846.009   155157.001   155249.003   155309.001   156271.003
   195:   156290.001   156579.003   158591.001   160073.003   160516.005
   200:   160991.009   166806.005   166983.009   167849.005   168259.009
   205:   169085.001   170701.003   171757.001   171814.003   171855.001
   210:   171917.003   171975.001   172107.003   172124.001   173684.003
   215:   176156.005   176288.009   176427.005   176629.009   177024.005
   220:   177098.009   177211.005   178984.009   187172.005   187693.009
   225:   188544.001   188600.003   188659.001   188878.003   188912.001
   230:   190478.003   191102.005   191207.009   191639.005   191764.009
   235:   192199.001   192267.003   192463.001   194399.003   195822.001
   240:   197881.003   198691.005   198805.009   199305.001   201763.003
   245:   202950.001   205529.018   205543.003   205549.016   205599.026
   250:   205660.005   207272.009   208160.001   208391.003   208455.001
   255:   209086.003   209100.001   210719.003   210767.001   211045.003
   260:   212101.005   212278.009   212365.005   212829.009   212899.005
   265:   217182.009   219070.001   221347.003   224506.001   226068.003
   270:   229602.005   230359.009   230361.005   230368.009   230520.005
   275:   230720.009   230777.005   230795.009   230842.005   231540.009
   280:   231553.005   231715.009   231894.005   232056.009   232122.005
   285:   232234.009   232261.005   232709.009   233710.001   233967.003
   290:   234114.001   234587.003   234625.001   234971.003   234985.001
   295:   236245.003   239895.001   240029.003   240155.001   240272.003
   300:   240330.001   240448.003   240478.001   242066.003   243092.005
   305:   243215.009   243787.001   243869.003   243927.001   245822.003
   310:   246791.005   246882.009   249849.005   250110.009   250499.001
   315:   250739.003   250791.001   253091.003   254006.001   256109.003
   320:   257308.001   258183.003   259444.001   261911.003   267106.001
   325:   267180.003   267229.001   269041.003   270454.005   270560.009
   330:   271042.001   271152.003   271169.001   271244.003   271289.001
   335:   271366.003   271404.001   273098.003   273131.001   274581.003
   340:   275657.001   277234.003   279058.001   279129.003   280084.005
   345:   280436.009   280618.005   280829.009   282005.001   284584.018
   350:   285506.003   285512.016   285562.026   285633.005   287634.009
   355:   288448.005   288527.009   289006.001   291203.003   292455.005
   360:   292493.009   292504.005   294677.009   298427.001   300475.003
   365:   300522.001   301449.003   302018.001   304524.003   305187.001
   370:   305464.003   305505.001   307125.003   310906.005   311110.009
   375:   311987.001   312040.003   312074.001   312543.003   312759.001
   380:   314603.003   315454.005   315669.009   315673.005   316012.009
   385:   316605.001   319184.018   319347.003   319353.016   319403.026
   390:   319487.005   320058.009   320062.005   320071.009   320123.005
   395:   320919.009   320947.005   320977.009   322078.001   322183.003
   400:   322262.001   324157.003   324201.001   324481.003   326496.001
   405:   328010.003   331672.005   331702.009   331727.005   332291.009
   410:   332317.005   332325.009   334333.001   334563.003   334587.001
   415:   337119.003   341204.001   341450.003   341466.001   342889.003
   420:   345122.001   346176.003   346195.001   347146.003   348263.005
   425:   348364.009   348888.001   349125.003   349205.001   351143.003
   430:   352142.005   352284.009   356093.005   356198.009   356471.005
   435:   356478.009   356483.005   356809.009   357775.001   357822.003
   440:   357835.001   360214.003   360408.005   360650.009   361309.001
   445:   363216.003   364427.001   364560.003   364584.001   366133.003
   450:   366285.005   366857.009   368419.001   368706.003   368758.001
   455:   370511.003   372913.001   373405.003   373617.001   374113.003
   460:   374141.001   375989.003   377193.005   377667.009   402814.005
   465:   403445.009   404541.001   404615.003   404694.001   407273.018
   470:   407722.003   407728.016   407778.026   407854.005   409176.009
   475:   410838.001   411087.003   411141.001   413305.003   414280.005
   480:   415105.009   415288.005   415755.009   416875.001   416974.003
   485:   417016.001   419595.018   419764.003   419770.016   419820.026
   490:   419912.005   421340.009   421366.005   421431.009   421507.005
   495:   421555.009   422538.001   422639.003   422706.001   422803.003
   500:   422860.001   424521.003   426198.001   426420.003   426481.001
   505:   426869.003   426885.001   427242.003   427264.001   428084.003
   510:   429036.005   429061.009   431435.005   432028.009   432766.001
   515:   435164.003   437973.005   438083.009   438148.005   438836.009
   520:   439784.001   442191.003   442230.001   443061.003   444363.001
   525:   444980.003   445007.001   447232.003   448451.001   450775.003
   530:   450828.001   450855.003   451449.005   451838.009   454678.001
   535:   457257.018   457985.003   457991.016   458041.026   458126.005
   540:   459716.009   460863.001   463402.003   465105.001   465149.003
   545:   465176.001   465261.003   465311.001   467317.003   468685.001
   550:   470910.003   472600.001   472669.003   472700.001   474576.003
   555:   476044.005   476142.009   476604.001   478577.003   480136.001
   560:   481598.003   482769.005   482949.009   486805.005   486969.009
   565:   487757.001   489313.003   489376.001   489559.003   489594.001
   570:   490540.003   491679.001   492535.003   492582.001   494064.003
   575:   496071.005   496143.009   496225.005   496339.009   496345.005
   580:   496606.009   497606.005   498569.009   499325.001   501904.018
   585:   501927.003   501933.016   501983.026   502102.005   503429.009
   590:   503447.005   503463.009   503488.005   503524.009   505114.001
   595:   507693.018   507710.003   507716.016   507766.026   507885.005
   600:   508870.009   508884.005   509041.009   509043.005   509161.009
   605:   509960.001   511987.003   513131.005   513154.009   513162.005
   610:   513201.009   513261.005   513269.009   513307.005   513338.009
   615:   513378.005   513524.009   516563.005   516740.009   516766.005
   620:   517017.009   517492.001   518727.003   518790.001   520400.003
   625:   520521.001   521151.003   522731.001   522765.003   522798.001
   630:   522865.003   522896.001   523386.003   523404.001   524620.003
   635:   526148.001   526405.003   526440.001   526682.003   526711.001
   640:   528041.003   530049.001   531676.003   531695.001   532338.003
   645:   534945.005   535654.009   537398.001   539576.003   540312.001
   650:   542383.003   545682.005   545900.009   546353.001   546749.003
   655:   546819.001   548910.003   550617.001   552489.003   553113.001
   660:   554323.003   554500.001   555628.003   558083.005   558150.009
   665:   558600.001   560959.003   562451.005   562836.009   563989.001
   670:   566439.003   568131.001   570373.003   588893.001   589202.003
   675:   589271.001   589570.003   590629.005   590708.009   595021.005
   680:   595659.009   596851.001   597488.003   597542.001   599070.003
   685:   599684.001   599749.003   599815.001   601697.003   603025.001
   690:   604963.003   605011.001   605143.003   605790.005   607349.009
   695:   611671.005   612593.009   613018.001   614959.003   615031.001
   700:   615196.003   615221.001   615814.003   615853.001   616567.003
   705:   618253.001   618547.003   619142.001   619291.003   619331.001
   710:   619438.003   619457.001   622036.018   622442.003   622448.016
   715:   622498.026   622590.005   624045.009   624111.005   624129.009
   720:   624156.005   624303.009   625708.001   625963.003   626033.001
   725:   627898.003   629201.001   631703.003   632958.005   633111.009
   730:   633860.001   636439.018   636571.003   636577.016   636627.026
   735:   636737.005   637982.009   639261.001   641438.003   641597.001
   740:   642148.003   643301.005   643381.009   644346.001   644602.003
   745:   644620.001   646590.003   647039.001   648382.003   649848.005
   750:   649921.009   650757.001   653336.018   654100.003   654106.016
   755:   654156.026   654286.005   658281.009   661645.005   661681.009
   760:   664719.001   665011.003   665082.001   665159.003   665247.001
   765:   665692.003   665773.001   665830.003   665873.001   666242.003
   770:   666267.001   666435.003   666517.001   667622.003   669337.001
   775:   671368.003   673994.005   676955.009   678678.001   678854.003
   780:   678890.001   680735.003   682266.001   684845.018   685279.003
   785:   685285.016   685335.026   685423.005   686699.009   688133.001
   790:   688368.003   688454.001   690661.003   692273.001   694434.003
   795:   700337.005   701304.009   701308.005   701366.009   701381.005
   800:   701681.009   701773.005   702290.009   702871.001   703711.003
   805:   703731.001   705460.003   706789.001   707796.003   708335.001
   810:   709460.003   709528.001   710415.003   711843.001   713233.003
   815:   713294.001   713521.003   714838.001   714940.003   714996.001
   820:   716550.003   718407.001   720986.018   721027.003   721033.016
   825:   721083.026   721179.005   722189.009   723864.001   726346.003
   830:   728160.005   728213.009   728676.001   728785.003   728908.001
   835:   731487.018   731595.003   731601.016   731651.026   731786.005
   840:   733178.009   733947.001   734011.003   734082.001   736456.003
   845:   738377.001   740788.003   752947.005   753127.009   753972.001
   850:   754094.003   754130.001   754518.003   754540.001   756260.003
   855:   757170.001   759325.003   760704.001   760751.003   760769.001
   860:   763348.018   763502.003   763508.016   763558.026   763628.005
   865:   764407.009   764608.005   764632.009   768427.005   768608.009
   870:   769128.001   769536.003   769599.001   770350.003   770442.001
   875:   772302.003   772946.001   773235.003   773268.001   775209.003
   880:   776829.001   777094.003   777138.001   778226.003   778495.001
   885:   779533.003   780655.001   780815.003   780889.001   781454.003
   890:   781485.001   782705.003   785327.001   785809.003   785874.001
   895:   786388.003   786470.001   787586.003   788280.005   788910.009
   900:   794048.005   794353.009   794697.001   795252.003   795353.001
   905:   795900.003   795962.001   797820.003   798814.001   799164.003
   910:   799180.001   799381.003   799411.001   800986.003   802070.001
   915:   802163.003   802226.001   802454.003   802481.001   803638.003
   920:   803669.001   804493.003   805862.001   805935.003   806488.005
   925:   806605.009   808079.001   810658.018   811524.003   811530.016
   930:   811580.026   811706.005   813143.009   814291.001   816870.018
   935:   817127.003   817133.016   817183.026   817268.005   819269.009
   940:   820575.001   823154.018   823667.003   823673.016   823723.026
   945:   823819.005   825114.009   825493.005   825525.009   825572.005
   950:   825719.009   826818.001   827505.003   827562.001   829618.003
   955:   831177.001   833308.003   834463.005   834566.009   835407.005
   960:   835449.009   836249.001   836337.003   836399.001   838913.003
   965:   839109.005   839557.009   840641.001   840700.003   840975.001
   970:   843070.003   847280.005   847829.009   848437.001   850414.003
   975:   851151.001   852511.003   852527.001   852751.003   852862.001
   980:   853055.003   854324.001   854422.003   854494.001   854750.003
   985:   854802.001   856560.003   857976.001   859880.003   860824.005
   990:   860893.009   868323.005   868762.009   869479.001   872058.018
   995:   872400.003   872406.016   872456.026   872459.017   872530.005
  1000:   873768.009   877561.001   878387.003   878395.017   878449.001
  1005:   879884.003   881130.001   881383.003   881411.001   883744.003
  1010:   885173.005   885214.009   885231.005   885250.009   885672.005
  1015:   885966.009   886017.005   886108.009   887724.001   887837.003
  1020:   887870.001   890537.018   891417.003   891423.016   891473.026
  1025:   891548.005   893174.009   893190.005   893240.009   895300.001
  1030:   897853.003   898331.001   900457.003   903318.001   903724.003
  1035:   903798.001   904959.003   905059.001   905351.003   905393.001
  1040:   907141.003   909158.001   909198.003   909360.001   909896.003
  1045:   909946.001   910856.003   910919.001   911893.003   913245.005
  1050:   913282.009   913297.005   913689.009   914360.001   916569.003
  1055:   918175.001   918777.003   918805.001   919589.003   919625.001
  1060:   921243.003   922408.001   924021.003   924079.001   924350.003
  1065:   931237.005   931426.009   931462.005   931618.009   932166.001
  1070:   932531.003   932652.001   933630.003   933668.001   934145.003
  1075:   934209.001   934262.003   934368.001   934437.003   934497.001
  1080:   935154.003   935194.001   935650.003   935706.001   937429.003
  1085:   938244.001   939944.003   941632.005   941893.009   945189.005
  1090:   945643.009   946067.001   947577.003   947968.001   950491.003
  1095:   951795.001   952024.003   952076.001   954394.003   955230.001
  1100:   956945.003   957984.001   959650.003   960132.001   960269.003
  1105:   960295.001   961938.003   962788.005   963295.009   966059.005
  1110:   966400.009   967681.001   969617.003   969656.001   971403.003
  1115:   977558.001   979788.003   982890.005   983255.009   985001.001
  1120:   987387.003   988658.005   988755.009   992179.005   992244.009
  1125:   992282.005   992774.009   993242.001   993846.003   993894.001
  1130:   994428.003   994441.001   994524.003   994554.001   994913.003
  1135:   994976.001   996681.003   997103.001   997157.003   997435.001
  1140:   997637.003   997646.001   998273.003  1000561.001  1000601.003
  1145:  1000868.001  1000963.003  1001055.001  1001249.003  1001279.001
  1150:  1001476.003  1001521.001  1001554.003  1001598.001  1002589.003
  1155:  1002650.001  1003002.003  1004561.001  1004598.003  1004645.001
  1160:  1004977.003  1005024.001  1005570.003  1005615.001  1005661.003
  1165:  1005729.001  1008147.003  1009073.005  1009090.009  1009106.005
  1170:  1009194.009  1012918.005  1013001.009  1013005.005  1013728.009
  1175:  1014022.005  1014027.009  1014663.001  1015406.003  1015441.001
  1180:  1015774.003  1015800.001  1017721.003  1019328.001  1019967.003
  1185:  1020997.005  1021035.009  1021065.005  1021137.009  1021293.005
  1190:  1021963.009  1022741.001  1023244.003  1023350.001  1025662.003
  1195:  1030255.005  1030586.009  1031137.001  1033804.018  1033998.003
  1200:  1034004.016  1034054.026  1034189.001  1034212.003  1034241.001
  1205:  1034248.003  1034285.005  1036299.009  1036397.005  1036436.009
  1210:  1037712.001  1037868.003  1037937.001  1037999.003  1038214.001
  1215:  1040881.018  1041425.003  1041431.016  1041481.026  1041565.005
  1220:  1043023.009  1048027.005  1048230.009  1048380.005  1048442.009
  1225:  1049054.001  1050938.003  1051317.005  1052451.009  1053844.001
  1230:  1055030.003  1055599.005  1055901.009  1056060.005  1056154.009
  1235:  1059886.001  1059964.003  1060028.001  1061522.003  1061545.001
  1240:  1062813.003  1064194.001  1064711.003  1064765.001  1066626.003
  1245:  1068348.001  1070494.003  1071616.005  1071727.009  1076812.005
  1250:  1077020.009  1078872.001  1080126.003  1081028.001  1081366.003
  1255:  1081461.001  1082294.003  1082318.001  1083047.003  1084199.001
  1260:  1084986.003  1085008.001  1085337.003  1085358.001  1085775.003
  1265:  1087822.001  1088785.003  1088809.001  1089119.003  1089155.001
  1270:  1090454.003  1091342.005  1091721.009  1091745.005  1092423.009
  1275:  1093963.001  1096630.018  1096753.003  1096759.016  1096809.026
  1280:  1096880.005  1098183.009  1099641.001  1100012.003  1100090.001
  1285:  1102722.003  1103838.001  1106439.003  1107057.001  1109193.003
  1290:  1119088.005  1119103.009  1119142.005  1119161.009  1119794.001
  1295:  1120545.003  1120657.001  1122828.003  1123489.001  1124884.003
  1300:  1126283.001  1126609.003  1126650.001  1128844.003  1129996.001
  1305:  1131023.003  1131049.001  1132911.003  1133472.001  1135153.003
  1310:  1136435.001  1139099.003  1142499.005  1142531.009  1142538.005
  1315:  1142679.009  1143180.001  1145847.018  1146969.003  1146975.016
  1320:  1147025.026  1147142.005  1148654.009  1151540.001  1153334.003
  1325:  1153483.001  1155310.003  1156874.001  1159541.018  1160258.003
  1330:  1160264.016  1160314.026  1160317.017  1160373.005  1161412.009
  1335:  1163597.001  1165583.003  1165591.017  1165594.001  1166187.003
  1340:  1166195.017  1167362.001  1168312.003  1169668.005  1169943.009
  1345:  1170053.005  1170164.009  1170234.005  1170263.009  1170458.005
  1350:  1170712.009  1170743.005  1170991.009  1171447.001  1171701.003
  1355:  1171793.001  1173563.003  1173597.001  1175068.003  1176477.001
  1360:  1176685.003  1176709.001  1178308.003  1182948.005  1183191.009
  1365:  1185674.005  1186154.009  1186958.001  1187471.003  1187503.001
  1370:  1187676.003  1187807.001  1189658.003  1191001.001  1193305.003
  1375:  1195088.001  1195281.003  1195490.001  1197501.003  1198247.001
  1380:  1201101.018  1201238.003  1201244.016  1201294.026  1201368.005
  1385:  1202046.009  1202066.005  1202115.009  1202123.005  1202781.009
  1390:  1204997.001  1206922.003  1207512.001  1209120.003  1210582.001
  1395:  1213252.003  1216411.001  1216979.003  1217058.001  1219667.003
  1400:  1220341.001  1222992.003  1223534.001  1224918.003  1225370.005
  1405:  1225381.009  1225899.005  1226120.009  1229467.005  1229583.009
  1410:  1230203.001  1233057.018  1233380.003  1233386.016  1233436.026
  1415:  1233526.005  1235344.009  1235626.005  1235668.009  1237983.001
  1420:  1240089.003  1240724.001  1243448.003  1245377.001  1248231.018
  1425:  1248578.003  1248584.016  1248634.026  1248772.005  1249997.009
  1430:  1250022.005  1250262.009  1251017.001  1251491.003  1251661.001
  1435:  1254253.003  1254261.017  1254415.005  1254846.009  1255591.001
  1440:  1258492.018  1258600.003  1258606.016  1258656.026  1258659.017
  1445:  1258735.005  1260834.009  1263041.001  1264521.003  1266243.001
  1450:  1268781.003  1268789.017  1271338.001  1272319.003  1272329.001
  1455:  1273279.003  1273326.001  1274180.003  1279568.001  1279785.003
  1460:  1279904.001  1280033.003  1280135.001  1282386.003  1285234.001
  1465:  1285629.003  1285656.001  1288271.003  1289412.001  1291488.003
  1470:  1296643.005  1296839.009  1296866.005  1296970.009  1297381.001
  1475:  1298246.003  1298298.001  1298510.003  1298535.001  1298923.003
  1480:  1299051.001  1300761.003  1302055.001  1302125.003  1302216.001
  1485:  1303128.003  1305181.001  1305288.003  1305379.001  1307267.003
  1490:  1308392.001  1310374.003  1311598.001  1311803.003  1311876.001
  1495:  1312667.003  1312720.001  1313923.003  1314114.001  1314294.003
  1500:  1315233.005  1315549.009  1319791.005  1319924.009  1319989.005
  1505:  1320224.009  1320694.001  1321695.003  1321727.001  1322353.003
  1510:  1322434.001  1324226.003  1325170.001  1328186.018  1328223.003
  1515:  1328229.016  1328279.026  1328390.005  1329494.009  1329510.005
  1520:  1329522.009  1331025.001  1331139.003  1331205.001  1333822.003
  1525:  1335567.005  1336557.009  1336587.005  1336613.009  1338113.001
  1530:  1339286.003  1339324.001  1341882.003  1343216.001  1343286.003
  1535:  1343349.001  1344660.003  1346012.001  1346470.003  1347250.001
  1540:  1349738.003  1350717.005  1351016.009  1351094.005  1351227.009
  1545:  1360514.005  1361406.009  1362684.001  1363157.003  1363204.001
  1550:  1363339.003  1363437.001  1363586.003  1363679.001  1364140.003
  1555:  1364177.001  1364646.003  1364729.001  1364988.003  1365032.001
  1560:  1365177.003  1365214.001  1365310.003  1366347.005  1367309.009
  1565:  1368415.001  1370027.003  1371627.001  1372159.003  1372343.001
  1570:  1373068.003  1373526.001  1374956.003  1377999.001  1379533.003
  1575:  1381997.001  1384602.003  1385385.001  1385628.003  1385663.001
  1580:  1387768.003  1388757.005  1388987.009  1394916.005  1395603.009
  1585:  1395935.001  1398025.003  1398886.001  1401902.018  1402029.003
  1590:  1402035.016  1402085.026  1402176.005  1403510.009  1405452.001
  1595:  1407338.003  1409036.001  1409090.003  1409167.001  1410277.003
  1600:  1413381.001  1413456.003  1413483.001  1415544.003  1416662.001
  1605:  1419163.003  1420740.001  1422768.003  1426368.005  1426770.009
  1610:  1426855.005  1426883.009  1427626.005  1427637.009  1428215.005
  1615:  1428243.009  1428464.005  1428501.009  1428540.005  1428560.009
  1620:  1428575.005  1428609.009  1431639.005  1431921.009  1432066.005
  1625:  1432616.009  1433109.001  1433728.003  1433789.001  1434075.003
  1630:  1434182.001  1434556.003  1434777.001  1436434.003  1437690.001
  1635:  1437874.003  1437911.001  1439373.003  1439419.001  1440050.003
  1640:  1440110.001  1440636.003  1441714.001  1444730.018  1444736.003
  1645:  1444742.016  1444792.026  1444891.005  1446600.009  1446836.005
  1650:  1446850.009  1446863.005  1446972.009  1448094.001  1450136.003
  1655:  1451277.001  1454274.003  1455998.005  1456807.009  1456840.005
  1660:  1456845.009  1457622.001  1457797.003  1457836.001  1460472.003
  1665:  1463484.005  1463895.009  1464517.001  1465435.003  1465454.001
  1670:  1467658.003  1469390.001  1469622.003  1469665.001  1469890.003
  1675:  1469942.001  1471355.003  1473492.001  1475468.003  1476637.005
  1680:  1476811.009  1478596.001  1479524.003  1479564.001  1480942.003
  1685:  1480973.001  1481192.003  1482301.001  1484784.003  1486087.001
  1690:  1488346.003  1489574.005  1489823.009  1490883.001  1492999.003
  1695:  1494090.001  1495041.003  1495685.001  1495733.003  1495765.001
  1700:  1498184.003
B:
     0:        0.000      529.000        0.000      529.000        0.000
     5:      264.000        0.000        0.000        0.000      264.000
    10:        0.000        1.000        0.000        1.000        0.000
    15:        0.000       35.000        8.000       35.000        0.000
    20:        0.000        0.000        0.000        0.000        0.000
    25:        0.000       35.000        0.000        0.000        0.000
    30:        0.000
D:
     0:  1506084.000  1503666.000  1506085.000
E:
     0:     2578.500     3015.350
P:
     0:        0.000      218.000      947.000       80.000     1071.000
     5:     1815.000       19.000     1871.000     2858.000      984.000
    10:      227.000     1391.000      927.000     1040.000      746.000
    15:      810.000     1118.000     1368.000     1199.000       74.000
    20:     1070.000     1071.000      108.000       20.000     1811.000
    25:      202.000     2511.000      287.000       51.000       44.000
    30:      480.000     1629.000     1970.000      466.000     1563.000
    35:      914.000      703.000      523.000      842.000     2097.000
    40:      232.000     2399.000      794.000     1678.000      227.000
    45:      124.000      422.000     2656.000       69.000       82.000
    50:     2510.000       25.000     2592.000      165.000     2143.000
    55:       92.000      962.000      289.000     1482.000     1616.000
    60:       57.000       62.000      132.000     1560.000       56.000
    65:      219.000     1566.000       68.000     1936.000     2059.000
    70:     2458.000     2593.000      231.000      631.000     1619.000
    75:      278.000     2277.000     1562.000      257.000      473.000
    80:      346.000     1260.000      134.000      117.000      118.000
    85:     1588.000       82.000     1895.000      240.000     2300.000
    90:     2103.000      875.000     2467.000       74.000     1812.000
    95:      110.000       75.000       77.000     1694.000     1450.000
   100:     1577.000       71.000     3501.000     2197.000     2048.000
   105:      927.000     2506.000      277.000     1620.000       53.000
   110:      469.000     1844.000     2742.000      105.000     1895.000
   115:      280.000     1514.000      230.000     2532.000      246.000
   120:     1423.000     1054.000      951.000      237.000     1938.000
   125:       47.000     2379.000     1907.000      133.000     1549.000
   130:      287.000     1753.000      492.000      496.000     1848.000
   135:       74.000     3028.000      249.000     2164.000       99.000
   140:     2748.000      101.000       97.000     1661.000      222.000
   145:      388.000      357.000      820.000     2398.000     2407.000
   150:      831.000      617.000     2225.000     2324.000       27.000
   155:     3307.000     2539.000       44.000       85.000     2006.000
   160:     2225.000       69.000     1876.000     1973.000     1462.000
   165:     1556.000      183.000      946.000      856.000     1482.000
   170:     2602.000     2596.000     2027.000     1235.000     1610.000
   175:      630.000       34.000       67.000      490.000     1216.000
   180:      257.000      242.000     1330.000     1627.000      643.000
   185:     2178.000     2071.000      396.000     2091.000     1872.000
   190:     1210.000     1128.000     2359.000     2450.000     2242.000
   195:      309.000      299.000      637.000     1528.000       65.000
   200:     1882.000     1938.000      132.000     1941.000      165.000
   205:      593.000      714.000      294.000      149.000      107.000
   210:     2985.000      255.000     1865.000     2502.000     2711.000
   215:     2177.000      551.000      256.000     1970.000     1343.000
   220:     3343.000      292.000       77.000      445.000       57.000
   225:      369.000      168.000     1105.000     2031.000      176.000
   230:     1845.000     3013.000      235.000     2207.000     2161.000
   235:      840.000     1729.000     1007.000     1125.000      887.000
   240:     1390.000      227.000      102.000     1554.000     2620.000
   245:     2482.000      109.000     2687.000       64.000     2374.000
   250:     2411.000      122.000      388.000     1720.000     2155.000
   255:       47.000     2733.000      408.000      751.000     1860.000
   260:      289.000     1941.000      265.000     1088.000     1038.000
   265:      160.000      565.000     1220.000      482.000      514.000
   270:     1116.000      555.000      547.000     1858.000      350.000
   275:      201.000     1575.000       93.000      228.000     1157.000
   280:      824.000       73.000     3445.000     2836.000     3092.000
   285:      687.000     2056.000     2131.000       88.000     2514.000
   290:       59.000     2095.000     1977.000     1360.000      224.000
   295:      193.000       98.000      256.000     1758.000     1904.000
   300:     2921.000      826.000     1435.000      253.000     2333.000
   305:      113.000     3547.000     2553.000     2126.000      406.000
   310:     1161.000      292.000     1748.000       40.000      536.000
   315:      910.000      974.000     2209.000      602.000      784.000
   320:     1618.000     1613.000      271.000      365.000      978.000
   325:      477.000       53.000       69.000      657.000      456.000
   330:     1723.000     1700.000     1510.000     2523.000      229.000
   335:     2318.000     1715.000     1666.000      137.000     1643.000
   340:     1936.000     1747.000     2230.000     2386.000      604.000
   345:      534.000       83.000      359.000     1705.000       54.000
   350:      202.000      627.000       40.000       95.000      194.000
   355:      197.000       33.000      991.000      352.000       37.000
   360:      332.000      546.000       46.000     2418.000      743.000
   365:      333.000     1921.000      639.000      503.000     2312.000
   370:     2861.000       23.000        7.000      156.000       62.000
   375:     3211.000     1884.000     1186.000       78.000     1494.000
   380:     1268.000      517.000     1861.000     2146.000     1254.000
   385:      338.000      833.000      729.000      787.000      329.000
   390:      417.000      963.000      310.000     1299.000     2790.000
   395:      371.000     2632.000     2601.000     2136.000      751.000
   400:     2171.000     1395.000      326.000     2194.000     1027.000
   405:     1862.000     1681.000     2664.000     3789.000     1794.000
   410:     1827.000     3384.000     1986.000      593.000      950.000
   415:      254.000     1770.000     1471.000      208.000     1599.000
   420:      513.000      173.000     1851.000     2304.000      193.000
   425:     2011.000     2991.000     1925.000     1608.000     2670.000
   430:      568.000     2609.000     2651.000     1384.000     3177.000
   435:     2106.000     2724.000     3201.000      474.000     2592.000
   440:     3009.000     1480.000     2538.000      981.000      950.000
   445:      854.000      217.000      129.000     2251.000      395.000
   450:     2615.000     2076.000      865.000      212.000      388.000
   455:     1710.000       70.000      912.000      107.000     1888.000
   460:     1982.000      205.000      791.000     1203.000      180.000
   465:     1001.000      626.000     1792.000     3053.000      114.000
   470:     2617.000     1173.000     2558.000       70.000     1311.000
   475:      458.000     2488.000      473.000      135.000      149.000
   480:      461.000      469.000      259.000      145.000       96.000
   485:     1612.000      532.000      725.000     1430.000     1534.000
   490:     2605.000      243.000     2105.000     2090.000     3143.000
   495:     1886.000       54.000     1110.000       75.000     2061.000
   500:     2501.000     2028.000      619.000      286.000      374.000
   505:     1657.000      184.000     1462.000      631.000      526.000
   510:     3022.000     2042.000     2997.000      175.000     2636.000
   515:      918.000     2204.000      232.000      225.000     1413.000
   520:     1976.000      928.000     1378.000      219.000     2483.000
   525:     2259.000     2116.000      951.000       48.000     2419.000
R:
     0:        1.000  1017783.629        0.000
T:
     0:        0.000        0.000        0.000        0.000
W:
     0:        0.000        0.000        0.000
