File: C:\MED-PC IV\Data\Reyes\AY\AY1073.999


Start Date: 10/23/24
End Date: 10/23/24
Subject: 73
Experiment: AY
Group: EXP20
Box: 5
Start Time: 13:54:04
End Time: 14:44:05
MSN: DRRD_exp_20
C:       0.000
F:       0.000
G:       0.000
H:       0.000
I:       0.000
J:       0.000
K:    7704.000
L:       0.000
M:       0.000
N:       0.000
O:       0.000
P:       0.000
Q:       0.000
R:       0.000
S:       0.000
U: 1797828.000
V:       0.000
X:       0.000
Y:    1626.000
Z:       0.000
A:
     0:     8052.005     8865.009     9391.005     9873.009    10524.005
     5:    11096.009    12929.005    13324.009    14865.005    14880.009
    10:    14889.005    15000.013    15000.011    15006.009    15214.001
    15:    15238.003    15397.001    15476.003    15509.001    15557.003
    20:    15605.001    18231.003    18435.001    20378.003    21226.001
    25:    21382.003    21875.001    22003.003    22138.001    24917.003
    30:    25341.001    25366.003    25924.005    26287.009    26805.001
    35:    26898.003    26925.001    29964.003    30700.001    30910.003
    40:    30947.001    34799.018    34809.003    34815.016    34865.026
    45:    35085.005    37308.009    37906.001    37985.003    38290.001
    50:    38418.003    38774.001    41554.003    42306.005    42699.009
    55:    43379.001    43454.003    43487.001    46307.003    46754.005
    60:    47318.009    47379.005    47418.009    47882.001    47958.003
    65:    48005.001    49209.003    49235.001    50984.003    52282.001
    70:    52334.003    52464.001    56154.003    56193.001    56361.003
    75:    57793.001    57808.003    58051.001    60738.003    60767.001
    80:    61273.003    61736.005    61941.009    61981.005    62001.009
    85:    65041.005    65200.009    66028.001    66120.003    66565.001
    90:    66580.003    66762.001    69733.003    70601.005    70765.009
    95:    71320.001    71821.003    71829.001    74693.003    74707.001
   100:    75168.003    76213.001    78967.003    79014.001    79179.003
   105:    79533.001    79563.003    80333.005    81412.009    82420.001
   110:    82509.003    82710.001    85252.003    85851.005    85946.009
   115:    86322.005    86542.009    87099.001    87119.003    87153.001
   120:    87450.003    91336.001    91345.003    91356.001    94852.003
   125:    95125.005    95136.001    95246.009    95278.005    95284.003
   130:    95483.009    95651.001    97452.003    97472.001    97930.003
   135:    97950.001    99827.003   100279.005   100606.009   101236.001
   140:   102813.003   102824.001   104537.003   104906.005   104910.009
   145:   106340.005   106783.009   109321.005   110510.009   112277.001
   150:   112403.003   112606.001   115769.003   116024.005   116042.009
   155:   116836.005   116843.009   116850.005   116917.009   117609.001
   160:   120862.003   122517.005   123156.009   124020.001   124047.003
   165:   124139.001   127991.018   128793.003   128799.016   128849.026
   170:   129011.005   129267.009   129537.005   130278.009   130280.005
   175:   130395.009   130420.005   130810.009   130995.005   131019.009
   180:   131071.005   131117.009   131897.005   132054.009   136546.005
   185:   136718.009   136742.005   136749.009   136809.005   137541.009
   190:   138182.001   138418.003   138678.001   142214.003   142539.005
   195:   142564.009   146465.001   147058.003   147078.001   149616.003
   200:   150110.005   150200.009   150527.001   150832.003   150879.001
   205:   154731.018   155199.003   155205.016   155255.026   155449.005
   210:   156009.009   156402.005   156490.009   156506.005   156886.009
   215:   156959.005   157810.009   159236.001   159416.003   159505.001
   220:   162142.003   162619.005   162809.009   163011.001   166863.018
   225:   166878.003   166884.016   166934.026   167018.005   167174.001
   230:   167391.003   167806.009   168232.005   168999.009   169037.005
   235:   169049.009   169073.005   169269.009   169761.001   170316.003
   240:   170359.001   173544.003   174278.001   174661.003   174678.001
   245:   176457.003   176471.001   177205.003   177836.005   177964.009
   250:   178155.001   178460.003   178509.001   178661.003   178711.001
   255:   182047.003   182803.005   182917.009   183620.001   183685.003
   260:   183721.001   185910.003   185925.001   187448.003   189384.005
   265:   189415.009   189432.005   189473.009   190131.001   190604.003
   270:   192927.001   193007.003   193195.001   196413.003   197148.005
   275:   197289.009   197464.001   197747.003   197776.001   200933.003
   280:   200945.001   202063.003   203713.001   203880.003   203935.001
   285:   204265.003   204314.001   206939.003   210105.005   210798.009
   290:   211473.001   215325.018   216212.003   216218.016   216268.026
   295:   216411.005   218290.009   219099.001   222468.003   222667.005
   300:   222706.009   223366.001   227218.018   227876.003   227882.016
   305:   227932.026   228126.005   231354.009   231383.005   231601.009
   310:   240278.001   240338.003   240767.001   243571.003   244339.001
   315:   247645.003   248160.005   248302.009   248501.001   248707.003
   320:   248722.001   248928.003   248996.001   249018.003   249031.001
   325:   252883.018   253131.003   253137.016   253187.026   253380.005
   330:   255955.009   255969.005   255989.009   257429.001   257546.003
   335:   257998.001   259197.003   259242.001   261474.003   261898.001
   340:   261983.003   262045.001   262138.003   262230.001   265313.003
   345:   265859.005   265864.009   266101.005   266245.009   266254.005
   350:   266345.009   266383.005   266408.009   267037.001   267129.003
   355:   267465.001   271094.003   271778.001   272430.003   272477.001
   360:   275963.003   276750.001   277829.003   277851.001   277865.003
   365:   277873.001   279994.003   280552.005   280790.009   282702.005
   370:   283162.009   283909.001   287605.003   288322.001   292174.018
   375:   292374.003   292380.016   292430.026   292606.005   292614.009
   380:   292621.005   295135.009   295158.005   296117.009   297366.001
   385:   297384.003   297437.001   301289.018   301316.003   301322.016
   390:   301372.026   301584.005   302580.009   302648.005   305033.009
   395:   305361.005   305768.009   305814.005   305833.009   307802.001
   400:   308069.003   308150.001   312002.018   312193.003   312199.016
   405:   312249.026   312447.005   312456.009   312463.005   314566.009
   410:   314676.005   317095.009   317152.005   317166.009   318493.001
   415:   318683.003   318709.001   322409.003   323944.001   324040.003
   420:   324078.001   324395.003   325293.001   329053.003   329993.001
   425:   330411.003   330430.001   332805.003   333440.005   333511.009
   430:   333680.001   334076.003   334097.001   335615.003   335639.001
   435:   338097.003   338668.005   339080.009   339758.001   340141.003
   440:   340157.001   343504.003   344053.005   344072.009   346185.001
   445:   346698.003   346709.001   349495.003   350004.005   350151.009
   450:   350164.005   350202.009   350665.001   350870.003   350966.001
   455:   351121.003   351155.001   351288.003   351304.001   354484.003
   460:   355353.001   359205.018   359520.003   359526.016   359576.026
   465:   359717.005   360935.009   360948.005   361865.009   362387.001
   470:   362872.003   362939.001   366575.003   367517.001   368978.003
   475:   368985.001   370909.003   371867.005   372286.009   372546.001
   480:   372795.003   372830.001   376682.018   377360.003   377366.016
   485:   377416.026   377559.005   378462.009   378480.005   378590.009
   490:   378639.005   378878.009   381284.001   381486.003   381796.001
   495:   385648.018   385928.003   385934.016   385984.026   386103.005
   500:   387305.009   387341.005   387853.009   388299.001   389000.003
   505:   389066.001   389226.003   389276.001   389529.003   389561.001
   510:   389772.003   389782.001   390163.003   390245.001   392060.003
   515:   393070.001   393643.003   393674.001   396858.003   397445.005
   520:   397544.009   397849.001   401230.003   401982.001   405570.003
   525:   406720.001   407134.003   407150.001   409300.003   411098.001
   530:   414950.018   415031.003   415037.016   415087.026   415287.005
   535:   417060.009   417182.005   417403.009   418026.001   418346.003
   540:   418400.001   422010.003   422971.001   423595.003   423621.001
   545:   423795.003   423842.001   424762.003   424776.001   427370.003
   550:   431622.005   431963.009   432659.001   435813.003   436598.001
   555:   436690.003   436717.001   436874.003   436917.001   440583.003
   560:   441717.001   441867.003   441901.001   442011.003   442060.001
   565:   444666.003   444673.001   445828.003   445958.001   446004.003
   570:   446798.005   447207.009   447629.001   448123.003   448167.001
   575:   451211.003   452310.001   453429.003   453457.001   453533.003
   580:   453573.001   453837.003   453851.001   457067.003   458019.005
   585:   458139.009   458214.005   458302.009   458621.001   459610.003
   590:   460663.005   460827.009   461223.001   465075.018   465824.003
   595:   465830.016   465880.026   466115.005   468774.009   469533.001
   600:   469753.003   477762.001   481341.003   481861.005   482093.009
   605:   482433.001   482610.003   482659.001   482778.003   482808.001
   610:   482853.003   482996.001   486784.003   487373.001   487781.003
   615:   487834.001   491147.003   493248.001   493285.003   493425.001
   620:   496396.003   497253.005   497579.009   497822.001   497856.003
   625:   497914.001   497989.003   498086.001   501938.018   502209.003
   630:   502215.016   502265.026   502464.005   503640.009   503651.005
   635:   504059.009   504615.001   505220.003   505275.001   508106.003
   640:   510072.001   513924.018   514495.003   514501.016   514551.026
   645:   514718.005   515739.009   515758.005   516244.009   517809.001
   650:   520256.003   520303.001   520513.003   523963.005   524165.009
   655:   524447.001   528299.018   528393.003   528399.016   528449.026
   660:   528648.005   530126.009   530233.005   530371.009   531083.001
   665:   531163.003   531532.001   531611.003   531705.001   534733.003
   670:   536328.001   536444.003   536475.001   539654.003   542589.005
   675:   543187.009   544075.001   544149.003   544243.001   544354.003
   680:   544388.001   547036.003   548220.001   551601.003   552257.005
   685:   552484.009   552554.005   552789.009   553704.001   553833.003
   690:   553867.001   554147.003   554208.001   554646.003   554659.001
   695:   557168.003   558308.001   558477.003   558500.001   562076.003
   700:   563440.005   563512.009   564475.005   564915.009   565560.001
   705:   565663.003   565706.001   566793.003   566831.001   569366.003
   710:   570277.001   570324.003   570398.001   570515.003   570650.001
   715:   573880.003   574903.005   574997.009   575257.001   575619.003
   720:   575660.001   579065.003   580156.005   580174.009   583260.005
   725:   584129.009   584577.001   584995.003   585013.001   588175.003
   730:   589101.001   592599.003   592690.001   592779.003   593545.001
   735:   593733.003   593811.001   597663.018   597844.003   597850.016
   740:   597900.026   598074.005   599295.009   599339.005   599755.009
   745:   599757.005   599785.009   600376.001   601436.003   601453.001
   750:   601747.003   601793.001   604845.003   605731.005   605744.009
   755:   606250.001   606998.003   607017.001   609738.003   609774.001
   760:   610176.003   611211.001   611607.003   611638.001   611730.003
   765:   611748.001   615148.003   615887.005   616268.009   616831.001
   770:   620683.018   621270.003   621276.016   621326.026   621494.005
   775:   622017.009   622076.005   622821.009   622923.005   623912.009
   780:   624459.001   624728.003   624822.001   625097.003   625125.001
   785:   625568.003   625590.001   628869.003   629463.001   629741.003
   790:   629772.001   633624.018   633778.003   633784.016   633834.026
   795:   634037.005   634043.009   634056.005   635161.009   635204.005
   800:   635232.009   635792.005   635921.009   636007.005   636313.009
   805:   637356.005   638235.009   639402.001   643133.003   647194.005
   810:   647760.009   647790.005   647791.009   648109.001   648289.003
   815:   648324.001   649307.003   649335.001   652994.003   654390.001
   820:   654669.003   654729.001   654877.003   657374.005   658252.009
   825:   658286.005   658294.009   659387.001   659508.003   659577.001
   830:   659920.003   659956.001   661130.003   661160.001   663829.003
   835:   664611.005   664813.009   665130.001   665234.003   665267.001
   840:   668583.003   670503.001   674355.018   675217.003   675223.016
   845:   675273.026   675478.005   675480.009   675488.005   677758.009
   850:   678412.001   678785.003   678843.001   679173.003   679191.001
   855:   680582.003   680589.001   682649.003   683756.001   683852.003
   860:   687119.001   690428.003   691221.001   695044.003   696077.001
   865:   699256.003   699962.005   699987.009   701688.005   701892.009
   870:   702367.001   703854.003   704093.001   704193.003   704240.001
   875:   704338.003   704377.001   706662.003   707462.001   707953.003
   880:   708004.001   711775.003   712476.005   712593.009   714491.001
   885:   714577.003   714617.001   718469.018   718629.003   718635.016
   890:   718685.026   718855.005   721053.009   721055.005   721878.009
   895:   721880.005   722034.009   722086.005   722174.009   722804.001
   900:   723036.003   731206.001   731291.003   731325.001   734960.003
   905:   736348.001   740200.018   740553.003   740559.016   740609.026
   910:   740773.005   742916.009   743831.001   744305.003   744346.001
   915:   745218.003   745269.001   748180.003   749077.005   749087.009
   920:   751846.005   752546.009   753008.001   753161.003   753514.001
   925:   754490.003   754577.001   755005.003   755044.001   757622.003
   930:   758533.001   758827.003   758872.001   762724.018   762870.003
   935:   762876.016   762926.026   763152.005   764395.009   764404.005
   940:   764662.009   764729.005   764825.009   765915.001   766474.003
   945:   766511.001   770226.003   773043.001   773298.003   773332.001
   950:   775302.003   775312.001   777283.003   778420.001   778605.003
   955:   778644.001   778949.003   779012.001   782809.003   784159.001
   960:   784618.003   784681.001   787832.003   788144.005   788314.009
   965:   788534.001   788569.003   788609.001   788656.003   788710.001
   970:   791244.003   791269.001   793176.003   794588.001   794603.003
   975:   794627.001   798479.018   799198.003   799204.016   799254.026
   980:   799461.005   800905.009   801040.005   801317.009   802066.005
   985:   802777.009   803626.001   804671.003   804731.001   806036.003
   990:   806060.001   809530.003   810187.005   810390.009   810665.001
   995:   812132.003   812178.001   815764.003   818151.005   818879.009
  1000:   819439.001   820409.003   820456.001   821753.003   821772.001
  1005:   822181.003   822267.001   825741.003   826829.005   827226.009
  1010:   827496.001   828034.003   828050.001   829411.003   829443.001
  1015:   832774.003   833292.005   833327.009   833693.005   833769.009
  1020:   834062.001   834570.003   834685.001   835036.003   835058.001
  1025:   837837.003   845709.005   846320.009   846713.001   847939.003
  1030:   848014.001   851162.003   852152.001   852411.003   852473.001
  1035:   855593.003   857944.005   858233.009   858671.001   859185.003
  1040:   859217.001   862767.003   864053.001   864156.003   864196.001
  1045:   867930.003   869758.005   870035.009   870525.001   870688.003
  1050:   870844.001   873419.003   873436.001   874989.003   876428.001
  1055:   876453.003   876808.001   876822.003   881207.001   881234.003
  1060:   881574.001   881687.003   882138.005   886780.009   887021.005
  1065:   887094.009   889158.005   889261.009   889325.005   889966.009
  1070:   890300.001   890411.003   890465.001   890725.003   890740.001
  1075:   893954.003   894952.001   898804.018   898833.003   898839.016
  1080:   898889.026   899051.005   899057.009   899061.005   899721.009
  1085:   899817.005   899829.009   899841.005   900044.009   900049.005
  1090:   900332.009   900374.005   900399.009   900490.005   900542.009
  1095:   900546.005   900564.009   900580.005   900708.009   901130.001
  1100:   902137.003   902175.001   905210.003   906448.001   910300.018
  1105:   910941.003   910947.016   910997.026   911172.005   912661.009
  1110:   912767.005   913645.009   914127.001   914345.003   915399.001
  1115:   915950.003   916021.001   917920.003   922805.005   924423.009
  1120:   924782.001   925441.003   925462.001   925521.003   925616.001
  1125:   928530.003   929767.001   933619.018   933740.003   933746.016
  1130:   933796.026   933993.005   934001.009   934007.005   936834.009
  1135:   940107.005   940191.009   940342.005   940354.009   940779.001
  1140:   940876.003   946037.001   946314.003   946851.001   950118.003
  1145:   951368.005   951404.009   951638.001   952402.003   952437.001
  1150:   952811.003   952838.001   952862.003   952883.001   956088.003
  1155:   956675.005   956801.009   957241.001   961093.018   961328.003
  1160:   961334.016   961384.026   961540.005   961549.009   961552.005
  1165:   962053.009   962069.005   962483.009   962555.005   962612.009
  1170:   962626.005   962636.009   962657.005   963138.009   963152.005
  1175:   963162.009   963214.005   963346.009   963871.001   964595.003
  1180:   964671.001   964891.003   964913.001   967228.003   968358.001
  1185:   971831.003   972995.001   973189.003   973209.001   976392.003
  1190:   977585.001   977958.003   977979.001   978119.003   978127.001
  1195:   980929.003   984040.005   984195.009   984283.005   984365.009
  1200:   984780.001   988463.003   989578.001   990040.003   990064.001
  1205:   993031.003   997354.005   997558.009   997568.005   997707.009
  1210:   997719.005   997736.009   997940.005   998383.009   998681.001
  1215:  1000198.003  1000237.001  1002693.003  1003477.001  1003642.003
  1220:  1003692.001  1007063.003  1007810.001  1007826.003  1007938.001
  1225:  1008828.003  1008915.001  1008988.003  1009023.001  1012156.003
  1230:  1012760.005  1013001.009  1013384.001  1013817.003  1013840.001
  1235:  1017203.003  1020247.005  1021188.009  1021974.001  1025826.018
  1240:  1025883.003  1025889.016  1025939.026  1026097.005  1027116.009
  1245:  1027206.005  1027620.009  1027623.005  1027638.009  1027669.005
  1250:  1027760.009  1027915.005  1029351.009  1030280.001  1031811.003
  1255:  1031831.001  1035258.003  1036130.001  1039963.003  1040050.001
  1260:  1040143.003  1040919.001  1044146.003  1044514.005  1044523.009
  1265:  1044586.005  1044604.009  1046994.005  1047040.009  1047129.005
  1270:  1047252.009  1049614.001  1050651.003  1050685.001  1053314.003
  1275:  1054362.001  1058214.018  1058220.003  1058226.016  1058276.026
  1280:  1058463.005  1060395.009  1060655.005  1060721.009  1061041.001
  1285:  1061408.003  1061449.001  1064604.003  1066023.001  1066785.003
  1290:  1066826.001  1069624.003  1072419.005  1072733.009  1073060.001
  1295:  1075305.003  1075350.001  1076857.003  1076902.001  1078758.003
  1300:  1079166.005  1079171.009  1080256.001  1084108.018  1085468.003
  1305:  1085474.016  1085524.026  1085734.005  1086883.009  1086900.005
  1310:  1087382.009  1087406.005  1087689.009  1088511.001  1092363.018
  1315:  1092772.003  1092778.016  1092828.026  1092982.005  1094214.009
  1320:  1095996.001  1099848.018  1100044.003  1100050.016  1100100.026
  1325:  1100102.017  1100280.005  1103179.009  1103212.005  1103241.009
  1330:  1103415.005  1103570.009  1103573.005  1103591.009  1105529.001
  1335:  1105667.003  1107589.001  1107967.003  1108023.001  1108213.003
  1340:  1108233.001  1110782.003  1112005.005  1112023.009  1112743.001
  1345:  1112888.003  1112957.001  1113049.003  1113131.001  1114031.003
  1350:  1114050.001  1116958.003  1118414.001  1121637.003  1122562.005
  1355:  1122838.009  1123543.001  1123620.003  1123912.001  1125546.003
  1360:  1125571.001  1127510.003  1128516.001  1128782.003  1128806.001
  1365:  1131703.003  1133137.001  1134159.003  1134188.001  1136849.003
  1370:  1138669.005  1139108.009  1139968.005  1140281.009  1140609.001
  1375:  1140854.003  1140918.001  1143591.003  1145265.005  1145365.009
  1380:  1145608.001  1146021.003  1146043.001  1148888.003  1153745.005
  1385:  1154388.009  1154858.001  1154938.003  1161549.001  1161865.003
  1390:  1161910.001  1165128.003  1167110.001  1167136.003  1167260.001
  1395:  1170426.003  1171468.005  1171743.009  1171965.001  1172153.003
  1400:  1172204.001  1175203.003  1176152.001  1179691.003  1180384.005
  1405:  1180647.009  1180869.001  1181072.003  1181119.001  1181271.003
  1410:  1181281.001  1184267.003  1185716.001  1185910.003  1185963.001
  1415:  1189940.003  1190473.005  1190767.009  1196893.005  1196969.009
  1420:  1197399.001  1198445.003  1198551.001  1198770.003  1198828.001
  1425:  1201701.003  1202256.005  1202598.009  1202850.001  1203005.003
  1430:  1203078.001  1206645.003  1207799.001  1207886.003  1207931.001
  1435:  1211128.003  1212337.001  1212449.003  1212469.001  1215747.003
  1440:  1216419.005  1216459.009  1217472.005  1217616.009  1217712.005
  1445:  1218316.009  1218944.001  1222707.003  1223670.001  1224087.003
  1450:  1224146.001  1224484.003  1224526.001  1227309.003  1227902.001
  1455:  1227936.003  1228237.005  1228581.009  1230006.001  1231008.003
  1460:  1231047.001  1233781.003  1234651.005  1234667.009  1235071.001
  1465:  1235277.003  1235321.001  1238163.003  1239694.001  1243000.003
  1470:  1243437.005  1243514.009  1243750.005  1243760.009  1247981.005
  1475:  1248285.009  1248804.001  1249538.003  1249576.001  1253254.003
  1480:  1254734.001  1254789.003  1254838.001  1254907.003  1254930.001
  1485:  1258101.003  1258231.005  1258458.009  1259047.005  1259626.009
  1490:  1259640.005  1259678.009  1261786.005  1261980.009  1262386.001
  1495:  1262683.003  1263003.001  1266758.003  1267553.001  1267804.003
  1500:  1267824.001  1271624.003  1272420.005  1272828.009  1278988.005
  1505:  1279183.009  1279206.005  1279265.009  1279304.005  1280539.009
  1510:  1280835.001  1280937.003  1280972.001  1284114.003  1284997.001
  1515:  1288549.003  1289322.005  1290400.009  1290418.005  1292276.009
  1520:  1298706.005  1299211.009  1299483.001  1299658.003  1299695.001
  1525:  1303773.003  1304269.005  1304294.009  1304297.005  1304327.009
  1530:  1310633.005  1310720.009  1315240.001  1315288.003  1315774.005
  1535:  1315811.009  1328861.005  1329216.009  1330159.001  1330386.003
  1540:  1330511.001  1330598.003  1330674.001  1330744.003  1330795.001
  1545:  1334025.003  1351796.005  1351816.009  1352255.005  1352368.009
  1550:  1354006.001  1354044.003  1355061.005  1356657.009  1362942.005
  1555:  1362945.009  1372482.001  1376145.003  1376665.005  1376830.009
  1560:  1380176.005  1380269.009  1380364.005  1380394.009  1380838.001
  1565:  1380950.003  1381323.001  1381380.003  1382425.001  1382528.003
  1570:  1382546.001  1385930.003  1389765.005  1389889.009  1389922.005
  1575:  1390532.009  1391883.001  1395998.003  1396935.001  1400847.003
  1580:  1405382.005  1406509.009  1407712.001  1411083.003  1414493.001
  1585:  1415625.003  1415650.001  1415944.003  1415965.001  1418543.003
  1590:  1420470.001  1420590.003  1420644.001  1420837.003  1420946.001
  1595:  1421064.003  1421102.005  1422784.009  1441971.005  1442026.009
  1600:  1442218.005  1442278.009  1442695.001  1443697.003  1453554.005
  1605:  1453645.009  1453736.005  1454733.009  1454770.005  1454805.009
  1610:  1454814.005  1454840.009  1455489.001  1457474.003  1458798.001
  1615:  1461902.003  1463311.001  1466095.003  1473864.005  1473896.009
  1620:  1474704.001  1478962.003  1494264.005  1494408.009  1494659.001
  1625:  1497711.003
B:
     0:        0.000      482.000        0.000      482.000        0.000
     5:      277.000        0.000        0.000        0.000      277.000
    10:        0.000        1.000        0.000        1.000        0.000
    15:        0.000       35.000        1.000       35.000        0.000
    20:        0.000        0.000        0.000        0.000        0.000
    25:        0.000       35.000        0.000        0.000        0.000
    30:        0.000
D:
     0:  3295538.000  3292487.000  3295539.000
E:
     0:     3852.000     4622.400
T:
     0:        0.000        0.000        0.000        0.000
W:
     0:        0.000        0.000        0.000
