File: C:\MED-PC IV\Data\Reyes\AY\AY1063.999


Start Date: 10/19/24
End Date: 10/19/24
Subject: 63
Experiment: AY
Group: LINEAR
Box: 1
Start Time: 16:01:54
End Time: 16:51:55
MSN: DRRD_lin
C:       0.000
F:       0.000
G:       0.000
H:       0.000
I:       0.000
J:       0.000
K:    3500.000
L:       0.000
M:       0.000
N:       0.000
O:       0.000
P:       0.000
Q:       0.000
R:       0.000
S:       0.000
U: 3996859.000
V:       0.000
X:       0.000
Y:    1977.000
Z:       0.000
A:
     0:     3588.005     4142.009     5077.005     5098.009     7073.005
     5:     7499.009    10216.005    10342.009    15000.013    15000.011
    10:    15821.001    16745.003    16769.001    17462.003    18033.005
    15:    18225.009    18672.001    18753.003    18786.001    18959.003
    20:    19042.001    20419.003    20784.001    22313.003    23253.001
    25:    24980.003    25154.001    25182.003    25976.001    26191.003
    30:    26240.001    27990.018    28946.003    28952.016    29002.026
    35:    29207.005    31138.009    31180.005    31329.009    32108.001
    40:    33689.003    33968.001    33998.003    34129.001    34161.003
    45:    34242.001    35992.018    36024.003    36030.016    36080.026
    50:    36317.005    37567.009    40328.005    41011.009    48028.001
    55:    48062.003    48084.001    48784.003    48864.001    49795.003
    60:    50330.005    50894.009    51115.005    51412.009    51770.001
    65:    53520.018    54146.003    54152.016    54202.026    54402.005
    70:    55394.009    55750.001    57325.003    57627.001    58928.003
    75:    58967.001    59141.003    59157.001    60885.003    61370.005
    80:    61873.009    62147.001    63897.018    64646.003    64652.016
    85:    64702.026    64919.005    66133.009    66486.001    68236.018
    90:    68616.003    68622.016    68672.026    68905.005    70364.009
    95:    70538.005    70605.009    71637.001    73387.018    73790.003
   100:    73796.016    73846.026    73848.017    74023.005    74970.009
   105:    74987.005    75002.009    75558.001    77405.003    77907.001
   110:    79907.018    80270.003    80276.016    80326.026    80515.005
   115:    81174.009    81181.005    81276.009    82002.001    82054.003
   120:    82085.001    82257.003    82276.001    84276.018    84650.003
   125:    84656.016    84706.026    84890.005    86363.009    86995.001
   130:    88644.003    89180.005    89386.009    89445.005    89467.009
   135:    90010.001    90032.003    90071.001    91737.003    92060.001
   140:    94060.018    94146.003    94152.016    94202.026    94666.005
   145:    95934.009    96220.001    98220.018    98297.003    98303.016
   150:    98353.026    98492.005    99290.009    99819.001   100501.003
   155:   100907.001   102907.018   103229.003   103235.016   103285.026
   160:   103287.001   103370.003   103496.005   104557.009   104843.005
   165:   105236.009   105650.005   105796.009   107233.001   109178.003
   170:   109504.001   111491.003   111615.001   111646.003   111859.005
   175:   112627.009   113055.001   114439.003   114577.001   114627.003
   180:   114738.001   114777.003   115000.001   116149.003   116887.001
   185:   118887.018   119139.003   119145.016   119195.026   119221.001
   190:   119260.003   119364.005   119951.009   119979.005   120175.009
   195:   120857.001   121146.003   121258.001   123258.018   123293.003
   200:   123299.016   123349.026   123595.005   124622.009   125764.001
   205:   127170.003   127429.001   129073.003   129220.001   129256.003
   210:   129697.001   130757.003   130760.001   131814.003   132162.001
   215:   132213.003   132293.001   132458.003   132498.001   133625.003
   220:   134537.001   134663.003   134692.001   136431.003   136972.001
   225:   137055.003   137060.005   137584.009   137822.001   137969.003
   230:   137997.001   138097.003   138119.001   138250.003   138307.001
   235:   139814.003   140152.001   142152.018   142473.003   142479.016
   240:   142529.026   142719.005   143884.009   144375.001   145430.003
   245:   145456.001   145558.003   145637.001   145829.003   145876.001
   250:   145972.003   146435.001   146463.003   146489.001   146862.003
   255:   147359.001   147381.003   147417.001   149417.018   149520.003
   260:   149526.016   149576.026   149781.005   150777.009   151223.001
   265:   152005.003   152035.001   152238.003   152442.001   152942.003
   270:   153029.001   154279.003   154584.001   154612.003   154835.001
   275:   154855.003   154882.001   156414.003   156769.001   156808.003
   280:   157077.001   158811.003   159396.001   159931.003   160622.001
   285:   162622.018   162646.003   162652.016   162702.026   162885.005
   290:   164083.009   164114.005   164149.009   164844.001   166523.003
   295:   167071.001   167109.003   167230.001   168729.003   168959.001
   300:   169001.003   169213.001   171213.018   171768.003   171774.016
   305:   171824.026   171830.001   172000.003   172220.005   173439.009
   310:   173477.005   173519.009   174296.001   176296.018   176401.003
   315:   176407.016   176457.026   176678.005   177633.009   178226.001
   320:   178929.003   180103.001   181614.003   181921.001   182017.003
   325:   182381.005   182647.009   184344.005   184587.009   184819.001
   330:   186819.018   188257.003   188263.016   188313.026   188457.005
   335:   189240.009   189762.001   191762.018   191778.003   191784.016
   340:   191834.026   192013.005   192529.009   193232.005   193594.009
   345:   193646.005   193669.009   193671.005   193680.009   194173.001
   350:   194225.003   194360.001   194748.003   195340.001   195433.003
   355:   195534.001   197380.003   197751.001   198345.003   198390.001
   360:   199995.003   200520.005   200836.009   201353.001   201396.003
   365:   201442.001   203442.018   204584.003   204590.016   204640.026
   370:   204859.005   205540.009   205623.005   206505.009   207196.001
   375:   209139.003   209293.001   211109.003   211407.001   211453.003
   380:   211505.001   213505.018   214060.003   214066.016   214116.026
   385:   214143.001   214209.003   214321.005   215098.009   215408.001
   390:   217408.018   217976.003   217982.016   218032.026   218216.005
   395:   219170.009   219643.001   221643.018   222978.003   222984.016
   400:   223034.026   223165.005   224188.009   224522.001   224793.003
   405:   224873.001   226873.018   226926.003   226932.016   226982.026
   410:   227553.005   228142.009   228445.005   228601.009   228891.001
   415:   229074.003   229411.001   229661.003   230201.001   230280.003
   420:   231985.001   233985.018   234281.003   234287.016   234337.026
   425:   234431.005   235396.009   252739.001   253436.003   253524.001
   430:   253666.003   253933.001   255933.018   256416.003   256422.016
   435:   256472.026   256691.005   257673.009   257699.005   257742.009
   440:   258185.001   260185.018   261171.003   261177.016   261227.026
   445:   261415.005   262277.009   262607.001   263297.003   263552.001
   450:   263598.003   263624.001   265624.018   265793.003   265799.016
   455:   265849.026   266048.005   266717.009   269553.001   269696.003
   460:   269779.001   271142.003   271506.001   273506.018   273736.003
   465:   273742.016   273792.026   273952.005   274520.009   274893.001
   470:   276893.018   277124.003   277130.016   277180.026   277411.005
   475:   278677.009   279175.001   281175.018   281290.003   281296.016
   480:   281346.026   281348.017   281501.005   282365.009   282417.005
   485:   282581.009   283100.001   284743.003   285200.005   285538.009
   490:   285971.001   286640.003   301442.005   301597.009   301881.001
   495:   304131.018   307060.003   307066.016   307116.026   307278.005
   500:   307763.009   308155.001   308288.003   308367.001   310133.003
   505:   310634.001   312884.018   312925.003   312931.016   312981.026
   510:   313205.005   314676.009   315560.001   317181.003   317426.001
   515:   319391.003   319480.001   319565.003   319760.001   321473.003
   520:   321908.001   322441.003   322529.001   322573.003   322809.001
   525:   322930.003   322979.001   324848.003   325572.001   325711.003
   530:   325759.001   327431.003   327911.001   327975.003   327998.001
   535:   328065.003   328085.001   329478.003   330259.001   332009.003
   540:   332787.001   334878.003   335219.001   335964.003   336039.001
   545:   337499.003   338222.001   338265.003   338312.001   338359.003
   550:   339079.001   339156.003   339307.005   339576.009   339809.001
   555:   341395.003   341930.005   342070.009   342326.001   342565.003
   560:   342591.001   344421.003   344665.001   344839.003   344858.001
   565:   346421.003   346952.001   347129.003   347195.001   349130.003
   570:   349263.001   349327.003   349508.001   349643.003   349741.001
   575:   350178.003   350352.001   352602.018   353007.003   353013.016
   580:   353063.026   353217.005   354067.009   354157.005   354214.009
   585:   354925.001   355191.003   355372.001   356858.003   357157.001
   590:   358510.003   358895.001   359004.003   359029.001   359081.003
   595:   359134.001   360641.003   361180.001   363430.018   363624.003
   600:   363630.016   363680.026   363924.005   365656.009   365856.005
   605:   366307.009   366331.005   367441.009   367508.005   367532.009
   610:   367554.005   368040.009   368111.005   368264.009   368399.005
   615:   368542.009   368639.005   368721.009   368830.005   368865.009
   620:   368873.005   369107.009   369355.005   369390.009   369399.005
   625:   369686.009   370024.001   370158.003   370169.001   370343.003
   630:   370435.001   371577.003   371829.001   372038.003   372168.001
   635:   373766.003   373927.001   373979.003   374104.001   374212.003
   640:   384917.005   384951.009   384960.005   385180.009   395344.005
   645:   395487.009   396177.001   397302.003   397333.001   397479.003
   650:   397684.001   398176.003   398205.001   398696.003   398741.001
   655:   400894.003   401437.001   401997.003   402057.001   402727.003
   660:   403684.001   403778.003   403811.001   404102.003   404833.001
   665:   405015.003   405120.001   405184.003   405796.001   406355.003
   670:   406393.001   408066.003   408749.001   409001.003   409034.001
   675:   411284.018   411781.003   411787.016   411837.026   412003.005
   680:   412682.009   412700.005   412720.009   412769.005   412814.009
   685:   413092.005   413283.009   413766.001   415380.003   415563.001
   690:   416938.003   417040.001   417111.003   418183.001   419830.003
   695:   420423.001   422244.003   423018.001   424863.003   424955.001
   700:   425002.003   425166.001   425204.003   425556.001   427084.003
   705:   427859.001   429977.003   430420.001   432057.003   432526.001
   710:   432603.003   434456.001   436635.003   437048.005   437500.009
   715:   438020.001   438061.003   438112.001   440002.003   440410.001
   720:   442599.003   443257.001   443284.003   443358.001   443402.003
   725:   443476.001   445537.003   446133.001   446224.003   446260.001
   730:   448017.003   448399.001   448430.003   448892.001   451142.018
   735:   451157.003   451163.016   451213.026   451408.005   451873.009
   740:   451904.005   452048.009   452151.005   452295.009   454279.005
   745:   454371.009   454643.001   455578.003   455941.001   457756.003
   750:   458238.001   458388.003   458401.001   459969.003   461204.001
   755:   462473.003   462787.001   465037.018   465309.003   465315.016
   760:   465365.026   465481.005   466561.009   466624.005   466777.009
   765:   466822.005   466994.009   467925.001   468878.003   469086.001
   770:   471336.018   471703.003   471709.016   471749.001   471759.026
   775:   471823.003   471867.005   472573.009   472593.005   472637.009
   780:   472648.005   472671.009   492072.005   492092.009   492104.005
   785:   492155.009   495507.001   495772.003   496389.001   496548.003
   790:   496673.001   498093.003   498389.001   500371.003   500665.001
   795:   500698.003   500941.001   503148.003   503556.001   503637.003
   800:   503669.001   505826.003   506278.001   506350.003   506412.001
   805:   506478.003   506504.001   506765.003   506835.001   506860.003
   810:   507183.001   508705.003   509077.001   511327.018   511418.003
   815:   511424.016   511474.026   511665.005   512219.009   512274.005
   820:   512685.009   513321.001   513400.003   513513.001   514345.003
   825:   514555.001   514775.003   514819.001   514930.003   515054.001
   830:   516533.003   517051.001   518527.003   518894.005   519307.009
   835:   519809.001   522059.018   522060.003   522066.016   522116.026
   840:   522316.005   523462.009   524090.001   525439.003   525626.001
   845:   525653.003   525953.001   526019.003   526044.001   527735.003
   850:   528066.001   528089.003   528174.001   530424.018   530440.003
   855:   530446.016   530496.026   530656.005   532235.009   532292.005
   860:   532939.009   533653.001   535903.018   536451.003   536457.016
   865:   536473.001   536507.026   536670.003   536749.005   537813.009
   870:   558954.001   559140.003   559201.001   559615.003   560351.001
   875:   560595.003   560619.001   562270.003   562725.001   562830.003
   880:   563253.001   563338.003   563446.001   563501.003   563730.001
   885:   564723.003   564812.001   565629.003   566099.001   566212.003
   890:   566257.001   567274.003   567295.001   567374.003   567513.001
   895:   567822.003   568206.001   569816.003   570089.001   570309.003
   900:   570322.001   571369.003   571567.001   573041.003   573322.001
   905:   573386.003   573423.001   575247.003   575379.001   575420.003
   910:   575649.001   575711.003   575748.001   577740.003   578427.001
   915:   578496.003   578562.001   578629.003   578659.001   579673.003
   920:   579727.001   580614.003   580691.001   580723.003   581646.001
   925:   583040.003   583100.001   583177.003   583747.001   585659.003
   930:   585757.001   585830.003   586114.001   586154.003   587784.001
   935:   587856.003   587972.001   589212.003   589677.001   591712.003
   940:   592225.001   594192.003   594648.001   596872.003   597363.001
   945:   599369.003   599516.001   599559.003   600026.001   600580.003
   950:   601737.001   603987.018   604377.003   604383.016   604433.026
   955:   604658.005   605317.009   605622.005   605732.009   607972.001
   960:   608059.003   608101.001   609829.003   610548.001   612372.003
   965:   612875.001   614726.003   615298.001   616991.003   617369.001
   970:   619184.003   619826.001   619864.003   620239.001   621302.003
   975:   622834.001   622998.003   623091.001   623500.003   623586.001
   980:   623621.003   623659.001   625909.018   626078.003   626084.016
   985:   626134.026   626251.005   627227.009   628467.001   629721.003
   990:   629777.001   629938.003   630011.001   631589.003   632105.001
   995:   633613.003   633884.001   635296.003   635596.001   636580.003
  1000:   637568.001   637594.003   637988.001   638048.003   638110.001
  1005:   640101.003   641020.001   641069.003   641099.001   643020.003
  1010:   643319.001   643356.003   643489.001   643670.003   650700.005
  1015:   651093.009   651707.001   652541.003   653452.001   653579.003
  1020:   653714.001   654686.003   654905.001   654964.003   655686.001
  1025:   657298.003   657407.001   657437.003   657673.001   659213.003
  1030:   659549.001   659581.003   659695.001   660973.003   661945.001
  1035:   662318.003   662403.001   663464.003   663886.001   664141.003
  1040:   664494.001   666186.003   666477.001   666586.003   666614.001
  1045:   667793.003   668308.001   668397.003   668446.001   669987.003
  1050:   670449.001   672699.018   672773.003   672779.016   672829.026
  1055:   672997.005   674252.009   674531.005   674754.009   681239.005
  1060:   681330.009   682275.005   682352.009   682596.005   682924.009
  1065:   683055.005   683079.009   683387.005   683678.009   684899.005
  1070:   685290.009   685292.005   685306.009   685389.005   685739.009
  1075:   692352.005   692378.009   692935.005   692956.009   693490.005
  1080:   694087.009   695356.005   695793.009   696560.005   697343.009
  1085:   697647.005   697744.009   698165.005   698688.009   699385.005
  1090:   699482.009   703181.005   703470.009   703598.005   703798.009
  1095:   704518.001   704726.003   704815.001   705211.003   705285.005
  1100:   705818.009   705913.005   705930.009   706422.005   706483.009
  1105:   706959.005   707024.009   707063.005   707074.009   707108.005
  1110:   707190.009   707227.005   707263.009   707285.005   707451.009
  1115:   707463.005   707625.009   707712.005   707733.009   707738.005
  1120:   707755.009   707845.005   708044.009   708132.005   708155.009
  1125:   708183.005   708230.009   708302.005   708953.009   708963.005
  1130:   708984.009   709269.005   709320.009   709401.005   709437.009
  1135:   709641.005   709748.009   709774.005   709850.009   709867.005
  1140:   710008.009   710824.005   710888.009   710933.005   710963.009
  1145:   711052.005   711148.009   711350.005   711398.009   711480.005
  1150:   711495.009   711503.005   711613.009   711681.005   711723.009
  1155:   712108.005   712116.009   712139.005   712664.009   713910.005
  1160:   714411.009   714561.005   714580.009   715062.005   715146.009
  1165:   715594.005   715645.009   715663.005   716085.009   716139.005
  1170:   716907.009   717010.005   717320.009   717344.005   717362.009
  1175:   721912.005   722065.009   722822.005   723099.009   724315.005
  1180:   724558.009   727921.005   727954.009   727959.005   728373.009
  1185:   728642.005   729125.009   730284.001   731244.003   731695.001
  1190:   732953.003   733240.001   733379.003   733390.001   733679.003
  1195:   733742.001   733787.003   733964.001   734095.003   734710.001
  1200:   736597.003   737650.001   739406.003   739578.001   741466.003
  1205:   741491.001   741661.003   741931.001   743756.003   744338.005
  1210:   745043.009   745161.005   745375.009   745482.005   745738.009
  1215:   746387.001   746429.003   746452.001   747848.003   748193.001
  1220:   748250.003   748510.001   748681.003   749515.001   749620.003
  1225:   749638.001   751516.003   752194.001   753125.003   753163.001
  1230:   753558.003   755244.001   757182.003   757737.001   757818.003
  1235:   757851.001   759411.003   760061.001   760113.003   760147.001
  1240:   762032.003   762550.001   763982.003   765062.001   767312.018
  1245:   767799.003   767805.016   767855.026   767915.001   767949.003
  1250:   768082.005   769600.009   770806.001   771481.003   771511.001
  1255:   773093.003   773421.001   775432.003   775765.001   775796.003
  1260:   776121.001   776257.003   776700.001   776795.003   776860.001
  1265:   778334.003   778760.001   780793.003   781165.001   783332.003
  1270:   783574.005   784280.009   784539.005   784717.009   785232.001
  1275:   786920.003   787341.001   788621.003   788951.001   789001.003
  1280:   789208.001   789265.003   789298.001   791007.003   791336.001
  1285:   791367.003   791419.001   792518.003   792541.001   793872.003
  1290:   794243.001   794707.003   795036.005   795140.009   795378.001
  1295:   797628.018   798238.003   798244.016   798294.026   798482.005
  1300:   800057.009   800684.001   801925.003   802879.001   804106.003
  1305:   804450.001   806412.003   806748.005   807309.009   808009.001
  1310:   808078.003   808127.001   809568.003   809783.001   811330.003
  1315:   811955.001   814205.018   814556.003   814562.016   814612.026
  1320:   814803.005   815315.009   815322.005   816047.009   816088.005
  1325:   816759.009   817273.005   817448.009   819704.001   821564.003
  1330:   821611.001   821952.003   821975.001   822945.003   823509.001
  1335:   823608.003   823695.001   825849.003   825963.001   826006.003
  1340:   826511.001   828442.003   828569.001   828600.003   828855.001
  1345:   829072.003   829112.001   830374.003   830648.001   830713.003
  1350:   830776.001   831538.003   831549.001   833342.003   833778.001
  1355:   835852.003   836686.001   838780.003   839250.001   839357.003
  1360:   839409.001   841128.003   841263.001   841343.003   841817.001
  1365:   843372.003   843620.001   845582.003   846319.001   847761.003
  1370:   848252.001   849994.003   851368.001   851441.003   851651.001
  1375:   851893.003   852026.001   852455.003   852769.001   852986.003
  1380:   853683.001   853708.003   853756.001   855237.003   855812.001
  1385:   857964.003   858349.001   860599.018   860840.003   860846.016
  1390:   860896.026   861055.005   862690.009   862814.005   862910.009
  1395:   864245.001   865286.003   865452.001   866694.003   867522.001
  1400:   868774.003   869343.001   869417.003   869450.005   869712.009
  1405:   870109.001   870292.003   870472.001   870597.003   870614.001
  1410:   870930.003   871007.001   872591.003   872702.001   872746.003
  1415:   873030.001   873130.003   873153.001   874895.003   875264.001
  1420:   877371.003   877498.001   877553.003   877737.001   877820.003
  1425:   878027.001   878101.003   951263.005   951283.009   951284.005
  1430:   951396.009   951397.005   951413.009   961586.005   961910.009
  1435:   962647.001   962975.003   967568.001   967891.003   968157.005
  1440:   968319.009   971205.005   971278.009   975707.005   975776.009
  1445:   980600.005   980787.009   981459.005   981564.009   985528.005
  1450:   985718.009   992000.005   992076.009   995131.005   995251.009
  1455:  1006068.005  1006084.009  1006094.005  1006371.009  1010575.005
  1460:  1010682.009  1022883.005  1022958.009  1023583.005  1023619.009
  1465:  1024241.001  1025017.003  1025447.001  1027174.003  1027804.001
  1470:  1029688.003  1029967.001  1032217.018  1032392.003  1032398.016
  1475:  1032448.026  1032626.005  1034578.009  1035303.001  1036133.003
  1480:  1036309.001  1037012.003  1037678.001  1039212.003  1039288.001
  1485:  1039345.003  1039826.001  1039922.003  1039957.001  1041291.003
  1490:  1042672.001  1044351.003  1046739.005  1047202.009  1048254.001
  1495:  1048624.003  1048654.001  1048822.003  1049552.001  1050811.003
  1500:  1051479.001  1052988.003  1053066.001  1053146.003  1053931.001
  1505:  1055603.003  1056255.001  1056351.003  1056399.001  1058570.003
  1510:  1059170.001  1059218.003  1059581.001  1061231.003  1061804.001
  1515:  1063762.003  1064263.005  1064794.009  1067994.001  1068184.003
  1520:  1068333.001  1068385.003  1068504.001  1068589.003  1068634.001
  1525:  1070741.003  1071030.001  1071159.003  1071174.001  1073406.003
  1530:  1073974.001  1074029.003  1074090.001  1075823.003  1075892.001
  1535:  1076077.003  1076379.001  1076541.003  1076716.001  1077399.003
  1540:  1077440.001  1078645.003  1078740.001  1078815.003  1079163.001
  1545:  1080813.003  1081105.001  1081131.003  1081377.001  1081412.003
  1550:  1081530.001  1083232.003  1083600.001  1083641.003  1084351.001
  1555:  1085950.003  1086732.001  1086908.003  1088147.001  1088272.003
  1560:  1088288.001  1089990.003  1090687.001  1090755.003  1090809.001
  1565:  1090863.003  1090996.001  1091247.003  1093258.001  1093588.003
  1570:  1093758.005  1093878.009  1094141.001  1094172.003  1094229.001
  1575:  1094528.003  1094607.001  1096767.003  1126994.005  1127138.009
  1580:  1129869.005  1129902.009  1130920.001  1130989.003  1131715.001
  1585:  1132774.003  1133029.001  1133057.003  1133093.001  1134594.003
  1590:  1135138.001  1136794.003  1137180.001  1137746.003  1138144.001
  1595:  1140234.003  1140533.001  1140586.003  1140772.001  1142116.003
  1600:  1142225.001  1142266.003  1143454.001  1144011.003  1144561.001
  1605:  1144801.003  1144844.001  1146490.003  1146957.001  1146993.003
  1610:  1147101.001  1147742.003  1147882.001  1149506.003  1149816.001
  1615:  1149865.003  1150739.001  1151223.003  1152381.005  1152682.009
  1620:  1152991.001  1153407.003  1153433.001  1153464.003  1153493.001
  1625:  1155742.003  1156744.001  1158010.003  1158999.001  1160563.003
  1630:  1160915.001  1160941.003  1161113.001  1161187.003  1161200.001
  1635:  1163014.003  1163561.001  1163586.003  1163750.001  1165977.003
  1640:  1166113.001  1166157.003  1166265.001  1166304.003  1166726.001
  1645:  1168373.003  1168940.001  1171063.003  1171477.001  1173727.018
  1650:  1173795.003  1173801.016  1173851.026  1174045.005  1174061.009
  1655:  1174069.005  1174539.009  1174669.005  1174684.009  1174853.005
  1660:  1177128.009  1177140.005  1177182.009  1177301.005  1177739.009
  1665:  1178953.001  1179497.003  1179968.001  1180032.003  1180046.001
  1670:  1180451.003  1181071.001  1182811.003  1182874.001  1183050.003
  1675:  1183705.001  1183771.003  1184885.001  1187035.003  1187430.001
  1680:  1189427.003  1189927.001  1190055.003  1190093.001  1192127.003
  1685:  1192674.001  1194924.018  1195061.003  1195067.016  1195117.026
  1690:  1195296.005  1197269.009  1199030.001  1200904.003  1201267.001
  1695:  1202566.003  1202951.001  1203035.003  1203051.001  1203429.003
  1700:  1203685.001  1204444.003  1205258.001  1205361.003  1205434.001
  1705:  1205710.003  1206032.001  1207099.003  1209418.001  1209483.003
  1710:  1209541.001  1210466.003  1210559.001  1210604.003  1210940.001
  1715:  1212436.003  1213262.005  1213332.009  1213348.005  1213868.009
  1720:  1214258.005  1215100.009  1234253.005  1234403.009  1235317.001
  1725:  1236723.003  1236935.001  1238637.003  1239073.001  1240234.003
  1730:  1240447.001  1240591.003  1240750.001  1242795.003  1243238.005
  1735:  1243617.009  1243891.001  1245950.003  1246771.001  1246896.003
  1740:  1246929.001  1246958.003  1246980.001  1247710.003  1247928.001
  1745:  1249325.003  1249599.001  1249618.003  1249736.001  1251674.003
  1750:  1251789.001  1251861.003  1252371.001  1252456.003  1252497.001
  1755:  1254393.003  1254722.001  1254808.003  1254844.001  1254912.003
  1760:  1254927.001  1256521.003  1256613.001  1256650.003  1257083.001
  1765:  1258705.003  1259049.001  1260180.003  1260694.005  1261093.009
  1770:  1261535.005  1261996.009  1262937.001  1264459.003  1265034.001
  1775:  1267284.018  1267527.003  1267533.016  1267583.026  1267786.005
  1780:  1269651.009  1269748.005  1269814.009  1270729.001  1271587.003
  1785:  1271852.001  1273284.003  1273451.001  1273499.003  1273946.001
  1790:  1275732.003  1276615.001  1278865.018  1279020.003  1279026.016
  1795:  1279076.026  1279312.005  1281022.009  1281035.005  1281190.009
  1800:  1281206.005  1281261.009  1281303.005  1281414.009  1282137.001
  1805:  1283207.003  1283434.001  1285052.003  1285449.005  1285519.001
  1810:  1285556.003  1285783.009  1286958.001  1287981.003  1379301.005
  1815:  1379352.009  1390978.005  1391109.009  1395331.005  1395415.009
  1820:  1397161.001  1398670.003  1399462.001  1401030.003  1401361.001
  1825:  1403072.003  1403193.001  1403222.003  1403567.001  1405162.003
  1830:  1405790.001  1408040.018  1408171.003  1408177.016  1408227.026
  1835:  1408455.005  1409764.009  1409840.005  1410033.009  1416488.005
  1840:  1416570.009  1417152.001  1417518.003  1417553.001  1417984.003
  1845:  1418164.001  1419232.003  1419328.001  1419371.003  1419518.001
  1850:  1420705.003  1421322.001  1422196.003  1422369.001  1423807.003
  1855:  1424656.001  1426613.003  1426980.001  1427037.003  1427148.001
  1860:  1429236.003  1429887.001  1431850.003  1432312.001  1434562.018
  1865:  1434599.003  1434605.016  1434655.026  1434875.005  1436705.009
  1870:  1436747.005  1436947.009  1437745.001  1438363.003  1438514.001
  1875:  1439582.003  1439724.001  1439799.003  1440136.005  1440446.009
  1880:  1440935.005  1440949.009  1440988.005  1440999.009  1441726.001
  1885:  1442206.003  1442279.001  1443371.003  1443769.001  1443931.003
  1890:  1443958.001  1445919.003  1446497.001  1446587.003  1446602.001
  1895:  1448359.003  1448475.001  1448535.003  1448911.001  1448986.003
  1900:  1449006.001  1450803.003  1451500.001  1451600.003  1451627.001
  1905:  1453315.003  1453969.001  1454035.003  1454112.001  1456097.003
  1910:  1456575.001  1458637.003  1458822.001  1458885.003  1459251.001
  1915:  1459324.003  1459399.001  1461626.003  1462206.001  1462274.003
  1920:  1462878.001  1462920.003  1463188.001  1463266.003  1463317.001
  1925:  1465407.003  1465894.001  1467560.003  1468105.001  1470195.003
  1930:  1470561.001  1472485.003  1473288.001  1473386.003  1473443.005
  1935:  1473594.009  1473664.001  1473785.003  1475496.001  1477038.003
  1940:  1477595.001  1479423.003  1479505.001  1479585.003  1480073.001
  1945:  1480135.003  1480275.001  1482227.003  1482272.001  1482335.003
  1950:  1482395.001  1482437.003  1482695.001  1484945.018  1484998.003
  1955:  1485004.016  1485054.026  1485363.005  1486875.009  1487994.001
  1960:  1489416.003  1489541.001  1489605.003  1489679.001  1490801.003
  1965:  1491597.001  1492589.003  1492725.001  1492768.003  1493020.001
  1970:  1493087.003  1493111.001  1494595.003  1495079.001  1497049.003
  1975:  1497473.001  1499633.003
B:
     0:        0.000      645.000        0.000      645.000        0.000
     5:      253.000        0.000        0.000        0.000      253.000
    10:        0.000        1.000        0.000        1.000        0.000
    15:        0.000       59.000        2.000       59.000        0.000
    20:        0.000        0.000        0.000        0.000        0.000
    25:        0.000       59.000        0.000        0.000        0.000
    30:        0.000
D:
     0:  5496491.000  5494332.000  5496492.000
E:
     0:     1750.000     2250.000
T:
     0:        0.000        0.000        0.000        0.000
W:
     0:        0.000        0.000        0.000
