File: C:\MED-PC IV\Data\Reyes\AY\AY1059.999


Start Date: 10/13/24
End Date: 10/13/24
Subject: 59
Experiment: AY
Group: LINEAR
Box: 3
Start Time: 15:30:25
End Time: 16:20:26
MSN: DRRD_lin
C:       0.000
F:       0.000
G:       0.000
H:       0.000
I:       0.000
J:       0.000
K:    2500.000
L:       0.000
M:       0.000
N:       0.000
O:       0.000
P:       0.000
Q:       0.000
R:       0.000
S:       0.000
U:    2511.000
V:       0.000
X:       0.000
Y:    2462.000
Z:       0.000
A:
     0:     1624.005     1825.009     2159.005     2226.009    13989.005
     5:    14371.009    15000.013    15000.011    16656.005    16709.009
    10:    18042.005    18254.009    20150.001    20235.003    20879.001
    15:    21068.003    21582.005    21697.009    22005.001    22227.003
    20:    22473.001    22511.003    22672.001    22733.003    23039.001
    25:    23381.003    23557.001    23938.003    23959.001    24105.003
    30:    24547.005    24848.009    25212.001    25427.003    26063.001
    35:    26463.003    26653.005    26686.009    26697.005    26866.009
    40:    27084.001    27379.003    27866.001    29116.018    29433.003
    45:    29439.016    29489.026    29609.005    30056.009    31088.001
    50:    31436.003    31818.001    33058.003    33494.001    33679.003
    55:    33820.005    33857.009    33864.005    33887.009    34536.001
    60:    34731.003    34804.001    34921.003    35214.001    36118.003
    65:    36125.001    36324.003    36698.005    36877.009    37183.001
    70:    37417.003    37501.001    37703.003    38024.001    38819.003
    75:    39030.001    39771.003    39783.001    39971.003    40422.001
    80:    40797.003    40803.001    41725.003    42167.001    43417.018
    85:    43716.003    43722.016    43772.026    43990.005    44395.009
    90:    44955.005    45157.009    47445.001    47472.003    47562.001
    95:    47893.003    48404.001    48796.003    48953.001    49037.003
   100:    49393.001    50053.003    50499.005    50869.009    51064.001
   105:    52314.018    52586.003    52592.016    52642.026    52758.005
   110:    53377.009    54027.001    54091.003    54109.001    54589.003
   115:    55188.001    56049.003    56473.001    57486.003    58140.001
   120:    59349.003    59619.005    59833.009    60086.001    60276.003
   125:    60298.001    61548.018    61698.003    61704.016    61754.026
   130:    61873.005    62250.009    62972.001    63170.003    63559.001
   135:    64809.018    64835.003    64841.016    64850.001    64891.026
   140:    64944.003    65059.005    65521.009    65949.001    66000.003
   145:    66062.001    67312.018    67343.003    67349.016    67399.026
   150:    67783.005    68450.009    68474.005    68652.009    69283.001
   155:    70533.018    70812.003    70818.016    70868.026    70974.005
   160:    71516.009    71953.001    72688.003    72695.001    72881.003
   165:    73473.005    73525.009    73713.001    74952.003    75317.001
   170:    76342.003    76350.001    77016.003    77026.001    77258.003
   175:    77524.001    77779.003    77943.005    78272.009    78497.001
   180:    78741.003    78747.001    79999.018    80380.003    80386.016
   185:    80388.001    80436.026    80487.003    80645.005    81080.009
   190:    81385.001    81811.003    81844.001    81924.003    82070.001
   195:    82175.003    82202.001    83452.018    83527.003    83533.016
   200:    83583.026    83757.005    84469.009    84855.005    85084.009
   205:    88019.005    88096.009    88561.001    88731.003    88791.001
   210:    88820.003    89060.001    89928.003    90347.001    91597.018
   215:    91918.003    91924.016    91974.026    92072.005    92445.009
   220:    92647.001    93778.003    94380.001    95547.003    95660.005
   225:    95779.009    96056.001    96583.003    96587.001    97180.003
   230:    97590.001    97809.003    98673.001    99391.003    99736.001
   235:   100986.018   101051.003   101057.016   101107.026   101214.005
   240:   101651.009   102462.005   102606.009   103479.001   103733.003
   245:   104098.001   104208.003   104249.001   104404.003   104474.001
   250:   104952.003   105139.001   106389.018   106688.003   106694.016
   255:   106744.026   106837.005   107397.009   108153.001   108180.003
   260:   108204.001   109454.018   109468.003   109474.016   109524.026
   265:   109616.005   110160.009   110500.001   110595.003   110621.001
   270:   110699.003   110718.001   111049.003   111126.001   111208.003
   275:   111311.001   111590.003   111764.001   112470.003   112998.001
   280:   114068.003   114183.005   114261.009   114495.001   114669.003
   285:   114695.001   114907.003   115032.001   115057.003   115086.001
   290:   115629.003   115675.001   115867.003   115889.001   116422.003
   295:   116440.001   116460.003   116810.001   117610.003   117666.005
   300:   117829.009   117912.005   117931.009   117943.005   117964.009
   305:   121473.001   122036.003   122391.005   122578.009   122939.001
   310:   123448.003   123706.001   124956.018   125722.003   125728.016
   315:   125778.026   125910.005   126296.009   126657.001   127146.003
   320:   128126.001   128175.003   128440.005   128451.009   128461.005
   325:   128532.009   128880.001   129618.003   129625.001   129934.003
   330:   129965.001   130053.003   130335.005   130414.009   134416.001
   335:   134515.003   134999.001   135677.003   135727.001   135849.003
   340:   136390.001   136915.003   136940.001   137732.003   137744.001
   345:   137917.003   138365.005   138480.009   138734.001   139984.018
   350:   140824.003   140830.016   140835.001   140880.026   140969.003
   355:   141106.005   141745.009   142500.001   143499.003   144116.001
   360:   145103.003   145111.001   145560.003   145576.001   146034.003
   365:   146684.001   146948.003   147203.005   147351.009   147529.001
   370:   148779.018   148909.003   148915.016   148922.001   148965.026
   375:   149034.003   149138.005   149650.009   155198.001   156341.003
   380:   156353.001   156505.003   156992.001   158016.003   158943.001
   385:   160115.003   160546.001   160670.003   160697.001   161947.018
   390:   162120.003   162126.016   162176.026   162345.005   162906.009
   395:   163692.005   163713.009   167896.001   168296.003   168374.001
   400:   169339.003   169375.001   169435.003   169765.001   170981.003
   405:   171417.001   172667.018   173628.003   173634.016   173684.026
   410:   173790.005   174381.009   174724.001   175176.003   175186.001
   415:   175261.003   175552.001   176802.018   177035.003   177041.016
   420:   177091.026   177258.005   177798.009   177836.005   177979.009
   425:   178408.001   178585.003   178598.001   179457.003   179460.001
   430:   180246.003   180627.001   181877.018   182066.003   182072.016
   435:   182122.026   182151.001   183401.018   183805.003   183811.016
   440:   183814.001   183836.003   183861.026   183999.005   185092.009
   445:   185835.001   187085.018   187297.003   187303.016   187353.026
   450:   187355.017   187492.005   188307.009   188776.001   190260.003
   455:   190651.005   190777.009   192195.001   193288.003   193301.001
   460:   193470.003   193923.001   194371.003   194388.001   195523.003
   465:   196045.005   196064.009   196296.001   196504.003   196509.001
   470:   197126.003   197133.001   197961.003   198784.001   198822.003
   475:   198848.001   200294.003   200300.001   200473.003   201111.001
   480:   202576.003   202654.005   202927.009   203488.001   203784.003
   485:   204230.001   204856.003   205140.001   206630.003   207066.001
   490:   208566.018   209745.003   209751.016   209801.026   209847.005
   495:   210651.009   211685.005   211729.009   211998.001   212493.003
   500:   212581.001   212672.003   214169.001   214379.003   214402.001
   505:   214437.003   214819.001   215528.003   216072.005   216280.009
   510:   216453.001   217351.003   217400.001   217477.003   218250.001
   515:   218314.003   218338.001   219067.003   219513.001   220930.003
   520:   220932.001   222235.003   222934.001   223743.003   223888.005
   525:   224039.009   224614.001   224710.003   227464.001   228097.003
   530:   228817.001   230106.003   232489.005   232574.009   232586.005
   535:   232958.009   234605.005   234710.009   242752.001   242906.003
   540:   243401.001   244901.018   245107.003   245113.016   245163.026
   545:   245307.005   245904.009   246417.001   246742.003   246830.001
   550:   247022.003   247263.001   247457.003   247815.001   248464.003
   555:   248987.001   250167.003   250171.001   250411.003   251178.001
   560:   252396.003   252417.001   252439.003   253047.001   253868.003
   565:   254299.005   254471.009   254912.001   255373.003   256677.001
   570:   257226.003   257562.001   259062.018   259080.003   259086.016
   575:   259136.026   259253.005   260030.009   260046.005   260073.009
   580:   260614.001   260693.003   260717.001   262189.003   262225.001
   585:   262240.003   262264.001   262491.003   262949.001   264449.018
   590:   264993.003   264999.016   265049.026   265144.005   266103.009
   595:   271367.001   272574.003   272774.005   272803.009   273332.001
   600:   274700.003   274814.005   274922.009   275377.001   276606.003
   605:   276932.005   277015.009   277213.001   277459.003   277461.001
   610:   278654.003   279138.001   280638.018   280710.003   280716.016
   615:   280766.026   280899.005   281686.009   282370.001   283579.003
   620:   284438.001   284459.003   284518.001   286018.018   286143.003
   625:   286149.016   286199.026   286358.005   286880.009   288185.001
   630:   289430.003   289904.001   291404.018   292458.003   292462.001
   635:   292464.016   292514.026   292582.003   292682.005   293081.009
   640:   293776.001   295276.018   295615.003   295621.016   295671.026
   645:   295795.005   296385.009   296896.001   298227.003   298235.001
   650:   298345.003   298742.001   299612.003   299626.001   300855.003
   655:   301334.001   302520.003   302525.001   303094.003   303108.001
   660:   303321.003   303758.001   305153.003   305163.001   305997.003
   665:   307732.001   307994.003   308367.005   308540.009   310165.005
   670:   310201.009   311541.001   312229.003   312295.001   312320.003
   675:   312343.001   313127.003   313933.001   315429.003   316223.001
   680:   317618.003   318007.001   319214.003   319225.001   319416.003
   685:   320129.001   321397.003   321411.001   321564.003   322503.001
   690:   324003.018   324046.003   324052.016   324102.026   324237.005
   695:   324712.009   328664.001   329551.003   330041.001   331045.005
   700:   331075.003   331169.009   331542.001   333042.018   333520.003
   705:   333526.016   333576.026   333744.005   334506.009   335999.001
   710:   336595.003   336614.001   336836.003   337686.001   339056.003
   715:   339506.001   340897.003   341334.001   342403.003   342942.001
   720:   343395.003   343408.001   343675.003   343759.005   343885.009
   725:   350956.001   351812.003   351821.001   351951.003   352248.005
   730:   352349.009   352590.001   353353.003   353468.001   354439.003
   735:   355283.001   355456.003   355980.001   357053.003   357350.005
   740:   357547.009   358727.001   359586.003   359615.001   359644.003
   745:   359659.001   359908.003   359979.001   361355.003   362573.005
   750:   362754.009   363993.001   364311.003   364331.001   364390.003
   755:   364488.001   365641.003   366034.005   366045.009   366063.005
   760:   366086.009   366403.001   366805.003   367425.001   368720.003
   765:   369183.005   369220.009   369308.005   369339.009   369729.001
   770:   371000.003   371633.001   372945.003   373659.005   373766.009
   775:   374015.001   375515.018   375550.003   375556.016   375606.026
   780:   375696.005   376379.009   376925.001   377034.003   377837.001
   785:   378117.003   378134.001   378643.003   378926.005   379071.009
   790:   379368.001   380157.003   380879.001   381412.003   381423.001
   795:   381853.003   382400.005   382656.009   382970.001   383790.003
   800:   383799.001   384893.003   385319.001   386535.003   387060.005
   805:   387211.009   393565.001   393622.003   393673.001   393729.003
   810:   393794.001   394725.003   395760.001   396839.003   397463.001
   815:   398752.003   398761.001   399007.003   399724.001   400427.003
   820:   400430.001   401447.003   401462.001   401878.003   401891.001
   825:   402193.003   402721.001   404098.003   404317.005   404604.009
   830:   405672.001   405747.003   405769.001   406238.003   406270.001
   835:   406321.003   406387.001   406468.003   406492.001   407992.018
   840:   408363.003   408369.016   408381.001   408419.026   408495.003
   845:   408604.005   409175.009   410122.001   411551.003   411568.001
   850:   411802.003   412228.005   412316.009   412559.001   414059.018
   855:   414066.003   414072.016   414122.026   414126.001   414171.003
   860:   414348.005   414871.009   414890.005   414925.009   416248.001
   865:   416316.003   416376.001   417722.003   418293.001   419793.018
   870:   419915.003   419921.016   419925.001   419971.026   420070.003
   875:   420151.005   420752.009   421219.001   422719.018   423054.003
   880:   423060.016   423110.026   423314.005   423769.009   425477.001
   885:   426873.003   427710.001   428730.003   429460.001   430960.018
   890:   431360.003   431366.016   431416.026   431614.005   432086.009
   895:   432988.001   434488.018   434658.003   434664.016   434714.026
   900:   434931.005   435341.009   436090.001   437174.003   437523.001
   905:   438504.003   438962.001   440462.018   440766.003   440772.016
   910:   440822.026   440978.005   441489.009   443687.001   445187.018
   915:   446226.003   446232.016   446282.026   446448.005   447218.009
   920:   450093.001   451537.003   452214.001   453714.018   453905.003
   925:   453911.016   453961.026   454130.005   454668.009   455065.001
   930:   456565.018   456973.003   456979.016   456988.001   457029.026
   935:   457106.003   457221.005   458034.009   459059.001   460559.018
   940:   460817.003   460823.016   460829.001   460873.026   460943.003
   945:   461099.005   461820.009   462380.001   463880.018   464049.003
   950:   464055.016   464069.001   464105.026   464113.003   464163.001
   955:   464462.003   465012.001   466362.003   466377.001   467024.003
   960:   467716.001   467960.003   468034.001   469493.003   469499.001
   965:   470011.003   470022.001   470478.003   471099.005   471607.009
   970:   472193.001   473693.018   474373.003   474379.016   474429.026
   975:   474629.005   475392.009   475560.005   475824.009   476280.001
   980:   477155.003   477166.001   477379.003   477593.001   477758.003
   985:   477849.001   478009.003   478202.001   479649.003   480084.005
   990:   480376.009   480905.001   482405.018   482457.003   482463.016
   995:   482470.001   482513.026   482664.003   482755.005   483632.009
  1000:   485477.001   486977.018   487218.003   487224.016   487274.026
  1005:   487400.005   488066.009   489165.001   490411.003   490821.001
  1010:   492220.003   494078.005   494319.009   495059.001   496559.018
  1015:   497570.003   497576.016   497582.001   497626.026   497704.003
  1020:   497808.005   498455.009   498546.005   498599.009   499358.001
  1025:   500858.018   500895.003   500901.016   500909.001   500951.026
  1030:   501063.003   501136.005   501886.009   501893.005   501926.009
  1035:   501954.005   501993.009   502763.001   504211.003   504216.001
  1040:   504681.003   505555.001   507055.018   507302.003   507307.001
  1045:   507308.016   507358.026   507567.003   507677.005   508175.009
  1050:   508479.001   509581.003   509593.001   511093.018   511623.003
  1055:   511629.016   511639.001   511679.026   511820.003   511902.005
  1060:   512477.009   513614.001   515114.018   515187.003   515193.016
  1065:   515243.026   515365.005   515791.009   515856.005   515879.009
  1070:   516681.001   518181.018   518883.003   518889.016   518939.026
  1075:   519074.005   519528.009   520454.001   521954.018   522334.003
  1080:   522340.016   522390.026   522392.017   522489.005   523115.009
  1085:   527111.005   527123.009   527134.005   527164.009   528019.001
  1090:   529201.003   529701.001   530766.003   530779.001   531230.003
  1095:   531235.001   531498.003   531992.005   532106.009   532347.001
  1100:   534097.018   534590.003   534596.016   534609.001   534646.026
  1105:   534766.003   534907.005   535483.009   535830.001   537462.003
  1110:   537469.001   537766.003   537800.001   538371.003   539602.001
  1115:   541352.018   541560.003   541566.016   541616.026   541729.005
  1120:   542521.009   542525.005   542558.009   550271.001   551409.003
  1125:   551458.001   552455.003   553388.001   555138.018   555313.003
  1130:   555319.016   555369.026   555493.005   556123.009   556829.001
  1135:   558454.003   558466.001   558611.003   559605.001   560034.003
  1140:   560043.001   560386.003   560930.001   562354.003   563065.001
  1145:   564815.018   564842.003   564848.016   564898.026   564994.005
  1150:   565697.009   571371.005   571434.009   571693.001   572924.003
  1155:   573123.001   574585.003   575109.001   576291.003   576485.005
  1160:   576595.009   576881.001   578631.018   580175.003   580181.016
  1165:   580189.001   580231.026   580299.003   580369.005   580887.009
  1170:   582925.001   584675.018   585124.003   585130.016   585180.026
  1175:   585341.005   585739.009   586573.001   588323.018   588407.003
  1180:   588413.016   588463.026   588559.005   589435.009   590394.001
  1185:   592144.018   592492.003   592498.016   592548.026   592550.017
  1190:   592629.005   593362.009   593924.001   595833.003   596378.001
  1195:   598065.003   598492.001   599998.003   600004.001   601182.003
  1200:   601340.005   601570.009   602084.001   603409.003   603453.001
  1205:   603838.003   603865.001   604336.003   604374.001   604554.003
  1210:   604803.001   605354.003   605711.005   606030.009   606896.001
  1215:   607640.003   607753.001   607919.003   609133.001   610030.003
  1220:   610680.001   611247.003   611259.001   611517.003   612378.001
  1225:   613637.003   614525.005   614768.009   615023.001   615379.003
  1230:   615438.001   615503.003   615529.001   615650.003   615662.001
  1235:   617517.003   617940.001   618844.003   618847.001   619855.003
  1240:   620264.005   620439.009   621104.001   621312.003   621330.001
  1245:   621476.003   621539.001   622958.003   623826.001   624436.003
  1250:   625271.001   625411.003   625425.001   626155.003   626667.001
  1255:   628667.018   629846.003   629852.016   629862.001   629902.026
  1260:   629966.003   630072.005   630756.009   631662.001   633662.018
  1265:   634454.005   634629.009   634668.003   634674.016   634724.026
  1270:   634864.005   635441.009   635759.001   636829.003   637214.005
  1275:   637410.009   637416.005   638907.009   640047.001   640542.003
  1280:   640777.001   641303.003   641321.001   642837.003   643449.005
  1285:   643597.009   643903.001   644706.003   645941.001   647218.003
  1290:   649740.005   649772.009   649847.005   649871.009   650366.001
  1295:   652366.018   652611.003   652617.016   652667.026   652740.005
  1300:   653283.009   653298.005   653329.009   654171.001   654386.003
  1305:   654894.001   656537.003   656804.005   657064.009   657580.001
  1310:   658741.003   659260.001   661260.018   662041.003   662047.016
  1315:   662097.026   662208.005   663025.009   664211.001   665659.003
  1320:   665663.001   665835.003   666599.001   667982.003   667993.001
  1325:   668347.003   669398.001   671078.003   671081.001   671575.003
  1330:   672460.001   673980.003   674159.001   675343.003   676130.001
  1335:   677436.003   677725.005   678027.009   678041.005   678183.009
  1340:   679715.001   680697.003   681293.001   681456.003   681840.001
  1345:   683075.003   683292.005   683443.009   683906.001   685203.003
  1350:   685405.005   685428.009   686159.001   686401.003   686436.001
  1355:   688153.003   688559.005   688608.009   688878.001   690251.003
  1360:   690918.001   692703.003   693116.001   695116.018   695136.003
  1365:   695142.016   695188.005   695192.026   696629.009   696846.005
  1370:   696987.009   697560.001   698539.003   698590.001   699740.003
  1375:   700480.001   702480.018   702945.003   702951.016   703001.026
  1380:   703156.005   704052.009   704804.001   706024.003   706065.001
  1385:   706298.003   706804.001   708804.018   709085.003   709091.016
  1390:   709141.026   709365.005   709871.009   713136.001   713275.003
  1395:   713457.001   714863.003   715871.005   715920.009   716334.001
  1400:   717968.003   718483.001   720257.003   720276.001   720385.003
  1405:   720728.005   720876.009   721711.001   722794.003   722806.001
  1410:   723129.003   723721.005   724010.009   724294.001   724441.003
  1415:   724538.001   724691.003   724715.001   725991.003   726041.001
  1420:   727107.003   727109.001   727305.003   728146.001   728253.003
  1425:   728313.001   728617.003   729579.001   731387.003   731392.001
  1430:   731827.003   732319.001   734167.003   734172.001   734404.003
  1435:   734736.005   734972.009   737608.005   737681.009   742135.001
  1440:   742273.003   743125.001   743741.003   747119.005   747302.009
  1445:   748018.001   749491.003   750018.001   751105.003   751633.001
  1450:   752747.003   752752.001   753089.003   753104.001   753155.003
  1455:   753289.005   753390.009   753942.001   754826.003   755176.001
  1460:   756295.003   756713.001   757789.003   763039.001   763767.003
  1465:   763812.001   763904.003   764325.001   765539.003   766001.001
  1470:   766139.003   768358.001   770055.003   770522.005   770548.009
  1475:   770772.001   771810.003   771817.001   771925.003   771943.001
  1480:   772035.003   772939.001   774194.003   774680.001   776028.003
  1485:   776431.001   777875.003   778346.001   779733.003   779852.005
  1490:   780023.009   780025.005   780226.009   781889.001   782638.003
  1495:   782884.001   783704.003   783714.001   784553.003   784563.001
  1500:   784748.003   784755.001   784903.003   785478.001   787147.003
  1505:   787787.005   787882.009   788450.001   788657.003   788816.001
  1510:   788986.003   789181.001   789332.003   789917.001   791117.003
  1515:   793058.005   793072.009   793073.005   793114.009   793614.001
  1520:   793898.003   794313.001   795214.003   795221.001   795457.003
  1525:   796176.001   796908.003   799715.001   799938.003   799952.001
  1530:   800127.003   800654.001   801944.003   801950.001   802282.003
  1535:   802889.005   803035.009   803649.001   804769.003   804778.001
  1540:   805452.003   806148.001   806412.003   806447.001   806761.003
  1545:   806772.001   806794.003   807466.001   807556.003   807630.001
  1550:   807682.003   807745.001   809668.003   809677.001   809889.003
  1555:   810577.005   810588.009   810757.005   810930.009   812687.005
  1560:   812771.009   823956.001   824809.003   824815.001   825479.003
  1565:   825500.001   826006.003   826890.001   827613.003   827618.001
  1570:   827851.003   828265.001   828605.003   831171.001   831938.003
  1575:   831980.001   833091.003   836331.001   837868.003   838579.001
  1580:   838778.003   838830.001   838881.003   839130.001   839151.003
  1585:   839906.001   840768.003   840772.001   841806.003   842506.005
  1590:   842520.009   842800.001   844800.018   844885.003   844887.001
  1595:   844891.016   844941.026   845091.003   845112.001   845129.003
  1600:   845184.005   845603.009   846577.001   846796.003   848090.001
  1605:   849429.003   850423.001   851684.003   852586.001   853871.003
  1610:   854359.001   856297.003   856308.001   857331.003   857343.001
  1615:   857705.003   858716.001   858979.003   859026.001   859820.003
  1620:   859828.001   860041.003   860591.001   860844.003   861218.005
  1625:   861441.009   868538.005   868580.009   868873.005   869028.009
  1630:   871207.001   872473.003   873838.001   875149.003   875499.001
  1635:   876553.003   876862.005   877015.009   877845.001   878035.003
  1640:   878063.001   878125.003   878201.001   878348.003   878743.001
  1645:   879008.003   879273.005   879400.009   882862.001   884862.018
  1650:   887740.003   887746.016   887796.026   887928.005   888453.009
  1655:   891984.001   893515.003   893674.005   894207.009   896267.001
  1660:   897964.003   898593.001   899724.003   900359.001   902359.018
  1665:   902763.003   902769.016   902819.026   902906.005   903557.009
  1670:   912191.005   912219.009   912222.005   912251.009   912852.001
  1675:   913266.003   913289.001   913461.003   913651.001   913701.003
  1680:   914940.001   916318.003   916557.001   916603.003   916709.001
  1685:   917702.003   918268.001   918606.003   919229.001   919350.003
  1690:   919874.005   919968.009   925137.001   926694.003   927189.001
  1695:   928887.003   928902.001   929099.003   929162.005   929401.009
  1700:   930150.001   932150.018   933416.003   933422.016   933472.026
  1705:   933593.005   934315.009   939670.001   941073.003   941856.001
  1710:   942792.003   942799.001   943603.003   944232.001   945949.003
  1715:   945967.001   947491.003   947497.001   948456.003   949175.005
  1720:   949357.009   950594.001   950634.003   950798.001   952574.003
  1725:   952868.005   952987.009   953275.001   953367.003   953496.001
  1730:   955496.018   955539.003   955545.016   955595.026   955714.005
  1735:   956457.009   957717.001   958648.003   958662.001   958903.003
  1740:   959493.001   960517.003   960530.001   960867.003   961675.001
  1745:   963321.003   963322.001   963548.003   964202.005   964365.009
  1750:   968349.001   970349.018   970359.003   970365.016   970415.026
  1755:   970564.005   971249.009   972459.001   973581.003   973608.001
  1760:   974798.003   975764.001   976912.003   976920.001   977404.003
  1765:   978329.001   979621.003   979633.001   979753.003   980387.005
  1770:   980489.009   980832.001   982298.003   983483.001   985483.018
  1775:   985818.003   985824.016   985874.026   986013.005   986550.009
  1780:   989148.001   990488.003   992435.001   993852.003   993872.001
  1785:   994299.003   995145.001   996732.003   996742.001   996889.003
  1790:   997684.005   997847.009   998129.001   999525.003   999539.001
  1795:  1000386.003  1000448.001  1000583.003  1001317.001  1002305.003
  1800:  1002308.001  1004313.018  1004828.003  1004834.016  1004842.001
  1805:  1004884.026  1004954.003  1005036.005  1005604.009  1005643.005
  1810:  1005678.009  1007658.001  1009658.018  1009835.003  1009841.016
  1815:  1009846.001  1009891.026  1010042.003  1010116.005  1010562.009
  1820:  1011866.001  1013553.003  1014085.001  1014963.003  1014970.001
  1825:  1016658.003  1017591.001  1019020.003  1021040.005  1021276.009
  1830:  1022298.001  1022370.003  1022493.001  1022848.003  1022904.001
  1835:  1023620.003  1023627.001  1024015.003  1026498.001  1028498.018
  1840:  1028517.003  1028523.016  1028530.001  1028573.026  1028665.003
  1845:  1028760.005  1029404.009  1030264.001  1031237.003  1031241.001
  1850:  1031578.003  1032267.001  1032483.003  1032513.001  1032657.003
  1855:  1032709.001  1033691.003  1033707.001  1033978.003  1034743.001
  1860:  1035047.003  1035099.001  1036769.003  1036786.001  1037164.003
  1865:  1037749.005  1038221.009  1038610.001  1039932.003  1039945.001
  1870:  1041863.003  1041867.001  1042109.003  1042473.005  1042642.009
  1875:  1042986.005  1043076.009  1043721.001  1045035.003  1045615.001
  1880:  1046833.003  1046856.001  1047296.003  1047836.001  1049836.018
  1885:  1050178.003  1050184.016  1050234.026  1050391.005  1050881.009
  1890:  1052780.001  1054780.018  1054815.003  1054821.016  1054871.026
  1895:  1055037.005  1056112.009  1058574.001  1059379.003  1059389.001
  1900:  1059500.003  1060151.001  1061596.003  1062369.001  1063468.003
  1905:  1063480.001  1063788.003  1064687.001  1065202.003  1065216.001
  1910:  1066298.003  1066977.001  1068326.003  1071918.001  1072243.003
  1915:  1072272.001  1072633.003  1072671.001  1072767.003  1074206.005
  1920:  1074617.009  1083048.001  1083307.003  1083336.001  1083907.003
  1925:  1083925.001  1084149.003  1085072.001  1085358.003  1085374.001
  1930:  1085668.003  1085686.001  1086874.003  1087550.001  1088206.003
  1935:  1088207.001  1089681.003  1089686.001  1089774.003  1089942.005
  1940:  1090474.009  1091026.001  1091510.003  1091521.001  1092267.003
  1945:  1092280.001  1092510.003  1092546.001  1093095.003  1093142.001
  1950:  1093215.003  1094043.001  1094156.003  1094167.001  1094628.003
  1955:  1094638.001  1095057.003  1095116.001  1095222.003  1096296.001
  1960:  1097604.003  1097912.001  1097975.003  1098758.001  1098806.003
  1965:  1098892.001  1098962.003  1099425.001  1099801.003  1099929.001
  1970:  1100045.003  1100291.001  1100358.003  1100407.001  1102407.018
  1975:  1102487.003  1102493.016  1102509.001  1102543.026  1102618.003
  1980:  1102681.005  1103152.009  1104056.001  1104868.003  1104871.001
  1985:  1105801.003  1106209.005  1106242.009  1107287.001  1109287.018
  1990:  1109310.003  1109316.016  1109321.001  1109366.026  1109571.003
  1995:  1109680.005  1110214.009  1110663.001  1111970.003  1111982.001
  2000:  1113982.018  1114462.003  1114468.016  1114518.026  1114699.005
  2005:  1115295.009  1117657.001  1119657.018  1120357.003  1120363.016
  2010:  1120413.026  1120599.005  1121132.009  1122456.001  1123740.003
  2015:  1123747.001  1123855.003  1123875.001  1125057.003  1125066.001
  2020:  1125270.003  1126391.005  1126624.009  1127127.001  1128458.003
  2025:  1128470.001  1130470.018  1130642.003  1130648.016  1130698.026
  2030:  1130889.005  1131750.009  1133842.001  1134410.003  1134437.001
  2035:  1134508.003  1134551.001  1134630.003  1134638.001  1134849.003
  2040:  1134859.001  1135564.003  1136071.001  1137705.003  1138968.001
  2045:  1140968.018  1141292.003  1141298.016  1141348.026  1141476.005
  2050:  1141916.009  1143381.001  1145381.018  1146059.003  1146065.016
  2055:  1146072.001  1146115.026  1146224.003  1146272.005  1146755.009
  2060:  1147713.001  1149388.003  1150639.005  1150929.009  1153647.001
  2065:  1155647.018  1155734.003  1155740.016  1155790.026  1155933.005
  2070:  1156377.009  1157350.001  1158740.003  1159416.001  1160657.003
  2075:  1160662.001  1160990.003  1161592.001  1163243.003  1163254.001
  2080:  1163739.003  1164038.005  1164241.009  1164939.001  1166442.003
  2085:  1166461.001  1166720.003  1167929.001  1168527.003  1168537.001
  2090:  1169259.003  1169262.001  1169848.003  1171015.001  1171156.003
  2095:  1171222.001  1173190.003  1175206.001  1175915.003  1175922.001
  2100:  1176405.003  1179724.005  1179744.009  1179745.005  1179963.009
  2105:  1201646.001  1202043.003  1202124.001  1203702.003  1204340.001
  2110:  1205524.003  1205530.001  1205868.003  1209144.005  1209153.009
  2115:  1209516.001  1211052.003  1211668.001  1213668.018  1213721.003
  2120:  1213727.016  1213777.026  1213940.005  1214588.009  1214620.005
  2125:  1214640.009  1214648.005  1214842.009  1216311.001  1217518.003
  2130:  1217528.001  1218006.003  1219008.001  1221008.018  1222065.003
  2135:  1222071.016  1222072.001  1222121.026  1222200.003  1222269.005
  2140:  1222967.009  1225021.001  1226133.003  1226143.001  1227047.003
  2145:  1227056.001  1227175.003  1227257.001  1227312.003  1227948.001
  2150:  1228919.003  1228933.001  1229163.003  1233670.001  1235321.003
  2155:  1235328.001  1235588.003  1236133.001  1237391.003  1238079.001
  2160:  1239235.003  1239287.001  1239384.003  1240009.001  1241976.003
  2165:  1243336.001  1244206.003  1244233.001  1246121.003  1246136.001
  2170:  1246387.003  1247394.001  1248399.003  1248930.001  1248958.003
  2175:  1249007.001  1249350.003  1249361.001  1250283.003  1250292.001
  2180:  1250521.003  1250549.001  1250746.003  1253983.001  1254171.003
  2185:  1255066.001  1256249.003  1256274.001  1256476.003  1259531.005
  2190:  1259750.009  1259770.005  1259919.009  1261615.001  1262617.003
  2195:  1262639.001  1262881.003  1263297.001  1263586.003  1266077.005
  2200:  1266094.009  1266522.001  1268522.018  1269472.003  1269478.016
  2205:  1269528.026  1269678.005  1270093.009  1271856.001  1272428.003
  2210:  1272477.001  1272889.003  1274222.001  1275552.003  1276559.001
  2215:  1276891.003  1276900.001  1277053.003  1277089.001  1277140.003
  2220:  1277187.001  1277275.003  1277324.001  1277448.003  1277476.001
  2225:  1277592.003  1277609.001  1277746.003  1277779.001  1277905.003
  2230:  1277925.001  1278017.003  1278046.001  1278544.003  1278815.001
  2235:  1278993.003  1279091.001  1279222.003  1279277.001  1279298.003
  2240:  1279767.001  1281135.003  1281156.001  1281344.003  1282634.001
  2245:  1283595.003  1283600.001  1283903.003  1283939.001  1284057.003
  2250:  1284106.001  1285005.003  1285013.001  1285814.003  1285825.001
  2255:  1286010.003  1286695.001  1287755.003  1287809.001  1287831.003
  2260:  1287953.001  1288078.003  1288745.001  1288810.003  1288832.001
  2265:  1288919.003  1289959.001  1290626.003  1290635.001  1291006.003
  2270:  1291130.005  1291254.009  1291465.001  1291710.003  1303632.005
  2275:  1303721.009  1305308.001  1305610.003  1305682.001  1306190.003
  2280:  1306809.001  1306947.003  1308000.001  1308076.003  1309450.001
  2285:  1310868.003  1311770.001  1311997.003  1320050.005  1320064.009
  2290:  1320462.001  1322156.003  1322834.001  1323519.003  1323851.001
  2295:  1324534.003  1324556.001  1324803.003  1325025.001  1326553.003
  2300:  1327313.001  1328653.003  1329347.001  1330919.003  1331244.005
  2305:  1331448.009  1334277.005  1334295.009  1336240.001  1337062.003
  2310:  1337091.001  1337251.003  1337306.001  1337397.003  1337414.001
  2315:  1337614.003  1337626.001  1338856.003  1339256.005  1339305.009
  2320:  1339676.001  1341602.003  1343684.001  1344108.003  1344137.001
  2325:  1345437.003  1345445.001  1345644.003  1346264.001  1347196.003
  2330:  1347362.001  1348718.003  1348729.001  1348958.003  1350020.001
  2335:  1350286.003  1350772.001  1352772.018  1352899.003  1352905.016
  2340:  1352955.026  1353083.005  1353978.009  1356965.001  1357250.003
  2345:  1357268.001  1357521.003  1357642.005  1357734.009  1358812.001
  2350:  1359156.003  1359348.001  1360718.003  1361288.001  1362454.003
  2355:  1362455.001  1362812.003  1363773.001  1364101.003  1365428.001
  2360:  1366950.003  1366962.001  1367757.003  1372575.005  1372660.009
  2365:  1372988.001  1373144.003  1373200.001  1373327.003  1373330.001
  2370:  1373936.003  1374237.001  1374548.003  1374752.001  1375775.003
  2375:  1376165.005  1376269.009  1379470.001  1379797.003  1379835.001
  2380:  1381835.018  1381919.003  1381925.016  1381975.026  1382068.005
  2385:  1382567.009  1385952.001  1386127.003  1386464.001  1388464.018
  2390:  1388556.003  1388562.016  1388612.026  1388699.005  1389276.009
  2395:  1391691.001  1391802.003  1391815.001  1391874.003  1392070.001
  2400:  1393441.003  1394780.001  1394867.003  1394942.001  1396931.003
  2405:  1397950.001  1399887.003  1399893.001  1400189.003  1400807.001
  2410:  1400975.003  1401002.001  1401919.003  1403000.001  1403087.003
  2415:  1403125.001  1405125.018  1405347.003  1405353.016  1405357.001
  2420:  1405403.026  1405486.003  1405549.005  1406204.009  1413088.001
  2425:  1414505.003  1414510.001  1414734.003  1426602.001  1427228.003
  2430:  1428017.001  1428314.003  1428711.005  1429167.009  1429503.005
  2435:  1429531.009  1429587.005  1429612.009  1429750.005  1429797.009
  2440:  1430465.005  1430768.009  1447487.001  1448526.003  1448751.001
  2445:  1448782.003  1460940.001  1462852.003  1463934.005  1464026.009
  2450:  1480843.001  1482140.003  1482252.005  1482390.009  1496000.001
  2455:  1496079.003  1496178.001  1496218.003  1496300.001  1497749.003
  2460:  1498284.005  1498308.009
B:
     0:        0.000      821.000        0.000      821.000        0.000
     5:      262.000        0.000        0.000        0.000      262.000
    10:        0.000        1.000        0.000        1.000        0.000
    15:        0.000       97.000        3.000       97.000        0.000
    20:        0.000        0.000        0.000        0.000        0.000
    25:        0.000       97.000        0.000        0.000        0.000
    30:        0.000
D:
     0:  1500259.000  1498811.000  1500260.000
E:
     0:     1250.000     2000.000
T:
     0:        0.000        0.000        0.000        0.000
W:
     0:        0.000        0.000        0.000
