File: C:\MED-PC IV\Data\Reyes\AY\AY1068.999


Start Date: 10/20/24
End Date: 10/20/24
Subject: 68
Experiment: AY
Group: EXP10
Box: 6
Start Time: 17:03:46
End Time: 17:53:46
MSN: DRRD_exp_10
C:       0.000
F:       0.000
G:       0.000
H:       0.000
I:       0.000
J:       0.000
K:    7210.000
L:       0.000
M:       0.000
N:       0.000
O:       0.000
P:       0.000
Q:       0.000
R:       0.000
S:       0.000
U:   53710.000
V:       0.000
X:       0.000
Y:    2442.000
Z:       0.000
A:
     0:     3849.005     4239.009    12034.005    12070.009    12073.005
     5:    12307.009    15000.013    15000.011    15597.001    15920.003
    10:    16063.001    16086.003    16103.001    16529.003    16537.001
    15:    16688.003    16701.001    17198.003    17250.001    17298.003
    20:    17692.001    19814.003    20078.001    20090.003    20136.001
    25:    20412.003    20428.001    21246.003    21261.001    22102.003
    30:    22388.001    22424.003    22455.001    24827.003    25164.005
    35:    25419.009    26479.001    28885.003    29124.005    29381.009
    40:    30651.001    30785.003    30949.001    31692.003    31881.001
    45:    31924.003    32137.001    32142.003    36362.001    36772.003
    50:    36792.001    37515.003    37536.001    38846.003    39039.001
    55:    40010.003    40598.001    40611.003    40632.001    41416.003
    60:    41450.001    42390.003    42593.001    44487.003    45197.005
    65:    45456.009    45849.001    49000.003    51086.001    54687.003
    70:    56448.005    56671.009    59264.001    59328.003    60185.001
    75:    63736.003    64410.005    64576.009    69011.001    69251.003
    80:    69443.001    69869.003    69923.001    70138.003    70147.001
    85:    70210.003    70222.001    73827.018    74159.003    74165.016
    90:    74215.026    74322.005    75297.009    76048.001    76132.003
    95:    76184.001    76270.003    76316.001    79848.003    82213.001
   100:    82924.003    82941.001    86546.018    86727.003    86733.016
   105:    86761.001    86783.026    86820.003    86901.005    87648.009
   110:    88794.001    88852.003    88983.001    89087.003    89108.001
   115:    89148.003    89203.001    89249.003    89266.001    89327.003
   120:    89363.001    90520.003    90561.001    90633.003    90650.001
   125:    90800.003    90807.001    91157.003    91168.001    91928.003
   130:    91965.001    94398.003    95931.005    96051.009    96295.001
   135:    96482.003    96524.001    96932.003    96951.001    97376.003
   140:    97419.001    98378.003    98455.001   100139.003   100204.001
   145:   100410.003   102059.001   105019.003   105226.001   106966.003
   150:   107733.005   108019.009   108442.001   112047.018   112192.003
   155:   112198.016   112248.026   112347.005   112838.009   113325.005
   160:   113329.009   113351.005   113383.009   114366.001   114500.003
   165:   114520.001   114585.003   114602.001   115280.003   115319.001
   170:   118924.018   119992.003   119998.016   120048.026   120136.005
   175:   120850.009   121292.005   121312.009   122021.001   122105.003
   180:   122174.001   125366.003   126808.005   126913.009   126950.005
   185:   127160.009   127835.001   128277.003   128291.001   130862.003
   190:   131988.005   132075.009   132589.001   132645.003   132702.001
   195:   133133.003   133164.001   133368.003   133383.001   133389.003
   200:   133406.001   136763.003   140243.001   140433.003   140474.001
   205:   143208.003   144591.005   144697.009   145517.005   145743.009
   210:   147404.001   147640.003   147665.001   147877.003   147922.001
   215:   148828.003   148845.001   152013.003   153671.001   153824.003
   220:   153885.001   153935.003   153960.001   156233.003   156369.001
   225:   158114.003   158147.001   158473.003   159264.005   159398.009
   230:   160175.001   160284.003   160328.001   160375.003   160391.001
   235:   163562.003   164358.001   167836.003   168573.005   168758.009
   240:   170254.001   170316.003   170374.001   170522.003   170557.001
   245:   174162.018   174429.003   174435.016   174485.026   174593.005
   250:   175301.009   177046.001   177162.003   177217.001   177266.003
   255:   177291.001   177685.003   177703.001   178180.003   178196.001
   260:   180922.003   182690.001   182700.003   182719.001   182999.003
   265:   183015.001   186447.003   187269.005   187459.009   192418.005
   270:   192645.009   193695.001   193890.003   193931.001   193979.003
   275:   193991.001   194126.003   194138.001   194332.003   194340.001
   280:   197449.003   199129.001   199145.003   199180.001   201825.003
   285:   201868.001   202021.003   202545.005   202772.009   204196.005
   290:   205596.009   206322.001   206382.003   206521.001   206722.003
   295:   206778.001   207551.003   207576.001   209490.003   209799.001
   300:   210756.003   210893.001   211661.003   212785.005   213022.009
   305:   217577.005   217674.009   218064.001   219355.003   219866.001
   310:   219935.003   219941.001   223062.003   223979.005   224176.009
   315:   225590.001   227605.003   227641.001   227840.003   228136.005
   320:   228423.009   234424.001   235014.003   235053.001   237737.003
   325:   237783.001   239476.003   239983.005   240207.009   240649.001
   330:   240911.003   240956.001   240992.003   241014.001   241146.003
   335:   241165.001   243763.003   244837.001   244881.003   244904.001
   340:   245176.003   245278.001   245304.003   245379.001   248984.018
   345:   249000.003   249006.016   249056.026   249143.005   249728.009
   350:   251890.001   252363.003   252397.001   252492.003   252531.001
   355:   253491.003   253513.001   255908.003   255945.001   256114.003
   360:   257459.005   257604.009   258126.001   258204.003   258229.001
   365:   259020.003   259046.001   261561.003   261597.001   261973.003
   370:   264405.001   264620.003   264666.001   264718.003   264732.001
   375:   264973.003   264995.001   265063.003   265080.001   265557.003
   380:   265570.001   266279.003   266295.001   266370.003   266378.001
   385:   267457.003   267649.001   268636.003   268659.001   268987.003
   390:   269880.005   270079.009   271950.005   271991.009   272028.005
   395:   272059.009   272068.005   272359.009   272365.005   272598.009
   400:   273612.001   273641.003   273660.001   273675.003   273693.001
   405:   277109.003   278527.005   278675.009   279261.001   279421.003
   410:   279452.001   279573.003   279596.001   279855.003   279872.001
   415:   279950.003   279970.001   280033.003   280048.001   282726.003
   420:   282766.001   282934.003   284124.005   284295.009   285210.001
   425:   285323.003   285367.001   286034.003   286053.001   286187.003
   430:   286198.001   288768.003   289549.005   289844.009   291004.001
   435:   291194.003   291215.001   293828.003   295063.005   295231.009
   440:   300120.001   300176.003   300218.001   300428.003   300520.001
   445:   300978.003   301019.001   303758.003   303796.001   304034.003
   450:   305003.005   306779.009   306785.005   307100.009   307768.001
   455:   307927.003   307988.001   308212.003   308267.001   311872.018
   460:   313233.003   313239.016   313289.026   313397.005   313976.009
   465:   315317.001   316238.003   316261.001   319166.003   320947.005
   470:   321202.009   321695.001   325300.018   326524.003   326530.016
   475:   326580.026   326691.005   327251.009   328342.005   328542.009
   480:   329008.005   329030.009   329593.001   330218.003   330262.001
   485:   330490.003   330499.001   331308.003   331355.001   334960.018
   490:   336301.003   336307.016   336357.026   336459.005   337007.009
   495:   337032.005   337086.009   339279.005   339299.009   339306.005
   500:   339912.009   339929.005   340067.009   340209.005   340763.009
   505:   341845.001   341917.003   342022.001   342110.003   342201.001
   510:   345806.018   345820.003   345826.016   345876.026   345990.005
   515:   346385.009   347885.001   347983.003   348007.001   348101.003
   520:   348117.001   351150.003   351568.005   351586.009   351600.005
   525:   351759.009   353132.001   353643.003   353685.001   353731.003
   530:   353777.001   353816.003   353846.001   354376.003   354425.001
   535:   358030.018   358034.003   358040.016   358090.026   358217.005
   540:   358557.009   360361.001   360474.003   360524.001   361116.003
   545:   361162.001   361297.003   361306.001   363983.003   365917.005
   550:   366111.009   366510.001   366622.003   366695.001   367369.003
   555:   367380.001   370283.003   372469.005   372630.009   373110.001
   560:   373148.003   373174.001   373256.003   373272.001   376377.003
   565:   376424.001   376657.003   378062.005   378180.009   378837.001
   570:   379061.003   379107.001   379499.003   379538.001   379999.003
   575:   380011.001   380487.003   380510.001   380572.003   380592.001
   580:   381031.003   381046.001   382531.003   382596.001   385031.003
   585:   385346.005   385568.009   385616.005   385671.009   386113.005
   590:   386383.009   386413.005   386436.009   386770.001   386830.003
   595:   386937.001   387135.003   387182.001   387351.003   387392.001
   600:   387437.003   387469.001   390418.003   390462.001   390650.003
   605:   392107.005   392213.009   392290.005   392396.009   392560.005
   610:   392573.009   392698.005   392902.009   395050.005   395231.009
   615:   395772.001   395904.003   395947.001   395992.003   396000.001
   620:   396341.003   396396.001   396962.003   396983.001   399219.003
   625:   399252.001   399472.003   403451.005   403615.009   406114.005
   630:   406211.009   406289.005   406347.009   406396.005   406515.009
   635:   407704.001   407800.003   408003.001   410256.003   410326.001
   640:   411156.003   412700.005   412708.009   412710.005   412782.009
   645:   413316.001   413389.003   413445.001   413485.003   413503.001
   650:   413822.003   413900.001   417492.003   419577.005   419722.009
   655:   421185.005   421211.009   421387.005   421394.009   421420.005
   660:   421453.009   422653.001   426258.018   426994.003   427000.016
   665:   427050.026   427121.005   427698.009   428967.005   429237.009
   670:   429284.005   429345.009   429377.005   430133.009   430905.001
   675:   431053.003   431228.001   431249.003   431261.001   433473.003
   680:   434119.001   436710.003   436858.001   437927.003   439973.005
   685:   440046.009   441755.001   441910.003   441933.001   442712.003
   690:   442728.001   442807.003   442819.001   446022.003   446051.001
   695:   446414.003   447430.005   447455.009   447528.005   447587.009
   700:   447646.005   447704.009   448377.001   448420.003   448464.001
   705:   448748.003   448774.001   448829.003   448847.001   449014.003
   710:   449053.001   450688.003   450849.001   452192.003   454373.001
   715:   454394.003   454437.001   454489.003   454497.001   455194.003
   720:   455209.001   457059.003   457365.001   458692.003   459624.005
   725:   459749.009   459765.005   459938.009   460622.001   460924.003
   730:   460940.001   461069.003   461082.001   461488.003   461535.001
   735:   463752.003   464033.001   464834.003   466220.005   466501.009
   740:   467311.001   467326.003   467357.001   467414.003   467453.001
   745:   467702.003   467768.001   468276.003   468300.001   470842.003
   750:   473265.001   473490.003   473527.001   473614.003   473627.001
   755:   474392.003   474410.001   476066.003   476270.001   478166.003
   760:   479181.005   479469.009   480242.001   480578.003   480593.001
   765:   484037.003   484828.005   485523.009   485847.005   487014.009
   770:   487034.005   487041.009   487075.005   487080.009   487099.005
   775:   487105.009   487860.001   487882.003   487892.001   488544.003
   780:   488571.001   490979.003   491001.001   491455.003   492714.001
   785:   493262.003   493279.001   494227.003   494261.001   494330.003
   790:   494348.001   497402.003   498644.005   498822.009   500355.001
   795:   500493.003   500559.001   501037.003   501076.001   501982.003
   800:   502021.001   505389.003   506495.005   506652.009   508040.005
   805:   508243.009   508752.001   508836.003   508850.001   508956.003
   810:   508974.001   509109.003   509127.001   511143.003   511174.001
   815:   511374.003   512564.001   512647.003   512664.001   513472.003
   820:   513486.001   516747.003   516787.001   517137.003   518263.005
   825:   518856.009   525393.005   525414.009   526329.001   526417.003
   830:   526470.001   529252.003   529802.005   529964.009   530489.001
   835:   530534.003   530583.001   533950.003   534847.005   534965.009
   840:   535833.001   539110.003   539138.001   539597.003   539634.001
   845:   539868.003   540992.005   541169.009   542840.001   543111.003
   850:   543141.001   546746.018   547726.003   547732.016   547771.001
   855:   547782.026   547814.003   547874.005   548529.009   550103.005
   860:   550182.009   550893.001   550985.003   551003.001   551100.003
   865:   551120.001   554644.003   555829.001   556735.003   556743.001
   870:   559261.003   560613.005   560904.009   562346.001   564845.003
   875:   565807.005   565961.009   566115.005   566338.009   567067.001
   880:   567337.003   567348.001   568225.003   568240.001   571001.003
   885:   571038.001   571259.003   572009.005   572347.009   572994.005
   890:   573088.009   573743.001   573935.003   574047.001   576458.003
   895:   576476.001   578604.003   578642.001   578853.003   580819.001
   900:   581122.003   581141.001   583909.003   583936.001   584177.003
   905:   585502.005   585605.009   585616.005   585753.009   586547.001
   910:   586560.003   586581.001   586724.003   586739.001   587093.003
   915:   587110.001   587474.003   587499.001   590002.003   591692.005
   920:   591894.009   592496.001   592809.003   592853.001   596458.018
   925:   596544.003   596550.016   596600.026   596665.005   597264.009
   930:   598541.005   598564.009   598788.005   598818.009   598846.005
   935:   598995.009   599838.001   600199.003   600246.001   600798.003
   940:   600845.001   603583.003   605286.005   605509.009   605567.005
   945:   605584.009   605715.005   605751.009   606311.001   606408.003
   950:   606473.001   606612.003   606657.001   609812.003   612269.005
   955:   612417.009   612870.001   612950.003   613009.001   613211.003
   960:   613322.001   616927.018   617525.003   617531.016   617581.026
   965:   617684.005   618216.009   621369.005   621373.009   621620.005
   970:   621926.009   621975.005   622007.009   622017.005   622098.009
   975:   622211.005   622259.009   622267.005   622274.009   622286.005
   980:   622305.009   622995.005   623030.009   624168.001   624181.003
   985:   624204.001   627809.018   628259.003   628265.016   628315.026
   990:   628428.005   628819.009   629860.005   629908.009   630508.001
   995:   630619.003   630657.001   630738.003   630894.001   631193.003
  1000:   631218.001   631702.003   631769.001   631814.003   631833.001
  1005:   635435.003   637086.001   637283.003   637333.001   640938.018
  1010:   642897.003   642903.016   642953.026   643036.005   643587.009
  1015:   644650.005   644670.009   644698.005   644754.009   645681.001
  1020:   645817.003   645867.001   646114.003   646164.001   646844.003
  1025:   646886.001   649709.003   650742.005   650827.009   650964.005
  1030:   650991.009   651683.001   651843.003   651907.001   652025.003
  1035:   652067.001   652141.003   652155.001   652242.003   652258.001
  1040:   652694.003   652714.001   653452.003   653492.001   656832.003
  1045:   657759.005   657850.009   658759.001   658829.003   658888.001
  1050:   658992.003   659037.001   659181.003   659199.001   659644.003
  1055:   659652.001   662267.003   664060.005   664247.009   664280.005
  1060:   664347.009   664359.005   664392.009   665680.001   665758.003
  1065:   665776.001   666217.003   666231.001   668528.003   668577.001
  1070:   668876.003   670969.005   671136.009   672781.005   672975.009
  1075:   676281.005   676331.009   677342.001   677475.003   677517.001
  1080:   677583.003   677599.001   678275.003   678432.005   678649.009
  1085:   679099.001   679291.003   680267.001   680378.003   680414.001
  1090:   683130.003   685069.005   685215.009   685400.005   685628.009
  1095:   686143.001   686161.003   686352.001   686388.003   686439.001
  1100:   686615.003   686656.001   686761.003   686801.001   690406.018
  1105:   690554.003   690560.016   690610.026   690710.005   691230.009
  1110:   691252.005   691324.009   693029.001   693075.003   693097.001
  1115:   693185.003   693200.001   696805.018   697050.003   697056.016
  1120:   697106.026   697208.005   697717.009   697805.005   697934.009
  1125:   699265.001   702761.003   704611.001   704663.003   704712.001
  1130:   704859.003   704903.001   704945.003   704958.001   705038.003
  1135:   705057.001   706396.003   706423.001   708036.003   708085.001
  1140:   708271.003   711097.005   711253.009   712711.005   712748.009
  1145:   714437.001   717704.003   717761.001   718070.003   720924.001
  1150:   720970.003   721016.001   721307.003   721350.001   721462.003
  1155:   721505.001   724400.003   725439.005   725503.009   725538.005
  1160:   725576.009   726274.001   726312.003   726350.001   726474.003
  1165:   726486.001   726747.003   726763.001   729593.003   729622.001
  1170:   729999.003   732885.005   732986.009   733711.001   733843.003
  1175:   733861.001   737314.003   739067.005   739226.009   743984.005
  1180:   744128.009   745074.001   745244.003   745337.001   745454.003
  1185:   745525.001   745624.003   745666.001   746353.003   746393.001
  1190:   748994.003   751352.001   751368.003   751424.001   751549.003
  1195:   751571.001   751658.003   751680.001   752291.003   752327.001
  1200:   755038.003   756341.005   756490.009   757664.001   757775.003
  1205:   757793.001   758290.003   758331.001   761936.018   762117.003
  1210:   762123.016   762152.001   762173.026   762223.003   762289.005
  1215:   763272.009   763282.005   763318.009   764216.005   764252.009
  1220:   765278.001   765436.003   765460.001   765840.003   765886.001
  1225:   769347.003   770962.001   771052.003   771075.001   771262.003
  1230:   771308.001   771524.003   771537.001   772186.003   772232.001
  1235:   775086.003   776436.001   776489.003   776539.001   776715.003
  1240:   776763.001   776802.003   776819.001   780222.003   780551.005
  1245:   780554.009   780558.005   780946.009   781661.001   785184.003
  1250:   785214.001   785498.003   787850.001   787979.003   788012.001
  1255:   788661.003   788702.001   792307.018   792343.003   792349.016
  1260:   792399.026   792519.005   793076.009   794082.005   794098.009
  1265:   794127.005   794190.009   794234.005   794371.009   794392.005
  1270:   794473.009   795174.001   795288.003   795324.001   795546.003
  1275:   795584.001   796109.003   796148.001   796185.003   796226.001
  1280:   799377.003   801749.001   801884.003   801925.001   801956.003
  1285:   802055.001   805660.018   806759.003   806765.016   806815.026
  1290:   806839.005   807578.009   808647.005   809663.009   810741.005
  1295:   811139.009   811197.005   811559.009   812115.001   812141.003
  1300:   812186.001   813693.003   813709.001   817032.003   817099.001
  1305:   817321.003   818140.005   818162.009   818214.005   818269.009
  1310:   818873.001   819012.003   819056.001   819267.003   819318.001
  1315:   819987.003   820008.001   823613.018   823861.003   823867.016
  1320:   823917.026   824050.005   824386.009   824403.005   824457.009
  1325:   824475.005   824547.009   826088.005   826314.009   828466.001
  1330:   828602.003   828637.001   832242.018   832783.003   832789.016
  1335:   832839.026   833001.005   833457.009   834435.005   834511.009
  1340:   834579.005   834877.009   835348.001   835392.003   835551.001
  1345:   835664.003   835762.001   835919.003   835974.001   836170.003
  1350:   836222.001   836263.003   836282.001   836361.003   836403.001
  1355:   840008.018   840053.003   840059.016   840109.026   840210.005
  1360:   840864.009   840917.005   840936.009   841660.005   841673.009
  1365:   841707.005   841780.009   841789.005   841806.009   842580.005
  1370:   842594.009   843449.001   844545.003   844588.001   847664.003
  1375:   848850.005   848953.009   849419.005   849516.009   849613.005
  1380:   850024.009   850942.001   851027.003   851083.001   851159.003
  1385:   851215.001   851263.003   851310.001   851436.003   851447.001
  1390:   854306.003   854339.001   854689.003   855982.005   856105.009
  1395:   856811.001   856853.003   856906.001   857063.003   857086.001
  1400:   857276.003   857325.001   857375.003   857388.001   857481.003
  1405:   857515.001   860579.003   862166.005   862425.009   863330.001
  1410:   863591.003   863604.001   866854.003   869159.005   869306.009
  1415:   869336.005   869570.009   870119.001   870718.003   870757.001
  1420:   871147.003   871158.001   874399.003   877685.001   877963.003
  1425:   877983.001   878456.003   878475.001   880939.003   880980.001
  1430:   881325.003   883612.005   883779.009   884557.001   884698.003
  1435:   885295.005   885304.009   886719.005   886751.009   886826.005
  1440:   886856.009   886865.005   887680.009   888671.001   888766.003
  1445:   888823.001   892225.003   892270.001   892454.003   895905.001
  1450:   896272.003   896311.001   896805.003   896828.001   896832.003
  1455:   896844.001   897272.003   897296.001   897357.003   897374.001
  1460:   897925.003   897935.001   900268.003   902221.005   902427.009
  1465:   902972.001   903040.003   903074.001   903146.003   903357.001
  1470:   904087.003   904128.001   904652.003   904667.001   907143.003
  1475:   907188.001   907368.003   909366.005   909614.009   909621.005
  1480:   909743.009   910206.001   910250.003   910274.001   910369.003
  1485:   910387.001   910663.003   910700.001   911073.003   911109.001
  1490:   911196.003   911222.001   914439.003   916551.005   916788.009
  1495:   917468.001   917997.003   918046.001   920880.003   923185.005
  1500:   923428.009   924379.001   924412.003   924434.001   924528.003
  1505:   924546.001   925356.003   925394.001   926087.003   926120.001
  1510:   928075.003   928102.001   929049.003   931514.005   931526.009
  1515:   931578.005   931649.009   932889.001   933531.003   933597.001
  1520:   933667.003   933728.001   933763.003   933770.001   933794.003
  1525:   933810.001   936847.003   938125.005   938643.009   939089.001
  1530:   939166.003   939214.001   939259.003   939316.001   942921.018
  1535:   943269.003   943275.016   943325.026   943443.005   943754.009
  1540:   944253.005   944273.009   944310.005   944516.009   944636.005
  1545:   944685.009   946003.001   946057.003   946081.001   946183.003
  1550:   946193.001   946277.003   946291.001   949896.018   950709.003
  1555:   950715.016   950765.026   950864.005   951535.009   952188.005
  1560:   952213.009   952247.005   952286.009   952449.005   952488.009
  1565:   952490.005   952518.009   953512.001   954302.003   954336.001
  1570:   956702.003   956742.001   957212.003   959144.005   959298.009
  1575:   959304.005   959309.009   959537.005   959545.009   960285.001
  1580:   960309.003   960355.001   963893.003   965991.005   966157.009
  1585:   966247.005   966518.009   968091.001   968177.003   968198.001
  1590:   968213.003   968257.001   968623.003   968664.001   968724.003
  1595:   968738.001   971073.003   972606.005   972777.009   973594.001
  1600:   973788.003   973817.001   976863.003   976903.001   977268.003
  1605:   978838.005   979039.009   980584.001   980704.003   980763.001
  1610:   980926.003   980967.001   984305.003   985967.005   986056.009
  1615:   988041.005   988350.009   989321.001   989379.003   989442.001
  1620:   989582.003   989632.001   989770.003   989793.001   992448.003
  1625:   993861.005   994051.009   994629.001   994879.003   994927.001
  1630:   994989.003   995004.001   997005.003   997104.001   998453.003
  1635:  1001247.005  1001447.009  1001448.005  1001482.009  1004186.001
  1640:  1004244.003  1004275.001  1004295.003  1004348.001  1007115.003
  1645:  1008412.005  1008460.009  1009031.005  1009630.009  1009824.005
  1650:  1009940.009  1010688.001  1010971.003  1011049.001  1011106.003
  1655:  1011133.001  1014188.003  1016475.005  1016706.009  1017436.001
  1660:  1017441.003  1017463.001  1017505.003  1017526.001  1017624.003
  1665:  1017640.001  1018567.003  1018606.001  1021554.003  1023066.005
  1670:  1023316.009  1024331.001  1024399.003  1024432.001  1028037.018
  1675:  1028235.003  1028241.016  1028291.026  1028395.005  1029026.009
  1680:  1032738.001  1032941.003  1032954.001  1034024.003  1034041.001
  1685:  1037005.003  1037045.001  1037278.003  1038957.005  1039065.009
  1690:  1039199.005  1039298.009  1039309.005  1039327.009  1039480.005
  1695:  1039729.009  1039829.005  1039945.009  1040911.001  1040941.003
  1700:  1040992.001  1044597.018  1044607.003  1044613.016  1044644.001
  1705:  1044663.026  1044689.003  1044784.005  1045632.009  1047668.005
  1710:  1047795.009  1047840.005  1047890.009  1047927.005  1048052.009
  1715:  1056100.001  1056178.003  1056277.001  1056579.003  1056634.001
  1720:  1056674.003  1056717.001  1057360.003  1057499.001  1057546.003
  1725:  1057590.001  1060990.003  1063009.001  1063361.003  1063403.001
  1730:  1063462.003  1063483.001  1064170.003  1064214.001  1064260.003
  1735:  1064274.001  1067164.003  1068686.005  1068890.009  1069174.005
  1740:  1069394.009  1070114.001  1070308.003  1070355.001  1070686.003
  1745:  1070706.001  1073906.003  1075893.005  1076011.009  1076685.001
  1750:  1076949.003  1076967.001  1077792.003  1077808.001  1079831.003
  1755:  1079877.001  1080082.003  1082306.005  1082686.009  1083255.001
  1760:  1083297.003  1083397.001  1083444.003  1083582.001  1083629.003
  1765:  1083666.001  1084742.003  1084782.001  1085159.003  1085170.001
  1770:  1087677.003  1087713.001  1087903.003  1090010.005  1090193.009
  1775:  1090751.001  1090939.003  1090953.001  1091350.003  1091367.001
  1780:  1094972.018  1095816.003  1095822.016  1095872.026  1095960.005
  1785:  1096412.009  1097287.005  1097315.009  1097332.005  1097611.009
  1790:  1097623.005  1097681.009  1097959.005  1098069.009  1098852.001
  1795:  1099785.003  1099811.001  1103416.018  1104039.003  1104045.016
  1800:  1104095.026  1104132.005  1104713.009  1104721.005  1106388.009
  1805:  1106441.005  1106443.009  1107355.001  1109210.003  1109232.001
  1810:  1111480.003  1111519.001  1111839.003  1113666.005  1113728.009
  1815:  1113742.005  1113775.009  1113850.005  1113854.009  1113867.005
  1820:  1113873.009  1113957.005  1114214.009  1114926.001  1114956.003
  1825:  1115045.001  1118410.003  1120114.005  1120251.009  1120919.001
  1830:  1124524.018  1124648.003  1124654.016  1124704.026  1124818.005
  1835:  1125429.009  1126319.005  1126506.009  1126535.005  1126561.009
  1840:  1127226.001  1127375.003  1127404.001  1127464.003  1127481.001
  1845:  1127496.003  1127508.001  1128151.003  1128163.001  1131721.003
  1850:  1131860.005  1131981.009  1133382.001  1133446.003  1133461.001
  1855:  1133601.003  1133611.001  1134166.003  1134184.001  1136730.003
  1860:  1136767.001  1137176.003  1140799.005  1140964.009  1140997.005
  1865:  1141064.009  1141108.005  1141299.009  1142172.001  1142289.003
  1870:  1142374.001  1145779.003  1146970.005  1146992.009  1147000.005
  1875:  1147160.009  1147388.005  1147646.009  1148367.001  1148511.003
  1880:  1148551.001  1148698.003  1148714.001  1148875.003  1148890.001
  1885:  1149065.003  1149078.001  1151161.003  1153140.005  1153255.009
  1890:  1153655.001  1153734.003  1153749.001  1154583.003  1154594.001
  1895:  1156615.003  1158245.005  1158326.009  1158822.001  1158940.003
  1900:  1158953.001  1159218.003  1159225.001  1162364.003  1163783.005
  1905:  1163885.009  1164275.005  1164400.009  1165130.001  1168119.003
  1910:  1170152.005  1170397.009  1170475.005  1170783.009  1171234.001
  1915:  1171252.003  1171271.001  1171704.003  1171717.001  1175322.018
  1920:  1175592.003  1175598.016  1175648.026  1175757.005  1176220.009
  1925:  1176957.005  1176961.009  1177846.005  1177883.009  1178507.001
  1930:  1178690.003  1178702.001  1182005.003  1183634.005  1183729.009
  1935:  1183773.005  1183776.009  1184517.001  1184544.003  1184586.001
  1940:  1184644.003  1184669.001  1187456.003  1189601.005  1189746.009
  1945:  1190330.001  1190389.003  1190506.001  1194111.018  1194554.003
  1950:  1194560.016  1194610.026  1194775.005  1195065.009  1197113.001
  1955:  1197328.003  1197349.001  1197417.003  1197442.001  1198208.003
  1960:  1198240.001  1200999.003  1203175.001  1203241.003  1203296.001
  1965:  1203414.003  1203442.001  1206953.003  1208948.005  1209134.009
  1970:  1209973.001  1210048.003  1210095.001  1210131.003  1210150.001
  1975:  1210523.003  1210559.001  1210885.003  1210935.001  1213962.003
  1980:  1214009.001  1214319.003  1216613.005  1216765.009  1217388.001
  1985:  1217476.003  1217498.001  1217831.003  1217847.001  1221202.003
  1990:  1222138.005  1222307.009  1222377.005  1222518.009  1223121.001
  1995:  1223214.003  1223265.001  1225012.003  1225039.001  1227385.003
  2000:  1227426.001  1227602.003  1229250.005  1229393.009  1229404.005
  2005:  1230333.009  1231308.001  1231384.003  1231460.001  1232010.003
  2010:  1232025.001  1233055.003  1233075.001  1233136.003  1233154.001
  2015:  1235703.003  1238280.005  1238388.009  1238422.005  1238477.009
  2020:  1239383.001  1239444.003  1239497.001  1242692.003  1244866.005
  2025:  1245061.009  1246111.001  1246517.003  1246548.001  1246710.003
  2030:  1246760.001  1249612.003  1249658.001  1249995.003  1251175.005
  2035:  1251383.009  1253164.005  1253326.009  1253849.001  1257454.018
  2040:  1258089.003  1258095.016  1258145.026  1258250.005  1258669.009
  2045:  1259626.005  1259681.009  1260363.001  1260602.003  1260623.001
  2050:  1263772.003  1263810.001  1264138.003  1265579.005  1266071.009
  2055:  1267300.001  1270905.018  1271687.003  1271693.016  1271743.026
  2060:  1271859.005  1272292.009  1273270.005  1273279.009  1274001.001
  2065:  1274083.003  1274111.001  1274257.003  1274278.001  1277176.003
  2070:  1279210.005  1279290.009  1279301.005  1279314.009  1279874.001
  2075:  1280037.003  1280064.001  1280156.003  1280179.001  1280405.003
  2080:  1280417.001  1283614.003  1283656.001  1284037.003  1286104.001
  2085:  1286332.003  1286365.001  1289970.018  1290513.003  1290519.016
  2090:  1290569.026  1290674.005  1291117.009  1291192.005  1291375.009
  2095:  1293708.005  1293722.009  1293742.005  1293778.009  1293885.005
  2100:  1293968.009  1293981.005  1294001.009  1294135.005  1294169.009
  2105:  1294277.005  1294290.009  1294297.005  1294445.009  1295147.001
  2110:  1295374.003  1295409.001  1299014.018  1299220.003  1299226.016
  2115:  1299276.026  1299389.005  1300256.009  1301655.005  1301768.009
  2120:  1301845.005  1301897.009  1302667.001  1302759.003  1302775.001
  2125:  1302876.003  1302898.001  1303072.003  1303092.001  1305807.003
  2130:  1306849.005  1307030.009  1307630.001  1307703.003  1307730.001
  2135:  1307823.003  1307844.001  1308016.003  1308150.001  1308197.003
  2140:  1308237.001  1311694.003  1313232.001  1313837.003  1313873.001
  2145:  1317406.003  1318944.005  1319298.009  1319815.001  1320491.003
  2150:  1320527.001  1320603.003  1320623.001  1324089.003  1326546.005
  2155:  1326719.009  1327565.001  1328893.003  1328904.001  1331647.003
  2160:  1333295.005  1333414.009  1334739.005  1335286.009  1335458.005
  2165:  1335545.009  1336190.001  1336205.003  1336253.001  1339858.018
  2170:  1339887.003  1339893.016  1339933.001  1339943.026  1339963.003
  2175:  1340040.005  1340536.009  1341554.005  1341603.009  1342190.001
  2180:  1342208.003  1342330.001  1342893.003  1342950.001  1342983.003
  2185:  1343008.001  1346503.003  1347894.005  1348043.009  1348093.005
  2190:  1348148.009  1348845.001  1349495.003  1349525.001  1352188.003
  2195:  1352460.001  1353007.003  1353052.001  1353262.003  1354874.005
  2200:  1355073.009  1355832.001  1355882.003  1355916.001  1355985.003
  2205:  1356069.001  1358610.003  1359003.001  1359707.003  1362109.005
  2210:  1362287.009  1362772.001  1363113.003  1363228.001  1365646.003
  2215:  1365679.001  1366630.003  1366678.001  1366858.003  1368748.005
  2220:  1368908.009  1369732.001  1370227.003  1370244.001  1373152.003
  2225:  1373314.001  1374024.003  1374073.001  1374259.003  1376657.005
  2230:  1377211.009  1377845.001  1377905.003  1377946.001  1378006.003
  2235:  1378033.001  1378829.003  1378846.001  1380038.003  1380046.001
  2240:  1382539.003  1382578.001  1382667.003  1383610.005  1383681.009
  2245:  1384293.001  1384502.003  1384580.001  1384850.003  1384878.001
  2250:  1384958.003  1384982.001  1385218.003  1385227.001  1385598.003
  2255:  1385617.001  1387009.003  1387017.001  1387140.003  1387181.001
  2260:  1388905.003  1389046.001  1390027.003  1391831.005  1392090.009
  2265:  1394376.001  1395330.003  1395360.001  1395529.003  1395537.001
  2270:  1395729.003  1395741.001  1397703.003  1397727.001  1398781.003
  2275:  1398826.001  1399149.003  1401918.001  1402115.003  1402133.001
  2280:  1402372.003  1402442.001  1402559.003  1402579.001  1402968.003
  2285:  1402977.001  1406139.003  1408168.005  1408567.009  1408696.005
  2290:  1409075.009  1409759.001  1413261.003  1413312.001  1413459.003
  2295:  1415449.005  1415649.009  1416254.001  1416499.003  1416528.001
  2300:  1416543.003  1416569.001  1417010.003  1417028.001  1418164.003
  2305:  1418187.001  1421640.003  1422555.005  1422863.009  1424804.005
  2310:  1424825.009  1424885.005  1425054.009  1425120.005  1425169.009
  2315:  1425171.005  1425271.009  1426457.001  1426605.003  1426649.001
  2320:  1427102.003  1427118.001  1428765.003  1428773.001  1430257.003
  2325:  1430593.001  1431270.003  1433200.005  1433415.009  1433525.005
  2330:  1433893.009  1434723.001  1435546.003  1435587.001  1439192.018
  2335:  1439278.003  1439284.016  1439334.026  1439408.005  1440025.009
  2340:  1440760.005  1441679.009  1442418.001  1442740.003  1442802.001
  2345:  1445577.003  1446475.005  1447141.009  1447151.005  1447162.009
  2350:  1447174.005  1447182.009  1447296.005  1447939.009  1448725.001
  2355:  1448858.003  1448970.001  1449225.003  1449246.001  1449794.003
  2360:  1449810.001  1452801.003  1453785.005  1453928.009  1454851.001
  2365:  1455235.003  1455254.001  1455662.003  1455705.001  1458364.003
  2370:  1458403.001  1458560.003  1459667.005  1459802.009  1460611.001
  2375:  1464216.018  1465164.003  1465170.016  1465220.026  1465299.005
  2380:  1465838.009  1467816.005  1467965.009  1468038.005  1468059.009
  2385:  1468082.005  1468093.009  1469175.001  1471743.003  1471788.001
  2390:  1472039.003  1473608.005  1473719.009  1473732.005  1473745.009
  2395:  1474283.001  1474385.003  1474509.001  1475089.003  1475105.001
  2400:  1475120.003  1475131.001  1478736.018  1478768.003  1478774.016
  2405:  1478824.026  1478941.005  1479348.009  1479942.005  1480069.009
  2410:  1480784.001  1480840.003  1480862.001  1480947.003  1481015.001
  2415:  1481179.003  1481226.001  1481567.003  1481581.001  1483536.003
  2420:  1483705.001  1484669.003  1487538.005  1487647.009  1488270.001
  2425:  1488329.003  1488668.001  1488864.003  1488908.001  1489553.003
  2430:  1489572.001  1492499.003  1494340.005  1494480.009  1495058.001
  2435:  1495196.003  1495233.001  1495350.003  1495647.001  1495763.003
  2440:  1495815.001  1499196.003
B:
     0:        0.000      791.000        0.000      791.000        0.000
     5:      366.000        0.000        0.000        0.000      366.000
    10:        0.000        1.000        0.000        1.000        0.000
    15:        0.000       42.000        0.000       42.000        0.000
    20:        0.000        0.000        0.000        0.000        0.000
    25:        0.000       42.000        0.000        0.000        0.000
    30:        0.000
D:
     0:  1552905.000  1549525.000  1552906.000
E:
     0:     3605.000     3605.000
T:
     0:        0.000        0.000        0.000        0.000
W:
     0:        0.000        0.000        0.000
