File: C:\MED-PC IV\Data\Reyes\AY\AY1058.999


Start Date: 10/15/24
End Date: 10/15/24
Subject: 58
Experiment: AY
Group: PERC
Box: 2
Start Time: 15:01:34
End Time: 15:51:34
MSN: DRRD_perc
C:       0.000
F:       0.000
G:       0.000
H:       0.000
I:       0.000
J:       0.000
K:    3596.000
L:       0.000
M:       0.000
N:       0.000
O:       0.000
Q:     497.500
S:     467.494
U:    5440.000
V:       0.000
X:       0.000
Y:    3718.000
Z:       0.000
A:
     0:    11566.005    11701.009    13124.005    13130.009    13147.005
     5:    13193.009    13210.005    13232.009    13285.005    13292.009
    10:    13992.005    14649.009    15000.013    15000.011    15246.001
    15:    15629.003    15693.005    15885.009    16418.001    16798.003
    20:    17446.001    17958.003    18006.001    18743.003    18821.001
    25:    18865.003    19270.005    19305.009    19547.001    19890.003
    30:    20703.005    20835.009    22364.005    22375.009    22444.005
    35:    23190.009    25049.005    25063.009    25151.005    25288.009
    40:    26021.005    26031.009    26245.005    26379.009    27398.001
    45:    27517.003    27692.005    27814.009    28830.005    28896.009
    50:    30660.005    30741.009    30757.005    30768.009    30921.005
    55:    30933.009    31612.005    31649.009    31662.005    31708.009
    60:    31723.005    31755.009    31768.005    31933.009    31946.005
    65:    32046.009    32290.005    32294.009    32412.005    33989.009
    70:    33994.005    34002.009    34029.005    34037.009    34650.001
    75:    34780.003    36498.001    37146.003    37633.005    37746.009
    80:    38667.005    38696.009    38978.005    38986.009    39658.005
    85:    39682.009    39684.005    39735.009    40041.001    40716.003
    90:    40752.001    40884.003    40915.001    40980.003    41344.005
    95:    41547.009    49713.005    49802.009    49883.005    49889.009
   100:    50320.001    50507.003    50551.001    50985.003    51199.005
   105:    51203.009    51317.005    51444.009    51784.001    52026.003
   110:    52064.001    52180.003    52236.001    52429.003    52561.001
   115:    52841.005    52844.003    53169.009    53717.001    53801.003
   120:    53835.001    55163.003    55952.005    56040.009    56987.001
   125:    57034.003    57067.001    57268.003    57306.001    57433.003
   130:    57454.001    57838.003    58078.005    58613.009    58619.005
   135:    58622.009    58630.005    58636.009    59607.005    60042.009
   140:    60157.005    60178.009    61967.005    62108.009    62116.005
   145:    62125.009    62126.005    62133.009    64501.001    64793.003
   150:    64794.005    65101.009    65996.001    66185.003    66722.001
   155:    67866.003    68258.005    69375.009    72180.001    72356.003
   160:    72395.001    72556.005    72588.009    72622.003    72756.005
   165:    72899.009    78299.005    78676.009    78677.005    78682.009
   170:    80242.001    80684.003    80869.005    81050.009    81234.001
   175:    81840.003    81884.001    82528.003    82573.001    82753.003
   180:    82826.001    83179.003    83336.001    83630.003    83987.005
   185:    84259.009    84444.005    84520.009    85839.001    86258.003
   190:    86266.001    87339.003    87389.001    87596.003    87970.005
   195:    88396.009    88677.001    89437.003    90200.001    90404.003
   200:    90909.001    91009.003    91815.001    92773.003    92826.001
   205:    93092.003    93115.001    93403.003    93508.001    93558.003
   210:    93597.001    93639.003    93680.001    93877.003    93914.005
   215:    94092.009    95376.005    95381.009    95789.005    95995.009
   220:    96066.005    96135.009    96191.005    96310.009    99931.005
   225:   100185.009   107059.005   107068.009   107143.005   107360.009
   230:   108162.001   108827.005   108849.003   109010.009   109231.001
   235:   109715.003   109753.001   110274.003   110564.005   110788.009
   240:   111044.001   111601.003   111634.001   112127.003   112194.001
   245:   112305.003   112392.001   112910.003   112966.001   113612.003
   250:   113959.005   115870.009   117602.005   117611.009   117669.005
   255:   117800.009   117803.005   117811.009   117815.005   117824.009
   260:   123972.005   124058.009   124269.001   125318.003   125364.001
   265:   126168.003   126476.001   127314.003   127350.001   127615.003
   270:   127669.001   127807.003   127913.001   128730.003   129046.005
   275:   129573.009   130157.005   130174.009   130189.005   130206.009
   280:   130486.001   130547.003   130591.001   130844.003   130891.001
   285:   131069.003   131113.001   131376.003   131437.001   131684.003
   290:   131722.001   132212.003   132868.005   132985.009   133226.001
   295:   133429.003   133488.001   133788.003   133804.001   134067.003
   300:   134122.001   134276.003   134302.001   134641.003   134715.001
   305:   134805.003   135198.005   135534.009   136628.005   136645.009
   310:   137206.005   137363.009   137532.005   137538.009   137703.005
   315:   137716.009   137876.005   137881.009   137901.005   138278.009
   320:   139734.005   139785.009   140442.001   140464.003   140496.001
   325:   140688.003   140849.001   140884.003   140929.001   142469.003
   330:   142602.001   143217.003   143415.005   143724.009   143917.001
   335:   144095.003   144109.001   144388.003   144407.001   144523.003
   340:   144673.001   145272.003   145306.001   145389.003   145433.001
   345:   145537.003   145574.001   145847.003   145872.001   146444.003
   350:   146828.005   147146.009   147523.005   147537.009   147852.001
   355:   148054.003   149337.001   149822.003   149863.001   150169.003
   360:   150937.005   150951.009   150974.005   151308.009   151589.001
   365:   151682.003   151763.001   152539.003   152614.001   152863.003
   370:   152968.001   153220.003   153310.001   154136.003   154210.001
   375:   154838.003   154868.005   155843.009   156148.001   156305.003
   380:   157673.001   158143.005   158289.003   158657.009   158874.005
   385:   158880.009   158892.005   158897.009   158899.005   158908.009
   390:   158913.005   158928.009   159250.005   159253.009   171808.005
   395:   171969.009   172195.005   172302.009   172750.001   173217.003
   400:   173340.005   173455.009   173679.001   174012.003   174039.001
   405:   174215.003   174253.001   174300.003   174331.001   174547.003
   410:   174583.001   174821.003   174836.001   174897.003   174937.001
   415:   175286.003   175336.001   175775.003   175808.001   176047.003
   420:   176199.001   176302.003   176389.001   176484.003   176540.001
   425:   176685.003   177176.005   177346.009   177347.005   177352.009
   430:   177715.005   177756.009   178006.001   178144.003   186226.005
   435:   186437.009   188801.005   188816.009   188825.005   189027.009
   440:   189346.001   189437.003   189693.001   190206.003   190236.001
   445:   190818.003   190893.001   190985.003   191385.005   191889.009
   450:   192148.001   192256.003   192318.001   193200.003   193220.001
   455:   194067.003   194132.001   194474.003   194507.001   194878.003
   460:   194905.001   195078.003   195133.001   195417.003   196585.001
   465:   197630.003   197664.001   198214.003   198384.001   198754.003
   470:   198994.005   199187.009   199738.005   200123.009   200357.001
   475:   200661.003   200684.001   200748.003   200914.001   200985.003
   480:   201024.001   201845.003   201893.001   202557.003   202988.005
   485:   203017.009   203054.005   203080.009   203082.005   203178.009
   490:   203451.001   203589.003   203637.001   203719.003   203723.001
   495:   204099.003   204134.001   204341.003   204392.001   204528.003
   500:   204562.001   205113.003   205710.005   205934.009   206165.001
   505:   206638.003   206663.001   207517.003   207937.001   208255.003
   510:   208753.005   208820.009   209130.005   209381.009   209425.005
   515:   212363.009   212627.005   213409.009   213422.005   214386.009
   520:   214410.005   215519.009   217358.005   217395.009   220207.005
   525:   220553.009   231149.005   231170.009   231181.005   231391.009
   530:   232593.005   232606.009   232621.005   232627.009   232634.005
   535:   232641.009   232644.005   232680.009   232681.005   232841.009
   540:   232857.005   232864.009   232876.005   232891.009   232927.005
   545:   232944.009   233115.005   233882.009   233889.005   233910.009
   550:   233929.005   233936.009   234327.005   234332.009   234394.005
   555:   234495.009   236482.005   236705.009   236737.005   236745.009
   560:   236757.005   236767.009   236776.005   236787.009   236789.005
   565:   236802.009   236841.005   237047.009   237352.001   239150.018
   570:   239452.003   239458.016   239508.026   239567.005   240707.009
   575:   240718.005   240854.009   241169.005   241233.009   241237.005
   580:   241760.009   242217.005   242239.009   242788.005   243861.009
   585:   243883.005   244035.009   244072.005   245605.009   245611.005
   590:   245617.009   246375.005   246797.009   246807.005   246814.009
   595:   246899.005   246904.009   246935.005   246945.009   246979.005
   600:   246994.009   246999.005   247013.009   247032.005   247045.009
   605:   248351.005   248355.009   248430.005   248510.009   249131.001
   610:   249243.003   249314.001   249890.003   249940.001   250047.003
   615:   250116.001   250613.003   250980.005   251207.009   251474.001
   620:   251487.003   251552.001   251713.003   251761.001   251930.003
   625:   251957.001   252252.003   253230.001   253550.003   254224.001
   630:   254946.003   254980.001   255574.003   255608.001   255816.003
   635:   255919.001   256040.003   256280.005   256655.009   257405.001
   640:   257675.003   257699.001   258139.003   259271.001   259307.003
   645:   259975.005   260067.009   260312.001   260379.003   260396.001
   650:   260545.003   260588.001   260974.003   262360.001   262454.003
   655:   262496.001   262828.003   262970.001   263274.003   263324.001
   660:   263525.003   263814.005   264592.009   273808.005   274034.009
   665:   274872.005   274879.009   274888.005   274933.009   275614.001
   670:   275923.003   276168.005   276365.009   277441.005   277447.009
   675:   277449.005   277457.009   277492.005   277503.009   277504.005
   680:   277510.009   277525.005   277608.009   288384.005   288469.009
   685:   288483.005   288488.009   289802.001   290415.003   290712.001
   690:   290894.003   291584.005   291842.009   292113.001   292230.003
   695:   292257.001   292489.003   292551.001   292821.003   292852.001
   700:   293479.003   293532.001   293621.003   293681.001   293815.003
   705:   293878.001   294224.003   294245.001   294410.003   294465.001
   710:   294800.003   295001.005   295357.009   297127.005   297226.009
   715:   298182.001   298756.003   299158.005   299177.009   299191.005
   720:   299378.009   299642.001   300128.003   300161.001   300590.003
   725:   300640.001   300784.003   300888.001   300913.003   301415.005
   730:   301551.009   305909.005   306021.009   306255.001   306544.003
   735:   307425.001   307748.003   307834.001   308868.003   309109.005
   740:   309684.009   310574.005   310757.009   311222.001   311388.003
   745:   311416.001   311990.003   312023.001   313373.003   314369.005
   750:   314382.009   314389.005   314539.009   314830.001   314859.003
   755:   314915.001   315041.003   315056.001   315545.003   315715.001
   760:   315743.003   316787.001   317132.003   317168.001   317774.003
   765:   317794.001   318339.003   318364.001   318645.003   319036.005
   770:   319337.009   319711.001   319800.003   319834.001   320028.003
   775:   320066.001   320213.003   320219.001   320350.003   320370.001
   780:   320725.003   320760.001   321326.003   321805.005   322046.009
   785:   322179.005   322243.009   322450.001   322488.003   322547.001
   790:   322772.003   322825.001   323261.003   324868.001   325640.003
   795:   326490.001   326846.003   326939.001   327223.003   328377.001
   800:   330175.018   331370.003   331376.016   331426.026   331465.005
   805:   332911.009   333279.005   333308.009   334695.005   335245.009
   810:   335796.001   335949.003   335994.001   336024.003   336073.001
   815:   336231.003   336285.001   336803.003   336840.001   337316.003
   820:   337992.005   338219.009   339312.005   339319.009   339361.005
   825:   339716.009   340035.001   340123.003   340404.001   340427.003
   830:   340635.001   341453.003   341465.001   341814.003   342327.005
   835:   342730.009   342944.001   342987.003   343040.001   343144.003
   840:   343203.001   343640.003   343712.001   343768.003   343828.001
   845:   344035.003   344080.001   344137.003   344195.001   344577.003
   850:   344688.001   345019.003   345367.005   345567.009   345827.001
   855:   345981.003   346035.001   346255.003   346263.001   346627.003
   860:   346681.001   347073.003   347360.005   347880.009   348474.001
   865:   348772.003   349016.001   349253.003   349349.001   349642.003
   870:   350310.001   350487.003   351870.005   352051.009   352091.005
   875:   352112.009   352124.005   352598.009   352857.001   353344.003
   880:   353735.001   354107.003   354124.001   354560.003   354570.001
   885:   355440.003   355552.005   355678.009   355903.005   355909.009
   890:   355962.005   355967.009   355990.005   356083.009   356459.001
   895:   356727.003   356762.001   356850.003   356939.001   357217.003
   900:   357271.001   357725.003   357780.001   358000.003   358051.001
   905:   358553.003   358872.005   359026.009   359772.001   360446.003
   910:   361060.005   361264.009   361346.005   361453.009   361797.001
   915:   361972.003   362034.001   362843.003   362969.001   363116.003
   920:   363768.005   364415.009   368750.005   369036.009   369256.001
   925:   369705.003   369769.001   370010.003   370614.005   370657.009
   930:   370969.001   371095.003   371145.001   371498.003   371540.001
   935:   371695.003   371739.001   373294.003   374419.005   374427.009
   940:   374505.005   374852.009   375317.001   375554.003   375590.001
   945:   375882.003   379858.005   379941.009   379951.005   379956.009
   950:   380163.001   380708.003   381848.001   382374.003   382393.001
   955:   382455.003   382495.001   382538.003   382575.001   382749.003
   960:   382813.001   383172.003   383463.005   383898.009   384122.001
   965:   384215.003   384239.001   384425.003   384480.001   384700.003
   970:   384752.001   386550.018   386950.003   386956.016   386959.005
   975:   387006.026   387825.009   387826.005   388093.009   388098.005
   980:   388326.009   388740.005   388746.009   389177.001   389326.003
   985:   389369.001   389947.003   389999.001   390269.003   390309.001
   990:   390921.003   391225.005   391829.009   392223.001   392295.003
   995:   392362.001   392443.003   392495.001   393109.003   393147.001
  1000:   393917.003   394197.005   394380.009   395696.005   395835.009
  1005:   396327.001   396933.003   396969.001   398154.003   398657.005
  1010:   399002.009   399368.005   399466.009   400497.001   401600.003
  1015:   401975.005   402321.009   402601.001   403788.003   404433.001
  1020:   404981.003   405026.001   405576.003   405614.001   405969.003
  1025:   406042.001   406089.003   406516.005   407088.009   407604.001
  1030:   407674.003   407753.001   407986.003   408013.001   408514.003
  1035:   409028.005   409398.009   409675.001   409700.003   409746.001
  1040:   409773.003   409903.001   410399.003   410447.001   411136.003
  1045:   411704.005   412087.009   412272.005   412534.009   412764.001
  1050:   412780.003   412830.001   413045.003   413289.001   413429.003
  1055:   413776.001   413951.003   414020.001   414388.003   416358.005
  1060:   416365.009   416381.005   416643.009   416996.001   417350.003
  1065:   417376.001   417726.003   417806.001   417989.003   418030.001
  1070:   418916.003   418960.001   419081.003   419138.001   419553.003
  1075:   421394.005   421540.009   421554.005   422163.009   423070.001
  1080:   423815.003   424260.005   424533.009   424864.001   424945.003
  1085:   425088.001   425844.003   426334.005   426566.009   426912.001
  1090:   428117.003   428472.005   428604.009   429008.001   429323.003
  1095:   429354.001   429488.003   429523.001   429576.003   429603.001
  1100:   430866.003   430927.001   431603.003   431726.005   432919.009
  1105:   434307.001   434365.003   434682.001   434736.003   434785.001
  1110:   435042.003   435086.005   435290.009   435550.001   435894.003
  1115:   435929.001   436299.003   436346.001   436372.003   436394.001
  1120:   437184.003   437549.005   437791.009   438405.001   438919.003
  1125:   438965.001   439170.003   439188.001   439549.003   439626.001
  1130:   439703.003   440071.005   440393.009   440464.005   440596.009
  1135:   441059.001   441761.003   442322.005   442452.009   442521.005
  1140:   442727.009   443100.001   443139.003   443180.001   443770.003
  1145:   443781.001   443851.003   443925.001   444616.003   444701.001
  1150:   444986.003   445478.005   445751.009   446582.001   446687.003
  1155:   446724.001   448205.003   448705.005   448961.009   451126.005
  1160:   451387.009   451630.001   451775.003   451809.001   452520.003
  1165:   453573.005   453580.009   453608.005   453767.009   455137.005
  1170:   455537.009   455761.001   455869.003   455881.001   456628.003
  1175:   456645.001   457246.003   457678.005   458015.009   458599.001
  1180:   458663.003   458729.001   458967.003   458988.001   460708.003
  1185:   460735.001   461056.003   461123.001   461238.003   461602.005
  1190:   462021.009   463455.001   463788.003   465578.005   465840.009
  1195:   466218.001   467444.003   467921.005   468125.009   468571.001
  1200:   469159.003   469773.005   469799.009   470577.005   470989.009
  1205:   479344.005   479714.009   483212.005   483479.009   484113.005
  1210:   484562.009   487930.005   488061.009   488436.001   488801.003
  1215:   488817.005   489126.009   489281.005   489574.009   492690.005
  1220:   492713.009   492754.005   492876.009   492892.005   493011.009
  1225:   495169.005   495449.009   495795.001   495892.003   496139.001
  1230:   496275.003   496334.001   496640.003   497642.005   498043.009
  1235:   513003.005   513019.009   513024.005   513201.009   514613.001
  1240:   514950.003   515071.001   515132.003   515222.001   515369.003
  1245:   515385.005   515764.009   516170.001   517968.018   517982.003
  1250:   517988.016   518030.005   518038.026   519034.009   519456.005
  1255:   519478.009   519803.005   519835.009   520734.005   521443.009
  1260:   521450.005   522034.009   522272.001   522425.003   522446.001
  1265:   523225.003   523252.001   523707.003   524297.005   524417.009
  1270:   524704.005   524850.009   525212.001   526250.003   526649.005
  1275:   526762.009   527063.001   527166.003   527187.001   527494.003
  1280:   527539.001   527794.003   527954.001   528094.003   528121.001
  1285:   529037.003   540170.005   540746.009   541316.001   541465.003
  1290:   541703.005   541811.009   555969.005   555976.009   555982.005
  1295:   556093.009   556797.001   556900.003   560405.005   560497.009
  1300:   565655.005   565828.009   566060.001   566435.003   566477.005
  1305:   566744.009   567098.001   567306.003   568230.001   568298.003
  1310:   568483.005   568590.009   576205.005   576537.009   579611.005
  1315:   579867.009   585120.005   585227.009   585632.001   585792.003
  1320:   586221.001   586735.003   587104.001   587577.003   587954.005
  1325:   588100.009   589703.005   589819.009   590035.001   590059.003
  1330:   591339.001   591999.003   592352.005   592461.009   592705.005
  1335:   592710.009   592738.005   592744.009   592771.005   592777.009
  1340:   592790.005   592799.009   592800.005   592815.009   593053.005
  1345:   593058.009   593059.005   593066.009   595992.005   596243.009
  1350:   597454.005   597515.009   597603.005   597876.009   598459.001
  1355:   599448.003   599513.001   599537.003   599903.005   600055.009
  1360:   604041.005   604228.009   604475.001   604611.003   604627.001
  1365:   604865.003   606210.005   606454.009   606671.001   606913.003
  1370:   606943.001   607423.003   607442.001   608140.003   608474.005
  1375:   608693.009   608975.001   609035.003   609094.001   609295.003
  1380:   609320.001   609989.003   610299.005   610739.009   610996.005
  1385:   611481.009   611773.001   611969.003   612016.001   612352.003
  1390:   612452.001   612567.003   612649.001   613362.003   613873.005
  1395:   614033.009   614174.005   614506.009   614745.001   614987.003
  1400:   615456.001   616173.003   616494.005   616616.009   619413.005
  1405:   619541.009   620072.001   620283.003   621439.005   621599.009
  1410:   622666.005   622742.009   626172.005   626359.009   626742.001
  1415:   626773.003   627355.005   627564.009   629347.005   629351.009
  1420:   629393.005   629763.009   629770.005   629871.009   632866.005
  1425:   633163.009   634050.005   634172.009   635072.005   635133.009
  1430:   636204.005   636529.009   636839.005   636927.009   637220.001
  1435:   637451.003   637532.001   638221.003   638288.001   638363.003
  1440:   638380.001   638842.003   639152.005   639496.009   639782.001
  1445:   639952.003   639965.001   640167.003   640268.001   640459.003
  1450:   640511.001   641144.003   641619.005   641920.009   642291.001
  1455:   642374.003   642472.001   642630.003   642772.001   642916.003
  1460:   642967.001   643013.003   643049.001   643124.003   643147.001
  1465:   643253.003   643279.001   643505.003   643854.005   644047.009
  1470:   644342.001   644494.003   644561.001   644848.003   644893.001
  1475:   644917.003   644931.001   645034.003   645094.001   645665.003
  1480:   645683.001   645806.003   645851.001   646334.003   646780.005
  1485:   647327.009   647696.001   648338.003   648394.001   648512.003
  1490:   648590.001   648654.003   648832.001   649093.003   649544.005
  1495:   649688.009   650051.001   650074.003   650150.001   650365.003
  1500:   650485.001   650724.003   650809.001   650836.003   650913.001
  1505:   651063.003   651076.001   651929.003   652364.005   652994.009
  1510:   653345.005   653685.009   654559.001   654661.003   654823.001
  1515:   655025.003   655123.001   655574.003   656044.005   656243.009
  1520:   660445.005   660789.009   664459.005   664581.009   664649.005
  1525:   664658.009   664669.005   664678.009   664753.005   664758.009
  1530:   664768.005   664955.009   665832.005   666019.009   667299.005
  1535:   667305.009   668094.005   668167.009   668359.005   668363.009
  1540:   668395.005   668409.009   670952.001   671318.003   671339.005
  1545:   671912.009   672497.005   672504.009   673347.005   673478.009
  1550:   673784.001   674071.003   674341.005   674473.009   674649.001
  1555:   674896.003   674938.001   675468.003   675740.005   675977.009
  1560:   676031.005   676102.009   676200.005   676594.009   676602.005
  1565:   676751.009   676773.005   678818.009   678921.005   678926.009
  1570:   678961.005   678974.009   678981.005   678990.009   679988.005
  1575:   680068.009   680400.001   680576.003   680583.001   680769.003
  1580:   680849.001   681010.003   681066.005   681267.009   681485.001
  1585:   681870.003   681939.001   682079.003   682385.001   682782.003
  1590:   682814.001   683186.003   683224.001   683493.003   683838.005
  1595:   684380.009   685215.001   685304.003   685529.001   685860.003
  1600:   685901.001   686411.003   686789.005   686937.009   687087.005
  1605:   687220.009   687510.001   687716.003   687756.001   688959.003
  1610:   689184.001   689437.003   689490.005   689634.009   690386.001
  1615:   690774.003   690830.001   690922.003   690942.001   691128.003
  1620:   691527.005   691719.009   691988.001   692779.003   693210.005
  1625:   695588.009   695604.005   695611.009   695636.005   695641.009
  1630:   695956.005   698240.009   698999.005   699003.009   699073.005
  1635:   699846.009   701395.001   701443.003   701476.001   701617.003
  1640:   701707.001   701917.003   702265.005   702426.009   702732.005
  1645:   702754.009   703024.001   703334.003   703379.001   703853.003
  1650:   703938.001   703992.003   704050.001   704224.003   704788.005
  1655:   704902.009   705169.001   705360.003   705407.001   705621.003
  1660:   705643.001   706001.003   706378.005   706472.009   709738.005
  1665:   709979.009   710473.001   712038.005   712039.003   712196.009
  1670:   712246.005   712880.009   713130.005   713222.009   713909.001
  1675:   715167.005   715239.003   715839.009   716047.001   716803.003
  1680:   717174.005   717278.009   717610.001   717895.003   717906.001
  1685:   718063.003   718082.001   718999.003   719585.005   719775.009
  1690:   720923.005   721076.009   723568.005   723684.009   723696.005
  1695:   723705.009   723954.001   724006.003   724097.001   724390.003
  1700:   724426.005   724593.009   724799.001   725358.003   725387.001
  1705:   725804.003   725838.001   725997.003   726357.005   726764.009
  1710:   727155.001   727432.003   727457.001   727569.003   727589.001
  1715:   727688.003   727736.001   727898.003   727957.001   728235.003
  1720:   728747.005   729180.009   729481.001   729921.003   729959.001
  1725:   730430.003   730492.001   730870.003   730947.001   731109.003
  1730:   731211.001   731383.003   731659.005   731826.009   732098.005
  1735:   732105.009   732150.005   732163.009   732260.005   732265.009
  1740:   732282.005   732514.009   732864.005   732891.009   733181.001
  1745:   733330.003   733396.001   733499.003   733617.001   733682.003
  1750:   733985.001   734243.003   734262.001   734529.003   734880.005
  1755:   735203.009   735483.001   736410.003   736456.001   737354.003
  1760:   737589.001   737737.003   737985.005   738179.009   739454.001
  1765:   739714.003   739749.001   739924.003   739969.001   740063.003
  1770:   740098.001   740436.003   740459.001   740505.003   740823.005
  1775:   740850.009   740867.005   741070.009   741351.001   741471.003
  1780:   741510.001   742100.003   742190.001   742216.003   742346.001
  1785:   742563.003   742969.005   742992.009   742995.005   743279.009
  1790:   743288.005   743485.009   743502.005   743507.009   743550.005
  1795:   743553.009   743601.005   744156.009   744790.001   745292.003
  1800:   745318.001   745365.003   745541.001   745563.003   745598.001
  1805:   745940.003   745986.001   746579.003   746692.001   746820.003
  1810:   747392.005   747647.009   748060.001   749304.003   749713.005
  1815:   749800.009   749975.005   749979.009   750006.005   750220.009
  1820:   750478.001   750566.003   750647.001   750745.003   751525.001
  1825:   752015.003   752335.005   754066.009   754098.005   754109.009
  1830:   754851.005   754922.009   757882.005   757972.009   758414.001
  1835:   758481.003   759283.001   759643.003   759700.005   760020.009
  1840:   760411.001   760721.003   767542.005   767671.009   767722.005
  1845:   767740.009   768584.001   769214.003   769560.005   769787.009
  1850:   770069.001   771019.003   771438.005   771750.009   772020.001
  1855:   772744.003   773186.005   773349.009   773600.001   775025.003
  1860:   775499.005   775995.009   776005.005   776007.009   776253.001
  1865:   776985.003   777582.005   777597.009   777609.005   777636.009
  1870:   777768.005   777997.009   778418.001   779646.003   779689.001
  1875:   780133.003   780423.005   780738.009   781024.001   781111.003
  1880:   782766.005   782811.009   782873.005   783076.009   783472.001
  1885:   784168.003   784491.005   784656.009   784901.001   784947.003
  1890:   784976.001   785431.003   785473.001   785942.003   786288.001
  1895:   786495.005   786533.003   786547.009   786669.005   786869.009
  1900:   787968.005   787972.009   788023.005   788028.009   788047.005
  1905:   788272.009   788783.001   788966.003   788988.001   789177.003
  1910:   789220.001   789855.003   789917.001   790533.003   791139.005
  1915:   791497.009   791992.001   792062.003   792084.001   793129.003
  1920:   793498.005   793515.009   793536.005   793843.009   794173.001
  1925:   794202.003   794454.001   794477.003   795232.001   795299.003
  1930:   795348.001   796153.003   796178.005   796443.009   796799.001
  1935:   796817.003   796909.001   797615.003   797727.001   797853.003
  1940:   798346.005   799075.009   799669.001   799873.003   799944.001
  1945:   800558.003   800611.001   800928.003   801350.005   801502.009
  1950:   801817.001   802413.003   802476.001   802797.003   803823.005
  1955:   804271.009   804292.005   804300.009   804680.005   804683.009
  1960:   804713.005   804724.009   804750.005   804753.009   804760.005
  1965:   804996.009   806815.005   806932.009   807000.005   807042.009
  1970:   807047.005   807054.009   807588.005   807597.009   808390.005
  1975:   808480.009   812012.005   812040.009   812046.005   812350.009
  1980:   812351.005   812364.009   812386.005   812394.009   812406.005
  1985:   812412.009   812508.005   812536.009   812553.005   812573.009
  1990:   816901.005   816909.009   816921.005   817153.009   817158.005
  1995:   817184.009   817201.005   817207.009   817232.005   817241.009
  2000:   817247.005   817252.009   817270.005   817283.009   817408.005
  2005:   817419.009   817446.005   817517.009   817863.001   818073.005
  2010:   818354.003   818525.009   818722.001   819964.003   820127.005
  2015:   820981.009   821281.005   821743.009   822028.001   823369.003
  2020:   823582.001   823668.003   823715.005   823823.009   824228.005
  2025:   824449.009   824715.001   825383.003   825913.001   826024.003
  2030:   826200.001   826792.003   826827.005   827323.009   827472.005
  2035:   827755.009   827997.001   828281.003   828318.001   829134.003
  2040:   829209.001   829306.003   829383.005   829429.009   829561.005
  2045:   829647.009   829970.001   830689.003   831765.001   832489.003
  2050:   832532.001   833473.003   833487.001   833633.003   833734.001
  2055:   834051.003   834304.005   834861.009   835388.001   837183.003
  2060:   837393.005   837486.009   837607.005   838037.009   838507.001
  2065:   838994.003   839077.001   839410.003   839835.005   839921.009
  2070:   840082.005   840164.009   840672.005   840915.009   841173.001
  2075:   841706.003   843007.005   843202.009   862418.005   862821.009
  2080:   863893.001   864069.003   864097.001   864768.003   865030.005
  2085:   865543.009   865857.001   866319.003   866526.001   866677.003
  2090:   866723.001   866819.003   867314.005   867582.009   875977.005
  2095:   876142.009   876168.005   876188.009   876908.001   877003.003
  2100:   877026.001   877354.003   877481.005   877646.009   879126.001
  2105:   879278.003   879387.005   879408.009   879670.001   879897.003
  2110:   880144.005   880301.009   880829.001   881525.003   881540.001
  2115:   881654.003   881893.005   882449.009   882854.005   882880.009
  2120:   882884.005   882921.009   883187.001   883535.003   883569.001
  2125:   884259.003   884590.005   884740.009   885010.001   885265.003
  2130:   885291.001   885372.003   885390.001   885471.003   885525.001
  2135:   885608.003   885672.001   886165.003   886217.001   886842.003
  2140:   887166.005   887202.009   887384.005   887739.009   888648.001
  2145:   888910.003   888935.001   889485.003   889565.001   890036.003
  2150:   890355.005   890516.009   890715.005   890813.009   891206.001
  2155:   891329.003   891366.001   892184.003   892869.005   893237.009
  2160:   894183.001   894822.003   895542.005   895735.009   896565.005
  2165:   896570.009   896660.005   896671.009   896698.005   896705.009
  2170:   896709.005   896832.009   897453.001   898043.003   898652.005
  2175:   898838.009   899248.001   899657.003   901102.005   901680.009
  2180:   909459.005   909869.009   916084.005   916162.009   916168.005
  2185:   916177.009   916674.001   916968.005   917132.009   917161.003
  2190:   917392.001   917479.003   918020.005   918196.009   918506.001
  2195:   919088.003   919119.001   920108.003   920135.001   920476.003
  2200:   920682.005   922058.009   922097.005   922105.009   923201.005
  2205:   923334.009   925170.005   925273.009   925611.001   925972.003
  2210:   925996.001   926296.003   926315.001   926750.003   927248.005
  2215:   927279.009   927313.005   927330.009   927692.001   927810.003
  2220:   927849.001   929180.003   929270.001   929566.003   930060.005
  2225:   930103.009   930250.005   930610.009   930903.001   931128.003
  2230:   931239.001   932135.003   932233.001   932270.003   932354.001
  2235:   932493.003   932598.001   932684.003   933021.005   934239.009
  2240:   935215.005   935221.009   935228.005   935372.009   938268.005
  2245:   938451.009   938667.005   938671.009   939771.001   940570.003
  2250:   940602.005   940671.009   940679.005   940869.009   941201.001
  2255:   942233.003   942490.005   942503.009   942646.005   944488.009
  2260:   944490.005   944499.009   944508.005   944513.009   944814.005
  2265:   945553.009   945601.005   945611.009   945634.005   945637.009
  2270:   945820.005   946011.009   946040.005   946074.009   946335.001
  2275:   947060.003   947104.005   947210.009   947720.005   947876.009
  2280:   949691.005   950028.009   950528.001   951404.003   951421.001
  2285:   951706.003   951838.001   952019.003   952021.005   952264.009
  2290:   952615.001   952992.003   952998.001   954010.003   954398.005
  2295:   954908.009   955352.001   955661.003   956327.001   956676.003
  2300:   957241.005   957459.009   957769.001   958198.003   958243.001
  2305:   958735.003   958774.001   959192.003   959242.001   959501.003
  2310:   959556.001   959645.003   959716.001   959839.003   959850.001
  2315:   959874.003   959922.001   960186.003   960558.005   960897.009
  2320:   961463.001   961541.003   961565.001   961713.003   961735.001
  2325:   961861.003   961945.001   962265.003   962359.001   962459.003
  2330:   962535.001   962621.003   962666.001   962767.003   962786.001
  2335:   963382.003   963867.005   963906.009   964078.005   964423.009
  2340:   964807.001   965216.003   965234.001   965493.003   965518.001
  2345:   965600.003   965696.001   965877.003   966893.005   967664.009
  2350:   975659.005   975863.009   977364.005   977438.009   977650.005
  2355:   977833.009   978100.001   978605.003   978843.001   978933.003
  2360:   979606.005   979759.009   980066.001   980981.003   981018.001
  2365:   981231.003   981341.001   981606.003   982217.005   983068.009
  2370:   983603.005   984021.009   984057.005   984170.009   984528.001
  2375:   985907.003   986265.005   986483.009   996524.005   997083.009
  2380:   997141.005   997180.009  1000454.005  1000486.009  1000583.005
  2385:  1000592.009  1000824.005  1000829.009  1000838.005  1000845.009
  2390:  1000846.005  1000883.009  1000903.005  1000913.009  1004549.005
  2395:  1004569.009  1004573.005  1005076.009  1006289.005  1006431.009
  2400:  1007004.001  1007160.005  1007187.003  1008146.009  1008151.005
  2405:  1008156.009  1008225.005  1008299.009  1008334.005  1008393.009
  2410:  1008468.005  1008533.009  1015901.005  1015907.009  1015925.005
  2415:  1016452.009  1016913.001  1017192.005  1017212.003  1017436.009
  2420:  1017476.005  1017543.009  1017694.005  1017702.009  1017895.005
  2425:  1017897.009  1017898.005  1017901.009  1018349.001  1019219.003
  2430:  1019576.005  1019810.009  1020046.001  1021111.003  1021316.005
  2435:  1021411.009  1021553.005  1023216.009  1023256.005  1023375.009
  2440:  1025481.001  1026047.003  1026946.005  1027131.009  1027173.005
  2445:  1027285.009  1027327.005  1027427.009  1027759.005  1027955.009
  2450:  1028256.005  1028524.009  1028880.001  1029185.003  1029271.001
  2455:  1029489.003  1029563.001  1029595.003  1029791.001  1030201.003
  2460:  1030229.001  1030411.003  1031086.005  1031555.009  1033599.005
  2465:  1033777.009  1043569.005  1043926.009  1043955.005  1043966.009
  2470:  1043982.005  1043988.009  1044866.005  1045155.009  1045825.005
  2475:  1046021.009  1059584.005  1059904.009  1062465.005  1062680.009
  2480:  1063877.005  1064231.009  1064729.001  1065025.003  1065067.001
  2485:  1065415.003  1065449.001  1065908.003  1066073.001  1066462.003
  2490:  1066839.005  1067175.009  1067195.005  1067203.009  1067554.005
  2495:  1067587.009  1068068.001  1068145.003  1068182.001  1068204.003
  2500:  1068260.001  1069109.003  1069561.001  1070175.003  1070491.005
  2505:  1070830.009  1070834.005  1071093.009  1076964.001  1077701.003
  2510:  1078961.001  1079625.005  1079649.009  1079652.005  1079937.009
  2515:  1079963.003  1080909.001  1081007.003  1081395.001  1081663.003
  2520:  1081689.001  1082667.003  1083220.005  1083498.009  1084395.001
  2525:  1084865.003  1085114.001  1086001.003  1086276.005  1086598.009
  2530:  1086879.001  1087636.003  1088247.005  1088455.009  1088632.005
  2535:  1089194.009  1090037.001  1091277.003  1091309.005  1091792.009
  2540:  1093405.001  1093898.005  1093943.003  1094053.009  1094242.001
  2545:  1094760.003  1094797.001  1095314.003  1095573.001  1095760.003
  2550:  1096176.005  1096546.009  1096878.005  1096967.009  1096986.005
  2555:  1097463.009  1097464.005  1097473.009  1097490.005  1097495.009
  2560:  1098317.005  1098473.009  1098747.001  1099062.003  1111721.005
  2565:  1112120.009  1112537.001  1112935.003  1113119.005  1113642.009
  2570:  1113905.001  1114156.003  1114196.001  1115994.018  1116718.003
  2575:  1116724.016  1116735.005  1116774.026  1118197.009  1118231.005
  2580:  1118236.009  1118259.005  1118264.009  1118273.005  1118423.009
  2585:  1118525.005  1118702.009  1118715.005  1118736.009  1118783.005
  2590:  1118902.009  1119260.005  1119268.009  1119501.005  1119581.009
  2595:  1119707.005  1119712.009  1120496.001  1121189.003  1121190.005
  2600:  1121784.009  1121786.005  1122020.009  1122031.005  1122721.009
  2605:  1122783.005  1124655.009  1124681.005  1124836.009  1125680.001
  2610:  1125774.003  1125831.001  1126350.003  1126840.005  1127022.009
  2615:  1127323.001  1127697.003  1127864.001  1128890.003  1129142.005
  2620:  1129540.009  1129868.001  1131666.018  1131951.003  1131957.016
  2625:  1132007.026  1132139.005  1133009.009  1133027.005  1134265.009
  2630:  1135621.005  1135707.009  1136063.001  1136154.003  1136606.005
  2635:  1136629.009  1136887.001  1137039.003  1137048.001  1137177.003
  2640:  1137287.001  1137701.003  1137740.001  1139389.003  1139402.001
  2645:  1139627.003  1139922.005  1140714.009  1141348.001  1141421.003
  2650:  1141470.001  1141725.003  1141933.005  1142015.009  1142033.005
  2655:  1142194.009  1143023.001  1143823.003  1144057.005  1144200.009
  2660:  1144403.005  1144818.009  1145094.001  1146892.018  1147122.003
  2665:  1147128.016  1147178.026  1147184.001  1147513.003  1147531.001
  2670:  1147585.003  1147996.005  1149618.009  1149710.005  1149715.009
  2675:  1149725.005  1149737.009  1149738.005  1149780.009  1149783.005
  2680:  1149961.009  1150025.005  1150070.009  1150090.005  1150103.009
  2685:  1150520.001  1150654.003  1150706.001  1152504.018  1152899.003
  2690:  1152905.016  1152955.026  1153029.005  1154699.009  1154703.005
  2695:  1154726.009  1154763.005  1154779.009  1155347.005  1155354.009
  2700:  1155447.005  1155530.009  1155605.005  1155817.009  1155847.005
  2705:  1155891.009  1156427.001  1156889.003  1156983.001  1157153.003
  2710:  1157244.005  1158566.009  1159048.005  1159101.009  1159378.001
  2715:  1159648.003  1159688.001  1159870.003  1159911.001  1160293.003
  2720:  1160333.001  1161076.003  1161388.005  1161731.009  1162072.001
  2725:  1162298.003  1162345.001  1162788.003  1162868.001  1163526.003
  2730:  1163584.001  1164027.003  1164282.005  1164720.009  1164802.005
  2735:  1164906.009  1165377.001  1165455.003  1165469.001  1165741.003
  2740:  1165813.001  1166155.003  1166277.001  1166344.003  1166395.005
  2745:  1167164.009  1169352.005  1169481.009  1169511.005  1169640.009
  2750:  1169895.001  1170089.003  1170119.001  1170538.003  1170578.001
  2755:  1171734.003  1172006.005  1172205.009  1172385.005  1172390.009
  2760:  1172399.005  1172595.009  1172847.001  1172932.003  1172970.001
  2765:  1173496.003  1173573.001  1173611.003  1173676.001  1173765.003
  2770:  1174250.005  1174464.009  1174766.001  1175399.003  1175449.001
  2775:  1175687.003  1175768.001  1176345.003  1176758.005  1177322.009
  2780:  1177569.001  1177946.003  1178001.001  1178605.003  1178686.001
  2785:  1178878.003  1178924.001  1179217.003  1179663.005  1179779.009
  2790:  1179944.005  1180289.009  1180567.001  1180832.003  1180952.001
  2795:  1181711.003  1181726.001  1181981.003  1182380.005  1182483.009
  2800:  1182639.005  1183258.009  1183787.001  1184572.003  1184975.005
  2805:  1185134.009  1185378.001  1187142.003  1187796.005  1188309.009
  2810:  1188313.005  1188318.009  1188341.005  1188350.009  1188449.005
  2815:  1188455.009  1188500.005  1188513.009  1189070.005  1189114.009
  2820:  1189573.001  1189807.003  1189829.001  1190087.003  1190115.001
  2825:  1190988.003  1191355.005  1191453.009  1191526.005  1191663.009
  2830:  1191931.001  1192026.003  1192068.001  1193372.003  1193655.005
  2835:  1193986.009  1194283.001  1194557.003  1194628.001  1194737.003
  2840:  1195298.001  1195474.003  1195563.001  1195700.003  1195782.005
  2845:  1196152.009  1196540.001  1196673.003  1196716.001  1196758.003
  2850:  1196820.001  1197414.003  1197449.001  1197585.003  1197655.001
  2855:  1197887.003  1197942.001  1198354.003  1198410.001  1198951.003
  2860:  1199351.005  1199752.009  1200058.001  1200568.003  1200601.001
  2865:  1202019.003  1202358.005  1202391.009  1202576.005  1202793.009
  2870:  1203120.005  1203145.009  1203461.001  1204327.003  1205419.001
  2875:  1205518.003  1205561.001  1206465.003  1206548.001  1206762.003
  2880:  1207268.005  1207846.009  1209800.005  1209878.009  1210081.005
  2885:  1210086.009  1210090.005  1210283.009  1210284.005  1210294.009
  2890:  1210770.005  1210929.009  1211001.005  1211117.009  1211128.005
  2895:  1211133.009  1211760.001  1212343.003  1212387.001  1212831.003
  2900:  1213133.005  1213365.009  1213469.005  1213474.009  1213516.005
  2905:  1213737.009  1214007.001  1214314.003  1214344.001  1214983.003
  2910:  1215058.001  1215206.003  1216021.005  1216604.009  1216847.001
  2915:  1217006.003  1217071.001  1217551.003  1217617.001  1218966.003
  2920:  1219440.005  1219507.009  1220003.005  1220674.009  1223894.005
  2925:  1224058.009  1224430.001  1224804.003  1224825.005  1225174.009
  2930:  1225534.001  1225804.003  1226157.005  1226359.009  1226617.001
  2935:  1227192.003  1227229.001  1228464.003  1229011.005  1229757.009
  2940:  1230138.001  1230470.003  1230554.001  1230577.003  1230618.001
  2945:  1231263.003  1231628.005  1232216.009  1232571.001  1232842.003
  2950:  1232914.001  1234712.018  1235059.003  1235065.016  1235115.026
  2955:  1235220.005  1236112.009  1236254.005  1236439.009  1237287.005
  2960:  1237545.009  1237952.001  1238006.003  1238113.001  1238236.003
  2965:  1238282.001  1238549.003  1238567.001  1238896.003  1239191.005
  2970:  1239400.009  1239651.001  1239717.003  1239757.001  1239969.003
  2975:  1240046.001  1240618.003  1241107.005  1241135.009  1241338.005
  2980:  1241518.009  1242168.005  1242179.009  1242253.005  1242393.009
  2985:  1242491.005  1242964.009  1243230.001  1243482.003  1243535.001
  2990:  1244236.003  1244300.001  1244679.003  1245033.005  1245119.009
  2995:  1245233.005  1245486.009  1245816.001  1245885.003  1246067.001
  3000:  1246620.003  1246663.001  1247148.003  1247206.001  1247372.003
  3005:  1247430.001  1247953.003  1248616.005  1248916.009  1250980.005
  3010:  1251110.009  1251372.001  1252093.003  1252306.001  1252593.003
  3015:  1252631.001  1252771.003  1252783.001  1252879.003  1252968.001
  3020:  1253541.003  1253639.001  1254236.003  1254749.005  1255020.009
  3025:  1255232.005  1255376.009  1255780.001  1256054.003  1256157.001
  3030:  1256365.003  1257159.005  1257195.009  1257309.005  1257591.009
  3035:  1257863.001  1258412.003  1258720.001  1258905.003  1258949.001
  3040:  1259337.003  1260050.005  1260243.009  1260794.001  1261014.003
  3045:  1261044.001  1261235.003  1261300.001  1262171.003  1263479.005
  3050:  1263725.009  1264646.001  1264705.003  1264776.001  1264857.003
  3055:  1265614.005  1265854.009  1266118.001  1266953.003  1266980.001
  3060:  1267582.003  1267594.001  1267738.003  1267839.001  1268029.003
  3065:  1268333.005  1268671.009  1269012.001  1269758.003  1270072.001
  3070:  1270211.003  1270362.001  1270502.003  1270810.005  1271145.009
  3075:  1271433.001  1271785.003  1271848.001  1272160.003  1272181.001
  3080:  1272885.003  1273316.005  1273525.009  1273734.005  1273740.009
  3085:  1273770.005  1274057.009  1274355.001  1274497.003  1274568.001
  3090:  1275671.003  1275742.001  1275884.003  1276843.005  1278342.009
  3095:  1280700.005  1280836.009  1280857.005  1280871.009  1281155.001
  3100:  1281520.003  1281572.005  1281719.009  1281979.001  1282073.003
  3105:  1282142.001  1282173.003  1282192.001  1283175.003  1283934.005
  3110:  1284187.009  1284496.001  1285892.003  1286213.001  1286283.003
  3115:  1286342.001  1286908.003  1287468.005  1287683.009  1288077.001
  3120:  1289056.003  1289434.005  1289698.009  1289964.001  1290120.003
  3125:  1290169.001  1291800.003  1292479.005  1292727.009  1294763.005
  3130:  1295022.009  1295476.001  1295567.003  1295679.001  1295992.003
  3135:  1296101.001  1296849.003  1297749.005  1298594.009  1298609.005
  3140:  1298650.009  1298663.005  1298948.009  1298968.005  1298991.009
  3145:  1298992.005  1299001.009  1299007.005  1299032.009  1300558.005
  3150:  1300658.009  1300669.005  1300682.009  1300699.005  1300705.009
  3155:  1300991.001  1301177.003  1302261.005  1302447.009  1302969.001
  3160:  1303139.003  1303217.001  1303727.003  1304091.005  1304589.009
  3165:  1304862.001  1306660.018  1306694.003  1306700.016  1306750.026
  3170:  1306827.005  1308135.009  1308228.005  1308236.009  1308972.005
  3175:  1309020.009  1309033.005  1309198.009  1309581.001  1309628.003
  3180:  1309649.001  1310362.003  1310367.001  1310724.003  1310759.001
  3185:  1311429.003  1311571.005  1311863.009  1312449.005  1312454.009
  3190:  1313653.001  1313768.003  1313816.001  1314312.003  1315011.001
  3195:  1315118.003  1315225.001  1315408.003  1315826.005  1316326.009
  3200:  1316688.001  1317005.003  1317046.001  1317918.003  1317956.005
  3205:  1318398.009  1330607.005  1330627.009  1331166.005  1331238.009
  3210:  1331669.005  1331934.009  1333255.005  1333559.009  1333814.001
  3215:  1334097.003  1334169.001  1334445.003  1334458.005  1334754.009
  3220:  1335072.001  1335287.003  1335346.001  1335635.003  1335751.001
  3225:  1335897.003  1335897.005  1336171.009  1336442.001  1336995.003
  3230:  1337057.001  1337625.003  1337876.005  1338138.009  1338439.001
  3235:  1339523.003  1339550.001  1339982.003  1340649.005  1340656.009
  3240:  1340667.005  1340857.009  1341142.001  1341199.003  1341253.001
  3245:  1341553.003  1341581.001  1341866.003  1341920.001  1342551.003
  3250:  1342616.001  1342704.003  1343105.005  1343230.009  1343658.005
  3255:  1344014.009  1344015.005  1344021.009  1344046.005  1344050.009
  3260:  1344065.005  1344089.009  1344090.005  1344366.009  1344871.001
  3265:  1345081.003  1345184.001  1345363.003  1345397.001  1345728.003
  3270:  1345775.001  1346142.003  1346602.005  1346957.009  1347255.001
  3275:  1347367.003  1347410.001  1347645.003  1347674.001  1347744.003
  3280:  1347799.001  1348266.003  1348721.005  1348980.009  1349479.001
  3285:  1349518.003  1349568.001  1349625.003  1349690.001  1350079.003
  3290:  1350112.001  1350684.003  1350797.001  1350871.003  1351394.005
  3295:  1351743.009  1352243.001  1352370.003  1352483.001  1353939.003
  3300:  1354456.005  1354534.009  1354667.005  1354952.009  1355548.001
  3305:  1355999.003  1356030.001  1356548.003  1357123.005  1357260.009
  3310:  1358089.001  1358264.003  1358872.005  1359336.009  1359605.001
  3315:  1359736.003  1359774.001  1360513.003  1360570.001  1360956.003
  3320:  1361007.001  1361622.003  1361939.005  1362293.009  1362315.005
  3325:  1362327.009  1362548.001  1362631.003  1362646.001  1363059.003
  3330:  1364037.005  1364231.009  1364658.005  1364734.009  1366088.001
  3335:  1366271.003  1366306.001  1367162.003  1367215.001  1367751.003
  3340:  1368450.005  1368814.009  1368848.005  1368854.009  1371958.005
  3345:  1372118.009  1372125.005  1372132.009  1372489.001  1372622.003
  3350:  1373284.001  1373472.003  1373533.001  1375204.003  1375489.005
  3355:  1375895.009  1376256.001  1376640.003  1376670.001  1377089.003
  3360:  1377542.005  1378018.009  1378315.001  1378629.003  1378698.001
  3365:  1379128.003  1379174.001  1379765.003  1380097.005  1380190.009
  3370:  1380288.005  1380563.009  1380812.001  1382610.018  1382683.003
  3375:  1382689.016  1382739.026  1382813.005  1383176.009  1383184.005
  3380:  1383205.009  1383271.005  1383286.009  1383541.005  1383551.009
  3385:  1383565.005  1383595.009  1383659.005  1383671.009  1383683.005
  3390:  1383780.009  1383815.005  1383824.009  1383847.005  1383860.009
  3395:  1383865.005  1384884.009  1385030.005  1385041.009  1385071.005
  3400:  1386749.009  1387431.005  1387656.009  1388521.005  1388552.009
  3405:  1388705.005  1388798.009  1390396.005  1390431.009  1391097.001
  3410:  1391506.003  1391639.001  1392004.003  1392562.005  1392567.009
  3415:  1392819.005  1392825.009  1392862.005  1393235.009  1393532.001
  3420:  1393840.003  1393940.001  1394121.003  1394187.001  1395118.003
  3425:  1396314.001  1396692.003  1396784.001  1396808.003  1396851.001
  3430:  1397184.003  1397238.001  1397704.003  1398469.005  1399044.009
  3435:  1399327.001  1399869.003  1400189.001  1400312.003  1400386.001
  3440:  1400497.003  1400553.001  1400852.003  1400917.001  1401032.003
  3445:  1401095.001  1401776.003  1401826.001  1401942.003  1402835.005
  3450:  1402869.009  1402922.005  1402927.009  1402932.005  1403061.009
  3455:  1403273.001  1403482.003  1403505.001  1404510.003  1405075.005
  3460:  1405290.009  1405626.001  1405830.003  1405964.001  1406748.003
  3465:  1407602.005  1407906.009  1408208.001  1408848.003  1408864.001
  3470:  1409159.003  1409194.001  1409474.003  1409529.001  1409991.003
  3475:  1410489.005  1410569.009  1410698.005  1410898.009  1411189.001
  3480:  1411416.003  1411465.001  1411773.003  1411833.001  1412292.003
  3485:  1412829.005  1412945.009  1413192.005  1413400.009  1414848.005
  3490:  1415015.009  1415753.001  1415963.003  1416046.001  1416139.003
  3495:  1416627.005  1417128.009  1417592.001  1417766.003  1417828.001
  3500:  1418556.003  1419253.005  1419440.009  1419735.001  1420074.003
  3505:  1420120.001  1420157.003  1420179.001  1420759.003  1420774.001
  3510:  1421074.003  1422396.005  1422711.009  1422728.005  1422751.009
  3515:  1423243.001  1423615.003  1423642.001  1423920.003  1423941.001
  3520:  1424143.003  1424704.005  1424802.009  1425016.005  1425228.009
  3525:  1426048.005  1426222.009  1426543.001  1426656.003  1427251.005
  3530:  1427342.009  1427488.005  1427696.009  1427942.001  1429353.003
  3535:  1429625.001  1429850.003  1429909.005  1429972.009  1430261.005
  3540:  1430454.009  1430790.001  1431632.003  1432142.005  1432565.009
  3545:  1432599.005  1432609.009  1432922.001  1433343.003  1433526.001
  3550:  1434022.003  1434045.001  1434786.003  1435333.005  1435774.009
  3555:  1436115.001  1436689.003  1436720.001  1437509.003  1437841.001
  3560:  1437985.003  1438697.005  1438963.009  1439187.005  1439260.009
  3565:  1439595.001  1439928.003  1440228.005  1440267.009  1440293.005
  3570:  1440452.009  1440690.001  1441744.003  1442094.005  1442186.009
  3575:  1442381.005  1442646.009  1442674.005  1442682.009  1442694.005
  3580:  1442716.009  1442724.005  1442735.009  1442752.005  1442798.009
  3585:  1443098.001  1444001.003  1444742.005  1444801.009  1444962.005
  3590:  1445231.009  1445532.001  1445848.003  1445987.001  1446094.003
  3595:  1446839.005  1447032.009  1450789.005  1450909.009  1450934.005
  3600:  1450960.009  1451322.001  1452510.003  1452878.005  1453158.009
  3605:  1453191.005  1453195.009  1453700.001  1454113.003  1454151.001
  3610:  1454912.003  1455645.005  1456035.009  1456336.001  1457313.003
  3615:  1458093.005  1458140.009  1458316.005  1458537.009  1458587.005
  3620:  1458592.009  1459252.001  1459944.003  1460351.001  1460412.003
  3625:  1461048.005  1461439.009  1461722.001  1461774.003  1462297.001
  3630:  1462846.003  1463531.005  1463541.009  1463880.005  1464422.009
  3635:  1464468.005  1464473.009  1465961.005  1466128.009  1466567.001
  3640:  1467409.003  1467501.001  1467743.003  1467876.005  1468063.009
  3645:  1468301.001  1468639.003  1468686.001  1469667.003  1470209.005
  3650:  1470275.009  1471023.001  1471848.003  1471866.001  1472018.003
  3655:  1472530.005  1472552.009  1472950.005  1473560.009  1474656.005
  3660:  1474697.009  1474836.005  1474938.009  1475227.001  1476125.003
  3665:  1476190.001  1476274.003  1476833.005  1477383.009  1477650.001
  3670:  1478913.003  1479420.005  1479543.009  1480011.005  1480485.009
  3675:  1480750.001  1480906.003  1480980.001  1481119.003  1481137.001
  3680:  1481149.003  1482210.001  1482321.003  1482640.005  1482910.009
  3685:  1483197.001  1483396.003  1483612.001  1484495.003  1484801.001
  3690:  1484886.003  1485687.005  1486074.009  1486102.005  1486129.009
  3695:  1486476.001  1488025.003  1488626.005  1488848.009  1488867.005
  3700:  1488871.009  1493070.005  1493314.009  1494326.005  1494620.009
  3705:  1495579.001  1495704.003  1496246.005  1496397.009  1496650.001
  3710:  1497093.003  1497127.001  1498239.003  1498246.005  1498607.009
  3715:  1498992.001  1499345.003  1499653.005
B:
     0:        0.000      961.000        0.000      961.000        0.000
     5:      881.000        0.000        0.000        0.000      880.000
    10:        0.000        1.000        0.000        1.000        0.000
    15:        0.000       11.000        0.000       11.000        0.000
    20:        0.000        0.000        0.000        0.000        0.000
    25:        0.000       11.000        0.000        0.000        0.000
    30:        0.000
D:
     0:  1504784.000  1504432.000  1504785.000
E:
     0:     1798.000     1798.000
P:
     0:        0.000      383.000      380.000      512.000      737.000
     5:       44.000      343.000      119.000      130.000      648.000
    10:      675.000      132.000       65.000      187.000      434.000
    15:      242.000      116.000      193.000      283.000       84.000
    20:     1328.000       47.000      201.000      127.000      384.000
    25:      292.000      189.000     1144.000      176.000      227.000
    30:      442.000      606.000      644.000      180.000      353.000
    35:      294.000      419.000     1072.000      207.000      760.000
    40:      204.000      100.000      958.000      266.000      288.000
    45:       50.000       42.000      197.000      687.000      484.000
    50:      521.000      557.000      493.000      111.000      518.000
    55:      646.000     1049.000      804.000      838.000      265.000
    60:      138.000      817.000       61.000      253.000      178.000
    65:      263.000      247.000      490.000      203.000      300.000
    70:      263.000      154.000      339.000       90.000       22.000
    75:      192.000       35.000     1540.000      615.000      178.000
    80:      279.000      116.000      599.000       83.000      104.000
    85:      273.000      572.000      202.000      485.000      306.000
    90:       93.000      776.000      249.000      252.000      826.000
    95:      628.000      157.000      616.000      467.000      333.000
   100:      176.000       47.000      216.000      238.000       61.000
   105:      349.000      439.000      239.000      103.000       95.000
   110:      145.000      138.000       91.000      513.000      582.000
   115:       92.000      108.000      882.000      847.000      342.000
   120:      371.000      173.000      284.000     1045.000      550.000
   125:      370.000      304.000       64.000       71.000      821.000
   130:      664.000      138.000       82.000      371.000      207.000
   135:      136.000      551.000      473.000      854.000      318.000
   140:     2100.000      112.000      576.000      107.000      497.000
   145:       13.000      161.000      169.000      295.000      320.000
   150:      722.000      594.000      208.000      121.000      270.000
   155:      440.000       36.000       67.000      149.000      386.000
   160:       94.000      332.000      304.000      201.000      309.000
   165:      613.000      182.000      117.000      232.000      270.000
   170:      627.000       89.000      134.000      346.000      165.000
   175:      335.000      574.000      486.000      429.000      144.000
   180:       25.000      289.000      323.000     1034.000      166.000
   185:      574.000     1350.000       29.000      126.000      489.000
   190:       28.000      345.000      606.000      545.000      281.000
   195:       89.000      194.000      147.000      128.000      355.000
   200:      566.000       38.000      225.000      436.000      772.000
   205:      356.000      284.000     2993.000      153.000       30.000
   210:      158.000      518.000      476.000       88.000       23.000
   215:      818.000      349.000       43.000      104.000      437.000
   220:       56.000      207.000       57.000      382.000      331.000
   225:      154.000      220.000      363.000      392.000      298.000
   230:      237.000      293.000      177.000      487.000      372.000
   235:      436.000      870.000      268.000       88.000      278.000
   240:      454.000      220.000      502.000      674.000      175.000
   245:      809.000      147.000      449.000      241.000      126.000
   250:      353.000      155.000     1555.000      237.000      292.000
   255:      545.000      526.000       62.000       43.000      174.000
   260:      359.000       93.000      186.000      220.000     2198.000
   265:      149.000      578.000      270.000      612.000       72.000
   270:       81.000      614.000      770.000      606.000     1185.000
   275:     1103.000     1187.000      548.000      550.000      355.000
   280:       47.000       70.000      233.000      501.000       25.000
   285:       27.000      496.000      689.000       16.000      215.000
   290:      140.000      175.000      368.000      354.000      350.000
   295:      183.000      886.000      121.000      415.000      745.000
   300:       81.000      756.000     1205.000      315.000      134.000
   305:       53.000     1263.000      676.000       58.000       54.000
   310:      257.000      344.000      370.000       26.000      790.000
   315:      514.000      205.000      361.000       77.000      702.000
   320:       39.000      590.000       70.000      691.000      285.000
   325:      105.000     1481.000      145.000      711.000      108.000
   330:      747.000      601.000       64.000      238.000     1720.000
   335:      321.000      115.000      333.000     1226.000      588.000
   340:      365.000       97.000      136.000      306.000      337.000
   345:       61.000      147.000     1812.000      153.000      779.000
   350:      455.000     1038.000      103.000      307.000      255.000
   355:      140.000      916.000      149.000      103.000      375.000
   360:      208.000       68.000      160.000      514.000      473.000
   365:       24.000      660.000      989.000       24.000      136.000
   370:      238.000      242.000      480.000      698.000       60.000
   375:      201.000      669.000      196.000      336.000      115.000
   380:      713.000      242.000      717.000      211.000       31.000
   385:      231.000      689.000       75.000      462.000      170.000
   390:      202.000      191.000      633.000       83.000      158.000
   395:      144.000       46.000       75.000      106.000      226.000
   400:      152.000      287.000       24.000      103.000      571.000
   405:      123.000      483.000      642.000      118.000       64.000
   410:      261.000       23.000      215.000      239.000       27.000
   415:      150.000      853.000      102.000      202.000      451.000
   420:      366.000      287.000      247.000      530.000      176.000
   425:      184.000      161.000      385.000      140.000      397.000
   430:      372.000      269.000       89.000      331.000      510.000
   435:      206.000     1203.000      253.000      388.000       92.000
   440:      186.000      791.000       48.000      141.000      210.000
   445:      310.000      474.000       54.000      174.000      191.000
   450:      214.000      358.000     1566.000     1330.000      756.000
   455:      285.000      157.000      917.000       52.000      293.000
   460:      559.000      417.000      159.000      277.000      112.000
   465:       99.000      162.000      278.000      440.000      471.000
   470:      378.000      162.000      172.000      149.000      103.000
   475:       65.000      258.000      267.000      927.000      898.000
   480:      148.000      260.000      175.000       94.000      338.000
   485:       46.000      120.000      590.000       26.000      217.000
   490:      502.000       47.000       22.000      342.000      593.000
   495:      128.000     1244.000       88.000       98.000      490.000
   500:       67.000      360.000      310.000      630.000      950.000
   505:      724.000     1425.000      732.000     1228.000      444.000
   510:       87.000      696.000       46.000      455.000      469.000
   515:      245.000      183.000      189.000      635.000      616.000
   520:       70.000     1045.000       29.000       23.000       67.000
   525:      805.000       18.000      706.000      126.000      204.000
   530:      614.000      317.000      596.000      321.000      491.000
   535:     1242.000     1341.000       86.000      668.000      111.000
   540:      592.000      284.000      816.000       97.000      719.000
   545:      724.000      941.000      146.000      317.000     1795.000
   550:      487.000      333.000      533.000      176.000      671.000
   555:      462.000      151.000       96.000       95.000      328.000
   560:      152.000      227.000      696.000      114.000      348.000
   565:      690.000      255.000       81.000       81.000       83.000
   570:      493.000      625.000      262.000      550.000      471.000
   575:      123.000      818.000      639.000      590.000      409.000
   580:      487.000       87.000      582.000      989.000      341.000
   585:      361.000      300.000      435.000      118.000     1331.000
   590:      296.000      225.000      896.000       37.000      139.000
   595:       86.000      799.000     1032.000      725.000      876.000
   600:      285.000      181.000      377.000     1009.000      309.000
   605:      349.000      429.000      492.000      418.000      259.000
   610:       89.000      123.000       24.000      264.000       78.000
   615:      148.000      126.000      320.000      100.000       86.000
   620:      101.000      596.000      409.000      259.000       82.000
   625:      181.000      505.000       90.000      915.000      213.000
   630:      265.000     1379.000      183.000      299.000      870.000
   635:     1065.000      566.000      305.000      218.000       32.000
   640:      410.000      182.000      296.000      348.000      459.000
   645:      389.000       77.000       22.000      849.000      614.000
   650:      737.000     1002.000       98.000      268.000      978.000
   655:      470.000      887.000      757.000     1240.000      538.000
   660:      518.000      517.000      187.000      315.000      398.000
   665:      251.000     2522.000      693.000       94.000      519.000
   670:      374.000     1026.000     2083.000       91.000      152.000
   675:      129.000      414.000     1649.000      225.000       73.000
   680:      255.000      800.000     2028.000      329.000       54.000
   685:      134.000     2193.000      462.000      170.000      270.000
   690:      182.000      382.000      743.000      226.000      443.000
   695:      658.000      443.000       78.000      272.000      342.000
   700:       67.000      194.000      419.000     1156.000       85.000
   705:      526.000       38.000       89.000      633.000      238.000
   710:      577.000      377.000      604.000      192.000      293.000
   715:      265.000      759.000      255.000      785.000     1764.000
   720:      234.000      258.000      873.000       95.000     1304.000
   725:      274.000      109.000      176.000      137.000      133.000
   730:       42.000      594.000      136.000      232.000      412.000
   735:      541.000      510.000     1418.000      866.000       99.000
   740:      904.000      214.000      583.000      444.000      307.000
   745:      639.000      148.000      159.000      480.000     1349.000
   750:      374.000      270.000      575.000     1235.000      332.000
   755:       23.000      645.000      271.000     2145.000       54.000
   760:      123.000      267.000      329.000       66.000      212.000
   765:      572.000      252.000      701.000      379.000       69.000
   770:      553.000      485.000      166.000      523.000      721.000
   775:      287.000      140.000       96.000      573.000      597.000
   780:      274.000      208.000      549.000      185.000      388.000
   785:      220.000      191.000      871.000       59.000       81.000
   790:      835.000      602.000      144.000      190.000      746.000
   795:      139.000      140.000      352.000      312.000      704.000
   800:      142.000     1103.000      142.000      365.000       94.000
   805:       31.000      983.000     1396.000       70.000      566.000
   810:      979.000      156.000     1631.000       91.000      313.000
   815:      748.000      186.000      170.000      510.000     1832.000
   820:       47.000      713.000      353.000      670.000      115.000
   825:      496.000      107.000      183.000      317.000      872.000
   830:      283.000      276.000      215.000      289.000      146.000
   835:      553.000      568.000     1084.000      432.000       57.000
   840:      300.000      285.000      631.000       88.000      210.000
   845:      179.000      331.000      367.000      112.000      235.000
   850:       70.000      467.000       39.000       57.000      389.000
   855:      572.000       74.000      127.000     1456.000      451.000
   860:      518.000      175.000      131.000      739.000      386.000
   865:      615.000       83.000      413.000      183.000      856.000
   870:      536.000      133.000      188.000     1671.000      384.000
   875:      419.000      314.000      430.000      591.000     1871.000
   880:      409.000      365.000      308.000      181.000      931.000
   885:      378.000       24.000      333.000      466.000      542.000
   890:      123.000      111.000      299.000      115.000      681.000
   895:      116.000      209.000     1005.000      204.000      784.000
   900:      640.000      295.000      280.000      462.000      227.000
   905:      308.000      459.000      210.000       93.000      174.000
   910:      728.000      339.000       37.000      580.000      300.000
   915:      372.000      278.000      202.000      113.000     1411.000
   920:      225.000      842.000      421.000      496.000      741.000
   925:      574.000      789.000      144.000      333.000     1054.000
   930:      903.000      316.000      107.000     1188.000      413.000
   935:      761.000      977.000      692.000       61.000       52.000
   940:      549.000      842.000      242.000      338.000      981.000
   945:      825.000      152.000      898.000       84.000     1263.000
   950:      156.000      139.000       12.000      111.000      199.000
   955:      883.000       85.000     1549.000      125.000      443.000
   960:     1112.000      353.000
R:
     0:        1.000   218550.895        0.000
T:
     0:        0.000        0.000        0.000        0.000
W:
     0:        0.000        2.000        0.000
