File: C:\MED-PC IV\Data\Reyes\AY\AY1072.999


Start Date: 10/21/24
End Date: 10/21/24
Subject: 72
Experiment: AY
Group: EXP10
Box: 4
Start Time: 17:32:17
End Time: 18:22:18
MSN: DRRD_exp_10
C:       0.000
F:       0.000
G:       0.000
H:       0.000
I:       0.000
J:       0.000
K:    5416.000
L:       0.000
M:       0.000
N:       0.000
O:       0.000
P:       0.000
Q:       0.000
R:       0.000
S:       0.000
U: 2027233.000
V:       0.000
X:       0.000
Y:    1865.000
Z:       0.000
A:
     0:      632.005     1002.009     1025.005     1219.009     6243.005
     5:     6353.009     9966.005     9992.009    10008.005    10036.009
    10:    10064.005    10171.009    10414.005    10769.009    11567.005
    15:    11657.009    15000.013    15000.011    15567.001    15747.003
    20:    15787.001    15892.003    15938.001    16167.003    16216.001
    25:    16256.003    16828.001    16962.003    17007.001    17108.003
    30:    17320.005    17515.009    17753.001    17924.003    18163.001
    35:    18529.003    18762.001    18849.003    19315.001    19498.003
    40:    19541.001    19600.003    19997.001    20116.003    20475.001
    45:    20607.003    20924.001    21120.003    21190.001    21284.003
    50:    21430.001    21449.003    21527.001    21555.003    21690.001
    55:    21808.003    22235.005    22476.009    22583.005    22591.009
    60:    22752.005    22767.009    22849.005    22865.009    22867.005
    65:    22893.009    23514.001    24489.005    25088.009    25626.003
    70:    25666.001    25776.003    26386.001    26570.003    26628.001
    75:    26763.003    26949.005    27231.009    27244.005    27329.009
    80:    27811.001    28238.005    29093.009    29416.005    29445.003
    85:    29460.009    31054.001    31206.003    31223.001    31375.003
    90:    31736.001    32190.005    32196.003    32213.001    32612.009
    95:    32675.005    32712.009    32722.005    32778.009    33514.005
   100:    33854.009    34276.003    34885.005    35612.009    36497.001
   105:    36628.005    36906.009    36990.005    37083.009    37192.005
   110:    37560.009    39047.003    39851.005    39869.009    44094.001
   115:    44725.003    44740.001    44961.005    45799.009    45819.005
   120:    45827.009    46258.003    46258.005    46753.009    46756.005
   125:    46759.009    48003.005    48025.009    48085.005    48098.009
   130:    48828.001    48972.005    48992.009    49018.005    49116.009
   135:    50703.003    51193.005    51246.009    54936.005    55118.009
   140:    55162.005    55986.009    55995.005    56013.009    56333.005
   145:    56388.009    56398.005    56429.009    56865.001    57116.003
   150:    57331.001    57440.003    57488.001    58072.005    58637.009
   155:    58693.005    59124.009    59252.005    59282.009    59312.005
   160:    59338.009    59396.005    59445.009    59609.003    59619.005
   165:    59938.009    60203.005    60485.009    62507.001    62996.005
   170:    63274.009    63511.005    63792.009    63794.005    63801.009
   175:    63825.005    64261.009    64277.005    64297.003    64300.009
   180:    64636.001    65271.005    66117.003    66166.009    66176.005
   185:    66185.009    66434.005    66864.009    69179.005    69307.009
   190:    73523.001    73666.003    75277.005    75524.009    76262.001
   195:    76492.003    77735.001    79890.003    80462.001    80520.003
   200:    81185.001    81287.003    81586.001    81620.003    81907.001
   205:    82101.003    82381.005    82955.009    83868.001    83920.003
   210:   100280.005   100326.009   100331.005   100592.009   102639.001
   215:   103044.005   104476.009   104501.005   104508.009   104884.003
   220:   105290.001   105354.005   105363.009   105418.003   105542.005
   225:   105910.009   111105.001   112997.003   113665.001   113736.003
   230:   113780.001   113878.003   113908.001   114338.005   114340.009
   235:   114344.005   115682.003   115855.009   115866.001   115902.003
   240:   116055.005   116343.009   116529.005   117081.009   118770.001
   245:   119697.005   119977.009   119994.005   120048.009   120506.003
   250:   121012.001   121053.003   121178.005   121379.009   122183.001
   255:   122299.003   122369.001   123905.003   123998.001   124028.003
   260:   125111.001   125222.003   125262.001   125276.003   126095.001
   265:   126357.003   126379.001   126479.005   126993.009   127692.005
   270:   127699.009   127731.005   127941.003   128206.009   132159.001
   275:   132233.003   132551.001   132625.003   133792.001   133959.003
   280:   134013.001   134325.003   134460.001   134773.003   135194.005
   285:   135494.009   143382.005   143750.009   149782.005   149851.009
   290:   149859.005   149879.009   151317.001   151832.005   152681.003
   295:   153268.001   153434.009   153463.005   153636.009   153747.005
   300:   153753.009   154012.005   154766.009   155234.005   155242.003
   305:   155348.001   155358.009   155410.003   155456.005   155697.009
   310:   155699.005   155707.009   155718.001   155757.003   156568.005
   315:   156822.009   156890.005   157085.009   157607.001   158612.005
   320:   158828.009   158937.005   160249.003   160701.009   161388.001
   325:   161502.003   161537.001   163010.003   164280.005   164994.009
   330:   165934.001   167890.003   168436.005   168442.001   168442.009
   335:   168489.003   182489.001   182595.003   183429.001   183538.003
   340:   183593.001   183751.003   183807.001   183996.003   184018.001
   345:   184108.003   184139.001   185030.003   185091.001   186701.003
   350:   187513.005   187521.009   187526.005   187859.009   188370.001
   355:   188650.005   188753.009   188992.005   189029.009   190389.003
   360:   190571.005   190912.001   191071.009   191226.003   191337.005
   365:   191357.009   192536.001   192711.003   192983.005   193255.009
   370:   193682.001   194035.003   194084.001   194112.003   195392.001
   375:   195720.003   196955.001   197167.003   197752.001   197991.003
   380:   198061.001   198108.003   198256.001   198889.005   199499.009
   385:   199528.005   199757.009   200699.003   201386.001   201618.003
   390:   201640.001   201900.003   201918.001   202192.005   202572.009
   395:   202629.005   202675.009   202744.005   203062.009   203353.003
   400:   203864.005   203877.001   203878.009   203926.003   204040.005
   405:   204140.009   211170.005   211865.009   213411.001   213793.005
   410:   213817.009   214779.005   214823.009   215626.003   216453.001
   415:   218280.003   218294.001   218420.003   219293.005   219619.009
   420:   220163.005   220214.009   237763.005   237766.009   237784.005
   425:   237829.009   237875.005   237946.009   238020.005   238223.009
   430:   238717.001   239536.005   240741.003   240903.009   241813.001
   435:   242338.005   242645.009   242655.005   242677.009   242713.005
   440:   243412.009   243607.005   243630.009   243713.005   243923.009
   445:   244072.003   245358.005   245380.001   245397.009   245503.003
   450:   245643.001   245777.003   245801.001   246282.005   248040.009
   455:   248044.003   248189.005   248205.009   248215.001   248255.003
   460:   248358.005   248665.009   249308.005   249565.009   251034.001
   465:   251329.005   251444.009   251483.005   251609.009   251649.005
   470:   251851.009   251859.005   251908.009   252226.005   252429.009
   475:   252546.005   252577.009   253742.018   253979.003   253985.016
   480:   254035.026   254287.005   255656.009   257248.001   257286.003
   485:   257444.001   257824.005   259267.009   259296.005   259520.003
   490:   259550.009   260315.001   260346.003   260443.001   260731.005
   495:   260742.009   260785.005   262494.003   262588.009   263074.005
   500:   263086.009   263902.005   264064.009   264153.005   264594.009
   505:   265143.001   265404.005   265431.009   265787.005   265967.009
   510:   266048.005   266059.009   266106.005   267105.009   267150.005
   515:   267592.009   267621.005   267631.009   267680.005   267851.018
   520:   268063.003   268069.016   268119.026   268199.009   268208.005
   525:   268220.009   268318.005   269894.009   270784.001   270970.003
   530:   270986.001   271155.005   271337.009   273458.003   274083.005
   535:   274514.009   274896.001   275419.003   275432.001   275577.005
   540:   276500.009   276525.005   276692.009   277609.003   277825.005
   545:   277831.009   277835.005   277840.009   278104.005   278644.009
   550:   279213.001   281416.005   281920.009   281921.018   281954.005
   555:   282856.003   282862.016   282912.026   283140.009   283222.005
   560:   283449.009   283459.005   284584.009   284603.005   284622.009
   565:   284965.005   284990.009   285011.005   285028.009   285042.005
   570:   285046.009   286039.001   286111.003   286179.001   286357.005
   575:   286360.009   286363.005   286398.009   286488.005   286518.009
   580:   288555.003   290946.001   291005.003   291041.001   291330.005
   585:   291411.009   291428.005   291524.009   291627.005   291951.009
   590:   292025.005   292894.009   292935.005   293199.009   293214.003
   595:   294475.001   296459.003   299573.001   299770.005   299802.009
   600:   299977.005   299996.009   301818.003   302247.001   302715.005
   605:   302799.009   302831.005   304438.003   304550.009   305007.005
   610:   305026.009   305198.005   305201.009   305205.005   305210.009
   615:   305214.005   305219.009   305220.005   305260.009   305639.005
   620:   305643.009   305648.005   305650.009   305689.005   305694.009
   625:   305696.005   305710.009   305849.005   305856.001   308382.003
   630:   308504.009   308739.005   308945.009   309016.005   309025.009
   635:   309225.005   309632.009   309657.005   309859.009   310363.001
   640:   313071.018   313224.003   313230.016   313280.026   313426.005
   645:   313785.009   313814.005   314451.009   315285.001   315345.003
   650:   315396.001   315809.005   316270.009   317166.003   317181.001
   655:   317318.003   318441.001   318539.003   318548.001   319079.005
   660:   319757.009   320244.005   320251.009   320283.005   320693.003
   665:   321079.001   321148.003   321149.009   321227.005   321290.001
   670:   321294.009   321391.003   322007.001   322302.005   322312.009
   675:   324074.003   326191.001   327815.003   328412.001   328478.003
   680:   328515.001   328933.005   329117.009   330370.003   330719.001
   685:   330814.003   330855.005   330885.009   330893.001   330950.003
   690:   331324.005   331529.009   331921.001   332266.005   332409.009
   695:   332588.005   332596.009   332617.005   332940.009   333468.005
   700:   334139.003   334659.001   335522.009   335527.005   335533.009
   705:   335550.005   336588.003   337098.001   337161.003   337245.009
   710:   337287.005   337313.009   337455.005   338097.009   340498.001
   715:   340518.003   340540.001   340681.005   340966.009   341491.005
   720:   342393.009   342394.005   342437.003   342535.009   342935.005
   725:   343415.009   343942.001   344347.005   344959.009   345967.003
   730:   346652.001   348796.003   349356.005   349460.009   349977.001
   735:   350353.005   350503.009   351041.005   351046.009   351099.005
   740:   351392.009   351696.005   352515.003   353189.001   353245.003
   745:   353289.001   353446.003   353487.009   353552.005   353564.009
   750:   353799.005   354998.009   356408.001   356995.005   357235.009
   755:   359116.018   359171.003   359177.016   359227.026   359432.005
   760:   359916.009   360004.005   360159.009   360416.005   360470.009
   765:   361339.001   361473.003   361511.001   361883.005   362223.009
   770:   362249.005   362875.009   362959.005   362992.009   362999.005
   775:   363265.003   363830.009   363970.005   364062.009   365754.001
   780:   366210.003   366232.001   366582.005   366845.009   366947.005
   785:   366960.009   368013.003   368952.001   369078.003   369348.005
   790:   369993.009   370053.005   370076.009   370092.005   370348.009
   795:   371506.001   371569.003   371609.001   371982.003   372004.001
   800:   374107.003   374737.001   375013.003   375028.001   375551.005
   805:   375677.009   376636.003   377350.001   377455.003   377662.005
   810:   377781.009   378591.001   378989.005   378995.009   379010.005
   815:   379036.009   380165.003   381166.001   381193.003   381463.005
   820:   381676.009   385657.005   385679.009   385696.005   385727.009
   825:   385781.005   386424.009   387172.001   387249.003   387322.001
   830:   387765.005   387834.009   389010.003   390000.001   390191.003
   835:   390248.001   390588.003   390635.001   391635.003   392056.001
   840:   392124.003   392383.001   392435.003   392465.001   394165.003
   845:   394531.001   394680.003   394713.001   394799.003   395037.005
   850:   395650.009   396589.001   397055.005   397074.009   397484.003
   855:   397545.001   398084.005   398389.009   398670.003   399091.001
   860:   399332.003   399422.005   399437.009   399443.005   399445.009
   865:   399558.005   400366.009   401011.001   401742.005   402213.009
   870:   403194.003   403979.001   404231.003   404263.001   404756.005
   875:   404963.009   405157.005   405426.009   405697.005   405756.009
   880:   406060.003   406154.001   406226.003   406304.005   406406.009
   885:   406423.005   406426.009   406430.005   406435.009   406437.005
   890:   406442.009   406555.001   408147.003   409232.001   409300.003
   895:   409502.005   409648.009   409681.005   409804.009   411286.005
   900:   411292.009   411316.005   411450.009   412725.001   412804.003
   905:   412848.001   415352.003   416236.001   416646.005   416714.009
   910:   418241.003   418336.001   418430.003   418821.005   419274.009
   915:   419908.001   420927.005   420946.009   421059.005   421169.009
   920:   421248.005   421352.009   421419.005   421509.009   422274.003
   925:   422730.001   423425.005   425000.003   425633.009   425642.005
   930:   425647.009   425709.005   425758.009   425989.005   426114.009
   935:   426269.005   426295.009   426406.005   427132.009   427183.005
   940:   427532.009   428412.001   428519.003   428550.001   430035.003
   945:   432109.001   432231.003   432763.001   432897.003   432938.001
   950:   433494.005   433659.009   435178.003   435593.005   435906.009
   955:   446683.001   447172.005   447186.009   447443.003   447455.001
   960:   448191.005   448358.009   448373.005   448776.009   449216.003
   965:   450031.001   450056.003   450130.001   450303.003   450340.001
   970:   450372.003   450380.001   450581.003   450660.001   450817.005
   975:   451090.009   451819.005   452045.003   452782.009   452858.005
   980:   453192.009   453201.005   453225.009   457549.001   457564.003
   985:   457599.001   459046.003   459304.005   459427.009   459509.005
   990:   459942.009   460741.001   461521.005   461946.009   462749.003
   995:   472392.001   472494.003   472527.001   472772.005   473170.009
  1000:   473993.003   473997.005   474141.009   474684.001   474730.003
  1005:   474809.001   474871.003   477059.005   477080.009   477096.005
  1010:   477139.009   477158.005   477843.009   478691.001   479035.003
  1015:   479080.001   479104.003   479145.001   479884.005   480609.009
  1020:   480640.005   480676.009   480734.003   481181.005   481192.001
  1025:   481194.009   481245.003   481425.005   481457.001   481538.003
  1030:   481910.009   484115.005   484146.009   484154.005   484312.009
  1035:   485148.005   485184.009   485205.005   485230.009   491748.001
  1040:   493541.003   494935.001   495284.005   496818.009   496853.005
  1045:   496961.003   497130.009   497969.001   498199.003   498784.001
  1050:   499477.005   499480.009   499483.005   499968.009   500416.005
  1055:   500471.003   500572.009   501997.001   502076.003   502191.001
  1060:   502430.005   502432.009   502474.005   502910.009   503235.005
  1065:   503256.009   503295.005   503413.009   503468.005   503899.003
  1070:   504786.009   504885.005   505050.009   505233.005   505242.009
  1075:   505374.005   505985.009   506275.005   506317.009   506325.005
  1080:   506685.009   508106.005   508164.009   517461.005   517941.009
  1085:   518721.001   518866.003   518930.001   521126.003   522053.001
  1090:   522531.003   522685.001   523514.003   523537.001   524706.003
  1095:   525119.001   525146.003   525187.001   525224.003   525339.001
  1100:   525377.003   525611.005   526547.009   527692.001   527773.003
  1105:   527809.001   527939.005   528117.009   529629.003   530431.005
  1110:   530599.009   530606.005   530613.009   530704.005   531085.009
  1115:   534915.001   535892.005   537241.009   537254.005   537311.003
  1120:   538331.001   538383.009   538393.003   538582.005   538605.001
  1125:   538620.009   538725.003   538895.001   539021.003   539079.001
  1130:   539991.005   540012.009   541336.003   551070.005   551241.009
  1135:   552432.001   555140.018   555534.003   555540.016   555590.026
  1140:   555772.005   556601.009   558649.001   559332.005   560363.009
  1145:   560607.003   561501.001   561570.003   561622.001   561696.003
  1150:   561977.005   562151.009   570135.005   570163.009   571751.001
  1155:   571880.003   571965.001   572061.003   572157.001   573673.003
  1160:   574682.001   574946.003   574974.001   576313.005   576520.009
  1165:   576677.005   576933.009   577058.003   577680.005   577818.009
  1170:   578003.005   578090.009   588528.005   588534.009   588544.005
  1175:   588660.009   589258.001   589368.003   589420.001   591538.003
  1180:   592384.005   592493.009   592833.001   592994.003   593012.001
  1185:   593549.005   594088.009   594650.003   596463.001   596559.003
  1190:   596656.001   596698.003   596913.005   597236.009   606404.005
  1195:   606644.009   606771.005   606799.009   607563.001   609308.003
  1200:   610010.001   610113.003   610270.001   610309.003   653759.005
  1205:   653943.009   667570.005   668483.009   670243.001   670422.003
  1210:   670511.001   670711.003   670748.001   670931.003   671824.001
  1215:   671992.003   673520.001   673779.003   673856.001   674020.003
  1220:   675582.005   675920.009   677050.005   677438.009   678593.005
  1225:   679634.009   679978.005   680300.009   681601.001   681720.003
  1230:   683302.001   683428.003   684924.005   684928.009   684940.005
  1235:   685445.009   686488.001   686661.003   686700.001   686814.003
  1240:   686826.001   689274.003   690054.005   690148.009   690761.001
  1245:   690867.003   692547.005   692591.009   702905.005   703293.009
  1250:   704988.001   705041.003   705114.001   705380.005   705733.009
  1255:   706531.005   706535.009   706610.003   706993.005   707100.009
  1260:   707182.005   707816.009   709726.001   710450.005   710897.009
  1265:   711623.003   713204.001   713296.003   713337.001   713357.003
  1270:   713395.001   713611.003   713626.001   714095.005   714416.009
  1275:   715036.005   715099.009   715123.005   715158.009   715439.003
  1280:   716872.005   716894.009   717219.005   717288.009   728723.005
  1285:   729077.009   729089.005   729141.009   729238.005   729349.009
  1290:   730281.001   731100.005   731133.009   731146.005   732192.003
  1295:   732227.009   733224.001   734921.003   736558.001   736632.003
  1300:   736893.005   737098.009   737185.005   737339.009   737466.005
  1305:   737948.009   738777.001   739087.005   739090.009   739091.005
  1310:   739106.009   739239.005   739247.009   739902.003   739963.001
  1315:   740192.005   740302.009   740551.005   741243.003   741402.009
  1320:   741564.005   741584.009   741678.005   741868.009   763521.005
  1325:   763536.009   765296.001   766941.005   767176.009   767239.005
  1330:   767719.003   768479.009   768524.005   768844.009   814146.005
  1335:   814327.009   815151.001   815710.003   816596.005   816606.009
  1340:   816634.005   817220.009   847737.005   847843.009   848841.001
  1345:   849973.005   850381.009   850852.003   851749.001   851877.003
  1350:   852583.005   852857.009   859984.005   860023.009   860068.005
  1355:   860544.009   860557.005   860623.009   861424.001   862249.005
  1360:   863535.003   863584.009   864499.001   864696.003   864788.005
  1365:   864823.009   865000.005   865417.009   866393.001   866826.005
  1370:   866906.009   868583.003   869387.005   869392.009   869513.005
  1375:   869686.009   869708.005   869845.009   881169.005   881344.009
  1380:   882095.001   882257.003   882276.001   883887.003   884711.001
  1385:   884776.003   891475.005   891753.009   892530.001   895238.018
  1390:   895258.003   895264.016   895314.026   895525.005   896518.009
  1395:   896629.005   896643.009   898233.001   898311.003   898369.001
  1400:   899704.005   899707.009   899710.005   899735.009   900223.003
  1405:   900811.001   900937.003   901550.005   901732.009   901816.005
  1410:   902331.009   903012.001   904346.005   904393.009   904912.003
  1415:   905855.001   905939.003   906049.005   906054.009   906176.005
  1420:   906266.009   906888.001   907369.005   907775.009   908660.003
  1425:   908951.005   909040.009   909068.005   910159.009   911262.001
  1430:   911400.003   911427.001   912016.005   913020.003   913277.009
  1435:   913571.001   913741.003   913743.005   913811.009   913814.001
  1440:   913918.003   914382.001   915065.005   915671.009   915819.005
  1445:   915965.003   917230.001   917230.009   917359.003   917398.001
  1450:   917862.005   917866.009   917867.005   918029.009   918149.005
  1455:   918970.003   919920.001   920108.003   922549.009   922771.005
  1460:   922868.009   928909.005   929184.009   929236.005   929331.009
  1465:   929856.001   930128.003   930186.001   931006.005   931900.003
  1470:   932073.009   932346.005   932397.009   939090.005   939367.009
  1475:   940621.005   941238.009   941805.001   943599.003   951486.005
  1480:   951663.009   953383.001   953466.003   953516.001   954092.005
  1485:   954094.009   954099.005   954121.009   955338.003   956233.001
  1490:   956364.003   956599.005   957544.009   958381.001   958543.003
  1495:   958586.001   958709.003   958975.005   959013.009   959432.001
  1500:   959883.005   960863.003   962029.009   962043.005   962051.009
  1505:   962211.005   962791.009   971041.005   971231.009   971271.005
  1510:   971275.009   971281.005   971493.009   971599.005   972091.009
  1515:   972419.005   972506.009   973600.001   973828.003   973868.001
  1520:   974275.005   974289.009   974413.005   974433.009   974531.005
  1525:   974724.009   974755.003   974766.001   975115.005   975116.003
  1530:   975189.009   975288.005   976227.001   976337.009   976373.005
  1535:   976549.009   977020.005   977061.003   978188.009   978751.005
  1540:   978756.009   978759.005   978765.009   978882.005   979038.009
  1545:   993893.005   994111.009   997115.001   997270.003   997475.005
  1550:   997938.009   998197.005   998199.009   998276.005   998304.009
  1555:   998316.005   999147.009  1028731.005  1029337.009  1030488.001
  1560:  1030607.003  1030719.001  1030960.003  1031053.001  1031094.003
  1565:  1031765.001  1032789.005  1033009.009  1033320.003  1034118.005
  1570:  1034125.001  1034130.009  1034194.003  1034289.005  1034334.009
  1575:  1066274.005  1066517.009  1067078.005  1067389.009  1067405.005
  1580:  1067410.009  1067490.005  1067779.009  1069101.005  1069110.009
  1585:  1104522.005  1104533.009  1104550.005  1104759.009  1104766.005
  1590:  1104815.009  1111131.005  1111466.009  1112142.001  1112247.003
  1595:  1112723.005  1113185.009  1131709.005  1131780.009  1131814.005
  1600:  1132042.009  1132059.005  1132434.009  1132890.001  1133341.003
  1605:  1133379.001  1133983.003  1134648.001  1134718.003  1135374.005
  1610:  1135389.009  1135520.005  1135524.009  1144490.005  1144944.009
  1615:  1147373.005  1147470.009  1147561.005  1147930.009  1147954.005
  1620:  1147966.009  1147972.005  1148084.009  1149588.001  1149908.003
  1625:  1161903.005  1162010.009  1162399.005  1162422.009  1162467.005
  1630:  1162548.009  1214641.005  1214792.009  1229248.005  1229362.009
  1635:  1230296.005  1230809.009  1230834.005  1230891.009  1231534.001
  1640:  1231866.003  1232069.005  1232987.009  1233640.001  1233994.003
  1645:  1235075.001  1235088.003  1235101.001  1235494.003  1237951.001
  1650:  1238496.003  1239141.001  1239208.003  1239969.001  1240738.005
  1655:  1241216.003  1241635.001  1241663.003  1241812.001  1241913.003
  1660:  1242077.009  1242087.001  1242149.003  1242502.005  1243987.009
  1665:  1251064.005  1251266.009  1251484.005  1251571.009  1252041.001
  1670:  1252163.003  1252481.001  1254106.003  1255801.001  1257298.003
  1675:  1258925.005  1260235.009  1265487.005  1265789.009  1265900.005
  1680:  1266574.009  1267097.001  1267628.005  1268090.009  1268790.005
  1685:  1268859.003  1269596.009  1269698.005  1270184.009  1270746.001
  1690:  1272586.003  1272893.005  1273100.009  1273115.005  1273660.009
  1695:  1274260.001  1275756.003  1276256.001  1277393.005  1277912.003
  1700:  1278116.009  1278163.005  1278188.001  1278233.009  1278299.003
  1705:  1278871.001  1278936.003  1279193.005  1279292.009  1279610.001
  1710:  1279983.005  1280906.003  1281107.009  1281731.001  1281983.003
  1715:  1282076.005  1282084.009  1282090.001  1282146.003  1282214.005
  1720:  1282486.009  1282514.005  1282520.009  1282528.005  1283031.009
  1725:  1283037.005  1283059.009  1283088.005  1283320.009  1286123.001
  1730:  1286476.003  1287607.001  1289209.003  1290115.001  1291890.003
  1735:  1292661.005  1293115.009  1296007.005  1296029.009  1297242.005
  1740:  1297266.009  1298419.001  1299255.005  1299656.009  1299854.003
  1745:  1300350.001  1300381.003  1300434.005  1300439.001  1300454.009
  1750:  1300566.003  1300572.005  1300990.009  1301056.005  1301074.009
  1755:  1301140.005  1301861.009  1302375.001  1303570.003  1304034.001
  1760:  1304134.003  1305242.001  1306376.003  1306862.001  1306878.003
  1765:  1309335.001  1309459.003  1309504.001  1310640.005  1310643.009
  1770:  1310645.005  1310928.003  1311900.001  1311917.003  1311983.001
  1775:  1312044.003  1312122.009  1312722.001  1313330.003  1314105.001
  1780:  1314542.003  1326592.005  1327095.009  1328173.005  1328188.009
  1785:  1328700.005  1328810.009  1329932.001  1330150.003  1355538.005
  1790:  1356934.009  1357884.005  1357899.009  1358047.005  1358193.009
  1795:  1382686.001  1382788.003  1405533.005  1405568.009  1405573.005
  1800:  1405614.009  1405616.005  1405665.009  1405668.005  1406487.009
  1805:  1409020.005  1409194.009  1449909.005  1450174.009  1450794.001
  1810:  1450874.003  1451112.005  1451120.009  1451154.005  1451770.009
  1815:  1451812.005  1452008.009  1473191.005  1473492.009  1474275.001
  1820:  1474527.003  1474600.001  1474853.003  1474900.001  1475794.003
  1825:  1477342.001  1477619.003  1478869.001  1479001.003  1479397.005
  1830:  1479737.009  1480187.005  1480438.009  1484470.005  1484597.009
  1835:  1485253.001  1486015.005  1486016.009  1486036.005  1486806.003
  1840:  1487395.009  1487989.001  1488163.003  1489090.005  1489524.009
  1845:  1490939.001  1491243.003  1492569.005  1493018.009  1493656.001
  1850:  1494328.005  1495172.003  1496081.001  1496183.003  1496212.009
  1855:  1496213.001  1496245.005  1496524.003  1496560.001  1496867.003
  1860:  1496980.001  1496982.009  1497044.003  1497186.005  1497438.009
B:
     0:        0.000      376.000        0.000      376.000        0.000
     5:      545.000        0.000        0.000        0.000      545.000
    10:        0.000        1.000        0.000        1.000        0.000
    15:        0.000        7.000        0.000        7.000        0.000
    20:        0.000        0.000        0.000        0.000        0.000
    25:        0.000        7.000        0.000        0.000        0.000
    30:        0.000
D:
     0:  3524276.000  3524213.000  3524277.000
E:
     0:     2708.000     2708.000
T:
     0:        0.000        0.000        0.000        0.000
W:
     0:        0.000        0.000        0.000
