File: C:\MED-PC IV\Data\Reyes\AY\AY1070.999


Start Date: 10/25/24
End Date: 10/25/24
Subject: 70
Experiment: AY
Group: PERC
Box: 2
Start Time: 14:10:35
End Time: 15:00:35
MSN: DRRD_perc
C:       0.000
F:       0.000
G:       0.000
H:       0.000
I:       0.000
J:       0.000
K:    7453.000
L:       0.000
M:       0.000
N:       0.000
O:       0.000
Q:    1753.500
S:    1505.363
U: 1805677.000
V:       0.000
X:       0.000
Y:    2401.000
Z:       0.000
A:
     0:     3634.005     3639.009     3640.005     3664.009     3683.005
     5:     3698.009    11861.005    11942.009    11970.005    11973.009
    10:    11978.005    11983.009    12012.005    12031.009    12135.005
    15:    12147.009    12239.005    12281.009    12284.005    12293.009
    20:    12296.005    12502.009    12504.005    12509.009    12510.005
    25:    12516.009    12591.005    12610.009    12670.005    12710.009
    30:    12967.005    13340.009    13348.005    13395.009    15000.013
    35:    15000.011    16306.005    16320.009    16328.005    16346.009
    40:    16754.001    16871.003    16899.001    17022.003    17050.001
    45:    17235.003    17257.001    17272.003    17297.001    17397.003
    50:    17432.001    17638.003    17657.001    20028.003    20168.001
    55:    20323.003    20364.001    20483.003    20512.001    20555.003
    60:    20575.001    20650.003    20673.001    20738.003    20777.001
    65:    20965.003    20977.001    21121.003    21154.001    21236.003
    70:    21275.001    21682.003    21694.001    25305.003    25313.001
    75:    25818.003    26600.001    26659.003    26682.001    26720.003
    80:    26989.001    27065.003    27089.001    27131.003    27163.001
    85:    27239.003    27264.001    27365.003    27399.001    27624.003
    90:    27668.001    31395.018    31658.003    31664.016    31714.026
    95:    31752.005    32743.009    33708.001    34815.003    35207.001
   100:    35282.003    35290.001    35499.003    35509.001    35634.003
   105:    35653.001    37172.003    37185.001    38046.003    38196.005
   110:    38458.009    38863.001    38916.003    39008.001    39070.003
   115:    39114.001    39424.003    39450.001    39715.003    39829.001
   120:    40267.003    40309.001    40322.003    40349.001    42838.003
   125:    43155.001    43201.003    43267.001    43300.003    43414.001
   130:    43434.003    43475.001    43524.003    43556.001    43734.003
   135:    43764.001    44262.003    44288.001    46522.003    46679.001
   140:    46981.003    47300.001    47360.003    47410.001    47478.003
   145:    47501.001    47610.003    47622.001    48537.003    48567.001
   150:    51882.003    53717.001    54542.003    54571.001    55315.003
   155:    55350.001    57496.003    58060.005    58402.009    58444.005
   160:    58453.009    60041.001    60409.003    60432.001    60793.003
   165:    60814.001    64541.018    65461.003    65467.016    65517.026
   170:    65568.005    66371.009    66569.005    66595.009    66632.005
   175:    66645.009    66661.005    66699.009    67322.001    67349.003
   180:    67393.001    67448.003    67638.001    67665.003    67709.001
   185:    67751.003    67773.001    68107.003    68131.001    68448.003
   190:    68474.001    69324.003    69336.001    73004.003    73624.005
   195:    73921.009    74668.001    74714.003    74743.001    74900.003
   200:    74918.001    74998.003    75042.001    75497.003    75526.001
   205:    78709.003    78808.005    78836.009    79262.005    79353.009
   210:    80566.001    80641.003    80669.001    81571.003    81586.001
   215:    81768.003    81787.001    83201.003    83204.001    85732.003
   220:    86302.005    86304.009    86306.005    86628.009    87869.001
   225:    87943.003    87963.001    88406.003    88432.001    89833.003
   230:    89857.001    91528.003    91540.001    92893.003    94141.001
   235:    94218.003    94239.001    96747.003    96795.001    98289.003
   240:    98668.001    98747.003    99205.005    99587.009   100573.001
   245:   100677.003   100694.001   100867.003   100888.001   101431.003
   250:   101451.001   102204.003   102228.001   104239.003   104251.001
   255:   105859.003   105870.001   107116.003   107747.001   107824.003
   260:   107982.001   108046.003   108087.001   108166.003   108177.001
   265:   108303.003   108312.001   108367.003   108383.001   109836.003
   270:   109840.001   113555.003   113561.001   114850.003   115117.005
   275:   115329.009   115330.005   115337.009   117120.001   117399.003
   280:   117798.001   118155.003   118186.001   121913.018   122428.003
   285:   122434.016   122484.026   122515.005   123143.009   123161.005
   290:   123168.009   123940.001   123992.003   124471.001   124641.003
   295:   125698.001   125820.003   125853.001   126520.003   126543.001
   300:   129437.003   130140.001   130174.003   130252.001   130287.003
   305:   130664.001   130746.003   130771.001   134498.018   135336.003
   310:   135342.016   135392.026   135523.005   136300.009   137300.001
   315:   137496.003   137570.001   137804.003   137878.001   138189.003
   320:   138725.001   138868.003   139120.001   139249.003   139393.001
   325:   139581.003   139656.001   139752.003   139776.001   139859.003
   330:   139873.001   141230.003   141253.001   143103.003   143838.005
   335:   143951.009   144000.005   144107.009   145803.001   145925.003
   340:   146575.001   146654.003   146694.001   148161.003   148172.001
   345:   151409.003   152063.001   152528.003   152540.001   156267.018
   350:   156395.003   156401.016   156451.026   156573.005   156973.009
   355:   157108.005   157118.009   158083.001   158300.003   158307.001
   360:   158502.003   158575.001   158689.003   158734.001   158968.003
   365:   158987.001   159381.003   159416.001   162222.003   162246.001
   370:   162460.003   162516.001   163524.003   165468.001   165515.003
   375:   166046.001   166091.003   166118.001   166715.003   166741.001
   380:   167087.003   167099.001   167588.003   167609.001   171336.018
   385:   172008.003   172014.016   172064.026   172220.005   173488.009
   390:   175161.001   175196.003   175249.001   175507.003   175527.001
   395:   175594.003   175623.001   175683.003   175696.001   176116.003
   400:   176211.001   178501.003   178521.001   180417.003   181630.005
   405:   182295.009   183259.001   183341.003   183378.001   183436.003
   410:   183449.001   187176.018   188377.003   188383.016   188433.026
   415:   188548.005   189164.009   190883.001   190945.003   190961.001
   420:   190981.003   191042.001   194638.003   195187.005   195217.009
   425:   199315.001   199368.003   199398.001   199554.003   199596.001
   430:   199907.003   199939.001   199981.003   199998.001   200046.003
   435:   200089.001   200520.003   200546.001   201019.003   201045.001
   440:   201152.003   201192.001   203605.003   204525.001   204559.003
   445:   204600.001   204812.003   204822.001   205031.003   205037.001
   450:   205620.003   205635.001   209125.003   209615.005   209894.009
   455:   211586.001   211663.003   211699.001   211749.003   211761.001
   460:   212456.003   212475.001   212549.003   212572.001   212635.003
   465:   212670.001   212830.003   212861.001   215806.003   216809.001
   470:   216869.003   216907.001   216936.003   216955.001   217065.003
   475:   217073.001   217142.003   217167.001   220189.003   221003.001
   480:   221044.003   221068.001   224761.003   225659.005   225692.009
   485:   227138.001   227468.003   227545.001   228007.003   228050.001
   490:   228097.003   228115.001   228310.003   228323.001   229379.003
   495:   229437.001   229566.003   229656.001   233383.018   234322.003
   500:   234328.016   234378.026   234481.005   234944.009   236949.001
   505:   237009.003   237030.001   237146.003   237149.001   237266.003
   510:   237289.001   241016.018   241271.003   241277.016   241280.001
   515:   241327.026   241543.003   241634.005   241974.009   241986.005
   520:   242000.009   242710.005   242717.009   244405.001   245312.003
   525:   245331.001   248358.003   249423.001   249466.003   249508.001
   530:   249545.003   249558.001   252114.003   252127.001   252191.003
   535:   252370.001   254096.003   255005.005   255244.009   256257.001
   540:   256320.003   256358.001   256413.003   256437.001   256658.003
   545:   256704.001   257456.003   257503.001   258221.003   259951.001
   550:   260026.003   260076.001   260116.003   260138.001   260252.003
   555:   260279.001   260302.003   260411.001   261540.003   261573.001
   560:   264420.003   264998.001   265138.003   265309.001   265375.003
   565:   265419.001   269146.018   269953.003   269959.016   270009.026
   570:   270051.005   271040.009   271080.005   271092.009   271157.005
   575:   271216.009   271232.005   271237.009   272840.001   272895.003
   580:   272924.001   273099.003   273138.001   276065.003   277517.001
   585:   277592.003   277627.001   277782.003   277830.001   280221.003
   590:   280725.001   280809.003   280863.001   284590.018   286106.003
   595:   286112.016   286162.026   286191.005   287280.009   287288.005
   600:   287314.009   287388.005   287395.009   288898.001   289056.003
   605:   289076.001   289221.003   289236.001   289613.003   289637.001
   610:   292421.003   293459.001   293544.003   293579.001   293640.003
   615:   293679.001   295991.003   296921.001   300648.018   301371.003
   620:   301377.016   301427.026   301510.005   302066.009   303782.001
   625:   303855.003   303902.001   307307.003   307828.001   307888.003
   630:   307923.001   308111.003   308127.001   309157.003   309581.001
   635:   311619.003   311623.001   314440.003   315096.001   315301.003
   640:   315310.001   318051.003   318481.005   318629.009   319555.001
   645:   319625.003   319673.001   319709.003   319728.001   320426.003
   650:   320443.001   322992.003   324392.001   324731.003   324757.001
   655:   328484.018   329233.003   329239.016   329289.026   329358.005
   660:   330294.009   331904.001   332037.003   332053.001   333710.003
   665:   333718.001   336786.003   338148.001   338947.003   338954.001
   670:   342683.018   343217.003   343223.016   343273.026   343431.005
   675:   344649.009   346466.001   346516.003   346559.001   346677.003
   680:   346688.001   350360.003   351384.001   351441.003   351464.001
   685:   351690.003   351707.001   353490.003   353494.001   354113.003
   690:   354151.001   354748.003   354795.001   356840.003   357529.005
   695:   357838.009   357840.005   357847.009   357863.005   357868.009
   700:   357925.005   357935.009   357937.005   357960.009   358018.005
   705:   358061.009   358090.005   358095.009   358119.005   358130.009
   710:   358214.005   358221.009   359481.001   362908.003   364281.001
   715:   364336.003   364365.001   364629.003   364642.001   365346.003
   720:   365370.001   368035.003   368818.005   368841.009   370160.001
   725:   370203.003   370268.001   373888.003   375205.001   375264.003
   730:   375294.001   375381.003   375411.001   375476.003   375478.001
   735:   378510.003   380168.001   380212.003   380268.001   380354.003
   740:   380370.001   382478.003   383449.005   383641.009   383678.005
   745:   383684.009   383699.005   383705.009   383729.005   383736.009
   750:   383741.005   383747.009   384665.001   385100.003   385132.001
   755:   385407.003   385487.001   388615.003   389733.001   392895.003
   760:   392901.001   393343.003   394200.001   397927.018   399388.003
   765:   399394.016   399444.026   399469.005   400594.009   401139.001
   770:   401321.003   402346.001   402416.003   402459.001   402644.003
   775:   402666.001   405690.003   406517.005   406724.009   406831.005
   780:   406959.009   406992.005   406997.009   407004.005   407010.009
   785:   407030.005   407035.009   407133.005   407136.009   407146.005
   790:   407149.009   409158.005   409166.009   409180.005   409185.009
   795:   409542.001   409672.003   409810.001   410269.003   410293.001
   800:   410447.003   410481.001   411704.003   411728.001   413292.003
   805:   413370.001   413575.003   413606.001   413708.003   413719.001
   810:   413783.003   413786.001   415215.003   416255.001   418529.003
   815:   418565.001   421461.003   423197.001   423227.003   423276.001
   820:   423498.003   423524.001   424311.003   424327.001   425673.003
   825:   425697.001   428630.003   429469.001   429545.003   429813.001
   830:   429901.003   429939.001   430253.003   430275.001   430548.003
   835:   430558.001   433678.003   434249.001   434465.003   434502.001
   840:   434756.003   434805.001   434985.003   435010.001   437684.003
   845:   438188.001   438246.003   438332.005   438369.009   438812.005
   850:   439091.009   439094.005   439102.009   440030.001   440109.003
   855:   440174.001   440641.003   440657.001   443606.003   445312.001
   860:   445381.003   445440.001   445490.003   445544.001   445572.003
   865:   445617.001   445701.003   445723.001   446023.003   446035.001
   870:   446092.003   446110.001   449318.003   449815.005   450078.009
   875:   450097.005   450102.009   450143.005   450149.009   450152.005
   880:   450169.009   450216.005   450219.009   450220.005   450224.009
   885:   450233.005   450243.009   450268.005   450315.009   450341.005
   890:   450347.009   450397.005   450402.009   450413.005   450423.009
   895:   450467.005   450469.009   450471.005   450476.009   451826.001
   900:   455553.018   455782.003   455788.016   455838.026   455919.005
   905:   456346.009   457469.001   457699.003   457959.001   457999.003
   910:   458093.001   458294.003   458306.001   461473.003   462372.001
   915:   462427.003   462503.001   463315.003   463318.001   464835.003
   920:   464851.001   467685.003   468652.001   468748.003   469048.001
   925:   469103.003   469263.001   469390.003   469511.001   469547.003
   930:   469592.001   469709.003   469736.001   473463.018   474366.003
   935:   474372.016   474422.026   474624.005   475240.009   477009.001
   940:   477103.003   477128.001   480855.018   481068.003   481074.016
   945:   481124.026   481295.005   482152.009   482173.005   482216.009
   950:   484284.001   484407.003   484466.001   487977.003   488611.005
   955:   488827.009   489097.001   489112.003   489579.001   489640.003
   960:   489680.001   489962.003   490009.001   493006.003   493463.001
   965:   493483.003   493972.001   494071.003   494114.001   494344.003
   970:   494356.001   495637.003   495643.001   497641.003   498074.001
   975:   498214.003   498260.001   501531.003   502522.001   506249.018
   980:   506788.003   506794.016   506844.026   507047.005   507694.009
   985:   507746.005   507763.009   507803.005   507814.009   507861.005
   990:   507871.009   509513.001   509568.003   509645.001   509809.003
   995:   509897.001   510050.003   510071.001   510364.003   510378.001
  1000:   513422.003   514424.001   514587.003   514632.001   514748.003
  1005:   514779.001   515121.003   515150.001   518455.003   519717.001
  1010:   519800.003   519824.001   522805.003   523521.005   523689.009
  1015:   524547.001   528274.018   528952.003   528958.016   529008.026
  1020:   529152.005   530414.009   532298.001   532372.003   532406.001
  1025:   532880.003   532916.001   535861.003   537004.001   537072.003
  1030:   537123.001   540850.018   541704.003   541710.016   541760.026
  1035:   541888.005   542422.009   545048.001   545156.003   545279.001
  1040:   545363.003   545869.001   545946.003   545987.001   546141.003
  1045:   546163.001   547837.003   547862.001   549761.003   549782.001
  1050:   552396.003   553031.001   554402.003   554426.001   557755.003
  1055:   557817.001   557981.003   559413.005   559515.009   559529.005
  1060:   559539.009   559542.005   559843.009   560485.001   564212.018
  1065:   565520.003   565526.016   565555.001   565576.026   565653.003
  1070:   565688.005   566547.009   566559.005   566596.009   566713.005
  1075:   566724.009   567111.001   567526.003   567638.001   567697.003
  1080:   567795.001   567992.003   568032.001   568388.003   568411.001
  1085:   570787.003   570894.001   571028.003   571176.001   571224.003
  1090:   571417.001   571523.003   571571.001   571747.003   571763.001
  1095:   575038.003   575552.001   575764.003   575847.001   575883.003
  1100:   575915.001   576013.003   576029.001   579166.003   580035.001
  1105:   583762.018   584644.003   584650.016   584700.026   584834.005
  1110:   585400.009   586420.001   586549.003   586771.001   586815.003
  1115:   586835.001   586980.003   587061.001   587343.003   587383.001
  1120:   591110.018   591229.003   591235.016   591285.026   591449.005
  1125:   591997.009   592011.005   592073.009   592890.001   593035.003
  1130:   593074.001   593181.003   593670.001   593708.003   593726.001
  1135:   593920.003   593935.001   596379.003   597036.001   597150.003
  1140:   597229.001   597271.003   597295.001   599582.003   601016.001
  1145:   601064.003   601089.001   601265.003   601268.001   601312.003
  1150:   601349.001   604157.003   605671.001   605759.003   605794.001
  1155:   609521.018   609919.003   609925.016   609975.026   610091.005
  1160:   610621.009   612244.001   612369.003   612398.001   616125.018
  1165:   616789.003   616795.016   616845.026   617046.005   617447.009
  1170:   618667.001   619063.003   619184.001   622911.018   625223.003
  1175:   625229.016   625279.026   625339.005   626541.009   627204.001
  1180:   627422.003   628497.001   628571.003   628609.001   628786.003
  1185:   628801.001   632528.018   633489.003   633495.016   633545.026
  1190:   633784.005   635519.009   635522.005   635533.009   635534.005
  1195:   635540.009   635541.005   635867.009   635919.005   635926.009
  1200:   635933.005   635937.009   636280.001   636412.003   636441.001
  1205:   636745.003   636808.001   637288.003   637298.001   640778.003
  1210:   641481.001   641551.003   641593.001   644762.003   645550.001
  1215:   645777.003   645795.001   646197.003   646227.001   648236.003
  1220:   649119.001   649188.003   649211.001   652509.003   652515.001
  1225:   652722.003   653430.001   653832.003   653840.001   656839.003
  1230:   657617.001   657667.003   657697.001   660140.003   660152.001
  1235:   660256.003   661534.001   664506.003   665378.001   666130.003
  1240:   666133.001   669361.003   670827.001   674554.018   675177.003
  1245:   675183.016   675233.026   675374.005   676022.009   676548.001
  1250:   676916.003   677664.001   677795.003   677825.001   678132.003
  1255:   678239.001   680962.003   681572.001   681647.003   681685.001
  1260:   681804.003   681847.001   681930.003   681958.001   685685.018
  1265:   687438.003   687444.016   687494.026   687654.005   688512.009
  1270:   690062.001   690236.003   690353.001   694080.018   694769.003
  1275:   694775.016   694825.026   695061.005   696149.009   696752.001
  1280:   696808.003   697294.001   697451.003   697512.001   698112.003
  1285:   698131.001   701585.003   702243.001   702315.003   702338.001
  1290:   705559.003   706109.001   709475.003   710205.001   710328.003
  1295:   710481.001   713825.003   714932.001   715134.003   715186.001
  1300:   718105.003   718765.001   722492.018   722905.003   722911.016
  1305:   722961.026   723076.005   724406.009   725955.001   726036.003
  1310:   726066.001   726087.003   726130.001   726331.003   726347.001
  1315:   726980.003   726994.001   729129.003   730051.001   730099.003
  1320:   730118.001   733819.003   734262.001   734368.003   734479.001
  1325:   734544.003   734579.001   736171.003   737072.001   737113.003
  1330:   737168.001   737335.003   737371.001   741098.018   741599.003
  1335:   741605.016   741655.026   741789.005   742424.009   742439.005
  1340:   742539.009   743415.001   743898.003   743947.001   744160.003
  1345:   744195.001   744484.003   744508.001   747668.003   748502.001
  1350:   749280.003   749286.001   753016.018   753278.003   753284.016
  1355:   753334.026   753554.005   754157.009   754167.005   754174.009
  1360:   754179.005   754291.009   754307.005   754384.009   756181.001
  1365:   756264.003   756381.001   756445.003   756615.001   756761.003
  1370:   756872.001   757363.003   757400.001   758050.003   758123.001
  1375:   758243.003   758271.001   760483.003   761311.001   761385.003
  1380:   761434.001   761681.003   761695.001   764868.003   765927.001
  1385:   765952.003   766071.001   769629.003   770242.001   770345.003
  1390:   770428.001   770491.003   770586.001   774220.003   774934.001
  1395:   775277.003   775322.001   778235.003   779658.001   779688.003
  1400:   779718.001   779801.003   779825.001   782351.003   785316.001
  1405:   785616.003   785913.001   788206.003   788277.001   788485.003
  1410:   788788.001   789123.003   789346.001   789574.003   790250.001
  1415:   790866.003   790953.001   794081.003   795894.001   795964.003
  1420:   795987.001   796255.003   796263.001   799087.003   800943.001
  1425:   801314.003   801402.001   804228.003   804876.001   808603.018
  1430:   809408.003   809414.016   809464.026   809564.005   809973.009
  1435:   809981.005   810011.009   810017.005   810043.009   810050.005
  1440:   810060.009   810064.005   810304.009   810343.005   810364.009
  1445:   810399.005   810407.009   812079.001   812131.003   812173.001
  1450:   812267.003   812293.001   816020.018   816090.003   816096.016
  1455:   816146.026   816257.005   817536.009   818692.001   818726.003
  1460:   819392.001   819676.003   819712.001   823439.018   823658.003
  1465:   823664.016   823714.026   823830.005   824478.009   824528.005
  1470:   824548.009   824589.005   824612.009   824626.005   824668.009
  1475:   825876.001   826003.003   826053.001   826165.003   826269.001
  1480:   826635.003   826674.001   826925.003   826948.001   829904.003
  1485:   830585.001   830619.003   830648.001   830708.003   830779.001
  1490:   834506.018   834789.003   834795.016   834845.026   835026.005
  1495:   835833.009   835922.005   835933.009   836808.001   836861.003
  1500:   836876.001   836920.003   837000.001   837183.003   837334.001
  1505:   840799.003   841172.001   844899.018   845055.003   845061.016
  1510:   845111.026   845336.005   846185.009   846191.005   846200.009
  1515:   846205.005   846248.009   846269.005   846274.009   847237.001
  1520:   847282.003   847384.001   847447.003   847519.001   847603.003
  1525:   847688.001   847725.003   847791.001   851518.018   852027.003
  1530:   852033.016   852083.026   852299.005   852848.009   853746.001
  1535:   853815.003   854002.001   854059.003   854086.001   854137.003
  1540:   854186.001   854583.003   854591.001   857737.003   858638.001
  1545:   858680.003   858705.001   858754.003   858788.001   862461.003
  1550:   863239.001   864151.003   864162.001   865450.003   866872.001
  1555:   867185.003   867221.001   870360.003   871106.001   871293.003
  1560:   871397.001   874325.003   875062.001   875121.003   875163.001
  1565:   878890.018   878958.003   878964.016   879014.026   879155.005
  1570:   879668.009   879673.005   879684.009   879704.005   879713.009
  1575:   881398.001   881481.003   881832.001   883592.003   883636.001
  1580:   885146.003   885815.001   888492.003   889064.001   889230.003
  1585:   889309.001   889393.003   889423.001   892969.003   894150.001
  1590:   897877.018   898671.003   898677.016   898727.026   898788.005
  1595:   899689.009   900894.001   900980.003   911462.001   911509.003
  1600:   911563.001   911670.003   911685.001   911936.003   912034.001
  1605:   915615.003   916651.001   916769.003   916796.001   920318.003
  1610:   920910.001   921414.003   921426.001   924797.003   925907.001
  1615:   926032.003   926057.001   928704.003   928712.001   929901.003
  1620:   930947.001   934407.003   934794.001   934890.003   936244.001
  1625:   936345.003   936380.001   940049.003   941270.001   944149.003
  1630:   944157.001   945731.003   946795.001   946997.003   947405.001
  1635:   947486.003   947540.001   947615.003   947660.001   951247.003
  1640:   953232.001   953294.003   953334.001   953430.003   953573.001
  1645:   953635.003   953657.001   954194.003   954437.001   954483.003
  1650:   954515.001   957296.003   958036.005   958218.009   959584.001
  1655:   959650.003   959681.001   962721.003   963292.001   963533.003
  1660:   963555.001   966021.003   966024.001   967584.003   968169.001
  1665:   971160.003   972816.001   976543.018   977788.003   977794.016
  1670:   977844.026   977933.005   979067.009   979085.005   979094.009
  1675:   980205.001   980248.003   980337.001   984064.018   984305.003
  1680:   984311.016   984361.026   984493.005   985471.009   986146.001
  1685:   986271.003   986369.001   986614.003   986632.001   989609.003
  1690:   990471.001   993729.003   995656.001   995729.003   995764.001
  1695:   995946.003   996001.001   999137.003   999736.001   999762.003
  1700:   999812.001  1003426.003  1004594.001  1004667.003  1004702.001
  1705:  1004867.003  1004890.001  1008456.003  1009394.001  1011995.003
  1710:  1012950.001  1013011.003  1013134.001  1013156.003  1013255.001
  1715:  1013338.003  1013366.001  1015369.003  1016024.005  1016032.009
  1720:  1017594.005  1017606.009  1017693.005  1017698.009  1018291.001
  1725:  1018618.003  1018671.001  1022131.003  1022792.001  1024922.003
  1730:  1024969.001  1024997.003  1025035.001  1026148.003  1026763.005
  1735:  1026882.009  1027796.001  1028042.003  1028079.001  1029594.003
  1740:  1031566.001  1032567.003  1032592.001  1035565.003  1036041.001
  1745:  1039633.003  1041637.001  1041881.003  1041935.001  1042025.003
  1750:  1042089.001  1045442.003  1046442.001  1046500.003  1046538.001
  1755:  1049613.003  1050141.001  1050246.003  1050292.001  1050360.003
  1760:  1050420.001  1050468.003  1050522.001  1050623.003  1050634.001
  1765:  1054197.003  1058100.001  1061827.018  1063169.003  1063175.016
  1770:  1063225.026  1063290.005  1063813.009  1065983.001  1066035.003
  1775:  1066112.001  1066361.003  1066547.001  1066738.003  1066753.001
  1780:  1070267.003  1070386.001  1070710.003  1070925.001  1070979.003
  1785:  1071015.001  1074742.018  1075212.003  1075218.016  1075268.026
  1790:  1075406.005  1075893.009  1075926.005  1075962.009  1075982.005
  1795:  1076303.009  1077750.001  1077932.003  1078017.001  1078066.003
  1800:  1078163.001  1081600.003  1082205.001  1082240.003  1082430.001
  1805:  1082503.003  1082553.001  1082613.003  1082650.001  1086377.018
  1810:  1086687.003  1086693.016  1086743.026  1086874.005  1087534.009
  1815:  1087536.005  1087543.009  1087629.005  1087638.009  1087642.005
  1820:  1087655.009  1087682.005  1087709.009  1088996.001  1092146.003
  1825:  1092869.001  1092904.003  1092947.001  1095915.003  1097936.001
  1830:  1098016.003  1098184.001  1101911.018  1102041.003  1102047.016
  1835:  1102097.026  1102235.005  1103868.009  1103872.005  1103879.009
  1840:  1103906.005  1103914.009  1103919.005  1103947.009  1103952.005
  1845:  1103960.009  1104373.001  1104493.003  1104620.001  1104730.003
  1850:  1104767.001  1107778.003  1108417.001  1108531.003  1108560.001
  1855:  1108592.003  1109010.001  1109798.003  1109815.001  1109874.003
  1860:  1109882.001  1111774.003  1112937.001  1113023.003  1113061.001
  1865:  1113136.003  1113159.001  1116886.018  1116994.003  1117000.016
  1870:  1117050.026  1117127.005  1117804.009  1117805.005  1117871.009
  1875:  1119337.001  1119591.003  1119608.001  1123335.018  1123757.003
  1880:  1123763.016  1123813.026  1123938.005  1124660.009  1127163.001
  1885:  1127189.003  1127518.001  1127589.003  1127636.001  1131264.003
  1890:  1132660.001  1132749.003  1132788.001  1136151.003  1137921.001
  1895:  1137981.003  1138382.001  1138489.003  1138527.001  1141219.003
  1900:  1141855.001  1144821.003  1145494.005  1145653.009  1147222.001
  1905:  1147587.003  1147606.001  1150531.003  1151137.001  1151197.003
  1910:  1151249.001  1151314.003  1151482.001  1155209.018  1155555.003
  1915:  1155561.016  1155611.026  1155751.005  1157190.009  1157192.005
  1920:  1157204.009  1157339.005  1157346.009  1158468.001  1158503.003
  1925:  1158583.001  1158724.003  1158811.001  1160123.003  1160173.001
  1930:  1160297.003  1160324.001  1161824.003  1162943.001  1162973.003
  1935:  1163035.001  1163064.003  1163083.001  1166810.018  1167039.003
  1940:  1167045.016  1167095.026  1167407.005  1167921.009  1167929.005
  1945:  1167936.009  1170173.001  1170234.003  1170308.001  1170611.003
  1950:  1170642.001  1170783.003  1170803.001  1170999.003  1171030.001
  1955:  1173044.003  1174203.001  1174242.003  1174282.001  1177455.003
  1960:  1178526.001  1178580.003  1178824.001  1178911.003  1178931.001
  1965:  1182249.003  1182940.005  1183211.009  1183213.005  1183221.009
  1970:  1183238.005  1183248.009  1183278.005  1183286.009  1183411.005
  1975:  1183415.009  1183482.005  1183488.009  1183509.005  1183517.009
  1980:  1183652.005  1183659.009  1183696.005  1183749.009  1183817.005
  1985:  1183824.009  1183825.005  1183869.009  1183875.005  1183909.009
  1990:  1184276.005  1184301.009  1184485.005  1184522.009  1184552.005
  1995:  1184589.009  1185463.001  1185577.003  1185599.001  1185712.003
  2000:  1185739.001  1186119.003  1186156.001  1188149.003  1188862.001
  2005:  1188976.003  1189010.001  1191443.003  1192110.001  1192179.003
  2010:  1192313.001  1192400.003  1192441.001  1195249.003  1197459.001
  2015:  1197566.003  1197586.001  1197814.003  1197848.001  1198016.003
  2020:  1198032.001  1200762.003  1202174.001  1205406.003  1206663.001
  2025:  1206725.003  1206896.001  1206932.003  1206986.001  1207093.003
  2030:  1207103.001  1210830.018  1210855.003  1210861.016  1210911.026
  2035:  1210992.005  1211504.009  1211508.005  1211515.009  1213498.001
  2040:  1213722.003  1214446.001  1214621.003  1214651.001  1217384.003
  2045:  1218633.001  1222253.003  1223024.005  1223566.009  1223575.005
  2050:  1223903.009  1223929.005  1223995.009  1224009.005  1224022.009
  2055:  1224052.005  1224080.009  1224090.005  1224097.009  1224125.005
  2060:  1224211.009  1224883.001  1224956.003  1225073.001  1225921.003
  2065:  1226057.001  1228760.003  1229437.001  1232878.003  1233572.005
  2070:  1234200.009  1234213.005  1234228.009  1235622.001  1235693.003
  2075:  1235738.001  1238938.003  1239519.001  1239584.003  1239607.001
  2080:  1243050.003  1248437.001  1248533.003  1248560.001  1251383.003
  2085:  1252095.001  1252151.003  1252164.001  1252233.003  1252265.001
  2090:  1255917.003  1258192.001  1258271.003  1258313.001  1258489.003
  2095:  1258524.001  1260803.003  1262426.001  1262535.003  1262555.001
  2100:  1264994.003  1266366.001  1266434.003  1266474.001  1266520.003
  2105:  1266547.001  1268960.003  1268975.001  1270176.003  1271237.005
  2110:  1271366.009  1272157.001  1272253.003  1272280.001  1272480.003
  2115:  1272504.001  1273405.003  1273433.001  1275743.003  1275982.001
  2120:  1276375.003  1277656.001  1277743.003  1277765.001  1277878.003
  2125:  1277885.001  1281614.018  1282298.003  1282304.016  1282354.026
  2130:  1282483.005  1283078.009  1285466.001  1285621.003  1285640.001
  2135:  1288166.003  1288836.001  1288950.003  1288989.001  1291307.003
  2140:  1292948.001  1296170.003  1298309.001  1298328.003  1298460.001
  2145:  1298528.003  1298557.001  1300982.003  1300992.001  1301967.003
  2150:  1302654.005  1302722.009  1302725.005  1302929.009  1303128.005
  2155:  1303138.009  1303148.005  1303155.009  1303192.005  1303287.009
  2160:  1303299.005  1303324.009  1303420.005  1303426.009  1303458.005
  2165:  1303463.009  1303472.005  1303609.009  1303616.005  1303673.009
  2170:  1307246.001  1309097.003  1309122.001  1312121.003  1313143.001
  2175:  1313168.003  1313253.001  1316106.003  1316801.001  1317130.003
  2180:  1317137.001  1320866.018  1320965.003  1320971.016  1321021.026
  2185:  1321135.005  1322048.009  1323027.001  1323254.003  1323322.001
  2190:  1326868.003  1327501.001  1327573.003  1327600.001  1331327.018
  2195:  1331557.003  1331563.016  1331613.026  1331721.005  1332572.009
  2200:  1332603.005  1332618.009  1333591.001  1334002.003  1334030.001
  2205:  1337354.003  1338276.005  1338405.009  1344519.001  1344806.003
  2210:  1344837.001  1345990.003  1346021.001  1349239.003  1350424.001
  2215:  1350495.003  1350547.001  1352625.003  1352677.001  1353162.003
  2220:  1353170.001  1354847.003  1355238.001  1355299.003  1355350.001
  2225:  1359077.018  1359122.003  1359128.016  1359178.026  1359311.005
  2230:  1360007.009  1361592.001  1361748.003  1361903.001  1362170.003
  2235:  1362209.001  1365563.003  1368513.001  1368587.003  1368621.001
  2240:  1371673.003  1372335.001  1372418.003  1372444.001  1372604.003
  2245:  1372619.001  1376346.018  1376462.003  1376468.016  1376518.026
  2250:  1376673.005  1377949.009  1379394.001  1379500.003  1379520.001
  2255:  1382082.003  1382621.001  1382811.003  1383243.001  1383361.003
  2260:  1383402.001  1386072.003  1387394.001  1387502.003  1387544.001
  2265:  1388380.003  1388404.001  1390267.003  1390276.001  1390436.003
  2270:  1391772.001  1391864.003  1391887.001  1391978.003  1391990.001
  2275:  1395081.003  1396053.001  1396114.003  1396168.001  1399444.003
  2280:  1399450.001  1399587.003  1399924.005  1400860.009  1401381.001
  2285:  1401552.003  1401832.001  1401947.003  1401966.001  1402250.003
  2290:  1402263.001  1405269.003  1406073.001  1407089.003  1407100.001
  2295:  1407243.003  1407372.001  1410584.003  1412759.001  1415833.003
  2300:  1416782.001  1420509.018  1420577.003  1420583.016  1420633.026
  2305:  1420662.005  1421915.009  1423156.001  1423304.003  1423361.001
  2310:  1423401.003  1423479.001  1423691.003  1423740.001  1427467.018
  2315:  1427677.003  1427683.016  1427733.026  1427820.005  1429197.009
  2320:  1430333.001  1430427.003  1430468.001  1433503.003  1433993.001
  2325:  1434145.003  1434192.001  1434239.003  1434269.001  1437436.003
  2330:  1438662.001  1441910.003  1442938.005  1443075.009  1444035.001
  2335:  1447502.003  1448637.001  1448718.003  1448743.001  1452199.003
  2340:  1452948.001  1456675.018  1457437.003  1457443.016  1457493.026
  2345:  1457605.005  1459150.009  1460421.001  1460466.003  1460487.001
  2350:  1460831.003  1460841.001  1461216.003  1461340.001  1463655.003
  2355:  1464869.001  1464946.003  1464985.001  1468246.003  1469068.001
  2360:  1469802.003  1469808.001  1472491.003  1473082.001  1476236.003
  2365:  1477200.001  1477694.003  1477701.001  1480824.003  1482095.005
  2370:  1482105.009  1482120.005  1482128.009  1482130.005  1482137.009
  2375:  1482152.005  1482226.009  1482281.005  1482511.009  1482526.005
  2380:  1482543.009  1483748.001  1484016.003  1484043.001  1485313.003
  2385:  1485333.001  1487480.003  1488228.001  1488406.003  1488518.001
  2390:  1491369.003  1492253.001  1495980.018  1496006.003  1496012.016
  2395:  1496062.026  1496176.005  1496943.009  1499238.001  1499296.003
  2400:  1499342.001
B:
     0:        0.000      852.000        0.000      851.000        0.000
     5:      255.000        0.000        0.000        0.000      255.000
    10:        0.000        1.000        0.000        1.000        0.000
    15:        0.000       62.000        0.000       62.000        0.000
    20:        0.000        0.000        0.000        0.000        0.000
    25:        0.000       62.000        0.000        0.000        0.000
    30:        0.000
D:
     0:  3305682.000  3305019.000  3304973.000
E:
     0:     3726.500     3726.500
P:
     0:        0.000      117.000      123.000      185.000       15.000
     5:      100.000      206.000     2371.000      155.000      119.000
    10:       43.000       75.000       65.000      188.000      144.000
    15:       82.000      407.000     3611.000      504.000       59.000
    20:       38.000       76.000       42.000       76.000      101.000
    25:      225.000     3990.000     1107.000       75.000      208.000
    30:      125.000     1519.000      861.000       53.000       62.000
    35:      310.000      265.000      438.000       13.000     2489.000
    40:       46.000       33.000       20.000       49.000      178.000
    45:      498.000     2234.000      302.000       60.000       68.000
    50:      109.000      915.000     3315.000      825.000      744.000
    55:     2146.000      368.000      361.000     4647.000       27.000
    60:       55.000       27.000       42.000      334.000      317.000
    65:      850.000     3668.000       46.000      157.000       80.000
    70:      455.000     3183.000       75.000      902.000      182.000
    75:     1414.000     2522.000       74.000      443.000     1401.000
    80:     1671.000     1353.000       77.000     2508.000     1494.000
    85:       79.000      104.000      173.000      543.000      753.000
    90:     2011.000     1608.000     1246.000       77.000       64.000
    95:       79.000      126.000       55.000     1453.000     3710.000
   100:     1286.000      279.000      357.000     4242.000       52.000
   105:      170.000      122.000      667.000     2894.000       34.000
   110:       35.000       82.000     4565.000      196.000      234.000
   115:      311.000      143.000      129.000      188.000       96.000
   120:       83.000     1357.000     1850.000      122.000       79.000
   125:     1467.000     3237.000      465.000     3855.000      217.000
   130:      193.000      114.000      234.000      394.000     2806.000
   135:      214.000     1008.000       47.000       45.000      597.000
   140:      346.000      489.000     4399.000       35.000      258.000
   145:       67.000       60.000      420.000     2290.000     1896.000
   150:       82.000       58.000     4928.000       62.000       20.000
   155:     3596.000       53.000      156.000      311.000       42.000
   160:       48.000      431.000      473.000      107.000     2413.000
   165:       34.000      212.000      209.000      580.000     3490.000
   170:       77.000       50.000      695.000       74.000       63.000
   175:      160.000     2945.000       60.000       29.000      110.000
   180:       68.000     3022.000       41.000     3693.000      330.000
   185:      462.000       47.000      195.000     1056.000      129.000
   190:     4666.000       60.000      116.000      111.000     3982.000
   195:      212.000      907.000     3027.000       43.000       37.000
   200:     2556.000       64.000     1726.000       63.000       55.000
   205:      221.000      752.000      718.000       75.000       40.000
   210:      114.000       23.000     1129.000     2847.000      140.000
   215:       66.000     4534.000       55.000      175.000     2927.000
   220:       75.000      155.000     2391.000       84.000     5243.000
   225:      158.000      145.000      377.000     2784.000       85.000
   230:       61.000     2312.000     4450.000       73.000     3405.000
   235:       60.000      188.000     1030.000     2038.000     2812.000
   240:      205.000     2741.000       70.000       36.000      698.000
   245:     2549.000      339.000     4476.000      133.000     1657.000
   250:     3067.000      799.000     4261.000       50.000      118.000
   255:     3672.000       57.000      226.000     1783.000      614.000
   260:      597.000     2045.000     3427.000       55.000      264.000
   265:      704.000     2665.000       43.000     3620.000       59.000
   270:       87.000       65.000     3025.000       44.000       86.000
   275:     2108.000      435.000      275.000     3128.000     3162.000
   280:      439.000     5188.000      182.000       70.000      185.000
   285:     3024.000      130.000      459.000      154.000     1223.000
   290:     1564.000      205.000      102.000       64.000     1423.000
   295:     2274.000     2896.000       30.000      222.000      787.000
   300:     1346.000     2933.000       76.000       88.000      314.000
   305:      273.000     3120.000      216.000      254.000      180.000
   310:     2674.000       58.000       79.000      467.000     2949.000
   315:       69.000       50.000       28.000       84.000      300.000
   320:       57.000     3208.000     3956.000      230.000       40.000
   325:      201.000     3167.000       55.000      812.000     1511.000
   330:     2834.000       96.000       55.000      127.000       36.000
   335:      117.000     4630.000       94.000     3940.000      123.000
   340:     3511.000       15.000       61.000      282.000     2997.000
   345:       20.000       99.000      230.000     1281.000     1995.000
   350:      140.000     3271.000     4266.000       55.000      164.000
   355:      153.000      293.000     3044.000      163.000      116.000
   360:      342.000     3305.000       83.000     2981.000     4405.000
   365:       74.000      474.000     2945.000       68.000     4581.000
   370:      108.000       84.000       77.000      154.000     1674.000
   375:     1899.000     2614.000     1371.000     3329.000      164.000
   380:     5035.000       73.000      415.000       59.000      197.000
   385:      356.000     2376.000      134.000       48.000      106.000
   390:      176.000     3275.000      212.000       36.000       98.000
   395:     3137.000     4609.000      129.000       44.000      145.000
   400:      282.000     3846.000      145.000      107.000       38.000
   405:      194.000     2444.000      114.000       42.000     2287.000
   410:       48.000      176.000       38.000     2808.000       88.000
   415:     4125.000      125.000     4391.000      396.000     6039.000
   420:      218.000       74.000      177.000     4688.000      132.000
   425:      304.000      480.000     3480.000       70.000     3169.000
   430:      227.000      402.000     2009.000       69.000     3298.000
   435:      204.000      402.000     2998.000       50.000     2443.000
   440:      104.000     2972.000      752.000     3222.000     4350.000
   445:      368.000      131.000      307.000     2723.000       75.000
   450:      119.000       83.000     5480.000      174.000     4416.000
   455:       56.000      157.000      600.000     3454.000       72.000
   460:     3221.000     3366.000      123.000     3344.000      202.000
   465:     2919.000     4140.000       81.000       21.000      201.000
   470:      633.000     2135.000       48.000     3701.000      106.000
   475:       65.000     1592.000       41.000      167.000     4228.000
   480:      483.000      213.000      289.000     3160.000      778.000
   485:     3989.000       83.000       64.000      146.000      491.000
   490:      650.000      120.000     2212.000       74.000      247.000
   495:     3173.000       25.000     3558.000      103.000       63.000
   500:     3634.000      343.000     2913.000       30.000       83.000
   505:     2526.000      300.000     2293.000      208.000      335.000
   510:      228.000      616.000     3128.000       70.000      268.000
   515:     2823.000      371.000     2826.000     4532.000       52.000
   520:       94.000     3797.000       34.000      284.000     3946.000
   525:      127.000      112.000      366.000      251.000     2956.000
   530:       34.000       60.000     4010.000       53.000       44.000
   535:      183.000     3465.000     3883.000       45.000       63.000
   540:       84.000       37.000     4236.000       69.000       57.000
   545:       51.000      397.000     3145.000       42.000       49.000
   550:     3673.000      912.000     1288.000      313.000     3139.000
   555:      187.000     2928.000       59.000     3795.000       83.000
   560:     1760.000     1510.000     2677.000      166.000       84.000
   565:     3546.000     4521.000       86.000       47.000      107.000
   570:      251.000     3581.000      118.000     3522.000      504.000
   575:     3371.000      125.000     2647.000     1188.000     3460.000
   580:       96.000      101.000     3669.000     2879.000     1573.000
   585:      202.000       81.000       75.000     3587.000       62.000
   590:       96.000       62.000      537.000       46.000     2781.000
   595:       66.000     3040.000      241.000     2466.000     1554.000
   600:     2991.000     4972.000       43.000     3968.000      125.000
   605:      245.000     2977.000     3258.000       73.000      182.000
   610:     3136.000       26.000     3614.000       73.000      165.000
   615:     3566.000     2601.000       61.000       22.000       83.000
   620:     2003.000      327.000     3460.000     2130.000       28.000
   625:     1113.000      246.000     1515.000     1001.000     2973.000
   630:     3592.000      244.000       90.000     3353.000       58.000
   635:     3075.000      105.000       68.000       48.000      101.000
   640:     3563.000     5069.000       52.000      249.000      191.000
   645:     3514.000      324.000       54.000     4197.000      182.000
   650:       49.000     3437.000       35.000       73.000       60.000
   655:     4037.000     3150.000       35.000     2968.000       80.000
   660:     3857.000      120.000      110.000     3011.000      114.000
   665:       32.000      788.000       59.000     1891.000       86.000
   670:       75.000     3835.000      254.000     4149.000       26.000
   675:       71.000     3628.000       89.000     3363.000       60.000
   680:      107.000     2692.000     2966.000      365.000     2925.000
   685:       60.000       65.000     4073.000       35.000      141.000
   690:     1312.000      124.000     1500.000       30.000       29.000
   695:     3956.000       61.000      303.000      141.000      196.000
   700:     2014.000       39.000     3173.000       54.000       87.000
   705:     3318.000      114.000      113.000      380.000     1993.000
   710:      114.000     2433.000       69.000       87.000     2808.000
   715:      107.000      228.000      168.000     2730.000     3232.000
   720:       62.000       36.000      107.000     3752.000      224.000
   725:      175.000     2733.000     3620.000       73.000      848.000
   730:     2703.000     3441.000       71.000     3200.000       65.000
   735:     3443.000       96.000     2823.000       56.000       69.000
   740:     3652.000       79.000      176.000     2279.000      109.000
   745:     2439.000       68.000       46.000     2413.000     1201.000
   750:       96.000      200.000      901.000     2310.000      393.000
   755:       87.000      113.000     4411.000      155.000     2526.000
   760:      114.000     2318.000     3222.000       19.000       68.000
   765:     2425.000      975.000     1851.000     2999.000       25.000
   770:     2853.000      329.000     3826.000      227.000     3546.000
   775:       72.000     3957.000      411.000     3324.000      287.000
   780:     1153.000     3218.000       71.000     2078.000      485.000
   785:     1676.000       61.000     3772.000      156.000      267.000
   790:     3354.000       74.000     3052.000       83.000      160.000
   795:     3843.000      106.000     2562.000      190.000      118.000
   800:     2670.000      108.000      836.000     1863.000      160.000
   805:       92.000       91.000     3091.000       61.000     3276.000
   810:      134.000      171.000      115.000      284.000     3006.000
   815:     1016.000      143.000     3212.000     3074.000     3795.000
   820:      148.000       40.000      212.000     3937.000       94.000
   825:     3035.000      152.000       47.000     3167.000     3248.000
   830:     3467.000       81.000     3456.000     4489.000       45.000
   835:      344.000      375.000     2315.000       77.000     3261.000
   840:      734.000     2680.000     3154.000      494.000     3121.000
   845:      268.000     1270.000     2147.000      178.000     2851.000
   850:     3753.000       58.000        0.000
R:
     0:        1.000  2266116.474        0.000
T:
     0:        0.000        0.000        0.000        0.000
W:
     0:        2.000        0.000        0.000
