File: C:\MED-PC IV\Data\Reyes\AY\AY1054.999


Start Date: 10/18/24
End Date: 10/18/24
Subject: 54
Experiment: AY
Group: PERC
Box: 4
Start Time: 13:42:01
End Time: 14:32:00
MSN: DRRD_perc
C:       0.000
F:       0.000
G:       0.000
H:       0.000
I:       0.000
J:       0.000
K:    6961.000
L:       0.000
M:       0.000
N:       0.000
O:       0.000
Q:    2399.600
S:    1478.314
U:   10903.000
V:       0.000
X:       0.000
Y:    1057.000
Z:       0.000
A:
     0:      328.005      754.009      998.005     1096.009     8496.005
     5:     8738.009    15000.013    15000.011    15337.001    15906.003
    10:    16553.001    16644.003    16680.001    18620.003    19707.001
    15:    23131.003    23706.001    25664.003    26857.001    29189.003
    20:    29515.001    31172.003    32597.005    32830.009    32886.005
    25:    33067.009    33861.001    33971.003    34070.001    34284.003
    30:    34308.001    34328.003    34384.001    37865.018    38637.003
    35:    38643.016    38693.026    38763.005    40069.009    40091.005
    40:    40245.009    42136.001    42263.003    42319.001    43696.003
    45:    43711.001    44315.003    45304.001    45412.003    45441.001
    50:    45724.003    45771.001    46155.003    46185.001    48219.003
    55:    48822.005    49362.009    50117.001    53598.018    53914.003
    60:    53920.016    53970.026    54055.005    55662.009    56675.001
    65:    59487.003    60767.001    61392.003    61448.001    61851.003
    70:    61883.001    63662.003    65082.001    68366.003    68433.001
    75:    70022.003    71989.001    73379.003    73419.001    75852.003
    80:    76814.005    76944.009    91822.005    92135.009    92956.001
    85:    93058.003    93126.001    94108.003    94125.001    95268.003
    90:    96127.001    96280.003    96316.001    98913.003   104432.001
    95:   104485.003   104588.001   104930.003   104967.001   107248.003
   100:   107306.001   108283.003   108905.005   109041.009   109513.001
   105:   109539.003   109601.001   112487.003   113364.001   113385.003
   110:   113447.001   116555.003   118533.001   118595.003   118651.001
   115:   120188.003   120277.001   120320.003   120377.001   122925.003
   120:   123768.005   124659.009   127187.001   127301.003   127457.001
   125:   127937.003   128025.001   129280.003   129305.001   130628.003
   130:   134754.005   134921.009   135493.001   135809.003   136111.001
   135:   136826.003   137456.005   137475.009   137490.005   137519.009
   140:   137869.001   137972.003   138073.001   138779.003   138821.001
   145:   140425.003   141326.001   141348.003   141435.001   142188.003
   150:   142230.001   144856.003   149665.005   149811.009   150000.005
   155:   150011.009   150012.005   150491.009   150517.005   150551.009
   160:   152169.001   152215.003   152559.001   153719.003   153756.001
   165:   153877.003   153942.001   157107.003   158270.001   158368.003
   170:   158429.001   161910.018   162322.003   162328.016   162378.026
   175:   162433.005   164899.009   166374.001   166398.003   166452.001
   180:   168759.003   169821.005   169861.009   169925.005   172474.009
   185:   172498.005   172512.009   172575.005   174209.009   177364.005
   190:   177447.009   178585.001   178617.003   178852.001   182333.018
   195:   183513.003   183519.016   183533.001   183569.026   183762.003
   200:   183840.005   185142.009   188574.001   190830.003   191602.001
   205:   193768.003   193810.001   194369.003   196039.001   199317.003
   210:   215910.001   216174.003   216472.001   217213.003   217230.001
   215:   217472.003   217546.001   219687.003   222583.001   225775.003
   220:   226504.005   228121.009   229231.001   232683.003   234131.001
   225:   237612.018   237958.003   237964.016   238014.026   238095.005
   230:   239413.009   242406.005   242559.009   243185.001   244132.003
   235:   244201.001   246990.003   247758.001   250753.003   250761.017
   240:   251265.001   254422.003   255303.005   255429.009   255851.001
   245:   255914.003   256287.001   259424.003   262161.001   263261.003
   250:   263328.001   265215.003   266429.001   268872.003   269428.005
   255:   269964.009   271447.001   273589.003   273627.001   274770.003
   260:   275945.005   276047.009   278893.001   281902.003   282440.005
   265:   282897.009   283415.001   285708.003   285747.001   287245.003
   270:   291093.001   291891.003   291928.001   295429.018   295949.003
   275:   295955.016   296005.026   296086.005   297572.009   298877.001
   280:   302378.018   302613.003   302619.016   302669.026   302672.017
   285:   302763.005   304367.009   304394.005   305738.009   307261.001
   290:   307366.003   307612.001   309574.003   309623.001   311304.003
   295:   312288.001   312631.003   312653.001   314268.003   314302.001
   300:   316381.003   317547.005   317806.009   317852.005   318401.009
   305:   319743.001   322718.003   324177.001   324258.003   325019.001
   310:   327824.003   328923.005   329208.009   329224.005   329503.009
   315:   329677.005   329807.009   329868.005   330167.009   331216.001
   320:   331553.003   331599.001   331848.003   331897.001   331952.003
   325:   332100.001   334584.003   336792.001   339328.003   340980.005
   330:   341016.009   341874.001   345397.018   345472.003   345478.016
   335:   345528.026   345595.005   349272.009   350719.001   353463.003
   340:   354551.005   355124.009   355634.005   355749.009   356376.001
   345:   357995.003   358007.001   359402.003   360734.001   364102.003
   350:   365052.005   365217.009   365306.005   365378.009   365383.005
   355:   365529.009   369625.001   372564.003   374145.001   375283.003
   360:   375311.001   377898.003   385560.005   385665.009   385691.005
   365:   386457.009   387206.001   388755.003   388795.001   391909.003
   370:   393445.005   393904.009   398079.001   398362.003   398381.001
   375:   398796.003   398827.001   402287.003   403932.001   404470.003
   380:   404550.001   405373.003   405422.001   407741.003   408784.005
   385:   408951.009   409047.005   409516.009   410559.001   413499.003
   390:   413548.001   413813.003   415204.001   415243.003   415537.001
   395:   418786.003   420350.005   420458.009   427523.005   427610.009
   400:   427637.005   427895.009   428864.001   429493.003   429536.001
   405:   430649.003   430692.001   432434.003   432448.001   434580.003
   410:   435680.001   439182.003   440650.001   444173.018   444585.003
   415:   444591.016   444641.026   444714.005   446959.009   446963.005
   420:   446981.009   447001.005   447311.009   449049.001   452210.003
   425:   452257.001   452403.003   479410.001   482734.003   483559.001
   430:   487082.018   487507.003   487513.016   487563.026   487623.005
   435:   489689.009   491255.001   491443.003   491516.001   493955.003
   440:   499030.001   499486.003   499766.001   502109.003   505896.001
   445:   509419.018   509993.003   509999.016   510049.026   510052.017
   450:   510147.005   513745.009   513755.005   514112.009   514881.005
   455:   514955.009   516690.001   519652.003   519660.017   520899.001
   460:   523865.003   523873.017   525573.001   528390.003   528398.017
   465:   529867.005   529976.009   530130.005   530271.009   530290.005
   470:   531485.009   532641.001   535207.003   535215.017   537087.001
   475:   539630.003   540976.001   544267.003   544275.017   546279.001
   480:   549196.003   549204.017   551462.005   551693.009   552516.001
   485:   556074.003   556082.017   558091.005   558108.009   558133.005
   490:   558489.009   558533.005   559531.009   560455.001   563625.003
   495:   563633.017   564986.001   568529.003   568537.017   570776.001
   500:   573632.003   574965.005   575002.009   581252.005   581587.009
   505:   582882.001   584860.003   584983.001   586765.003   586814.001
   510:   588094.003   590266.005   590521.009   590562.005   590651.009
   515:   590707.005   591232.009   591762.001   591910.003   592481.001
   520:   596369.018   596726.003   596732.016   596782.026   596865.005
   525:   599757.009   602069.001   604495.003   605932.001   609224.003
   530:   611185.005   611462.009   612268.005   612317.009   612343.005
   535:   612584.009   612605.005   612662.009   612707.005   612722.009
   540:   612767.005   612814.009   612851.005   612865.009   613465.005
   545:   614624.009   614640.005   614744.009   615531.001   616294.003
   550:   616314.001   618974.003   621041.001   623846.003   625573.001
   555:   626289.003   626333.001   628437.003   629596.005   631234.009
   560:   632618.001   635902.003   637790.001   640667.003   641891.001
   565:   644281.003   644294.001   645864.003   648005.001   651543.003
   570:   652678.005   654361.009   654459.005   654462.009   655932.001
   575:   659700.003   661098.001   664986.018   665561.003   665567.016
   580:   665617.026   665684.005   666111.009   666231.005   666574.009
   585:   666611.005   666623.009   666641.005   666966.009   666987.005
   590:   667695.009   669029.001   672623.003   674283.005   674294.009
   595:   674846.001   678452.003   680051.001   683426.003   684744.001
   600:   687751.003   687759.017   692822.005   692967.009   693013.005
   605:   693134.009   693219.005   693250.009   693823.001   697730.018
   610:   697776.003   697782.016   697832.026   697835.017   697914.005
   615:   699549.009   699835.005   700245.009   700309.005   700769.009
   620:   706025.001   709981.018   714048.003   714054.016   714104.026
   625:   714107.017   714157.005   716319.009   717402.001   717461.003
   630:   717469.017   717615.001   719414.003   721182.001   723673.003
   635:   724844.001   727720.003   729606.005   729627.009   729649.005
   640:   729826.009   730765.001   733299.003   734401.005   734415.009
   645:   734438.005   734861.009   735700.001   736358.003   736542.001
   650:   739363.003   740812.001   743349.003   744568.001   747604.003
   655:   748582.005   748588.009   748602.005   748831.009   748888.005
   660:   749405.009   749794.005   750475.009   751368.005   751638.009
   665:   754757.001   758149.003   762459.005   762778.009   763344.001
   670:   766898.003   766906.017   767960.001   770577.003   770617.001
   675:   771855.003   772948.005   773233.009   779672.005   779928.009
   680:   780099.005   780191.009   781021.001   782662.003   782705.001
   685:   785054.003   786332.001   790137.003   792560.001   793184.003
   690:   793525.001   795886.003   799745.005   799926.009   799967.005
   695:   800074.009   800824.001   801262.003   801575.001   804484.003
   700:   805364.001   808206.003   808506.005   809169.009   809727.001
   705:   812766.003   814456.001   818675.003   820280.001   823898.003
   710:   825177.005   825994.009   826578.001   828693.003   828740.001
   715:   830439.003   831818.001   836002.003   837628.005   838395.009
   720:   863181.005   863334.009   864934.001   864994.003   865382.001
   725:   865636.003   865683.001   865844.003   865876.001   868657.003
   730:   870326.001   872982.003   873841.005   874289.009   874358.005
   735:   874429.009   875871.001   875910.003   875987.001   877260.003
   740:   877281.001   880533.003   882044.005   882302.009   883777.001
   745:   887156.003   890269.001   893152.003   894439.001   898133.003
   750:   898804.005   898827.009   898850.005   898887.009   899140.005
   755:   899224.009   899726.001   903008.003   903033.001   903833.003
   760:   904804.001   905753.003   910459.005   911205.009   911313.005
   765:   911564.009   912898.001   915978.003   917359.001   919261.003
   770:   919279.001   921522.003   923110.001   924111.003   924142.001
   775:   927408.003   928320.005   929271.009   929327.005   929964.009
   780:   930717.001   934165.003   935014.005   936215.009   937427.001
   785:   937638.003   937665.001   941120.003   941315.005   942718.009
   790:   952408.005   955841.009   955863.005   960186.009   960261.005
   795:   962112.009   962135.005   962152.009   965383.001   968110.003
   800:   969513.001   973052.003   973839.005   975232.009   975307.005
   805:   975985.009   977991.001   980821.003   983097.001   986651.003
   810:   993416.005   993527.009   993784.005   993934.009   994456.001
   815:   996597.003   996647.001   998640.003  1001794.001  1001888.003
   820:  1001942.001  1005925.003  1007117.005  1007461.009  1007777.005
   825:  1008015.009  1033366.005  1033398.009  1033409.005  1033560.009
   830:  1035859.001  1036315.003  1048780.005  1048862.009  1049216.001
   835:  1049811.003  1050262.001  1050799.003  1050863.001  1053705.003
   840:  1054992.001  1057468.003  1057684.005  1057997.009  1062198.001
   845:  1062882.003  1062907.001  1063125.003  1063374.001  1066293.003
   850:  1067673.001  1070899.003  1070914.001  1072370.003  1073318.005
   855:  1073747.009  1073836.005  1073987.009  1074748.001  1078708.003
   860:  1078724.001  1079098.003  1090381.005  1091110.009  1091564.001
   865:  1092060.003  1092081.001  1093795.003  1093824.001  1095167.003
   870:  1095377.001  1096998.003  1098744.001  1102107.003  1125402.001
   875:  1130044.003  1130576.005  1130598.009  1130610.005  1131843.009
   880:  1144542.005  1144946.009  1145550.001  1150266.018  1150663.003
   885:  1150669.016  1150719.026  1150804.005  1153051.009  1155522.001
   890:  1158387.003  1159222.005  1159451.009  1159462.005  1159526.009
   895:  1159539.005  1159556.009  1159796.005  1160961.009  1161086.005
   900:  1161383.009  1162772.001  1166170.003  1169979.001  1172862.003
   905:  1175420.001  1179315.003  1181208.005  1181819.009  1183401.001
   910:  1186465.003  1188369.005  1188529.009  1194957.001  1197454.003
   915:  1198524.001  1201777.003  1202875.005  1203280.009  1203397.005
   920:  1203432.009  1204028.001  1207547.003  1208362.005  1208752.009
   925:  1209528.005  1209559.009  1209620.005  1210230.009  1220328.001
   930:  1221814.003  1222059.001  1223843.003  1225226.001  1229205.003
   935:  1229904.005  1229920.009  1229947.005  1230619.009  1230918.005
   940:  1231246.009  1251400.001  1251549.003  1251572.001  1251885.003
   945:  1252351.001  1252524.003  1252859.001  1255920.003  1264682.005
   950:  1264756.009  1265285.001  1268158.003  1270316.001  1271219.003
   955:  1271875.001  1274807.003  1276425.005  1276641.009  1277266.001
   960:  1280818.003  1281671.005  1283626.009  1284952.001  1285811.003
   965:  1285863.001  1287661.003  1289155.005  1290084.009  1302832.005
   970:  1303223.009  1303393.005  1303710.009  1304535.001  1308886.003
   975:  1313035.001  1314204.003  1315091.005  1315636.009  1329068.001
   980:  1331123.003  1331359.005  1332125.009  1341616.001  1342714.003
   985:  1342746.001  1343102.003  1343144.001  1343939.003  1344032.001
   990:  1344812.003  1344866.001  1345390.003  1345460.001  1347879.003
   995:  1349219.005  1350302.009  1351121.001  1354253.003  1357464.001
  1000:  1360376.003  1361572.005  1361754.009  1361777.005  1361940.009
  1005:  1362081.005  1362288.009  1363317.005  1363646.009  1368774.005
  1010:  1368788.009  1368893.005  1369738.009  1370494.001  1374337.003
  1015:  1376469.001  1380425.003  1381139.005  1381514.009  1381643.005
  1020:  1382343.009  1383294.001  1386775.003  1396175.005  1396226.009
  1025:  1396453.005  1396547.009  1396999.001  1401370.003  1404855.001
  1030:  1408939.003  1411562.001  1414642.003  1416206.001  1420635.003
  1035:  1421822.005  1421829.009  1421845.005  1422999.009  1423172.005
  1040:  1423976.009  1469770.001  1471855.003  1472137.001  1473137.003
  1045:  1473513.005  1473990.009  1480337.001  1483952.003  1484223.005
  1050:  1484621.009  1486151.001  1486914.003  1486948.001  1489048.003
  1055:  1498082.001  1498349.003
B:
     0:        0.000      301.000        0.000      301.000        0.000
     5:      194.000        0.000        0.000        0.000      194.000
    10:        0.000        1.000        0.000        1.000        0.000
    15:        0.000       16.000       17.000       16.000        0.000
    20:        0.000        0.000        0.000        0.000        0.000
    25:        0.000       16.000        0.000        0.000        0.000
    30:        0.000
D:
     0:  1509251.000  1508985.000  1509252.000
E:
     0:     3480.500     4715.581
P:
     0:        0.000      569.000       91.000     1940.000     3424.000
     5:     1958.000     2332.000     1657.000      110.000      214.000
    10:       20.000     4253.000      127.000     1377.000      604.000
    15:      108.000      283.000      384.000     2034.000     3797.000
    20:     2812.000      625.000      403.000     1779.000     3284.000
    25:     1589.000     1390.000     2433.000      102.000      982.000
    30:     1143.000      153.000     2597.000       53.000      342.000
    35:     2281.000      977.000       26.000     2886.000       21.000
    40:     3108.000       62.000     1537.000       43.000     2548.000
    45:      114.000      480.000     1255.000     1323.000      316.000
    50:      715.000      103.000      706.000     1604.000       22.000
    55:      753.000     2626.000       46.000     1160.000      121.000
    60:     3165.000       98.000     3893.000       24.000     2307.000
    65:       32.000     4661.000      189.000     2256.000     2166.000
    70:      559.000     3278.000      264.000      741.000      242.000
    75:     2141.000     3192.000     3452.000     3827.000      947.000
    80:     2789.000     2995.000     3157.000       63.000     3137.000
    85:     1100.000     1887.000     2443.000     2142.000     1143.000
    90:     3009.000     2293.000     1498.000      798.000     4021.000
    95:     3736.000      105.000     1962.000     1681.000      343.000
   100:     1615.000     2079.000     2975.000       81.000     2805.000
   105:      337.000      249.000       55.000     2484.000     2536.000
   110:     3598.000     2744.000     1619.000     1395.000     3368.000
   115:     2939.000     1138.000     2587.000     1549.000     3114.000
   120:      283.000      415.000     3460.000      538.000      823.000
   125:     2319.000     2940.000      265.000       39.000     3249.000
   130:      629.000     1113.000     1742.000     2132.000     3502.000
   135:     3935.000     3161.000      146.000     3324.000     3948.000
   140:      188.000     2439.000      456.000     2343.000     4097.000
   145:     2962.000     2966.000     2817.000     2566.000     2543.000
   150:     3291.000     2917.000     3558.000     3170.000     3543.000
   155:     2856.000     1978.000     1782.000     1280.000      148.000
   160:     4245.000     2426.000     3292.000      763.000     2660.000
   165:     2805.000      716.000     2104.000     3284.000     2877.000
   170:     2390.000     1570.000     3538.000     3768.000     4463.000
   175:     3594.000     3606.000     3375.000     3007.000     3953.000
   180:     8023.000       59.000     1799.000     2491.000     2876.000
   185:     2534.000      658.000     2821.000     2537.000     3036.000
   190:     3392.000     3554.000     2617.000     1238.000     1641.000
   195:     2349.000     3805.000      624.000     2361.000      438.000
   200:     2909.000     2842.000     3039.000     4219.000     3618.000
   205:     2115.000     1699.000     4184.000       60.000      254.000
   210:      161.000     2781.000     2656.000       39.000     1273.000
   215:     3252.000     3379.000     2883.000     3694.000     3282.000
   220:      800.000      949.000     3080.000     1902.000     2243.000
   225:     1001.000     3266.000     3448.000      211.000     3455.000
   230:     2727.000     3539.000     2830.000     3554.000     2141.000
   235:     1993.000       94.000     3983.000      456.000      595.000
   240:      537.000     2842.000     2476.000      684.000      218.000
   245:     2919.000     3226.000     1456.000     3960.000      374.000
   250:      496.000     1714.000     1343.000     1621.000     3363.000
   255:     4642.000     5113.000     2865.000     3398.000     2883.000
   260:     3895.000     3064.000     2497.000     3253.000     3519.000
   265:     1486.000     1784.000     3979.000      149.000      313.000
   270:      173.000     3061.000     2873.000      903.000     2932.000
   275:     3552.000      859.000     1798.000     4351.000     1169.000
   280:     2055.000     1098.000      356.000      795.000      780.000
   285:      524.000     2419.000     3132.000     2912.000     3843.000
   290:     3956.000     3481.000     4371.000     4084.000     3080.000
   295:     4429.000     2085.000     1000.000     3615.000      763.000
   300:     2100.000      267.000
R:
     0:        1.000  2185413.411        0.000
T:
     0:        0.000        0.000        0.000        0.000
W:
     0:        0.000        0.000        0.000
