File: C:\MED-PC IV\Data\Reyes\AY\AY1064.999


Start Date: 10/22/24
End Date: 10/22/24
Subject: 64
Experiment: AY
Group: EXP10
Box: 2
Start Time: 15:18:09
End Time: 16:08:10
MSN: DRRD_exp_10
C:       0.000
F:       0.000
G:       0.000
H:       0.000
I:       0.000
J:       0.000
K:   10000.000
L:       0.000
M:       0.000
N:       0.000
O:       0.000
P:       0.000
Q:       0.000
R:       0.000
S:       0.000
U: 3801885.000
V:       0.000
X:       0.000
Y:    2371.000
Z:       0.000
A:
     0:     1157.005     1228.009     6762.005     6948.009    13389.005
     5:    13421.009    13457.005    13588.009    15000.013    15000.011
    10:    16207.001    16385.003    16403.001    17473.003    17536.001
    15:    17728.003    17832.001    18333.005    18385.009    18472.005
    20:    22249.003    22267.009    22323.001    22620.003    22707.001
    25:    23248.005    23972.009    24074.003    24404.005    24418.009
    30:    24574.005    24687.009    24698.005    25150.009    25173.005
    35:    25180.009    25216.005    25245.009    25263.005    25274.009
    40:    25576.001    26935.003    26960.001    27064.003    27131.001
    45:    28130.003    28871.001    32360.003    32511.001    32604.003
    50:    32658.001    32737.003    32767.005    32792.009    32877.005
    55:    32886.009    32918.005    32923.009    32957.005    33053.009
    60:    34466.005    34470.009    34849.001    35162.003    35716.001
    65:    35949.003    35996.001    36181.003    39834.001    44834.018
    70:    45977.003    45983.016    46022.001    46033.026    46078.003
    75:    46097.005    46677.009    46737.005    46742.009    47453.001
    80:    47775.003    47787.001    47812.003    47832.001    52399.003
    85:    52434.001    52608.003    52716.005    53009.009    53081.005
    90:    53087.009    53088.005    53091.009    53316.001    53347.003
    95:    53365.001    57042.003    58624.001    58712.003    58733.001
   100:    63733.018    65136.003    65142.016    65192.026    65196.005
   105:    65833.009    65862.005    65867.009    66329.001    66631.003
   110:    66697.001    66901.003    66936.001    66960.003    67109.001
   115:    72109.018    73075.003    73081.016    73131.026    73163.005
   120:    73561.009    73617.005    73722.009    73805.005    73815.009
   125:    74116.001    74475.003    74671.001    74939.003    74963.001
   130:    75048.003    75054.001    80035.003    80136.005    80485.009
   135:    80505.005    80511.009    80562.005    80573.009    80820.001
   140:    80913.003    80960.001    81026.003    81059.001    86059.018
   145:    87135.003    87141.016    87191.026    87235.005    87541.009
   150:    87564.005    87577.009    87581.005    87586.009    87635.005
   155:    87674.009    87698.005    87754.009    88354.001    88436.003
   160:    88484.001    88581.003    88631.001    93631.018    93972.003
   165:    93978.016    94028.026    94109.005    94577.009    94624.005
   170:    94630.009    94637.005    94643.009    94664.005    94676.009
   175:    94700.005    94730.009    94765.005    94788.009    95533.001
   180:    95622.003    95654.001   100654.018   102028.003   102034.016
   185:   102084.026   102103.005   102743.009   102758.005   102790.009
   190:   102794.005   102922.009   102969.005   102977.009   103472.001
   195:   108472.018   109390.003   109396.016   109446.026   109473.005
   200:   109941.009   109978.005   110014.009   110085.005   110093.009
   205:   110495.001   115495.018   115684.003   115690.016   115740.026
   210:   115808.005   116251.009   116276.005   116418.009   117020.001
   215:   117156.003   117237.001   117364.003   117397.001   122397.018
   220:   123424.003   123430.016   123480.026   123514.005   124257.009
   225:   124764.001   125206.003   125253.001   125350.003   125481.001
   230:   128700.003   128764.001   129036.003   129047.001   129345.003
   235:   129417.001   129883.003   130047.001   130534.003   131117.001
   240:   131182.003   131346.001   131547.003   131795.005   131934.009
   245:   131980.005   131985.009   132655.001   137655.018   137805.003
   250:   137811.016   137861.026   137888.005   138243.009   138257.005
   255:   138289.009   138297.005   138304.009   138322.005   138327.009
   260:   138347.005   138354.009   138392.005   138398.009   139219.001
   265:   139315.003   139359.001   139438.003   140134.001   140499.003
   270:   140540.001   145165.003   145248.005   145888.009   145977.005
   275:   145982.009   145984.005   145994.009   146184.001   146558.003
   280:   146583.001   151583.018   153290.003   153296.016   153346.026
   285:   153363.005   153765.009   153799.005   153821.009   153867.005
   290:   153874.009   154216.001   159216.018   162091.003   162097.016
   295:   162147.026   162164.005   162724.009   162740.005   162843.009
   300:   163477.001   163559.003   163636.001   168636.018   172189.003
   305:   172195.016   172245.026   172273.005   172582.009   172618.005
   310:   172625.009   172635.005   172641.009   173269.001   173380.003
   315:   173420.001   173568.003   173745.001   173985.003   174088.001
   320:   179088.018   181975.003   181981.016   182031.026   182049.005
   325:   182416.009   182420.005   182488.009   183762.001   183812.003
   330:   183855.001   184745.005   187757.009   187788.005   188855.018
   335:   190793.003   190799.016   190849.026   190878.009   190887.005
   340:   191344.009   191352.005   191465.009   191524.005   191530.009
   345:   191773.001   194860.005   196768.009   196773.018   198529.003
   350:   198535.016   198585.026   198647.005   198994.009   199004.005
   355:   199021.009   199033.005   199117.009   199518.001   204518.018
   360:   207775.003   207781.016   207831.026   207868.005   208243.009
   365:   208283.005   208287.009   208397.005   208437.009   208804.001
   370:   213804.018   215808.003   215814.016   215864.026   215920.005
   375:   216247.009   216253.005   216260.009   216269.005   216274.009
   380:   216275.005   216284.009   216319.005   216340.009   216352.005
   385:   216361.009   216389.005   216445.009   217287.001   220823.003
   390:   220832.001   223385.003   223475.005   223870.009   223875.005
   395:   223891.009   224120.005   224133.009   224160.005   224174.009
   400:   224192.005   224327.009   224332.005   224343.009   224614.001
   405:   229614.018   232894.003   232900.016   232950.026   232981.005
   410:   233600.009   233655.005   233669.009   233947.001   234933.003
   415:   234961.001   239961.018   240403.003   240409.016   240459.026
   420:   240503.005   240827.009   240850.005   240858.009   240866.005
   425:   240869.009   240932.005   240964.009   241684.001   246684.018
   430:   247169.003   247175.016   247225.026   247263.005   247718.009
   435:   247747.005   247763.009   247830.005   247841.009   248243.001
   440:   253243.018   254237.003   254243.016   254293.026   254306.005
   445:   254629.009   254655.005   254660.009   254686.005   254694.009
   450:   254720.005   254744.009   255021.001   255362.003   255389.001
   455:   260389.018   261413.003   261419.016   261469.026   261495.005
   460:   261984.009   262020.005   262026.009   262371.001   262769.003
   465:   262789.001   263531.003   263766.001   263798.003   263956.001
   470:   264089.003   264265.005   264372.009   264381.005   264385.009
   475:   264407.005   264413.009   264554.005   264696.009   264697.005
   480:   264723.009   264903.001   269903.018   271418.003   271424.016
   485:   271474.026   271493.005   272265.009   272269.005   272328.009
   490:   272332.005   272340.009   272877.001   277877.018   279460.003
   495:   279466.016   279516.026   279549.005   279957.009   279983.005
   500:   280127.009   280163.005   280192.009   280582.001   285582.018
   505:   288931.003   288937.016   288987.026   289006.005   289315.009
   510:   289322.005   289331.009   289354.005   289709.009   289718.005
   515:   289740.009   289966.001   290215.003   290237.001   295237.018
   520:   297745.003   297751.016   297801.026   297869.005   298163.009
   525:   298165.005   298175.009   298196.005   298235.009   298263.005
   530:   298271.009   298273.005   298280.009   298320.005   298330.009
   535:   299035.001   304035.018   305551.003   305557.016   305607.026
   540:   305662.005   306168.009   306179.005   306265.009   306273.005
   545:   306339.009   307079.001   307176.003   307249.001   309998.003
   550:   310318.001   314473.003   314534.001   316368.003   316463.005
   555:   316859.009   317280.001   317372.003   317393.001   322393.018
   560:   323927.003   323933.016   323983.026   323990.001   324033.003
   565:   324200.005   324917.009   325665.001   325740.003   325858.001
   570:   325943.003   325984.001   330984.018   331556.003   331562.016
   575:   331612.026   331643.005   332201.009   332203.005   332252.009
   580:   332253.005   332394.009   332404.005   332748.009   334106.001
   585:   339106.018   343017.003   343023.016   343073.026   343099.005
   590:   343738.009   346307.005   346316.009   347404.005   347411.009
   595:   347428.005   347435.009   347523.005   347547.009   347548.005
   600:   347560.009   347599.005   347605.009   347651.005   347657.009
   605:   347661.005   347672.009   347715.005   347725.009   347743.005
   610:   347751.009   347752.005   347764.009   347780.005   347801.009
   615:   347822.005   347827.009   347849.005   347863.009   347869.005
   620:   347874.009   347939.005   347944.009   347974.005   347978.009
   625:   348110.005   348112.009   349914.005   349925.009   349929.005
   630:   349932.009   349969.005   349972.009   350590.001   350639.003
   635:   350709.001   355709.018   357122.003   357128.016   357178.026
   640:   357196.005   357875.009   357878.005   357884.009   357907.005
   645:   357957.009   359222.001   359453.003   359546.001   364546.018
   650:   367010.003   367016.016   367066.026   367082.005   367719.009
   655:   368937.001   373937.018   375416.003   375422.016   375472.026
   660:   375498.005   375899.009   375926.005   375951.009   375980.005
   665:   375987.009   375990.005   376135.009   377238.001   382238.018
   670:   384757.003   384763.016   384813.026   384858.005   385514.009
   675:   386937.001   391937.018   394073.003   394079.016   394122.005
   680:   394129.026   394658.009   394672.005   394797.009   395918.001
   685:   400918.018   403657.003   403663.016   403713.026   403732.005
   690:   404086.009   404095.005   404102.009   404141.005   404158.009
   695:   404172.005   404181.009   404205.005   404220.009   404227.005
   700:   404237.009   404238.005   404265.009   404273.005   404278.009
   705:   405444.005   405490.009   406121.001   411121.018   417104.003
   710:   417110.016   417160.026   417182.005   417641.009   417649.005
   715:   417665.009   417707.005   417724.009   417729.005   417745.009
   720:   417750.005   417756.009   417785.005   417803.009   417921.005
   725:   417927.009   419310.001   424310.018   427805.003   427811.016
   730:   427861.026   427881.005   428462.009   428528.005   428557.009
   735:   429237.005   429244.009   429361.005   429400.009   429408.005
   740:   429413.009   429434.005   429455.009   429459.005   429470.009
   745:   430134.001   435134.018   439344.003   439350.016   439400.026
   750:   439415.005   440272.009   441576.001   446576.018   452050.003
   755:   452056.016   452106.026   452107.001   452873.003   452979.005
   760:   453384.009   453401.005   453420.009   453429.005   453438.009
   765:   453449.005   453455.009   453474.005   453622.009   453662.005
   770:   453678.009   453794.005   453804.009   454578.001   455065.003
   775:   455136.001   460136.018   463301.003   463307.016   463357.026
   780:   463396.001   463464.003   463519.001   463599.003   463681.005
   785:   464587.009   465776.001   470776.018   470968.003   470974.016
   790:   470998.001   471024.026   471624.003   471660.001   473019.003
   795:   473101.005   473456.009   473571.005   473604.009   473612.005
   800:   473634.009   473659.005   473966.009   473979.005   474024.009
   805:   475204.001   480204.018   481135.003   481141.016   481191.026
   810:   481206.001   481340.003   481421.005   481969.009   483693.001
   815:   488693.018   492016.003   492022.016   492072.026   492218.005
   820:   492229.009   492231.005   492681.009   492682.005   492756.009
   825:   492768.005   492777.009   492858.005   492863.009   494232.001
   830:   499232.018   502067.003   502073.016   502123.026   502152.005
   835:   502716.009   502805.005   502906.009   503033.005   503176.009
   840:   504683.001   509683.018   512461.003   512467.016   512517.026
   845:   512540.005   512929.009   512960.005   512979.009   513284.005
   850:   513300.009   514475.001   519475.018   520373.003   520379.016
   855:   520389.001   520429.026   521223.003   521395.005   521874.009
   860:   522115.005   522142.009   524460.005   524939.009   529916.005
   865:   529921.009   529944.005   530053.009   530096.005   530237.009
   870:   532950.005   533132.009   533163.005   533169.009   533175.005
   875:   533187.009   533204.005   533309.009   534341.001   539341.018
   880:   541812.003   541818.016   541868.026   541902.005   542370.009
   885:   542379.005   542605.009   544265.005   544274.009   544958.005
   890:   545149.009   545157.005   545168.009   545522.001   550522.018
   895:   554548.003   554554.016   554604.026   554650.005   555228.009
   900:   555275.005   555287.009   555725.001   556033.003   556425.001
   905:   556482.003   556522.001   561522.018   565515.003   565521.016
   910:   565571.026   565628.005   566010.009   566020.005   566564.009
   915:   566662.005   566672.009   566689.005   566696.009   566699.005
   920:   566781.009   568480.001   568547.003   568589.001   569771.005
   925:   571404.009   571631.005   572395.003   572489.001   572640.009
   930:   572838.003   573118.005   573129.009   573136.005   573500.009
   935:   574679.001   579679.018   581991.003   581997.016   582031.001
   940:   582047.026   582824.003   582916.005   583562.009   583606.005
   945:   583614.009   583646.005   583653.009   583674.005   583682.009
   950:   583789.005   583797.009   584999.001   585108.003   585138.001
   955:   590138.018   593515.003   593521.016   593571.026   593608.005
   960:   594112.009   596773.005   597054.009   597056.005   597061.009
   965:   597809.001   597861.003   597882.001   597963.003   598012.001
   970:   603012.018   605050.003   605056.016   605106.026   605151.005
   975:   605624.009   605659.005   605712.009   606032.005   606059.009
   980:   606794.005   606807.009   607307.005   607315.009   607669.005
   985:   607675.009   607761.005   607773.009   607796.005   607804.009
   990:   607806.005   607811.009   616536.001   621536.018   625035.003
   995:   625041.016   625069.001   625091.026   625234.003   625296.005
  1000:   625759.009   625773.005   625777.009   625785.005   625958.009
  1005:   625988.005   625997.009   626018.005   626032.009   626052.005
  1010:   626132.009   627472.001   627582.003   627644.001   632644.018
  1015:   634864.003   634870.016   634920.026   634948.005   635484.009
  1020:   635489.005   635495.009   635500.005   635525.009   635526.005
  1025:   635540.009   635551.005   635562.009   635563.005   635620.009
  1030:   635631.005   635637.009   636022.005   636156.009   637151.001
  1035:   637269.003   637335.001   642335.018   643561.003   643567.016
  1040:   643617.026   643624.001   643680.003   643780.005   644326.009
  1045:   644348.005   644600.009   645998.001   646053.003   646091.001
  1050:   651091.018   652051.003   652057.016   652088.001   652107.026
  1055:   652918.003   652962.001   653023.003   653134.005   653554.009
  1060:   653579.005   654036.009   654040.005   654051.009   655224.001
  1065:   660224.018   662947.003   662953.016   663003.026   663022.005
  1070:   663781.009   663799.005   663819.009   665256.001   670256.018
  1075:   674387.003   674393.016   674443.026   674496.005   674868.009
  1080:   674936.005   674942.009   674970.005   675099.009   675124.005
  1085:   675139.009   676188.001   681188.018   683853.003   683859.016
  1090:   683909.026   683932.005   684967.009   685939.001   690939.018
  1095:   693305.003   693311.016   693361.026   693393.005   694489.009
  1100:   695991.001   700991.018   703144.003   703150.016   703200.026
  1105:   703268.005   703776.009   703781.005   704261.009   705096.005
  1110:   705113.009   705143.005   705279.009   705281.005   705329.009
  1115:   705746.001   710746.018   713567.003   713573.016   713623.026
  1120:   713631.005   714109.009   714125.005   714234.009   714447.005
  1125:   714453.009   714477.005   714489.009   714639.005   714647.009
  1130:   715691.001   720691.018   722757.003   722763.016   722813.026
  1135:   722857.005   723975.009   724795.001   729795.018   732081.003
  1140:   732087.016   732137.026   732172.005   732817.009   732891.005
  1145:   732906.009   732946.005   733028.009   733056.005   733102.009
  1150:   733144.005   733157.009   734571.001   739571.018   740959.003
  1155:   740965.016   741015.026   741020.005   741533.009   741571.005
  1160:   741606.009   741626.005   741670.009   741672.005   741683.009
  1165:   741813.005   741903.009   741907.005   741934.009   742049.005
  1170:   742161.009   742230.005   742235.009   743039.001   743244.003
  1175:   743278.001   746364.003   746386.001   746869.003   747057.001
  1180:   747781.003   747971.001   748503.003   748562.001   748893.003
  1185:   749782.005   749959.009   750353.005   750769.009   751659.001
  1190:   756659.018   760108.003   760114.016   760164.026   760189.005
  1195:   760642.009   760734.005   760741.009   760761.005   760792.009
  1200:   760918.005   761039.009   761062.005   761075.009   761076.005
  1205:   761081.009   761115.005   761176.009   761215.005   761222.009
  1210:   762113.001   767113.018   769204.003   769210.016   769260.026
  1215:   769304.005   769770.009   769871.005   769878.009   769912.005
  1220:   769934.009   771713.005   771950.009   773076.001   774289.003
  1225:   774314.001   779314.018   782515.003   782521.016   782571.026
  1230:   782591.005   783546.009   783562.005   783567.009   784778.001
  1235:   789778.018   790831.003   790837.016   790887.026   790891.001
  1240:   791583.003   791773.005   792260.009   792392.005   792521.009
  1245:   792629.005   792644.009   793668.001   798668.018   800325.003
  1250:   800331.016   800357.001   800381.026   800532.003   800626.005
  1255:   801239.009   802020.005   802232.009   803028.001   808028.018
  1260:   810143.003   810149.016   810199.026   810215.005   810738.009
  1265:   810779.005   810802.009   810841.005   811033.009   811200.005
  1270:   811278.009   811293.005   811310.009   811339.005   811359.009
  1275:   811363.005   811372.009   811704.005   811716.009   812058.001
  1280:   817058.018   818371.003   818377.016   818427.026   818448.005
  1285:   818831.009   818863.005   818868.009   818894.005   818900.009
  1290:   818954.005   818976.009   819258.005   819403.009   819449.005
  1295:   819567.009   819602.005   819609.009   819620.005   819635.009
  1300:   820404.001   825404.018   828683.003   828689.016   828739.026
  1305:   828768.005   829415.009   829416.005   829444.009   829479.005
  1310:   829521.009   829536.005   829856.009   829906.005   829998.009
  1315:   830010.005   830016.009   830889.001   831188.003   831228.001
  1320:   836228.018   838293.003   838299.016   838349.026   838373.005
  1325:   838908.009   838945.005   839027.009   839052.005   839057.009
  1330:   839234.005   839428.009   839438.005   839699.009   840342.001
  1335:   840575.003   840625.001   845625.018   848029.003   848035.016
  1340:   848085.026   848126.005   848495.009   848527.005   848541.009
  1345:   849071.005   849149.009   850487.001   855487.018   856135.003
  1350:   856141.016   856191.026   856211.005   856641.009   856694.005
  1355:   856699.009   858192.001   863192.018   864547.003   864553.016
  1360:   864603.026   864615.005   865140.009   865150.005   865216.009
  1365:   865223.005   865319.009   865384.005   865479.009   865491.005
  1370:   865558.009   865856.005   865880.009   866058.005   866248.009
  1375:   866825.005   866995.009   867491.001   867589.003   867659.001
  1380:   872659.018   875038.003   875044.016   875094.026   875121.005
  1385:   875497.009   875540.005   875548.009   875551.005   875567.009
  1390:   875743.005   875751.009   875776.005   875785.009   875793.005
  1395:   875798.009   875931.005   875935.009   876008.005   876106.009
  1400:   876171.005   876175.009   876184.005   876232.009   876275.005
  1405:   876359.009   876369.005   876380.009   876383.005   876397.009
  1410:   877645.001   877729.003   877760.001   882760.018   883165.003
  1415:   883171.016   883221.026   883264.005   883604.009   883630.005
  1420:   883651.009   883737.005   884099.009   884103.005   884123.009
  1425:   884622.001   889622.018   891701.003   891707.016   891757.026
  1430:   891824.005   892406.009   892421.005   892427.009   892542.005
  1435:   892573.009   893307.001   893437.003   893486.001   894420.003
  1440:   894424.001   899427.018   899529.003   899535.016   899585.026
  1445:   899643.005   900297.009   901668.001   901816.003   901880.001
  1450:   901985.003   903557.001   903587.003   903642.001   908642.018
  1455:   909659.003   909665.016   909715.026   909768.005   910186.009
  1460:   910217.005   910268.009   910295.005   910300.009   910321.005
  1465:   910329.009   910376.005   910384.009   910386.005   910390.009
  1470:   910391.005   910560.009   910653.005   910723.009   910883.005
  1475:   910901.009   911967.001   916967.018   918284.003   918290.016
  1480:   918340.026   918382.005   918893.009   919651.005   919857.009
  1485:   919869.005   919873.009   920629.001   925629.018   929386.003
  1490:   929392.016   929442.026   929470.005   930079.009   930143.005
  1495:   930245.009   932892.001   933037.003   933073.001   938073.018
  1500:   940741.003   940747.016   940797.026   940837.005   941379.009
  1505:   941552.005   941558.009   941559.005   941601.009   941618.005
  1510:   941705.009   941898.005   941903.009   943231.001   948231.018
  1515:   948885.003   948891.016   948940.001   948941.026   949087.003
  1520:   949184.005   950075.009   951340.001   956340.018   957620.003
  1525:   957626.016   957676.026   957722.005   958166.009   958228.005
  1530:   958233.009   958258.005   958267.009   958417.005   958528.009
  1535:   958569.005   958577.009   958616.005   958642.009   958689.005
  1540:   958764.009   958784.005   958848.009   959028.005   959041.009
  1545:   960223.005   960283.009   960364.005   960371.009   960375.005
  1550:   960479.009   960968.001   965968.018   968926.003   968932.016
  1555:   968982.026   969032.005   969589.009   969740.005   969782.009
  1560:   969878.005   969887.009   971153.001   976153.018   977146.003
  1565:   977152.016   977202.026   977220.005   977703.009   977722.005
  1570:   977743.009   977908.005   978472.009   982027.001   982129.003
  1575:   982190.001   987190.018   988259.003   988265.016   988300.001
  1580:   988315.026   988401.003   988511.005   989111.009   989123.005
  1585:   989131.009   989225.005   989282.009   989305.005   989309.009
  1590:   990748.001   995748.018   997084.003   997090.016   997140.026
  1595:   997163.005   997751.009   997754.005   997760.009   997766.005
  1600:   997784.009   997791.005   997799.009   997821.005   997827.009
  1605:   997846.005   997851.009   998035.005   998267.009   998273.005
  1610:   998321.009   999471.001  1004471.018  1006323.003  1006329.016
  1615:  1006379.026  1006549.005  1007495.009  1007530.005  1007660.009
  1620:  1008591.005  1008600.009  1008936.001  1009088.003  1009102.001
  1625:  1014102.018  1015951.003  1015957.016  1016007.026  1016044.005
  1630:  1016465.009  1016476.005  1016484.009  1016486.005  1016507.009
  1635:  1016524.005  1016529.009  1016548.005  1016637.009  1016640.005
  1640:  1016648.009  1016775.005  1016817.009  1016828.005  1016846.009
  1645:  1018330.001  1023330.018  1024466.003  1024472.016  1024522.026
  1650:  1024549.005  1024975.009  1025018.005  1025043.009  1025071.005
  1655:  1025076.009  1025080.005  1025112.009  1025193.005  1025216.009
  1660:  1025225.005  1025235.009  1025271.005  1025324.009  1025386.005
  1665:  1025412.009  1025416.005  1025421.009  1025488.005  1025502.009
  1670:  1026563.001  1030619.003  1030704.001  1031118.003  1031222.001
  1675:  1031354.003  1031915.005  1031924.009  1032106.005  1032341.009
  1680:  1032664.005  1032733.009  1032738.005  1032746.009  1033322.001
  1685:  1038322.018  1040404.003  1040410.016  1040460.026  1040500.005
  1690:  1040846.009  1041236.005  1041492.009  1041503.005  1041599.009
  1695:  1041609.005  1041615.009  1041785.005  1041868.009  1041941.005
  1700:  1041946.009  1041970.005  1041984.009  1043049.001  1043182.003
  1705:  1043206.001  1048206.018  1048464.003  1048470.016  1048490.001
  1710:  1048520.026  1048592.003  1048681.005  1048966.009  1049057.005
  1715:  1049062.009  1049154.005  1049386.009  1050148.005  1050160.009
  1720:  1050164.005  1050170.009  1050550.005  1050560.009  1050605.005
  1725:  1050610.009  1050639.005  1050799.009  1051352.001  1056352.018
  1730:  1057793.003  1057799.016  1057849.026  1057888.005  1058457.009
  1735:  1058485.005  1058505.009  1058556.005  1058621.009  1058671.005
  1740:  1058680.009  1058708.005  1058843.009  1058893.005  1058903.009
  1745:  1058913.005  1058924.009  1059141.005  1059146.009  1059172.005
  1750:  1059178.009  1059186.005  1059341.009  1060257.001  1065257.018
  1755:  1066155.003  1066161.016  1066211.026  1066283.005  1066689.009
  1760:  1081694.005  1081705.009  1081731.005  1081917.009  1082405.001
  1765:  1083115.003  1083156.001  1083724.003  1083752.001  1088752.018
  1770:  1089021.003  1089027.016  1089077.026  1089095.005  1089405.009
  1775:  1089406.005  1089416.009  1089420.005  1089462.009  1089505.005
  1780:  1089513.009  1089521.005  1089548.009  1089700.005  1089827.009
  1785:  1089858.005  1089876.009  1090092.005  1090314.009  1090321.005
  1790:  1090386.009  1091663.001  1096663.018  1096927.003  1096933.016
  1795:  1096983.026  1097015.005  1097400.009  1097412.005  1097417.009
  1800:  1097451.005  1097844.009  1097872.005  1097896.009  1097902.005
  1805:  1097940.009  1097945.005  1098032.009  1099337.005  1099341.009
  1810:  1099799.005  1099840.009  1099855.005  1099866.009  1099886.005
  1815:  1099896.009  1100335.001  1102314.005  1104941.009  1104994.005
  1820:  1105031.009  1105335.018  1107095.003  1107101.016  1107151.026
  1825:  1107170.005  1107821.009  1107879.005  1107946.009  1107966.005
  1830:  1108062.009  1108092.005  1108101.009  1108142.005  1108150.009
  1835:  1108169.005  1108190.009  1108191.005  1108196.009  1108211.005
  1840:  1108288.009  1108313.005  1108316.009  1109111.001  1109206.003
  1845:  1109266.001  1109919.005  1113035.009  1113046.005  1113144.009
  1850:  1114266.018  1115620.003  1115626.016  1115676.026  1115690.005
  1855:  1115719.009  1115727.005  1116661.009  1117697.001  1122697.018
  1860:  1122789.003  1122795.016  1122845.026  1122889.005  1123658.009
  1865:  1124868.001  1129868.018  1132452.003  1132458.016  1132508.026
  1870:  1132556.005  1133175.009  1133185.005  1133200.009  1135399.001
  1875:  1140399.018  1141005.003  1141011.016  1141061.026  1141096.005
  1880:  1141805.009  1141816.005  1142032.009  1142129.005  1142177.009
  1885:  1143322.001  1144569.005  1145048.009  1145290.005  1146244.009
  1890:  1146247.005  1146310.009  1146535.005  1146564.009  1148017.005
  1895:  1148034.009  1148322.018  1150833.003  1150839.016  1150889.026
  1900:  1150968.005  1151798.009  1154228.005  1154254.009  1154786.001
  1905:  1159786.018  1162979.003  1162985.016  1163035.026  1163058.005
  1910:  1163581.009  1163603.005  1163614.009  1163619.005  1164007.009
  1915:  1164989.001  1165304.003  1165335.001  1170335.018  1172213.003
  1920:  1172219.016  1172269.026  1172322.005  1172673.009  1172722.005
  1925:  1172738.009  1172816.005  1172823.009  1172825.005  1172832.009
  1930:  1172894.005  1172899.009  1172905.005  1172926.009  1172944.005
  1935:  1173042.009  1173136.005  1173156.009  1174223.001  1179223.018
  1940:  1181101.003  1181107.016  1181157.026  1181193.005  1181788.009
  1945:  1181804.005  1182227.009  1182255.005  1182298.009  1182906.005
  1950:  1183088.009  1183633.001  1188215.005  1188633.018  1190789.003
  1955:  1190795.016  1190845.026  1190855.009  1190891.005  1191572.009
  1960:  1191574.005  1191581.009  1191587.005  1191726.009  1191727.005
  1965:  1191734.009  1191744.005  1191879.009  1192950.001  1197950.018
  1970:  1197970.003  1197976.016  1198026.026  1198053.005  1198626.009
  1975:  1198630.005  1199004.009  1199530.005  1199593.009  1199627.005
  1980:  1199717.009  1200073.001  1204437.003  1204481.001  1205209.003
  1985:  1205331.005  1205851.009  1206777.001  1206967.003  1207021.001
  1990:  1207709.003  1207722.001  1212722.018  1214747.003  1214753.016
  1995:  1214803.026  1214827.005  1215620.009  1215657.005  1215697.009
  2000:  1215702.005  1216334.009  1217560.001  1222560.018  1223876.003
  2005:  1223882.016  1223932.026  1223969.005  1224348.009  1224584.005
  2010:  1224594.009  1224745.005  1224854.009  1225882.001  1230882.018
  2015:  1233442.003  1233448.016  1233498.026  1233532.005  1233888.009
  2020:  1233996.005  1234011.009  1234014.005  1234027.009  1234069.005
  2025:  1234100.009  1234189.005  1234476.009  1234480.005  1234531.009
  2030:  1234533.005  1234542.009  1234565.005  1234581.009  1235545.001
  2035:  1240545.018  1242743.003  1242749.016  1242799.026  1242821.005
  2040:  1243887.009  1244813.001  1249813.018  1251073.003  1251079.016
  2045:  1251129.026  1251154.005  1251537.009  1251621.005  1251651.009
  2050:  1251654.005  1251688.009  1251691.005  1251854.009  1253949.005
  2055:  1254119.009  1254181.005  1254187.009  1254189.005  1254194.009
  2060:  1254207.005  1254222.009  1254444.005  1254453.009  1258101.005
  2065:  1258124.009  1258149.005  1258308.009  1259150.001  1263169.003
  2070:  1263437.001  1268437.018  1268573.003  1268579.016  1268629.026
  2075:  1268679.005  1269070.009  1269110.005  1269115.009  1269118.005
  2080:  1269122.009  1269123.005  1269129.009  1269289.005  1269307.009
  2085:  1269328.005  1269335.009  1269389.005  1269924.009  1269943.005
  2090:  1269957.009  1270866.001  1275866.018  1277126.003  1277132.016
  2095:  1277182.026  1277218.005  1277681.009  1277724.005  1277729.009
  2100:  1277742.005  1277746.009  1277845.005  1277855.009  1277863.005
  2105:  1277871.009  1277876.005  1278027.009  1279037.001  1284037.018
  2110:  1286071.003  1286077.016  1286127.026  1286152.005  1286592.009
  2115:  1286644.005  1286654.009  1286704.005  1286904.009  1286987.005
  2120:  1287045.009  1287062.005  1287074.009  1287080.005  1287088.009
  2125:  1288323.001  1293323.018  1295920.003  1295926.016  1295976.026
  2130:  1296009.005  1296392.009  1296428.005  1296438.009  1296484.005
  2135:  1296741.009  1296752.005  1296757.009  1296795.005  1296929.009
  2140:  1296955.005  1296967.009  1297828.001  1298101.003  1298135.001
  2145:  1303135.018  1305226.003  1305232.016  1305282.026  1305308.005
  2150:  1305756.009  1305810.005  1306139.009  1306143.005  1306608.009
  2155:  1306625.005  1306670.009  1306769.005  1306864.009  1307415.001
  2160:  1312415.018  1314600.003  1314606.016  1314656.026  1314695.005
  2165:  1315252.009  1315255.005  1315278.009  1315294.005  1316000.009
  2170:  1316463.001  1316656.003  1316692.001  1321692.018  1324317.003
  2175:  1324323.016  1324373.026  1324405.005  1325286.009  1326023.005
  2180:  1326459.009  1327302.001  1332302.018  1334704.003  1334710.016
  2185:  1334760.026  1334789.005  1335207.009  1335272.005  1335277.009
  2190:  1335353.005  1335356.009  1335377.005  1335384.009  1335422.005
  2195:  1335433.009  1335443.005  1335448.009  1335455.005  1335463.009
  2200:  1335497.005  1335502.009  1335527.005  1335536.009  1335701.005
  2205:  1336085.009  1336098.005  1336441.009  1337677.001  1342677.018
  2210:  1343089.003  1343095.016  1343145.026  1343262.005  1344430.009
  2215:  1344479.005  1344513.009  1345659.001  1350659.018  1351604.003
  2220:  1351610.016  1351660.026  1351686.001  1351770.003  1351818.005
  2225:  1352305.009  1352316.005  1352622.009  1354060.001  1359060.018
  2230:  1361382.003  1361388.016  1361438.026  1361458.005  1361973.009
  2235:  1362020.005  1362030.009  1362040.005  1362046.009  1362064.005
  2240:  1362463.009  1363590.001  1368590.018  1370601.003  1370607.016
  2245:  1370657.026  1370714.005  1371193.009  1371211.005  1371218.009
  2250:  1371235.005  1371291.009  1372470.001  1377470.018  1379905.003
  2255:  1379911.016  1379961.026  1379994.005  1380395.009  1380417.005
  2260:  1380424.009  1380472.005  1380478.009  1380483.005  1380595.009
  2265:  1380713.005  1380862.009  1381791.001  1386791.018  1388670.003
  2270:  1388676.016  1388726.026  1388770.005  1389235.009  1389262.005
  2275:  1389494.009  1389522.005  1389530.009  1389539.005  1389545.009
  2280:  1389552.005  1389648.009  1391695.001  1396695.018  1398283.003
  2285:  1398289.016  1398334.001  1398339.026  1398379.003  1398452.005
  2290:  1399012.009  1399014.005  1399019.009  1399038.005  1399266.009
  2295:  1399277.005  1399287.009  1399377.005  1399382.009  1400225.001
  2300:  1400764.003  1400995.001  1405995.018  1406687.003  1406693.016
  2305:  1406743.026  1406787.005  1407306.009  1407328.005  1407379.009
  2310:  1407417.005  1407533.009  1407694.005  1407706.009  1407871.005
  2315:  1407891.009  1407975.005  1407982.009  1408734.001  1413734.018
  2320:  1414394.003  1414400.016  1414450.026  1414479.005  1415011.009
  2325:  1415304.005  1415309.009  1415473.005  1415615.009  1415627.005
  2330:  1415653.009  1461027.005  1461192.009  1461287.005  1461367.009
  2335:  1466518.005  1466801.009  1467152.005  1467158.009  1467202.005
  2340:  1467403.009  1467438.005  1467448.009  1467483.005  1467522.009
  2345:  1467671.005  1467716.009  1481439.005  1481445.009  1481495.005
  2350:  1481505.009  1482101.005  1482106.009  1482122.005  1482141.009
  2355:  1482149.005  1482154.009  1482155.005  1482179.009  1482191.005
  2360:  1482215.009  1482230.005  1482249.009  1482261.005  1482279.009
  2365:  1482283.005  1482300.009  1488193.005  1488433.009  1488872.001
  2370:  1489161.003
B:
     0:        0.000      277.000        0.000      277.000        0.000
     5:      705.000        0.000        0.000        0.000      705.000
    10:        0.000        1.000        0.000        1.000        0.000
    15:        0.000      135.000        0.000      135.000        0.000
    20:        0.000        0.000        0.000        0.000        0.000
    25:        0.000      135.000        0.000        0.000        0.000
    30:        0.000
D:
     0:  5291045.000  5290757.000  5291046.000
E:
     0:     5000.000     5000.000
T:
     0:        0.000        0.000        0.000        0.000
W:
     0:        0.000        0.000        0.000
