File: C:\MED-PC IV\Data\Reyes\AY\AY1053.999


Start Date: 10/20/24
End Date: 10/20/24
Subject: 53
Experiment: AY
Group: EXP20
Box: 3
Start Time: 14:53:35
End Time: 15:43:35
MSN: DRRD_exp_20
C:       0.000
F:       0.000
G:       0.000
H:       0.000
I:       0.000
J:       0.000
K:    3714.000
L:       0.000
M:       0.000
N:       0.000
O:       0.000
P:       0.000
Q:       0.000
R:       0.000
S:       0.000
U:  255389.000
V:       0.000
X:       0.000
Y:    1298.000
Z:       0.000
A:
     0:     2954.005     5002.009     5049.005     5120.009     5265.005
     5:     5796.009     5797.005     5804.009     5806.005     5862.009
    10:     6025.005     6045.009     6053.005     6104.009     6105.005
    15:     6117.009    15000.013    15000.011    18336.001    18667.003
    20:    18760.001    19238.003    19529.001    19958.003    32821.005
    25:    33608.009    33622.005    33649.009    33764.005    34979.009
    30:    35010.005    35037.009    35054.005    35080.009    35885.005
    35:    35901.009    35912.005    36398.009    37037.001    37559.003
    40:    38400.001    38584.003    38608.001    38679.003    38784.001
    45:    39333.003    39588.005    41202.009    41554.001    41672.003
    50:    41758.001    41855.003    41881.001    42052.003    42149.001
    55:    42510.003    43299.005    43306.009    43322.005    43467.009
    60:    43726.001    43946.003    44054.001    44220.003    44271.001
    65:    44320.003    44383.001    45382.003    48682.001    48926.003
    70:    48945.001    48975.003    49106.001    49369.003    49528.001
    75:    49799.003    50830.001    50951.003    52292.005    54575.009
    80:    54798.005    56300.009    56325.005    56361.009    56381.005
    85:    56406.009    56545.005    56552.009    65995.001    66129.003
    90:    68085.005    68354.009    68680.001    68797.003    68890.001
    95:    69247.003    69594.001    70335.003    70837.001    71149.003
   100:    71279.001    71461.003    72061.001    72769.003    73827.001
   105:    74381.003    74854.005    75218.009    75251.005    75318.009
   110:    75636.001    75961.003    75998.001    76607.003    76924.001
   115:    76990.003    91823.001    93680.018    94040.003    94046.016
   120:    94096.026    94270.005    95291.009    95303.005    95429.009
   125:    96610.005    96991.009    97721.005    97957.009    97970.005
   130:    97992.009    98004.005    98050.009    98068.005    98102.009
   135:    98212.005    98241.009   103927.001   105354.003   109933.001
   140:   111176.003   112276.001   113796.003   119483.001   120414.003
   145:   120686.001   121648.003   123262.001   123362.003   123874.001
   150:   123902.003   123923.001   123941.003   124022.001   124174.003
   155:   126567.005   127001.009   148472.001   149604.003   150646.005
   160:   150735.009   151730.001   152165.003   152481.001   152608.003
   165:   166540.001   166572.003   166613.001   167495.003   175167.005
   170:   176047.009   177494.001   179185.003   180651.001   182291.003
   175:   184766.001   186263.003   187453.005   187501.009   187617.005
   180:   187672.009   187740.005   188280.009   188287.005   188304.009
   185:   189614.001   190820.003   193477.005   193709.009   194350.001
   190:   196207.018   196396.003   196402.016   196452.026   196520.005
   195:   197833.009   198345.005   199531.009   199549.005   199560.009
   200:   199572.005   199582.009   200407.005   202225.009   203299.001
   205:   204042.003   205254.001   206712.003   208096.001   209533.003
   210:   210588.001   211025.003   211122.001   211640.003   215473.001
   215:   216035.003   217579.005   217982.009   219069.001   220326.003
   220:   222367.001   224021.003   225909.005   226129.009   226993.001
   225:   228216.003   229622.001   231471.003   232589.001   234446.018
   230:   234638.003   234644.016   234694.026   234775.005   235483.009
   235:   235503.005   235724.009   235759.005   235784.009   235797.005
   240:   235983.009   236119.005   236126.009   236140.005   236181.009
   245:   236189.005   236454.009   238656.001   239381.003   240971.001
   250:   241377.003   251853.005   251901.009   251927.005   252128.009
   255:   260295.001   262152.018   262755.003   262761.016   262811.026
   260:   262912.005   263554.009   275403.001   275489.003   282970.001
   265:   283743.003   288722.005   288878.009   294355.001   295836.003
   270:   297696.001   298955.003   304365.001   306061.003   308680.005
   275:   308919.009   310102.001   311191.003   312896.001   313301.003
   280:   313471.001   313762.003   313803.001   314742.003   317819.001
   285:   318262.003   319129.005   319246.009   319309.005   319649.009
   290:   320712.001   322535.003   324117.001   325844.003   327362.001
   295:   329219.018   329407.003   329413.016   329463.026   329553.005
   300:   330204.009   332380.005   332621.009   333659.001   334078.003
   305:   335238.001   336508.003   337816.001   339338.003   342389.001
   310:   343520.003   346592.001   347069.003   347132.001   348853.003
   315:   349606.005   349649.009   350043.001   350073.003   353147.001
   320:   353287.003   370992.001   371067.003   371103.001   371169.003
   325:   373657.005   373882.009   375028.001   375429.003   376893.001
   330:   377799.003   378284.005   378295.009   378321.005   378499.009
   335:   379133.001   379620.003   379945.001   380128.003   380587.001
   340:   380835.003   381577.005   382002.009   382110.005   382152.009
   345:   382154.005   382515.009   382524.005   382659.009   383055.005
   350:   383075.009   383226.005   384297.009   384318.005   384870.009
   355:   385034.005   385535.009   385563.005   385634.009   385660.005
   360:   388427.009   388433.005   389103.009   390723.001   390792.003
   365:   391506.001   392324.003   397325.001   398744.003   400141.001
   370:   401433.003   403800.001   405049.003   407069.001   408753.003
   375:   410545.001   412229.003   419393.005   419412.009   419432.005
   380:   419546.009   423435.001   423621.003   424249.001   425407.003
   385:   429433.001   429924.003   440397.001   441156.003   444267.001
   390:   446124.018   446403.003   446409.016   446459.026   446557.005
   395:   447238.009   447249.005   447259.009   447314.005   447335.009
   400:   447342.005   447500.009   447535.005   447562.009   448731.001
   405:   449592.003   450356.001   451840.003   452563.005   452655.009
   410:   453019.001   454876.018   455115.003   455121.016   455171.026
   415:   455241.005   456611.009   456961.005   457173.009   457342.005
   420:   457380.009   457389.005   457649.009   458141.001   458281.003
   425:   458359.001   459803.003   461025.001   462866.003   463794.005
   430:   463944.009   464322.001   464901.003   464953.001   465910.003
   435:   467571.001   467626.003   472872.001   473064.003   473097.001
   440:   474797.003   476114.001   477718.003   478446.005   478582.009
   445:   478983.001   480339.003   481732.001   483001.003   484768.001
   450:   484961.003   485049.001   486086.003   486945.001   487302.003
   455:   490452.001   492219.003   495137.001   496517.003   497749.001
   460:   499420.003   499894.005   500287.009   500297.005   500337.009
   465:   500893.001   502563.003   503569.001   504266.003   504335.001
   470:   504372.003   506097.001   507902.003   510477.001   511873.003
   475:   513314.001   515087.003   516197.001   517568.003   519975.001
   480:   520737.003   523885.001   524135.003   525469.005   525504.009
   485:   525563.005   525618.009   526511.001   527879.003   529692.001
   490:   530160.003   532025.001   533627.003   534624.001   536433.003
   495:   536952.005   536977.009   537069.005   537169.009   537216.005
   500:   537498.009   538505.005   538552.009   538592.005   540418.009
   505:   540977.005   543118.009   543125.005   543268.009   543288.005
   510:   548224.009   548249.005   548261.009   548271.005   548274.009
   515:   548292.005   548464.009   551648.005   551655.009   552186.001
   520:   552364.003   552824.001   552929.003   553614.001   554129.003
   525:   554677.001   554979.003   555006.001   556535.003   557732.001
   530:   557836.003   558009.001   559530.003   561033.001   561325.003
   535:   561344.001   563040.003   563803.005   563811.009   563821.005
   540:   564193.009   564569.001   566426.018   566610.003   566616.016
   545:   566666.026   566821.001   566869.003   566920.005   566923.009
   550:   566939.005   567499.009   567507.005   567898.009   567905.005
   555:   567921.009   567929.005   567944.009   568872.001   569752.003
   560:   570434.005   570521.009   570586.005   570609.009   570611.005
   565:   572928.009   573051.005   573755.009   574100.005   574708.009
   570:   574722.005   577654.009   577699.005   579868.009   579886.005
   575:   581617.009   581763.005   581911.009   582389.005   583075.009
   580:   583293.005   584212.009   587285.001   587556.003   587593.001
   585:   588013.003   588539.001   589840.003   590792.001   592649.018
   590:   592726.003   592732.016   592782.026   592862.005   593592.009
   595:   594258.001   596002.003   596828.001   597883.003   598131.001
   600:   598792.003   600041.005   600141.009   600473.001   601077.003
   605:   603637.001   605267.003   606085.001   607942.018   608085.003
   610:   608091.016   608141.026   608230.005   608924.009   618378.001
   615:   619235.003   620485.001   622058.003   622907.005   622944.009
   620:   623388.001   623480.003   623511.001   625368.018   625370.003
   625:   625376.016   625426.026   625479.005   626240.009   626270.005
   630:   626422.009   631418.001   631527.003   631654.001   632054.003
   635:   632743.001   633048.003   633850.005   634171.009   638380.001
   640:   640205.003   642180.005   642303.009   644934.005   644968.009
   645:   645817.001   647100.003   648504.005   648526.009   648548.005
   650:   648566.009   649179.001   650106.003   656133.001   657690.003
   655:   657911.001   658017.003   658871.005   658999.009   659334.001
   660:   660571.003   664510.005   664782.009   667783.001   668939.003
   665:   670015.001   671690.003   675819.001   676926.003   677521.001
   670:   677981.003   678530.005   678636.009   678667.005   678772.009
   675:   680385.001   682109.003   683392.001   685249.018   685320.003
   680:   685326.016   685376.026   685444.005   686234.009   688432.001
   685:   689897.003   690987.001   692404.003   697311.001   698592.003
   690:   699605.001   700878.003   704725.001   706122.003   713696.005
   695:   713984.009   723089.001   723769.003   724958.005   725048.009
   700:   725056.005   725082.009   731567.001   733040.003   733936.001
   705:   734848.003   739109.001   740648.003   742027.001   742917.003
   710:   743484.005   743653.009   744309.001   745764.003   752212.001
   715:   753663.003   753720.001   754078.003   756261.001   756781.003
   720:   759704.005   759905.009   768527.005   768541.009   774727.001
   725:   776099.003   776874.001   778335.003   779467.001   781296.003
   730:   783629.001   784491.003   786774.001   788604.003   789735.001
   735:   791389.003   792716.005   793023.009   793265.001   795122.018
   740:   795801.003   795807.016   795857.026   795971.005   796958.009
   745:   796973.005   797045.009   798479.001   798689.003   798990.001
   750:   800309.003   804661.005   804838.009   817683.005   817793.009
   755:   819719.005   819764.009   820570.001   821617.003   824575.001
   760:   826432.018   826669.003   826675.016   826725.026   826809.005
   765:   827469.009   827501.005   827747.009   829319.001   830485.003
   770:   831779.005   831953.009   831981.005   831989.009   836193.005
   775:   836233.009   843082.005   843280.009   855987.005   856216.009
   780:   863497.005   863927.009   867509.005   867523.009   881789.005
   785:   882221.009   894831.005   894988.009   898083.005   898192.009
   790:   905427.001   906174.003   916961.001   918818.018   919470.003
   795:   919476.016   919526.026   919582.005   920389.009   922800.005
   800:   922873.009   926300.001   928000.003   929269.001   930729.003
   805:   933021.001   934206.003   938077.001   938167.003   940892.005
   810:   940942.009   940964.005   940976.009   941197.005   941402.009
   815:   942209.001   942649.003   942786.001   942818.003   967010.005
   820:   967154.009   971222.001   972279.003   973950.001   975108.003
   825:   976719.001   977788.003   981191.001   982151.003   982877.001
   830:   983159.003   988875.001   990187.003   991206.001   993029.003
   835:   994679.001   996400.003   997809.001   999666.018   999974.003
   840:   999980.016  1000030.026  1000096.005  1001106.009  1003798.001
   845:  1005655.018  1005909.003  1005915.016  1005965.026  1006052.005
   850:  1006749.009  1007751.005  1007796.009  1011121.005  1011295.009
   855:  1011407.005  1011654.009  1011740.005  1011824.009  1016897.001
   860:  1018747.003  1021170.001  1021299.003  1025177.001  1026429.003
   865:  1027388.005  1027406.009  1027448.005  1027457.009  1027485.005
   870:  1027535.009  1027585.005  1027905.009  1027953.005  1028712.009
   875:  1029936.001  1030798.003  1031395.001  1031817.003  1033842.005
   880:  1033870.009  1038241.001  1039196.003  1039678.005  1039702.009
   885:  1039732.005  1039749.009  1040455.001  1041361.003  1045809.001
   890:  1046955.003  1048135.001  1049285.003  1050941.001  1052227.003
   895:  1054118.001  1055139.003  1056661.005  1056754.009  1057299.001
   900:  1058901.003  1059211.005  1059721.009  1061749.001  1063606.018
   905:  1063809.003  1063815.016  1063865.026  1063943.005  1064441.009
   910:  1064471.005  1064636.009  1066714.001  1067053.003  1067941.001
   915:  1069468.003  1070955.001  1072748.003  1074014.001  1074888.003
   920:  1075434.001  1076439.003  1077993.001  1079770.003  1080843.001
   925:  1082494.003  1086269.001  1087374.003  1089198.005  1089230.009
   930:  1089234.005  1089286.009  1089295.005  1089320.009  1094331.005
   935:  1094594.009  1095333.001  1096867.003  1098623.001  1099880.003
   940:  1100704.005  1100750.009  1101098.001  1102758.003  1104244.005
   945:  1104316.009  1105470.001  1107240.003  1108443.001  1110300.018
   950:  1110421.003  1110427.016  1110477.026  1110638.005  1111283.009
   955:  1111309.005  1111315.009  1111329.005  1111547.009  1113406.001
   960:  1113730.003  1114935.001  1116750.003  1117950.001  1119807.018
   965:  1120017.003  1120023.016  1120073.026  1120152.005  1121012.009
   970:  1127708.001  1128248.003  1129543.005  1129698.009  1130286.001
   975:  1131743.003  1133232.001  1135089.018  1135231.003  1135237.016
   980:  1135287.026  1135378.005  1136214.009  1137939.001  1139269.003
   985:  1140999.001  1142699.003  1143129.005  1143416.009  1143822.001
   990:  1145679.018  1146262.003  1146268.016  1146318.026  1146375.005
   995:  1147579.009  1147673.005  1147681.009  1147813.005  1148137.009
  1000:  1149226.001  1151083.018  1151207.003  1151213.016  1151263.026
  1005:  1151267.005  1152482.009  1152548.005  1152921.009  1152993.005
  1010:  1153010.009  1154471.005  1155011.009  1155033.005  1155546.009
  1015:  1155689.005  1156821.009  1156833.005  1156853.009  1156907.005
  1020:  1157010.009  1157017.005  1157494.009  1159333.001  1161190.018
  1025:  1161655.003  1161661.016  1161710.001  1161711.026  1161713.017
  1030:  1161808.003  1161937.005  1162784.009  1162797.005  1162901.009
  1035:  1162981.005  1164670.009  1165507.001  1166840.003  1167693.005
  1040:  1167906.009  1167908.005  1168061.009  1169065.001  1170549.003
  1045:  1170949.005  1171037.009  1172337.001  1173822.003  1175849.001
  1050:  1176429.003  1179400.001  1181083.003  1182815.001  1183807.003
  1055:  1186814.001  1187968.003  1193847.005  1193878.009  1193886.005
  1060:  1193929.009  1193945.005  1194035.009  1203373.005  1203416.009
  1065:  1210916.001  1212218.003  1213491.001  1214634.003  1216422.001
  1070:  1218024.003  1218920.005  1218980.009  1219756.001  1220618.003
  1075:  1223977.001  1225030.003  1226383.001  1227807.003  1230453.005
  1080:  1230484.009  1230948.001  1231528.003  1235711.001  1236214.003
  1085:  1236450.001  1236925.003  1241068.005  1241292.009  1242132.001
  1090:  1244254.003  1245548.001  1246429.003  1255138.001  1256646.003
  1095:  1257818.001  1259331.003  1260502.001  1262063.003  1263252.001
  1100:  1265481.018  1265714.003  1265720.016  1265770.026  1265919.005
  1105:  1266752.009  1269758.001  1270997.003  1275741.001  1277287.003
  1110:  1283655.001  1284869.003  1286875.001  1288468.003  1290108.001
  1115:  1291416.003  1294645.001  1296212.003  1296794.005  1297006.009
  1120:  1297439.001  1298972.003  1301821.001  1303711.003  1305628.001
  1125:  1307238.003  1308652.001  1309978.003  1310525.005  1310605.009
  1130:  1311117.005  1311286.009  1311816.005  1312474.009  1313430.001
  1135:  1313847.003  1314042.001  1315627.003  1317636.001  1319366.003
  1140:  1320511.001  1322185.003  1323329.001  1324999.003  1326955.001
  1145:  1328831.003  1336072.001  1337451.003  1339009.001  1340210.003
  1150:  1342251.001  1343663.003  1344081.001  1344119.003  1345393.005
  1155:  1345591.009  1346004.001  1347831.003  1350113.001  1352186.003
  1160:  1353260.001  1355163.003  1357119.001  1358906.003  1362218.001
  1165:  1364095.003  1365727.001  1367771.003  1369624.001  1371853.018
  1170:  1372003.003  1372009.016  1372059.026  1372141.005  1372749.009
  1175:  1374280.005  1374479.009  1375700.005  1377462.009  1377504.005
  1180:  1378015.009  1379760.001  1381147.003  1382903.001  1384401.003
  1185:  1386358.001  1387796.003  1389735.001  1391208.003  1392472.001
  1190:  1394349.003  1395695.001  1396640.003  1398520.005  1398703.009
  1195:  1424074.005  1424420.009  1425214.001  1425244.003  1426549.001
  1200:  1426950.003  1427281.001  1427841.003  1429219.005  1429372.009
  1205:  1429593.005  1429652.009  1430465.001  1431257.003  1431796.005
  1210:  1431960.009  1432521.005  1433130.009  1433705.001  1434694.003
  1215:  1436178.001  1437843.003  1438223.005  1438330.009  1438485.005
  1220:  1438661.009  1439202.001  1441390.003  1441635.005  1442062.009
  1225:  1443024.005  1443049.009  1443207.005  1443224.009  1443240.005
  1230:  1443249.009  1443911.001  1444729.003  1446290.005  1446922.009
  1235:  1447040.005  1447096.009  1447121.005  1447561.009  1450057.001
  1240:  1452220.003  1454514.001  1455604.003  1456799.001  1458227.003
  1245:  1458567.001  1458654.003  1458763.005  1459084.009  1459129.005
  1250:  1459498.009  1460281.001  1461972.003  1462845.005  1462902.009
  1255:  1463626.001  1465063.003  1466047.005  1466911.009  1467092.005
  1260:  1468321.009  1468397.005  1468438.009  1469708.001  1470982.003
  1265:  1471633.005  1471737.009  1472130.001  1472528.003  1472547.001
  1270:  1472569.003  1473432.001  1473719.003  1475298.001  1476610.003
  1275:  1477379.005  1477857.009  1478778.001  1480116.003  1480417.001
  1280:  1480452.003  1481843.001  1482144.003  1482469.001  1482648.003
  1285:  1483503.005  1483571.009  1486928.001  1487033.003  1491984.001
  1290:  1493299.003  1493624.005  1494072.009  1494645.001  1496258.003
  1295:  1497665.005  1498336.009  1499826.001
B:
     0:        0.000      343.000        0.000      342.000        0.000
     5:      266.000        0.000        0.000        0.000      266.000
    10:        0.000        1.000        0.000        1.000        0.000
    15:        0.000       26.000        1.000       26.000        0.000
    20:        0.000        0.000        0.000        0.000        0.000
    25:        0.000       26.000        0.000        0.000        0.000
    30:        0.000
D:
     0:  1755394.000  1755215.000  1751647.000
E:
     0:     1857.000     2228.400
T:
     0:        0.000        0.000        0.000        0.000
W:
     0:        2.000        0.000        0.000
