File: C:\MED-PC IV\Data\Reyes\AY\AY1071.999


Start Date: 11/01/24
End Date: 11/01/24
Subject: 71
Experiment: AY
Group: LINEAR
Box: 3
Start Time: 13:40:04
End Time: 14:30:04
MSN: DRRD_lin
C:       0.000
F:       0.000
G:       0.000
H:       0.000
I:       0.000
J:       0.000
K:   10000.000
L:       0.000
M:       0.000
N:       0.000
O:       0.000
P:       0.000
Q:       0.000
R:       0.000
S:       0.000
U:   43279.000
V:       0.000
X:       0.000
Y:    1330.000
Z:       0.000
A:
     0:     8596.005     8714.009    14119.005    14269.009    15000.013
     5:    15000.011    15501.001    16630.003    16634.001    19443.003
    10:    19453.001    21428.003    21433.001    22543.003    22615.005
    15:    22819.009    23000.001    23063.003    23131.001    28131.018
    20:    30661.003    30667.016    30717.026    30748.005    31025.009
    25:    31632.001    31723.003    31778.001    32080.003    32135.001
    30:    32450.003    32705.001    37705.018    37731.003    37737.016
    35:    37782.005    37787.026    38090.009    38332.001    38410.003
    40:    38454.001    43454.018    45763.003    45769.016    45819.026
    45:    45828.005    46213.009    47626.001    52626.018    53749.003
    50:    53755.016    53805.026    53830.005    54288.009    54471.001
    55:    54579.003    54668.001    59668.018    61660.003    61666.016
    60:    61716.026    61748.005    62040.009    62217.001    67217.018
    65:    68282.003    68288.016    68338.026    68380.005    68851.009
    70:    71427.001    76427.018    80215.003    80221.016    80271.026
    75:    80408.005    80733.009    80959.001    85959.018    87485.003
    80:    87491.016    87540.005    87541.026    88221.009    90992.001
    85:    91026.003    91050.001    96050.018    97433.003    97439.016
    90:    97470.005    97489.026    97968.009    98784.001   103784.018
    95:   105442.003   105448.016   105498.026   105528.005   105897.009
   100:   106133.001   111133.018   112192.003   112198.016   112248.026
   105:   112268.005   112575.009   112911.001   117911.018   119523.003
   110:   119529.016   119562.005   119579.026   120005.009   120565.001
   115:   125565.018   126936.003   126942.016   126992.026   127013.005
   120:   127322.009   127605.001   132605.018   134462.003   134468.016
   125:   134518.026   134540.005   134950.009   135300.001   140300.018
   130:   143256.003   143262.016   143312.026   143332.005   143869.009
   135:   144126.001   144245.003   144535.001   149535.018   151811.003
   140:   151817.016   151867.026   151876.005   152177.009   152372.001
   145:   157372.018   158293.003   158299.016   158344.005   158349.026
   150:   158702.009   159897.001   164450.003   164470.001   164575.003
   155:   164676.005   164962.009   165104.001   170104.018   170880.003
   160:   170886.016   170936.026   170950.005   171248.009   171444.001
   165:   176444.018   176831.003   176837.016   176887.026   176900.005
   170:   177433.009   177718.001   182718.018   183380.003   183386.016
   175:   183436.026   183450.005   183800.009   184027.001   189027.018
   180:   189826.003   189832.016   189882.026   189903.005   190213.009
   185:   191798.001   196798.018   196801.003   196807.016   196851.005
   190:   196857.026   197270.009   197477.001   202477.018   203659.003
   195:   203665.016   203715.026   203735.005   204260.009   206019.001
   200:   211019.018   211204.003   211210.016   211258.005   211260.026
   205:   211553.009   211774.001   216774.018   217138.003   217144.016
   210:   217194.026   217210.005   217565.009   217795.001   222708.003
   215:   222733.005   222905.009   223080.001   228080.018   229101.003
   220:   229107.016   229140.005   229157.026   229491.009   231244.001
   225:   236244.018   238134.003   238140.016   238190.026   238198.005
   230:   238502.009   238861.001   243861.018   244206.003   244212.016
   235:   244262.026   244291.005   244762.009   246749.001   251749.018
   240:   251970.003   251976.016   252026.026   252046.005   252391.009
   245:   252599.001   257460.003   257502.005   257577.009   257840.001
   250:   258059.003   258266.001   258366.003   259446.001   259622.003
   255:   259932.001   264759.003   264830.005   264874.009   265035.001
   260:   270035.018   270919.003   270925.016   270969.005   270975.026
   265:   271558.009   271810.001   276810.018   277128.003   277134.016
   270:   277184.026   277212.005   277471.009   277656.001   282656.018
   275:   282950.003   282956.016   283006.026   283013.005   283398.009
   280:   283697.001   288697.018   288937.003   288943.016   288993.026
   285:   289019.005   289355.009   289578.001   294135.003   294209.005
   290:   294335.009   294464.001   299464.018   300318.003   300324.016
   295:   300374.026   300388.005   300728.009   301346.001   306346.018
   300:   307001.003   307007.016   307057.026   307077.005   307484.009
   305:   307722.001   312722.018   313992.003   313998.016   314048.026
   310:   314061.005   314440.009   314659.001   315197.003   315220.001
   315:   319359.003   319399.005   319487.009   319640.001   324640.018
   320:   325103.003   325109.016   325159.026   325185.005   325544.009
   325:   326064.001   331064.018   331072.003   331078.016   331128.026
   330:   331134.005   331575.009   331841.001   336841.018   337945.003
   335:   337951.016   338001.026   338013.005   338477.009   338811.001
   340:   343811.018   344308.003   344314.016   344364.026   344368.005
   345:   344692.009   344933.001   349933.018   350035.003   350041.016
   350:   350091.026   350099.005   350530.009   351650.001   352074.003
   355:   352192.001   357145.003   357200.005   357318.009   357506.001
   360:   362506.018   363426.003   363432.016   363482.026   363515.005
   365:   363959.009   364391.001   369391.018   369416.003   369422.016
   370:   369472.026   369492.005   369874.009   369886.005   370009.009
   375:   370903.001   375364.003   375660.001   380660.018   381615.003
   380:   381621.016   381652.005   381671.026   381971.009   382324.001
   385:   387324.018   388344.003   388350.016   388400.026   388438.005
   390:   388923.009   391496.001   396496.018   397595.003   397601.016
   395:   397639.005   397651.026   398051.009   398288.001   403213.003
   400:   403500.001   407704.003   407810.005   407832.009   408154.001
   405:   413154.018   413687.003   413693.016   413743.026   413770.005
   410:   414192.009   414804.001   419217.003   419270.005   419343.009
   415:   419529.001   424529.018   424531.003   424537.016   424587.026
   420:   424616.005   424976.009   425863.001   430372.003   430650.001
   425:   431469.003   431966.001   436966.018   437858.003   437864.016
   430:   437914.026   437931.005   438355.009   438564.001   443564.018
   435:   443781.003   443787.016   443837.026   443865.005   444279.009
   440:   444515.001   449424.003   449736.001   454361.003   454609.005
   445:   454767.009   455280.001   460280.018   460796.003   460802.016
   450:   460852.026   460876.005   461238.009   461518.001   466518.018
   455:   467260.003   467266.016   467316.026   467323.005   467751.009
   460:   481723.005   481745.009   481763.005   481971.009   483023.001
   465:   488023.018   488714.003   488720.016   488770.026   488813.005
   470:   489114.009   489559.001   494559.018   494906.003   494912.016
   475:   494962.026   494979.005   495421.009   497318.001   497422.003
   480:   497461.001   497790.003   497809.001   502570.003   502993.001
   485:   507993.018   509614.003   509620.016   509642.005   509670.026
   490:   510040.009   510244.001   514881.003   515145.001   520145.018
   495:   521650.003   521656.016   521706.026   521729.005   522130.009
   500:   524674.001   529345.003   529580.001   534580.018   535180.003
   505:   535186.016   535236.026   535266.005   535687.009   537202.001
   510:   541978.003   542080.005   542113.009   542382.001   547382.018
   515:   547453.003   547459.016   547509.026   547531.005   547928.009
   520:   548579.001   553507.003   553753.001   558753.018   558888.003
   525:   558894.016   558944.026   558993.005   559622.009   561835.001
   530:   565399.003   565401.001   568175.003   568305.005   568339.009
   535:   568563.001   573563.018   574083.003   574089.016   574139.026
   540:   574171.005   574799.009   575189.001   580189.018   580650.003
   545:   580656.016   580706.026   580741.005   581231.009   581665.001
   550:   586665.018   587347.003   587353.016   587403.026   587417.005
   555:   587828.009   588099.001   593099.018   593347.003   593353.016
   560:   593403.026   593427.005   594070.009   595033.001   600033.018
   565:   600970.003   600976.016   601026.026   601046.005   601656.009
   570:   602324.001   607324.018   607496.003   607502.016   607552.026
   575:   607576.005   607933.009   608291.001   613205.003   613557.001
   580:   618304.003   618422.005   618432.009   618660.001   623482.003
   585:   623540.005   623719.009   623895.001   628895.018   629120.003
   590:   629126.016   629176.026   629190.005   629688.009   639670.005
   595:   639718.009   639748.005   639779.009   639912.005   640007.009
   600:   640016.005   640027.009   640138.005   640153.009   640160.005
   605:   640190.009   643550.001   648550.018   648695.003   648701.016
   610:   648751.026   648770.005   649126.009   650086.001   655086.018
   615:   655803.003   655809.016   655859.026   655893.005   656248.009
   620:   656554.001   661554.018   661949.003   661955.016   662005.026
   625:   662024.005   662457.009   662707.001   667639.003   667703.005
   630:   667812.009   667992.001   672992.018   673377.003   673383.016
   635:   673433.026   673494.005   673892.009   674363.001   678805.003
   640:   679096.001   683630.003   683930.001   688930.018   689079.003
   645:   689085.016   689135.026   689164.005   689692.009   696341.001
   650:   701341.018   701795.003   701801.016   701851.026   701875.005
   655:   702265.009   702489.001   706868.003   706929.005   706954.009
   660:   707181.001   711339.003   711948.001   716405.003   716729.001
   665:   721729.018   721999.003   722005.016   722055.026   722084.005
   670:   722462.009   722713.001   726762.003   726817.005   726845.009
   675:   727061.001   730932.003   731221.001   735540.003   735797.001
   680:   739178.003   739431.005   739461.009   740816.001   745816.018
   685:   745831.003   745837.016   745887.026   745924.005   746394.009
   690:   746628.001   746887.003   746934.001   751691.003   752255.001
   695:   752289.003   752317.001   757317.018   757359.003   757365.016
   700:   757415.026   757442.005   757923.009   768309.005   768980.009
   705:   770108.001   770263.003   770289.001   774933.003   776328.001
   710:   781328.018   781603.003   781609.016   781659.026   781687.005
   715:   782052.009   782721.001   787236.003   787527.001   791840.003
   720:   791929.005   792089.009   792278.001   796506.003   796787.001
   725:   801376.003   803700.001   808429.003   808685.005   808727.009
   730:   809020.001   813461.003   813785.001   817783.003   818101.001
   735:   818330.003   818344.001   823344.018   824223.003   824229.016
   740:   824279.026   824316.005   824696.009   826687.001   830437.003
   745:   830748.005   830904.009   830906.005   830918.009   830990.005
   750:   831003.009   831025.005   831060.009   831616.001   831708.003
   755:   831730.001   831820.003   832423.001   837091.003   838147.001
   760:   843147.018   843184.003   843190.016   843240.026   843284.005
   765:   843659.009   851177.005   851298.009   851312.005   851495.009
   770:   851657.005   851708.009   852699.001   852876.003   852913.001
   775:   857125.003   857217.005   857297.009   857463.001   862175.003
   780:   862556.005   862600.009   862634.005   862894.009   863123.005
   785:   863272.009   863344.005   863374.009   863548.005   863645.009
   790:   863658.005   863691.009   863738.005   863780.009   864479.005
   795:   864497.009   865147.001   865251.003   865450.001   866303.003
   800:   866306.001   870035.003   870234.005   870309.009   870734.001
   805:   870791.003   870813.001   875368.003   875447.005   875534.009
   810:   875891.001   880441.003   880671.005   880763.009   881452.001
   815:   886135.003   886542.001   891542.018   892001.003   892007.016
   820:   892057.026   892103.005   893007.009   893177.005   893307.009
   825:   893489.005   893517.009   893624.005   893638.009   894926.001
   830:   899294.003   913078.005   913102.009   913119.005   913159.009
   835:   913181.005   913192.009   914400.001   914538.003   914891.001
   840:   918148.003   918483.001   918672.003   918681.001   921798.003
   845:   922079.005   922154.009   922311.001   922438.003   922493.001
   850:   925946.003   926106.005   926242.009   927400.001   931527.003
   855:   931850.001   935828.003   935986.005   936007.009   936046.005
   860:   936060.009   936216.001   939589.003   939683.005   939807.009
   865:   941531.001   945528.003   945641.005   945662.009   946945.001
   870:   948657.003   949387.001   949648.005   949729.003   949828.009
   875:   950232.001   952479.003   952578.005   952644.009   953086.005
   880:   953295.009   954664.001   956908.003   957008.005   957019.009
   885:   957248.001   957863.003   958133.001   958276.005   958353.009
   890:   958501.003   958747.001   962652.003   963083.001   963246.003
   895:   964332.001   968402.003   968806.001   970294.003   970333.001
   900:   970601.003   970878.005   971028.009   971204.001   973015.003
   905:   973156.005   973236.009   973596.001   978454.003   978499.005
   910:   978589.009   979483.001   979815.003   979917.001   982156.003
   915:   982195.001   982289.003   982336.001   982787.003   982867.005
   920:   983843.009   984002.005   984298.009   984978.001   985409.003
   925:   985726.005   985765.009   988402.005   988500.009   988804.005
   930:   988817.009   990933.005   990985.009   991099.005   991187.009
   935:   991260.005   991504.009   991773.005   991786.009   992363.001
   940:   994925.003   995092.005   995303.009   995699.001   996387.003
   945:   996413.001   996581.003   996591.001   996645.003   996870.005
   950:   996988.009  1054795.001  1055312.003  1055650.001  1057022.003
   955:  1057537.005  1057865.009  1058675.001  1061485.003  1061587.005
   960:  1061600.009  1061602.005  1061852.009  1061858.005  1062069.009
   965:  1077220.001  1077279.003  1077317.001  1078327.003  1078486.005
   970:  1078616.009  1079237.005  1079261.009  1079567.005  1079580.009
   975:  1079586.005  1079595.009  1079898.005  1079960.009  1080296.005
   980:  1080598.009  1080602.005  1080625.009  1080722.005  1081180.009
   985:  1081241.005  1081256.009  1081749.005  1081975.009  1082570.005
   990:  1083021.009  1083036.005  1083047.009  1083165.005  1083412.009
   995:  1085432.001  1086254.003  1086368.005  1086393.009  1086409.005
  1000:  1086461.009  1086462.005  1086508.009  1086972.001  1090095.003
  1005:  1090438.005  1090898.009  1091701.001  1096368.003  1096697.001
  1010:  1101697.018  1102586.003  1102592.016  1102642.026  1102692.005
  1015:  1103399.009  1103420.005  1103455.009  1103471.005  1103709.009
  1020:  1103739.005  1103742.009  1105229.001  1108100.003  1109013.001
  1025:  1114013.018  1114783.003  1114789.016  1114839.026  1114882.005
  1030:  1115501.009  1115798.001  1119478.003  1120185.001  1125035.003
  1035:  1125635.001  1130635.018  1131251.003  1131257.016  1131307.026
  1040:  1131338.005  1131713.009  1131834.005  1131895.009  1132036.005
  1045:  1132099.009  1134805.005  1134903.009  1134944.005  1134959.009
  1050:  1135026.005  1135048.009  1135938.001  1136419.003  1136440.001
  1055:  1141277.003  1141820.001  1146820.018  1146924.003  1146930.016
  1060:  1146980.026  1147024.005  1147802.009  1149025.001  1154025.018
  1065:  1154066.003  1154072.016  1154122.026  1154155.005  1155151.009
  1070:  1157624.001  1162186.003  1162347.005  1162360.009  1163308.001
  1075:  1168308.018  1168600.003  1168606.016  1168656.026  1168697.005
  1080:  1169264.009  1169834.001  1174834.018  1175099.003  1175105.016
  1085:  1175155.026  1175191.005  1175532.009  1177193.001  1180773.003
  1090:  1181281.001  1185344.003  1185449.005  1185523.009  1185813.001
  1095:  1185934.003  1185962.001  1190501.003  1190606.005  1190705.009
  1100:  1191167.001  1196167.018  1196312.003  1196318.016  1196368.026
  1105:  1196406.005  1196812.009  1198755.001  1198895.003  1198919.001
  1110:  1202244.003  1202251.001  1202850.003  1203403.001  1203594.003
  1115:  1203617.001  1208058.003  1208484.005  1208672.009  1212258.001
  1120:  1215243.003  1216455.001  1220775.003  1221008.005  1221140.009
  1125:  1221186.005  1221400.009  1221428.005  1221524.009  1223023.001
  1130:  1225141.003  1226057.001  1230617.003  1234483.001  1238303.003
  1135:  1255363.005  1255390.009  1255458.005  1255473.009  1256458.001
  1140:  1256589.003  1256710.001  1256824.003  1256848.001  1259388.003
  1145:  1259572.005  1259686.009  1260149.001  1262481.003  1263013.001
  1150:  1268013.018  1268245.003  1268251.016  1268301.026  1268363.005
  1155:  1269227.009  1269248.005  1269259.009  1270804.001  1274506.003
  1160:  1274941.001  1279440.003  1281141.001  1285988.003  1286557.005
  1165:  1286572.009  1286591.005  1286693.009  1286697.005  1286744.009
  1170:  1286759.005  1286912.009  1305724.005  1305900.009  1306049.005
  1175:  1306077.009  1306198.005  1306224.009  1312384.005  1312460.009
  1180:  1312474.005  1312499.009  1312584.005  1312621.009  1312736.005
  1185:  1312836.009  1312916.005  1313652.009  1314650.001  1318044.003
  1190:  1318374.001  1321154.003  1321405.005  1321485.009  1321522.005
  1195:  1321639.009  1324419.001  1327551.003  1329129.001  1333480.003
  1200:  1333944.001  1338944.018  1339196.003  1339202.016  1339252.026
  1205:  1339270.005  1340539.009  1340553.005  1340585.009  1340818.005
  1210:  1341125.009  1342112.001  1342183.003  1342397.001  1347055.003
  1215:  1347228.005  1347257.009  1347728.001  1352728.018  1352792.003
  1220:  1352798.016  1352848.026  1352907.005  1353356.009  1354653.001
  1225:  1359109.003  1360209.001  1364553.003  1366239.001  1366305.003
  1230:  1366326.001  1371326.018  1371875.003  1371881.016  1371931.026
  1235:  1371990.005  1372804.009  1373670.005  1373698.009  1374482.001
  1240:  1378889.003  1379335.001  1384335.018  1385033.003  1385039.016
  1245:  1385089.026  1385152.005  1386159.009  1387050.005  1387100.009
  1250:  1388226.001  1392261.003  1392385.005  1392421.009  1392519.005
  1255:  1392578.009  1393164.001  1398164.018  1398367.003  1398373.016
  1260:  1398423.026  1398489.005  1400129.009  1400315.005  1400362.009
  1265:  1401826.001  1406826.018  1406865.003  1406871.016  1406921.026
  1270:  1406971.005  1407329.009  1408990.001  1413534.003  1413734.005
  1275:  1413764.009  1413768.005  1413950.009  1414414.001  1414461.003
  1280:  1414480.001  1419480.018  1419780.003  1419786.016  1419836.026
  1285:  1419880.005  1420660.009  1422226.001  1426971.003  1427078.005
  1290:  1427274.009  1427947.001  1432947.018  1433559.003  1433565.016
  1295:  1433615.026  1433642.005  1434116.009  1435216.001  1439835.003
  1300:  1440394.005  1440432.009  1440437.005  1440482.009  1441309.001
  1305:  1446309.018  1446951.003  1446957.016  1447007.026  1447048.005
  1310:  1447573.009  1448151.001  1448390.003  1448674.001  1451801.003
  1315:  1478241.005  1478297.009  1478342.005  1478645.009  1479606.001
  1320:  1482982.003  1483347.001  1483521.003  1483530.001  1487417.003
  1325:  1489204.001  1493654.003  1497788.001  1499349.003  1499914.001
B:
     0:        0.000      270.000        0.000      269.000        0.000
     5:      249.000        0.000        0.000        0.000      249.000
    10:        0.000        1.000        0.000        1.000        0.000
    15:        0.000       97.000        0.000       97.000        0.000
    20:        0.000        0.000        0.000        0.000        0.000
    25:        0.000       97.000        0.000        0.000        0.000
    30:        0.000
D:
     0:  1543284.000  1543193.000  1542628.000
E:
     0:     5000.000     5000.000
T:
     0:        0.000        0.000        0.000        0.000
W:
     0:        2.000        0.000        0.000
