File: C:\MED-PC IV\Data\Reyes\AY\AY1072.999


Start Date: 10/25/24
End Date: 10/25/24
Subject: 72
Experiment: AY
Group: EXP10
Box: 4
Start Time: 14:10:35
End Time: 15:00:35
MSN: DRRD_exp_10
C:       0.000
F:       2.000
G:       0.000
H:       0.000
I:       0.000
J:       0.000
K:    5416.000
L:       0.000
M:       0.000
N:       0.000
O:       0.000
P:       0.000
Q:       0.000
R:       0.000
S:       0.000
U: 1805677.000
V:       0.000
X:       0.000
Y:    4438.000
Z:       0.000
A:
     0:  1805419.005       59.009      957.005      995.009     2690.005
     5:     2866.009     6530.005     6771.009     9594.005     9628.009
    10:     9638.005     9667.009     9737.005    10323.009    14225.005
    15:    14376.009    14391.005    14394.009    15000.013    15000.011
    20:    15213.001    15443.003    15496.001    15596.003    15654.001
    25:    15892.003    16228.005    16263.009    16912.001    16936.003
    30:    17041.001    17495.003    18498.001    19200.005    19515.009
    35:    19583.003    19592.001    20051.003    20355.005    20440.009
    40:    20467.005    20905.009    21311.001    21643.003    21651.001
    45:    22461.003    23358.001    23493.003    24178.005    24206.009
    50:    24634.001    25082.003    25712.001    27545.005    27563.009
    55:    27578.005    27587.009    27652.005    27660.009    27731.003
    60:    28014.005    28393.009    28769.001    28806.003    28885.001
    65:    29632.005    30501.009    30539.005    30861.009    31300.003
    70:    31601.005    31930.009    32008.001    32264.003    32292.001
    75:    33034.005    33754.009    33758.005    33770.009    33805.005
    80:    33808.009    33811.005    34152.009    34212.005    34240.009
    85:    34556.005    35000.018    35030.003    35036.016    35086.026
    90:    35167.009    35288.005    36015.009    36784.001    36831.003
    95:    36901.001    37162.003    37173.001    37318.005    37403.009
   100:    37452.005    37624.009    37794.005    37885.009    37938.005
   105:    38081.009    38088.003    38095.005    38100.009    38110.005
   110:    38124.001    38130.009    38165.005    38328.009    38436.005
   115:    38546.009    38667.005    38725.003    39061.001    39112.003
   120:    39155.001    39243.009    39277.005    39286.009    39719.005
   125:    39897.009    40521.005    40658.009    40718.005    40732.009
   130:    41852.005    41863.018    42213.003    42219.016    42269.026
   135:    42296.009    42437.005    42996.009    43788.001    43888.003
   140:    43933.001    44198.005    44220.009    44381.005    44425.009
   145:    45080.003    45131.001    46924.003    47556.001    47691.003
   150:    47722.001    47835.003    47840.001    48086.005    48091.009
   155:    48180.005    48213.009    48382.005    48395.009    48440.005
   160:    48751.009    48870.005    49583.009    50427.003    50432.005
   165:    52010.001    52038.009    52160.003    52202.001    52219.003
   170:    52237.005    52260.001    52361.009    52705.003    52751.001
   175:    53481.003    53547.001    55029.003    57536.001    57624.003
   180:    57708.001    57744.003    57803.001    57861.003    57888.001
   185:    58379.003    58404.001    59129.003    59148.001    59302.003
   190:    59372.001    60752.003    60929.005    60933.009    61773.001
   195:    61841.003    62152.001    62210.003    62247.001    62676.003
   200:    62727.001    62919.003    62951.001    62995.005    63011.009
   205:    63259.005    63260.009    63285.005    63837.009    64486.005
   210:    64494.009    64899.005    64957.009    65382.005    65408.009
   215:    65589.005    65604.003    65711.009    66299.001    66581.003
   220:    66667.001    66918.003    66972.001    67481.003    67523.001
   225:    67684.005    68094.009    68100.005    68112.009    68148.005
   230:    68238.009    68551.005    68703.009    68990.005    69064.009
   235:    70231.018    70524.003    70530.016    70580.026    70756.005
   240:    71270.009    71638.005    71687.009    72401.001    72438.003
   245:    72481.001    72565.003    72622.001    72919.005    73295.009
   250:    73500.005    74193.009    74199.005    74225.009    74270.005
   255:    74278.009    74417.005    74494.009    74556.003    74616.005
   260:    74626.009    74628.005    74631.009    74655.005    74695.009
   265:    75034.001    77742.018    78071.003    78077.016    78127.026
   270:    78272.005    78618.009    78639.005    78704.009    78716.005
   275:    78732.009    79881.001    80469.005    80773.009    80796.005
   280:    82589.018    82702.009    83448.003    83453.005    83454.016
   285:    83504.026    83533.009    83555.005    83559.009    83633.005
   290:    84756.009    86075.001    86138.003    86185.001    86573.005
   295:    86946.009    87100.005    87107.009    87282.005    87326.009
   300:    87425.005    88893.018    88941.003    88947.016    88976.009
   305:    88997.026    89004.005    89041.009    89180.005    90125.009
   310:    91170.001    91257.003    91301.001    91521.005    91600.009
   315:    91772.005    91775.009    91819.005    91997.009    92013.005
   320:    93819.003    94218.001    94655.009    95233.005    95249.003
   325:    95299.001    95319.009    97100.005    97122.009    97173.003
   330:    97445.005    97701.009    97765.005    98110.009    98122.005
   335:    98249.009   100356.001   100754.003   100767.001   100907.005
   340:   101296.009   101334.005   101414.009   101638.005   102722.009
   345:   103475.018   103488.003   103494.016   103544.026   103553.001
   350:   103623.003   103814.005   104230.009   105320.001   105812.005
   355:   106037.009   106059.005   106405.009   106455.005   106640.009
   360:   106857.005   106881.009   106885.003   106894.005   106932.001
   365:   107164.009   107216.005   108650.003   109124.001   109259.009
   370:   109291.005   110367.009   110401.005   110427.009   111559.003
   375:   114124.001   114657.003   114683.001   115260.005   115459.009
   380:   116575.003   117412.001   117570.005   118401.009   118532.003
   385:   118553.005   118593.001   118757.009   120305.003   122431.001
   390:   122975.005   123193.009   124527.005   124556.003   124646.009
   395:   126452.001   126557.003   126599.001   126716.003   126726.001
   400:   126893.005   126941.009   126965.005   126991.003   127006.001
   405:   127068.009   127114.005   127294.003   127362.001   127913.003
   410:   127977.001   128885.003   132051.009   132070.005   132088.009
   415:   132197.005   132409.009   139265.001   139328.003   139403.001
   420:   139587.003   139616.001   139751.005   139770.009   140483.005
   425:   140537.009   140587.005   140590.009   140592.005   140609.009
   430:   140616.005   140669.009   141147.005   141266.009   142036.003
   435:   142290.005   142798.009   143135.001   143254.003   143297.001
   440:   143539.005   143821.009   143841.005   144043.009   144075.005
   445:   144197.009   144579.005   145601.009   145813.005   146005.018
   450:   146042.009   146218.005   146280.003   146286.016   146336.026
   455:   146384.009   146385.005   146393.009   146473.005   146960.009
   460:   148225.001   148581.005   148853.009   148854.005   148863.009
   465:   148883.005   148987.003   148996.001   149248.009   149311.005
   470:   149367.009   149390.005   149433.009   149559.005   149621.009
   475:   149765.005   150206.009   150272.005   150367.009   150369.005
   480:   150393.009   150401.005   150418.009   150674.003   151456.001
   485:   152786.003   153559.001   153789.003   153832.001   154061.005
   490:   154120.009   154153.005   154289.003   154310.001   154492.009
   495:   154528.005   156101.003   156183.009   156788.001   156934.005
   500:   156995.009   158749.005   158986.003   159003.001   159188.009
   505:   159225.005   160805.003   161899.001   161966.003   162011.001
   510:   162101.003   162134.001   162481.003   162503.001   163193.003
   515:   163234.001   163498.009   163503.005   163519.009   163555.005
   520:   164361.009   165602.003   165694.005   165725.009   167530.001
   525:   167656.003   167672.001   167862.005   168020.009   168033.005
   530:   168352.009   168375.005   168754.009   168768.005   169080.009
   535:   169087.005   169105.009   169111.005   169163.009   169920.005
   540:   169971.009   170210.005   170334.003   170436.009   170438.005
   545:   170441.009   170462.005   172249.001   172328.003   172447.001
   550:   172481.003   172525.001   172798.003   172835.001   173111.003
   555:   173142.001   173951.009   174334.003   174378.001   175421.003
   560:   177402.001   177415.003   177558.001   178101.005   178295.009
   565:   178333.005   178552.009   178575.005   178586.009   178669.005
   570:   178725.009   178742.005   178753.009   178838.005   178847.009
   575:   180266.018   180641.003   180647.016   180697.026   180760.005
   580:   180785.009   180877.005   181992.009   182285.005   182451.009
   585:   187765.001   188073.005   188103.009   189531.003   189581.001
   590:   190407.005   190414.009   190669.003   191202.001   191225.003
   595:   191251.001   191260.005   191976.009   192084.005   192101.009
   600:   192270.005   192696.009   192719.005   192744.003   192882.001
   605:   193016.009   193271.005   193303.009   193450.003   193504.001
   610:   193557.005   193624.009   194239.005   194462.003   195561.001
   615:   195703.003   196906.001   196957.003   196995.001   197314.003
   620:   197364.001   197840.009   198241.003   198294.001   198341.005
   625:   198349.009   200160.003   202438.005   202524.001   202537.009
   630:   202559.003   204098.005   204222.009   205109.001   205178.003
   635:   205417.001   205479.003   205518.001   205796.005   206125.003
   640:   206203.001   206454.009   206477.005   206548.009   206680.005
   645:   206702.009   206747.005   206753.009   207071.003   207110.005
   650:   207117.001   207939.009   208331.005   208472.009   208502.005
   655:   208581.003   209464.009   209730.001   209815.003   209829.001
   660:   210224.005   210481.009   210529.005   211475.003   211572.001
   665:   211767.009   212486.005   212806.009   213113.005   213140.009
   670:   213156.005   213287.009   213301.005   213398.009   213579.005
   675:   213847.003   214399.009   216509.001   216708.003   217362.001
   680:   217491.003   217534.001   217707.005   217741.009   217795.005
   685:   218100.009   218206.005   218212.009   218388.005   218635.003
   690:   218683.001   219043.009   219072.005   219097.009   219214.005
   695:   219259.009   219297.005   219469.009   219710.003   219760.001
   700:   220830.003   222827.001   223106.003   223636.005   223644.009
   705:   223883.005   223901.009   228109.001   228627.005   229248.009
   710:   229279.005   229644.003   229691.001   229871.009   229918.005
   715:   229932.009   230252.005   231590.003   232903.001   233010.003
   720:   233051.001   233099.003   233164.009   233316.005   233359.001
   725:   233821.003   233872.001   234133.009   234209.005   234680.009
   730:   235846.005   236070.009   236580.018   236656.003   236662.016
   735:   236712.026   236734.005   236759.009   236870.005   237300.009
   740:   237327.005   237948.009   238848.001   239170.003   239205.001
   745:   239455.005   239771.009   239914.005   239982.009   240069.005
   750:   240114.009   240225.005   240308.009   240363.005   241637.003
   755:   241682.009   242100.001   242724.005   243110.009   243158.005
   760:   243235.009   243334.005   243537.009   243605.005   244808.018
   765:   244858.003   244864.016   244914.026   244994.009   245001.005
   770:   245012.009   245113.005   246163.009   247414.001   247438.003
   775:   247518.001   248068.005   248519.009   248540.005   248567.009
   780:   248901.003   248910.005   248958.001   248970.009   248987.005
   785:   249004.009   249094.005   249103.009   249142.005   249397.009
   790:   249405.005   249441.009   249544.005   249647.009   249997.003
   795:   250044.001   250579.003   250637.005   250757.009   251274.001
   800:   251832.003   251844.001   253726.003   255105.005   255116.009
   805:   255118.005   255121.009   259133.001   260801.005   260978.009
   810:   261087.005   261245.009   261477.005   261602.009   261740.003
   815:   262649.001   263369.003   263406.001   263691.003   263747.001
   820:   263889.005   264202.009   264223.005   264230.009   265384.003
   825:   267940.001   268015.003   268124.005   268132.009   268493.001
   830:   268884.005   268920.009   269180.003   269252.001   269545.005
   835:   269553.009   269624.005   269701.009   271095.003   271804.001
   840:   271905.003   271958.001   272061.003   272142.001   272442.005
   845:   272515.003   272588.001   272640.003   272718.001   272784.003
   850:   272822.001   272856.003   272954.001   273076.009   273149.005
   855:   273154.009   273558.005   273565.009   273584.005   273610.009
   860:   274586.003   276234.005   277327.009   277330.005   277338.009
   865:   277544.005   277742.009   278079.001   278553.005   278763.003
   870:   278809.001   278833.009   278847.005   278945.009   279014.005
   875:   279026.009   279491.003   279527.001   279558.005   279577.009
   880:   280836.003   281205.005   281245.009   281363.005   281507.009
   885:   281584.005   281823.009   282405.001   283008.005   283016.009
   890:   283020.005   283258.009   284046.005   284189.009   284992.003
   895:   287634.001   287872.003   287987.001   288421.005   288977.009
   900:   289005.005   289216.009   289749.005   289847.009   290419.003
   905:   291738.001   293438.005   293667.009   293683.005   293687.009
   910:   293692.005   293741.003   295333.009   296053.005   296425.009
   915:   296434.005   296538.009   296576.005   296597.009   297605.001
   920:   298156.005   298157.009   298167.005   298370.009   298833.003
   925:   298885.001   299011.005   299120.009   299278.005   299392.009
   930:   300276.003   302440.001   302840.005   303021.009   303037.005
   935:   303483.009   303643.005   303830.009   303853.005   303858.009
   940:   303859.005   303866.009   303900.005   304250.009   304878.003
   945:   305809.001   306061.003   306092.001   308800.018   309034.003
   950:   309040.016   309090.026   309105.005   309150.009   309171.005
   955:   309176.009   309259.005   309561.009   309580.005   309718.009
   960:   309818.005   310103.009   311536.005   311568.009   312225.001
   965:   312383.003   312439.001   312748.005   312752.009   312755.005
   970:   313735.009   313792.005   313847.009   314062.005   314510.003
   975:   315314.001   315562.009   315589.005   315596.009   315641.005
   980:   315893.009   317062.003   317109.005   317753.001   317914.009
   985:   319983.003   321215.001   321272.005   322489.003   322524.001
   990:   322602.009   324309.003   324870.001   325762.005   325784.009
   995:   327578.018   327652.003   327658.016   327708.026   327965.005
  1000:   328468.009   328475.005   328638.009   328647.005   328662.009
  1005:   330043.001   330339.003   330360.001   331045.003   331064.001
  1010:   331204.005   331498.009   331503.005   331798.009   331842.005
  1015:   332322.009   332714.005   332719.009   332750.005   333530.003
  1020:   334304.009   334759.001   335007.005   335130.009   335496.005
  1025:   335502.009   335542.005   336111.009   336118.005   336148.009
  1030:   336155.005   336585.003   336694.001   336935.009   336940.005
  1035:   336950.009   336991.005   337524.009   337601.005   337633.009
  1040:   337702.003   339317.001   339984.003   340057.001   340074.005
  1045:   340230.009   340302.005   340376.009   340377.005   340382.009
  1050:   341442.005   341763.009   341874.005   341920.003   342056.009
  1055:   343996.001   344020.003   344164.001   344742.003   344783.001
  1060:   344817.003   344862.001   345086.003   345149.001   345289.005
  1065:   345305.009   345308.005   345312.009   345347.005   345601.009
  1070:   345623.005   346082.009   346130.005   346215.009   346266.005
  1075:   346373.009   346495.005   346509.009   346541.005   346897.003
  1080:   347276.009   347551.005   348107.009   348238.001   348283.005
  1085:   348880.003   348916.009   349112.001   349182.005   349211.003
  1090:   349244.001   349249.003   349288.001   349581.009   349592.005
  1095:   349608.009   349652.005   349815.009   349862.005   350056.009
  1100:   350117.005   350155.009   351963.003   352260.005   352366.009
  1105:   352400.005   352426.009   352471.005   352482.009   352568.005
  1110:   352622.009   352720.005   352732.009   352775.005   352797.009
  1115:   352833.005   352841.009   352920.005   352946.009   353053.005
  1120:   353069.009   353107.005   353114.009   353151.005   353524.001
  1125:   353525.009   353577.005   353704.003   353730.009   353769.005
  1130:   353783.001   353803.009   353816.005   353889.009   353962.003
  1135:   354448.001   354818.003   354864.001   354948.003   356004.001
  1140:   356022.003   356049.001   356756.005   356757.009   356767.005
  1145:   357597.009   358492.003   359263.001   359960.003   360001.001
  1150:   360226.005   360228.009   360231.005   360341.009   360498.005
  1155:   360510.009   360550.005   361239.009   362344.003   364271.001
  1160:   364306.003   364345.001   364677.003   364707.001   364873.003
  1165:   364926.001   365085.003   365096.001   365820.005   365868.009
  1170:   366169.003   368862.001   368892.003   369016.001   369058.003
  1175:   369119.001   369176.003   369190.001   369624.003   369644.001
  1180:   370204.005   370210.009   370211.005   370270.009   372352.018
  1185:   372396.003   372402.016   372452.026   372507.005   372519.009
  1190:   372596.005   373258.009   373316.005   373328.009   373348.005
  1195:   373616.009   373738.005   374107.009   374838.001   375250.005
  1200:   375661.009   375688.005   375855.009   376027.005   376649.009
  1205:   377490.005   377546.018   378267.003   378273.016   378323.026
  1210:   378466.009   378511.005   378520.009   378680.005   379668.009
  1215:   381393.001   382028.003   382069.001   382898.005   382900.009
  1220:   382901.005   383285.009   383604.003   383640.001   385664.003
  1225:   386012.005   386466.009   387122.001   389015.003   389045.001
  1230:   389094.003   389137.001   389521.005   389716.003   389777.001
  1235:   389999.009   390293.005   390382.009   390456.005   390503.009
  1240:   390560.005   390782.003   390815.001   392009.003   393696.009
  1245:   395090.001   396051.005   396348.009   396555.005   396562.009
  1250:   397076.005   397079.009   397081.005   397238.009   397376.005
  1255:   397798.018   397860.003   397866.016   397916.026   397986.009
  1260:   398104.005   399342.009   400865.001   400965.003   401015.001
  1265:   401349.005   401352.009   401353.005   401406.009   401486.005
  1270:   401530.009   401985.005   401992.009   402029.005   402394.003
  1275:   402425.001   402489.009   403061.005   403348.009   403379.005
  1280:   403559.003   406477.001   407496.009   407508.005   407527.009
  1285:   407541.005   407843.009   407845.005   407861.009   407886.005
  1290:   408019.009   408154.005   408184.009   408268.005   408299.009
  1295:   408533.005   408932.003   412134.001   412224.003   412246.001
  1300:   412732.003   412795.001   412832.003   412846.001   412960.009
  1305:   412965.005   412969.009   413000.005   413359.009   413548.005
  1310:   413555.009   414672.003   417105.001   417513.003   417536.001
  1315:   417699.003   417741.001   417750.005   417849.009   417873.005
  1320:   417926.009   418312.005   418339.009   418397.005   418406.009
  1325:   419263.005   419265.009   419601.003   420818.001   420958.003
  1330:   421001.001   421031.003   421082.005   421083.001   421146.003
  1335:   421180.001   421631.003   421668.001   421977.009   421997.005
  1340:   422394.003   422434.001   422438.009   422473.005   423145.009
  1345:   423270.005   423280.009   423927.003   428466.005   428477.009
  1350:   428823.005   428829.009   429206.001   429245.003   429347.001
  1355:   429791.005   429831.009   430015.005   430253.003   430263.009
  1360:   430305.005   430311.001   430817.009   430907.005   430921.009
  1365:   430994.005   431007.009   431291.005   431296.009   431854.003
  1370:   433034.001   433186.003   433231.001   434256.003   434321.001
  1375:   434660.005   434662.009   434714.005   434744.009   435051.005
  1380:   435062.009   435098.005   435134.009   435478.005   435495.009
  1385:   435836.005   435847.009   436127.005   436383.009   436407.005
  1390:   436677.003   437195.009   437629.005   437661.009   437762.001
  1395:   438206.005   438496.003   438525.001   438704.009   438726.005
  1400:   438730.009   438736.005   438932.009   438978.005   439013.009
  1405:   439017.005   439116.009   439190.005   439534.009   439555.005
  1410:   440003.009   440601.003   440654.005   441031.009   441647.001
  1415:   442208.005   442216.009   442242.005   442482.003   442488.001
  1420:   442617.009   442812.005   442855.009   442889.005   443158.009
  1425:   443247.005   443452.003   443499.001   443582.009   443641.005
  1430:   443650.009   445142.003   445956.001   446226.003   446251.001
  1435:   447027.005   447048.009   448579.003   448611.005   449054.009
  1440:   450780.001   450873.003   450926.001   451039.003   451060.001
  1445:   451335.005   451453.003   451493.001   451520.009   451671.005
  1450:   451700.009   451758.005   451773.009   452249.005   452267.009
  1455:   452535.005   452551.009   452650.005   452661.009   452859.005
  1460:   453471.009   453522.003   454136.001   454336.003   454393.001
  1465:   454460.003   454464.005   454492.001   454542.003   454564.009
  1470:   454641.001   454871.005   454897.009   454944.005   455128.009
  1475:   455379.003   455436.001   455618.005   455644.009   455715.005
  1480:   455719.009   456604.005   456725.009   456961.003   467116.005
  1485:   467201.009   467864.001   467924.003   467980.001   468234.005
  1490:   468289.003   468298.001   468322.003   468334.001   468509.009
  1495:   468958.005   468964.009   469162.003   469206.001   470447.003
  1500:   471405.001   471578.005   471711.009   471756.005   472113.009
  1505:   472118.005   472127.009   472164.005   472479.009   472759.005
  1510:   472771.009   473787.005   473820.009   473972.003   474054.005
  1515:   474071.009   474659.001   474843.003   474860.001   475003.005
  1520:   475038.009   475084.005   475242.009   475286.005   475418.003
  1525:   475449.001   475590.009   475634.005   476045.009   476055.005
  1530:   476106.009   476201.005   476483.009   476512.005   476529.009
  1535:   476563.005   476730.009   476753.005   476904.009   476948.005
  1540:   477357.003   478282.001   478311.003   478347.001   478459.003
  1545:   478482.001   478587.009   478693.005   478790.009   478853.005
  1550:   478861.009   478899.005   479228.003   479276.001   479304.009
  1555:   480929.003   482435.001   482458.003   482540.001   482607.003
  1560:   482672.001   482718.003   482750.001   483051.003   483090.001
  1565:   483421.003   483470.001   483512.005   483534.009   485053.005
  1570:   485079.009   485216.003   485235.005   485297.009   486494.001
  1575:   486512.003   486560.005   486582.009   486587.005   486595.009
  1580:   486851.005   487021.009   487079.005   487129.009   490072.005
  1585:   490100.009   490815.001   490863.003   490958.001   491030.003
  1590:   491153.001   491488.005   491528.009   491573.005   491611.009
  1595:   491637.003   491661.001   493215.005   493268.009   493269.005
  1600:   493273.009   493494.003   493581.005   493872.009   493887.005
  1605:   494399.001   494520.009   494746.003   494759.001   495381.005
  1610:   495409.003   495449.001   495519.009   496563.005   496790.003
  1615:   497468.009   498001.001   498063.003   498080.001   498688.003
  1620:   498702.001   499946.005   500042.009   500084.005   500966.003
  1625:   501910.009   501926.005   501930.009   502374.001   502567.003
  1630:   502600.001   502987.003   503014.001   503254.005   503653.009
  1635:   503691.005   503693.009   503697.005   504757.003   506226.001
  1640:   506408.003   506467.009   506489.005   506499.009   506515.001
  1645:   506572.003   506691.005   506906.009   509583.001   510416.005
  1650:   510491.009   510548.005   510582.009   510596.005   510627.009
  1655:   510663.005   510705.009   510708.005   511390.009   511609.005
  1660:   511988.009   512291.018   512981.003   512987.016   513037.026
  1665:   513079.005   513092.009   513197.005   513816.009   513922.005
  1670:   514560.009   515761.001   516252.005   516527.009   516627.005
  1675:   516633.009   516675.005   516970.009   517776.005   517880.009
  1680:   518109.005   518205.009   518235.005   518404.009   518408.003
  1685:   518520.005   518536.009   518676.005   518682.009   518683.005
  1690:   518708.009   518712.005   518756.009   518849.005   518882.009
  1695:   518910.005   519403.009   519408.005   519437.009   519451.005
  1700:   519540.009   519754.005   519780.009   519808.005   519842.009
  1705:   520511.001   520562.005   520594.009   520634.005   520690.009
  1710:   520887.005   520901.009   520938.005   521135.009   521179.005
  1715:   521732.009   522962.003   523689.001   524195.003   524251.001
  1720:   524327.005   524400.009   524433.005   524450.009   524563.005
  1725:   524579.009   524614.005   524851.009   524887.005   525102.009
  1730:   525199.005   525667.009   525696.005   525718.009   525755.005
  1735:   526088.003   526089.009   526121.005   526663.009   526746.005
  1740:   526849.009   527152.005   527196.009   527248.001   527472.005
  1745:   528883.003   529713.001   529977.009   530101.005   530117.009
  1750:   530150.005   530322.009   530420.005   530575.009   530616.005
  1755:   531184.009   531189.005   531232.009   531469.003   531491.005
  1760:   531495.009   531496.005   531506.001   532152.003   533299.001
  1765:   533323.009   534064.003   534138.001   534184.003   534243.001
  1770:   534766.003   534801.001   535040.005   535429.009   535619.005
  1775:   535635.009   535638.005   535647.009   536734.003   536750.005
  1780:   536765.009   538264.005   538268.009   538710.005   538753.009
  1785:   539304.001   539470.003   540213.005   540233.009   540257.005
  1790:   540265.009   542991.005   543069.009   543091.005   543101.009
  1795:   543926.001   544841.005   545271.009   545426.003   545460.005
  1800:   545477.001   545517.009   545522.005   545580.009   546731.005
  1805:   546865.003   548355.001   548500.003   548526.001   548578.009
  1810:   548673.005   549179.009   549205.005   549364.009   549659.005
  1815:   549755.009   549833.005   549841.009   551174.003   553820.001
  1820:   553893.003   553932.001   553980.003   554025.001   554253.003
  1825:   554333.001   555434.005   555437.009   556149.003   557615.001
  1830:   558669.003   558716.001   558948.003   559008.005   559832.009
  1835:   560588.001   560780.003   560824.001   561234.005   561387.009
  1840:   562961.003   563591.001   563613.003   563666.001   564327.003
  1845:   564365.001   565204.003   566092.001   566166.003   566474.005
  1850:   566799.009   568595.005   569018.009   569759.001   569776.003
  1855:   570096.001   570115.003   570134.001   570373.003   570413.001
  1860:   570483.005   570518.009   570593.003   570632.001   570711.005
  1865:   570713.009   570737.005   571097.009   571193.005   571574.003
  1870:   571617.001   572669.009   572826.003   572891.001   572912.003
  1875:   573619.001   574055.005   574155.009   574506.005   574519.009
  1880:   574561.005   575409.009   576031.003   577560.001   577609.003
  1885:   577621.001   578067.003   578109.001   578326.005   578541.009
  1890:   578582.005   579010.009   579523.005   579611.009   580639.003
  1895:   581938.001   581974.003   582015.001   583352.005   583379.009
  1900:   584079.005   584080.003   584100.001   584369.003   585563.001
  1905:   585642.003   585673.001   585694.009   585773.003   585800.001
  1910:   585825.005   585860.009   586465.005   586470.009   586536.005
  1915:   586976.009   588007.003   588635.005   588637.009   588678.005
  1920:   588725.009   588747.005   588941.009   589124.001   589292.003
  1925:   589309.001   589378.005   589403.003   589418.001   590013.009
  1930:   590033.003   590049.005   590051.001   590112.009   590416.005
  1935:   590429.009   590999.005   591510.009   591562.005   591843.009
  1940:   591881.003   591896.005   591955.009   593104.005   593322.009
  1945:   593361.005   593373.009   593378.005   593381.009   594186.005
  1950:   594412.009   604004.005   604020.009   604099.005   604119.009
  1955:   604986.001   605361.005   605395.009   605745.005   605924.009
  1960:   605991.005   606001.009   606042.005   607694.018   607876.003
  1965:   607882.016   607932.026   607978.009   607984.005   607995.009
  1970:   608067.005   608690.009   610337.001   610411.003   610471.001
  1975:   610704.005   610727.009   610766.005   610799.009   610866.005
  1980:   610913.003   610939.001   611232.009   611271.005   611295.009
  1985:   611335.005   611429.009   611448.005   611460.009   611464.005
  1990:   611468.009   612384.005   612829.003   613396.009   613410.001
  1995:   613797.005   613918.009   614006.003   614023.001   614128.005
  2000:   614137.009   614168.005   614653.009   614699.005   614982.009
  2005:   615125.005   615148.009   616211.003   617642.001   618112.005
  2010:   618307.009   618340.005   618998.009   619077.005   619345.009
  2015:   619383.005   619470.009   620157.003   620214.001   620428.003
  2020:   621462.001   621614.005   621935.003   621945.001   622454.009
  2025:   622458.005   623044.009   623148.003   623166.001   623590.005
  2030:   624366.003   624427.001   624468.009   625299.003   625928.001
  2035:   626347.003   626382.001   626989.003   627047.001   627435.005
  2040:   627594.009   627608.005   627643.009   627763.005   627881.009
  2045:   628272.005   628303.009   628307.005   628312.009   628338.005
  2050:   628891.003   630269.009   630308.005   630323.009   630564.005
  2055:   630728.009   634436.005   634558.009   636627.001   636724.003
  2060:   636770.001   637213.005   637273.009   637423.003   637483.001
  2065:   637825.005   637832.009   637854.005   638158.009   638248.003
  2070:   638305.001   638351.005   638361.009   638761.005   638825.009
  2075:   639961.003   640353.005   641161.001   641542.003   641588.001
  2080:   642446.009   642448.005   642456.009   643452.003   644663.005
  2085:   644708.001   644795.003   644814.001   645807.009   645809.005
  2090:   645845.009   647522.018   647607.003   647613.016   647663.026
  2095:   647712.005   647720.009   647828.005   649060.009   650184.001
  2100:   650588.005   650720.009   651013.005   651074.009   651253.005
  2105:   651260.009   651296.005   651403.009   651593.005   651599.009
  2110:   651641.005   651969.009   652392.003   652465.005   652473.009
  2115:   653834.001   654269.005   654282.009   654540.005   654555.009
  2120:   654583.005   654888.009   654915.005   655386.009   655395.005
  2125:   655887.009   655931.005   655938.009   655986.005   656542.018
  2130:   657194.003   657200.016   657250.026   657295.009   657305.005
  2135:   657311.009   657404.005   658240.009   658248.005   658276.009
  2140:   658368.005   658384.009   660093.001   660219.003   660241.001
  2145:   660791.005   661254.009   661286.005   661334.009   662818.003
  2150:   663183.001   663764.003   663840.001   663875.005   663952.009
  2155:   664531.003   664582.001   665884.003   666313.005   666509.001
  2160:   667481.003   667499.001   667784.003   667797.001   668011.009
  2165:   668320.005   668900.009   668906.005   668920.009   669843.003
  2170:   671148.001   671180.003   671358.001   671406.005   671501.003
  2175:   671553.001   671592.003   671738.001   672081.003   672107.001
  2180:   672129.003   672911.009   673525.001   674044.005   674070.009
  2185:   674110.005   674264.009   674274.005   674295.009   674322.005
  2190:   674674.009   675097.005   675200.003   675264.001   675288.009
  2195:   675329.005   675338.009   676481.003   678605.001   678628.003
  2200:   678675.001   680118.003   680154.001   680528.003   680579.001
  2205:   681872.003   681931.001   682188.003   683875.001   684912.003
  2210:   684942.001   685158.005   685161.009   685164.005   685427.009
  2215:   685429.005   685437.009   685486.003   685982.001   686449.005
  2220:   686487.009   686553.005   686644.009   686676.005   686729.009
  2225:   687417.005   687435.009   688366.003   688532.005   689186.009
  2230:   689236.005   689262.009   689306.001   691623.003   691677.001
  2235:   691747.003   692803.001   694094.003   694106.001   694329.005
  2240:   694474.009   694688.005   694799.003   694840.009   694841.001
  2245:   695122.005   695133.009   695182.005   695234.009   695922.005
  2250:   695958.009   696118.003   696122.005   697005.009   697120.005
  2255:   697133.009   697229.005   697247.009   697432.001   697518.003
  2260:   697574.001   697616.003   697668.001   697715.005   697855.009
  2265:   697946.005   698011.009   698873.005   699215.009   699245.005
  2270:   699590.003   699643.001   699661.009   699664.005   699678.009
  2275:   700236.003   700362.005   700399.009   707835.001   708135.005
  2280:   708480.003   708508.001   708839.009   708910.005   708915.009
  2285:   708952.005   709103.009   709289.005   709298.009   709480.005
  2290:   709491.009   709518.005   709663.009   709704.005   709718.009
  2295:   709745.005   709832.009   709996.005   710334.009   710354.005
  2300:   711166.003   712206.001   712615.003   712682.001   713102.009
  2305:   713110.005   713135.009   713166.005   713434.009   713636.005
  2310:   713678.009   715390.018   715462.003   715468.016   715518.026
  2315:   715520.005   715539.009   715644.005   716243.009   716296.005
  2320:   716316.009   717804.001   717929.003   717951.001   719065.005
  2325:   719307.009   719343.005   719550.009   719551.005   719579.009
  2330:   719681.005   720104.009   720659.018   721089.003   721095.016
  2335:   721145.026   721183.005   721207.009   721308.005   722027.009
  2340:   722465.005   722983.009   724218.001   724711.005   725003.003
  2345:   725022.001   725132.003   725164.001   725277.009   725543.005
  2350:   726223.009   727332.003   729772.001   729932.003   729946.001
  2355:   730251.003   730324.001   731760.005   731794.009   732376.003
  2360:   733895.001   733955.003   733991.001   734113.003   734147.001
  2365:   734762.005   734798.009   734865.005   734939.009   734979.005
  2370:   735018.009   735068.005   735260.009   735267.005   735278.009
  2375:   736121.003   737900.001   738032.003   738080.005   738096.001
  2380:   738118.003   738148.009   738951.001   739118.005   739286.009
  2385:   739381.005   739393.009   739433.005   739584.003   739632.001
  2390:   739771.009   739781.005   739801.009   739834.005   740073.009
  2395:   740143.005   740485.009   740543.005   740803.009   740846.005
  2400:   741305.009   741383.005   741416.009   741542.003   742130.005
  2405:   742170.001   742205.003   742279.009   742301.005   742329.009
  2410:   742572.005   742726.001   742731.009   742810.005   743482.003
  2415:   743562.001   743660.003   743756.009   744220.005   744239.009
  2420:   745141.005   745158.009   747196.005   747390.009   749530.001
  2425:   749593.003   749671.001   750162.005   750499.003   750563.001
  2430:   750960.009   750993.005   752029.009   752752.003   752976.005
  2435:   752982.009   752985.005   752987.009   753690.001   754131.005
  2440:   754195.009   754238.005   754258.009   754262.005   754475.003
  2445:   754558.001   754559.009   754663.005   754669.009   754705.005
  2450:   755659.009   756195.005   756273.009   756762.003   758558.001
  2455:   758656.005   758660.009   758665.005   758741.009   758820.005
  2460:   758854.009   758888.005   759052.009   759097.005   759655.003
  2465:   759834.001   759952.009   759987.005   760323.009   760357.005
  2470:   760607.009   760653.005   760670.003   761612.001   761637.009
  2475:   761752.003   761804.001   761881.003   761923.001   762235.005
  2480:   762286.009   762327.005   762409.009   762463.005   762923.009
  2485:   762980.005   762993.009   763248.005   763262.009   763301.005
  2490:   763392.009   763599.005   763946.009   764317.003   764815.001
  2495:   765012.005   766778.003   766798.001   767027.009   767037.003
  2500:   767037.005   767174.009   767249.005   767293.009   767294.005
  2505:   767509.009   767523.005   767622.009   768254.005   768389.009
  2510:   768411.005   768419.009   769119.005   769205.009   770435.001
  2515:   770996.005   771423.009   771445.005   771457.009   771477.005
  2520:   771793.009   771914.005   771924.009   772270.005   772316.009
  2525:   773066.003   774052.001   774477.005   775206.009   775288.005
  2530:   775349.009   776004.003   777416.005   777502.001   777708.009
  2535:   778710.005   779375.009   780210.018   780213.003   780219.016
  2540:   780269.026   780415.005   780811.009   780819.005   780844.009
  2545:   780866.005   781087.009   781158.005   781174.009   781205.005
  2550:   781215.009   781230.005   781516.009   783007.001   783624.005
  2555:   783627.009   783628.005   783643.009   783647.003   783695.001
  2560:   784090.005   784096.009   784103.005   784115.009   784134.005
  2565:   784136.009   784165.005   784171.009   784210.005   784580.003
  2570:   784631.001   784824.009   785839.005   786195.009   786232.005
  2575:   786772.003   788589.001   788800.003   788828.001   789119.003
  2580:   789168.001   790482.009   791068.005   791289.003   791993.001
  2585:   792007.009   792733.005   792746.009   792785.005   793201.009
  2590:   793251.005   793788.009   793795.005   794701.018   794934.003
  2595:   794940.016   794990.026   795048.009   795070.005   795080.009
  2600:   795201.005   796597.009   801268.001   801346.003   801418.001
  2605:   801569.003   801581.001   801904.005   801911.009   801959.003
  2610:   802005.001   802431.005   803544.009   803899.005   804713.018
  2615:   804754.003   804760.016   804810.026   804924.009   805025.005
  2620:   805377.009   805417.005   805422.009   805434.005   805503.009
  2625:   807839.001   808632.005   808636.009   808639.005   808872.009
  2630:   810547.018   811737.003   811743.016   811767.005   811793.026
  2635:   811861.009   811956.005   812685.009   818359.001   818423.003
  2640:   818458.001   818614.003   818658.001   818984.003   818993.001
  2645:   819282.003   819334.001   819604.005   819761.009   819780.005
  2650:   819975.009   820408.003   820453.001   820494.005   820505.009
  2655:   821600.003   823536.001   823974.003   824006.001   826714.018
  2660:   826852.003   826858.016   826908.026   826957.005   826964.009
  2665:   827094.005   827524.009   827554.005   827577.009   827591.005
  2670:   827889.009   827902.005   827989.009   829268.001   829590.003
  2675:   830002.001   830207.003   830225.001   831108.005   831976.009
  2680:   832603.005   832718.009   832780.005   832898.009   832900.005
  2685:   832933.018   833217.003   833223.016   833273.026   833345.009
  2690:   833424.005   834160.009   834229.005   834692.009   835934.005
  2695:   835966.009   841382.001   841535.003   841605.001   842051.005
  2700:   842064.009   842199.003   842213.005   842260.009   842271.001
  2705:   842732.005   842742.009   842759.005   843332.009   843367.005
  2710:   843381.009   843477.005   844070.003   844137.009   845769.005
  2715:   845844.001   845889.003   845930.001   846494.003   846521.001
  2720:   846672.003   846697.001   846710.009   846772.005   846832.009
  2725:   846873.005   846980.009   847030.005   847068.009   847259.003
  2730:   847308.001   847354.005   847376.009   847692.005   847699.009
  2735:   847706.005   847710.009   847772.005   847818.009   847854.005
  2740:   848370.003   850865.009   851937.001   852600.003   852687.001
  2745:   852690.005   852998.009   853044.005   853086.009   853701.005
  2750:   853782.009   854271.003   855765.001   856503.005   856936.003
  2755:   856978.001   856994.009   857081.005   857253.009   857437.005
  2760:   857458.009   858097.005   858179.009   858222.005   858548.003
  2765:   861313.001   861386.003   861402.001   861595.003   861625.001
  2770:   861679.009   861775.005   861781.009   861831.005   861846.009
  2775:   861956.005   862674.009   862827.005   862870.009   862955.005
  2780:   863139.003   865012.001   865443.009   865595.005   865618.009
  2785:   865654.005   865931.009   865956.005   866280.009   866327.005
  2790:   866333.009   866336.005   866369.009   866407.005   866676.009
  2795:   866878.003   866915.005   866920.001   867180.009   867183.005
  2800:   867192.009   867880.003   869440.005   870977.001   871048.003
  2805:   871107.001   871130.003   871191.001   871379.003   871403.001
  2810:   871753.003   871773.001   872015.009   872018.005   872177.009
  2815:   873007.005   873689.003   873793.009   875286.001   877103.005
  2820:   877186.009   877245.005   877285.009   877332.005   877415.009
  2825:   877994.018   879220.003   879226.016   879276.026   879320.005
  2830:   879326.009   879416.005   879433.009   879434.005   880360.009
  2835:   883075.001   883220.003   883290.001   885816.003   887030.001
  2840:   887049.003   887125.001   887473.005   887746.009   887795.005
  2845:   888190.009   888256.005   888358.009   888867.005   888978.009
  2850:   889767.003   891780.001   892335.005   892434.009   892476.005
  2855:   892480.009   892483.005   892572.009   894488.018   894929.003
  2860:   894935.016   894985.026   895047.005   895050.009   895161.005
  2865:   896066.009   897685.001   897819.003   897919.001   898116.003
  2870:   898208.001   899215.003   899295.001   899428.005   899777.009
  2875:   899801.005   899884.009   900033.005   900185.009   901308.005
  2880:   901410.003   902736.001   902755.003   902777.001   902924.009
  2885:   903165.005   903185.009   903226.005   903929.009   903993.005
  2890:   904015.009   905485.018   906110.003   906116.016   906166.026
  2895:   906351.005   906929.009   910742.001   911061.003   911117.001
  2900:   911544.003   911596.001   911844.005   912230.003   912262.001
  2905:   912416.009   912656.005   913269.009   913989.005   914252.003
  2910:   915626.001   915652.003   915756.001   916035.009   916063.003
  2915:   916095.001   916137.005   916174.009   916226.005   916413.009
  2920:   916449.005   916654.009   916917.005   916923.009   917086.005
  2925:   917469.009   917790.005   917827.009   917853.005   918664.003
  2930:   919528.001   919739.009   920480.003   920527.001   922193.003
  2935:   924529.001   924638.003   924654.001   924906.003   924925.001
  2940:   925433.005   925675.009   925699.005   925707.009   925752.005
  2945:   925843.009   926257.005   926657.009   927633.018   928099.003
  2950:   928105.016   928155.026   928199.005   928232.009   928325.005
  2955:   929387.009   930912.001   931515.005   931847.009   931872.005
  2960:   931885.009   932355.005   932369.009   933518.003   933952.005
  2965:   934341.001   934642.003   934652.001   935029.003   935090.001
  2970:   935166.009   935206.005   935691.003   935735.001   935798.009
  2975:   935852.005   935921.009   936043.005   936059.009   936098.005
  2980:   936105.009   937572.003   939664.001   940214.003   940253.001
  2985:   940272.005   940290.009   940367.005   940419.009   940565.005
  2990:   940758.009   940872.005   940874.009   941902.003   942131.005
  2995:   942414.009   942893.001   943526.005   943555.009   943629.003
  3000:   943683.001   943751.005   943760.009   943792.005   944544.009
  3005:   945408.005   945570.009   945628.003   945677.005   945697.009
  3010:   945956.005   945977.009   945985.005   947630.001   947656.003
  3015:   947732.001   948117.003   948162.001   948919.009   949061.005
  3020:   949069.009   949107.005   949124.009   949169.005   949197.009
  3025:   949228.005   949480.009   949728.003   949740.005   952256.001
  3030:   952271.003   952305.001   952326.003   952579.001   952662.003
  3035:   952707.001   952852.003   952888.001   952904.009   952948.005
  3040:   953221.009   953349.005   953394.009   953518.005   953526.009
  3045:   953565.005   954456.009   954907.005   954932.009   955033.003
  3050:   955060.005   955092.009   957431.005   957434.009   957496.005
  3055:   957502.009   958354.005   958498.009   958972.001   959156.003
  3060:   959190.001   959759.003   959823.001   959948.005   960082.009
  3065:   960085.005   960132.009   960156.005   960211.009   960473.005
  3070:   960477.009   961006.005   961182.009   961400.005   961832.009
  3075:   961840.003   964402.001   964598.005   964762.009   964774.005
  3080:   964775.009   964836.005   964858.009   964981.005   964997.009
  3085:   965057.005   965979.009   966439.005   966464.009   966515.005
  3090:   966808.003   968559.009   968982.001   969435.005   969657.003
  3095:   969731.001   970679.003   970693.001   971711.009   971719.005
  3100:   971913.009   972396.003   975588.001   975616.003   975653.001
  3105:   975799.003   975817.001   976107.005   976112.009   976119.005
  3110:   977052.009   977956.003   979729.001   979811.003   979918.001
  3115:   980562.005   980565.009   980572.005   980576.009   980584.005
  3120:   980653.009   980677.005   980750.003   980776.001   981242.009
  3125:   982330.005   982334.009   982349.003   982351.005   982380.001
  3130:   982559.003   984830.001   984959.009   985004.005   985189.003
  3135:   985246.001   985289.009   985345.005   985435.009   985609.005
  3140:   985620.009   987133.003   988950.005   988983.009   988984.005
  3145:   988988.009   988996.005   988998.009   989051.005   989072.009
  3150:   989075.005   989078.009   989376.001   990059.003   990083.001
  3155:   990381.005   990847.009   991599.005   991608.009   992437.003
  3160:   992645.005   992690.009   994243.001   994272.003   994331.001
  3165:   994471.003   994498.001   994804.003   994843.001   995158.005
  3170:   995252.009   995291.005   995642.009   995959.005   995985.009
  3175:   996006.005   996019.009   996441.005   996494.009   996513.005
  3180:   996619.009   997551.018   998542.003   998548.016   998598.026
  3185:   998764.005   999232.009   999357.005   999406.009  1003921.005
  3190:  1003971.009  1004955.001  1005368.005  1005399.009  1005555.005
  3195:  1005918.009  1006098.005  1006783.009  1007663.018  1008223.003
  3200:  1008229.016  1008279.026  1008367.005  1008388.009  1008481.005
  3205:  1009263.009  1011758.001  1012268.005  1012309.003  1012330.001
  3210:  1012578.009  1012594.005  1012607.009  1012630.005  1013148.009
  3215:  1014218.005  1015038.018  1015056.003  1015062.016  1015112.026
  3220:  1015209.009  1015325.005  1015849.009  1015886.005  1015915.009
  3225:  1022440.001  1022535.003  1022582.001  1022704.005  1022707.009
  3230:  1022708.005  1022761.009  1022770.005  1023222.003  1023281.001
  3235:  1024665.009  1024765.005  1024866.009  1024886.005  1024971.009
  3240:  1025071.005  1025260.009  1025374.005  1025611.003  1026724.001
  3245:  1026743.003  1026754.001  1027860.003  1027906.001  1028032.009
  3250:  1028148.005  1028153.009  1028614.005  1028623.009  1028971.005
  3255:  1029986.003  1031020.001  1031621.009  1033728.018  1033856.003
  3260:  1033862.016  1033912.026  1034107.005  1034582.009  1034590.005
  3265:  1034592.009  1036041.001  1036773.005  1037011.009  1037053.005
  3270:  1037707.009  1038038.005  1038050.009  1038749.018  1039100.003
  3275:  1039106.016  1039156.026  1039201.005  1039207.009  1039352.005
  3280:  1040587.009  1043968.001  1044059.003  1044155.001  1044930.003
  3285:  1045162.001  1045441.003  1045535.001  1045767.003  1045803.001
  3290:  1046362.005  1046381.009  1046384.005  1046451.009  1046679.003
  3295:  1046715.001  1048092.003  1049785.001  1050418.003  1050457.001
  3300:  1050537.003  1050577.001  1050662.005  1050684.009  1050717.005
  3305:  1050840.009  1051202.003  1051228.005  1051257.001  1051347.009
  3310:  1051570.005  1051582.009  1052543.003  1052594.005  1053198.009
  3315:  1053280.005  1053287.009  1053326.005  1053627.001  1053649.003
  3320:  1053658.001  1056312.009  1056366.018  1056919.003  1056925.016
  3325:  1056975.026  1057220.005  1057636.009  1057687.005  1057870.009
  3330:  1057901.005  1057945.009  1064919.001  1064975.003  1065026.001
  3335:  1065144.003  1065199.001  1065349.003  1065360.001  1065998.005
  3340:  1066261.009  1068068.018  1068151.003  1068157.016  1068207.026
  3345:  1068267.005  1068278.009  1068421.005  1069098.009  1069183.005
  3350:  1069628.009  1069657.005  1069781.009  1070351.005  1070611.009
  3355:  1072992.001  1073025.003  1073060.001  1073397.005  1073901.009
  3360:  1073935.005  1073944.009  1073972.005  1074156.009  1074376.005
  3365:  1074385.009  1075278.003  1075981.001  1076133.005  1076239.009
  3370:  1076306.003  1076314.001  1076495.005  1076499.009  1076528.005
  3375:  1077335.009  1077964.005  1077976.009  1078016.005  1078227.009
  3380:  1078340.005  1079022.018  1079299.003  1079305.016  1079355.026
  3385:  1079417.009  1079487.005  1080020.009  1082450.005  1082504.009
  3390:  1083368.001  1083509.003  1083567.001  1084003.005  1084386.009
  3395:  1084411.005  1084414.009  1084422.005  1084451.009  1084484.005
  3400:  1085120.009  1085355.005  1085399.009  1085406.005  1085891.003
  3405:  1087718.001  1087737.003  1087754.001  1088242.003  1088279.001
  3410:  1088363.009  1088401.005  1089161.009  1089172.005  1089181.009
  3415:  1089946.005  1090087.009  1090140.005  1090149.009  1090211.005
  3420:  1090473.003  1091345.001  1094053.018  1094128.009  1094212.005
  3425:  1094555.003  1094561.016  1094611.026  1094659.009  1094682.005
  3430:  1094695.009  1094827.005  1095150.009  1095244.005  1095450.009
  3435:  1095519.005  1095550.009  1097297.001  1099050.005  1099348.009
  3440:  1099746.003  1100594.001  1100613.003  1100658.001  1101095.003
  3445:  1101141.001  1103115.003  1104537.001  1104648.003  1104661.001
  3450:  1107369.018  1107423.003  1107429.016  1107479.026  1107617.005
  3455:  1108034.009  1110103.001  1110913.005  1111071.009  1111097.005
  3460:  1111104.009  1111207.005  1111215.009  1111266.005  1111312.009
  3465:  1112321.003  1113407.001  1114057.005  1114089.009  1114151.005
  3470:  1114395.009  1114518.005  1115006.009  1115336.003  1117276.005
  3475:  1117503.001  1117994.009  1118291.005  1118302.009  1118369.005
  3480:  1118554.009  1118559.005  1118935.009  1119273.005  1119706.009
  3485:  1119719.005  1119855.009  1120211.018  1120586.003  1120592.016
  3490:  1120642.026  1120649.005  1120656.009  1120684.005  1120705.009
  3495:  1120719.005  1120723.009  1120829.005  1122170.009  1129006.001
  3500:  1129081.003  1129127.001  1129306.005  1129396.009  1129825.005
  3505:  1129833.009  1130316.005  1130625.009  1130657.005  1130779.009
  3510:  1131052.005  1131119.009  1131486.003  1132175.001  1133279.005
  3515:  1133365.009  1133716.005  1133722.009  1133846.005  1133855.009
  3520:  1134625.003  1136007.001  1137591.005  1137776.009  1138715.018
  3525:  1138751.003  1138757.016  1138807.026  1138887.005  1138893.009
  3530:  1139017.005  1139890.009  1139910.005  1139968.009  1140657.005
  3535:  1140693.009  1142821.001  1142956.003  1143001.001  1143444.005
  3540:  1143492.009  1143494.003  1143543.001  1143560.005  1143567.009
  3545:  1143621.005  1143627.009  1143739.005  1143932.003  1143979.009
  3550:  1143980.001  1143994.005  1144003.009  1144259.005  1144337.009
  3555:  1144793.003  1145736.001  1146290.003  1146329.001  1146853.005
  3560:  1146875.009  1146932.005  1147235.009  1148336.003  1149163.001
  3565:  1149427.003  1149433.001  1150235.005  1150469.009  1152056.003
  3570:  1154839.001  1154981.003  1154996.001  1155452.005  1155695.009
  3575:  1155724.005  1155751.009  1157128.003  1157578.005  1157954.009
  3580:  1158351.001  1159175.003  1159215.001  1159657.005  1159837.009
  3585:  1160036.005  1160045.009  1160073.005  1160294.009  1160402.005
  3590:  1160417.009  1161059.003  1162043.001  1162112.005  1163093.003
  3595:  1163114.001  1163355.009  1163418.005  1163448.009  1163546.005
  3600:  1163551.009  1163556.005  1163570.009  1163612.005  1163614.009
  3605:  1163623.005  1163675.009  1164039.005  1164185.009  1164192.005
  3610:  1164669.003  1165756.001  1165825.009  1167507.005  1167521.009
  3615:  1167784.005  1167979.009  1168340.003  1169999.001  1170054.003
  3620:  1170125.001  1170276.003  1170359.001  1170392.003  1170427.001
  3625:  1170446.003  1170469.001  1170726.003  1170778.001  1171662.005
  3630:  1172634.009  1172757.003  1173400.001  1173526.005  1173571.009
  3635:  1173582.005  1173587.009  1173590.005  1173593.009  1173634.005
  3640:  1173677.009  1173971.005  1173986.009  1174897.003  1176165.005
  3645:  1176167.009  1176181.005  1176283.009  1176724.001  1178861.003
  3650:  1179715.001  1181815.005  1181816.003  1182207.009  1182569.001
  3655:  1182592.005  1182597.009  1185099.003  1186769.001  1186826.003
  3660:  1186868.001  1187265.003  1187307.001  1188469.005  1188548.009
  3665:  1189037.003  1190811.001  1191301.003  1191383.001  1193224.003
  3670:  1194622.001  1194644.003  1196487.001  1196643.003  1196652.001
  3675:  1197840.005  1198001.009  1198002.005  1198050.003  1198077.001
  3680:  1199161.009  1199693.003  1202033.001  1202570.003  1202623.001
  3685:  1202999.005  1203324.009  1204103.005  1204123.003  1206188.001
  3690:  1206550.009  1206576.005  1206585.009  1206626.005  1206917.009
  3695:  1206941.005  1207245.009  1207358.005  1207367.009  1207469.005
  3700:  1208878.003  1210081.001  1210426.009  1210510.003  1211447.001
  3705:  1211809.005  1212392.009  1213802.003  1215557.005  1215573.009
  3710:  1221239.001  1221338.003  1221354.001  1221908.005  1222096.003
  3715:  1222122.009  1222137.001  1224494.003  1225220.001  1225275.003
  3720:  1225282.001  1225712.003  1225756.001  1226945.005  1226953.009
  3725:  1226979.005  1226987.009  1226990.005  1227028.009  1227088.005
  3730:  1228195.003  1231886.001  1231923.003  1231973.001  1232047.003
  3735:  1232082.001  1232179.003  1232417.001  1232763.003  1232819.001
  3740:  1233588.009  1234926.003  1236667.001  1237267.005  1237294.009
  3745:  1237339.003  1237487.001  1238334.005  1238418.009  1238497.005
  3750:  1238506.009  1238543.005  1238562.009  1238853.003  1238889.001
  3755:  1239121.005  1239130.009  1239160.005  1239501.009  1241597.018
  3760:  1242627.003  1242633.016  1242683.026  1242738.005  1242749.009
  3765:  1242843.005  1243653.009  1247715.001  1248105.003  1248130.001
  3770:  1248684.005  1248998.009  1249003.005  1250356.003  1250943.009
  3775:  1250962.005  1251673.009  1251680.005  1251944.009  1251952.005
  3780:  1252301.009  1252650.001  1253153.003  1253185.001  1253215.005
  3785:  1253628.009  1253691.005  1253733.009  1254514.005  1254848.009
  3790:  1254936.005  1255559.003  1256618.001  1256627.009  1256870.005
  3795:  1256949.009  1257207.005  1257252.009  1257372.003  1257390.001
  3800:  1257456.005  1257470.009  1257490.005  1257494.009  1257533.005
  3805:  1257594.009  1258000.005  1258009.009  1258058.005  1258063.009
  3810:  1258070.005  1258807.009  1259289.005  1260098.018  1260178.003
  3815:  1260184.016  1260227.001  1260234.026  1260265.003  1260302.009
  3820:  1260405.005  1261709.009  1263595.001  1263817.003  1264004.001
  3825:  1264045.003  1264236.001  1264271.003  1264293.001  1265138.005
  3830:  1265339.009  1265344.005  1265394.009  1265649.005  1265681.009
  3835:  1265693.005  1266505.009  1266537.005  1267001.018  1267083.009
  3840:  1267813.003  1267819.016  1267869.026  1267872.005  1267876.009
  3845:  1267932.005  1267938.009  1268019.005  1268738.009  1270512.005
  3850:  1270595.009  1271877.005  1271911.009  1272752.001  1272851.003
  3855:  1272874.001  1273441.005  1273468.009  1273819.005  1273844.009
  3860:  1273859.005  1273867.009  1273886.005  1275387.009  1275466.005
  3865:  1275503.009  1275582.018  1275963.003  1275969.016  1275987.005
  3870:  1276019.026  1276097.009  1276201.005  1277314.009  1277391.005
  3875:  1277594.009  1277641.005  1277889.009  1283585.001  1283647.003
  3880:  1283691.001  1284161.005  1284176.009  1284335.003  1284370.001
  3885:  1285159.005  1285167.009  1285205.005  1285213.009  1285214.005
  3890:  1286463.009  1286579.005  1286631.009  1286646.005  1286809.003
  3895:  1287644.009  1287650.001  1287665.003  1287712.001  1289363.003
  3900:  1289416.001  1289913.003  1289966.001  1292091.003  1293586.001
  3905:  1293732.003  1293834.001  1294697.003  1294781.001  1295003.005
  3910:  1295471.009  1295486.005  1295494.009  1296007.005  1296014.009
  3915:  1296041.005  1296364.009  1296587.005  1296662.009  1296699.005
  3920:  1296751.009  1296825.003  1299300.001  1299442.005  1299468.003
  3925:  1299524.001  1299724.003  1299743.001  1300139.003  1300181.001
  3930:  1300461.009  1301649.003  1301713.001  1302093.003  1309080.001
  3935:  1310037.005  1310061.009  1310095.005  1310166.009  1310178.005
  3940:  1311788.018  1311893.003  1311899.016  1311949.026  1311996.009
  3945:  1312001.005  1312010.009  1312074.005  1312921.009  1324970.005
  3950:  1324993.009  1324999.005  1325280.009  1326093.001  1326796.003
  3955:  1326842.001  1327109.005  1327433.009  1327452.005  1327460.009
  3960:  1327480.005  1327769.009  1327801.005  1327853.009  1328000.005
  3965:  1328009.009  1328035.005  1328628.009  1328769.003  1330445.001
  3970:  1330663.003  1330671.005  1330675.001  1330684.009  1330708.005
  3975:  1330839.009  1331215.005  1331232.009  1331265.005  1331737.009
  3980:  1332114.005  1332137.009  1332168.005  1332740.009  1332985.003
  3985:  1333089.005  1333109.009  1333356.005  1333499.009  1333532.005
  3990:  1333886.009  1334742.001  1335320.005  1336029.003  1336086.001
  3995:  1336132.009  1336156.005  1336164.009  1337049.005  1337223.003
  4000:  1339482.001  1339928.003  1339998.001  1341751.003  1343308.001
  4005:  1343530.003  1343610.001  1344328.003  1344358.001  1344808.003
  4010:  1344838.001  1345761.009  1345925.005  1346007.003  1347871.009
  4015:  1348138.005  1348156.009  1348259.005  1348279.009  1349087.001
  4020:  1349183.003  1349244.001  1349598.005  1349622.009  1349764.003
  4025:  1349772.001  1349968.003  1350038.001  1350217.005  1350251.009
  4030:  1350279.005  1350923.009  1350927.005  1351195.009  1351313.003
  4035:  1351650.005  1351667.009  1352750.005  1352807.009  1352820.005
  4040:  1353201.009  1357383.001  1357772.005  1357821.009  1357891.005
  4045:  1357914.009  1358151.005  1358159.009  1358197.005  1358374.009
  4050:  1358446.005  1358638.009  1358895.005  1359312.009  1359618.003
  4055:  1360885.001  1361240.005  1361272.009  1361370.003  1361401.001
  4060:  1361795.005  1361811.009  1361840.005  1361873.009  1362163.005
  4065:  1362170.009  1362199.005  1362382.009  1362638.005  1363391.003
  4070:  1364854.001  1364879.003  1364894.001  1365390.003  1365413.001
  4075:  1365440.009  1365460.005  1365470.009  1365537.005  1365573.009
  4080:  1365766.005  1365864.009  1366065.005  1366075.009  1366628.005
  4085:  1366822.009  1367360.003  1369546.001  1370145.003  1370191.005
  4090:  1370194.001  1370935.009  1370941.005  1370950.009  1372152.003
  4095:  1372487.005  1372524.009  1372545.005  1372867.001  1373543.003
  4100:  1373556.001  1373917.009  1373919.005  1373924.009  1374006.005
  4105:  1374942.009  1375916.003  1377587.001  1377648.003  1377678.001
  4110:  1378930.005  1379723.009  1380386.018  1380894.003  1380900.016
  4115:  1380948.005  1380950.026  1381014.009  1381083.005  1381592.009
  4120:  1381654.005  1381887.009  1381971.005  1381990.009  1382032.005
  4125:  1382129.009  1384670.005  1384704.009  1385623.001  1387827.003
  4130:  1387902.001  1388238.005  1388934.009  1389712.005  1389977.003
  4135:  1390549.001  1390846.009  1390884.005  1390894.009  1390922.005
  4140:  1390967.009  1391257.005  1391269.009  1391302.005  1391475.009
  4145:  1391501.005  1392259.009  1393086.005  1393165.009  1393257.018
  4150:  1393330.005  1393333.009  1393342.005  1393587.009  1393639.005
  4155:  1393900.003  1393906.016  1393956.026  1394030.009  1394123.005
  4160:  1395100.009  1395143.005  1395448.009  1396787.001  1396937.003
  4165:  1396979.001  1397395.005  1397593.003  1397702.001  1398301.009
  4170:  1398748.005  1399041.009  1399085.005  1399092.009  1399094.005
  4175:  1399151.009  1399874.003  1400676.005  1400687.001  1401065.009
  4180:  1401227.003  1401290.001  1401580.005  1401584.009  1401651.005
  4185:  1401810.009  1401820.005  1403696.009  1403983.005  1403998.018
  4190:  1404172.003  1404178.016  1404228.026  1404246.009  1404303.005
  4195:  1404319.009  1404409.005  1405855.009  1415709.001  1416491.005
  4200:  1416541.009  1417095.005  1417127.009  1417403.003  1417489.001
  4205:  1417779.005  1417786.009  1418780.003  1422172.001  1422253.003
  4210:  1422272.001  1422538.003  1422606.001  1423129.005  1423197.009
  4215:  1424369.005  1424576.009  1424756.005  1425025.003  1425893.001
  4220:  1426655.003  1426719.001  1426818.009  1427004.005  1427063.009
  4225:  1427122.005  1427188.009  1427196.005  1427237.009  1427281.005
  4230:  1427970.009  1428297.005  1428317.009  1428323.005  1428335.009
  4235:  1429427.018  1429508.003  1429514.016  1429564.026  1429582.005
  4240:  1429643.009  1429738.005  1430978.009  1431055.005  1431099.009
  4245:  1431182.005  1431194.009  1437652.001  1438439.003  1438517.001
  4250:  1438656.005  1439081.009  1439117.005  1439563.009  1439591.005
  4255:  1439608.009  1439676.005  1441199.003  1441682.001  1441816.009
  4260:  1442431.005  1442443.009  1442486.005  1444390.018  1444452.009
  4265:  1444488.005  1444588.003  1444594.016  1444644.026  1444864.009
  4270:  1444955.005  1445565.009  1445617.005  1446181.009  1446292.005
  4275:  1446320.009  1447812.001  1448339.005  1448456.009  1448676.005
  4280:  1448749.009  1448888.005  1448914.009  1448954.005  1449362.009
  4285:  1449685.003  1449834.001  1450297.005  1450564.009  1451632.003
  4290:  1451940.005  1452330.001  1452890.003  1453000.001  1453344.009
  4295:  1453437.005  1453447.009  1453458.005  1453462.009  1454231.005
  4300:  1454238.009  1454498.005  1454855.009  1454873.005  1455020.009
  4305:  1455041.005  1455062.009  1455697.005  1455701.003  1457997.001
  4310:  1458525.003  1458552.001  1458617.009  1458671.005  1458694.009
  4315:  1458923.005  1458934.009  1459497.005  1459683.003  1459718.001
  4320:  1459914.009  1460061.005  1460971.003  1461440.009  1461470.005
  4325:  1461852.009  1463384.001  1463890.003  1463972.001  1464362.005
  4330:  1464382.009  1464468.005  1464474.009  1464531.005  1465876.009
  4335:  1466100.003  1468826.001  1468864.003  1468908.001  1468976.003
  4340:  1468991.001  1469192.003  1469229.001  1469856.005  1469862.009
  4345:  1469868.005  1469876.009  1471286.003  1472781.001  1472822.003
  4350:  1472851.001  1473182.005  1473511.003  1473579.001  1473709.009
  4355:  1473772.005  1473780.009  1474148.005  1474905.009  1474919.005
  4360:  1474946.009  1475380.005  1475736.009  1475768.005  1475870.009
  4365:  1475985.005  1476287.018  1476510.009  1476541.005  1476655.003
  4370:  1476661.016  1476711.026  1476790.009  1476864.005  1477893.009
  4375:  1477930.005  1477970.009  1481561.001  1481795.003  1481839.001
  4380:  1482211.005  1482232.009  1482246.005  1482884.009  1482900.005
  4385:  1482907.009  1482954.005  1483061.009  1483248.005  1484375.009
  4390:  1484547.018  1484921.003  1484927.016  1484936.005  1484977.026
  4395:  1485061.009  1485169.005  1486096.009  1486176.005  1486219.009
  4400:  1486236.005  1486273.009  1491490.001  1491675.003  1491698.001
  4405:  1492338.005  1492505.009  1492685.005  1492689.009  1492714.005
  4410:  1493400.009  1493412.005  1493586.009  1493635.005  1493639.009
  4415:  1494406.018  1494517.003  1494523.016  1494573.026  1494583.005
  4420:  1494622.009  1494717.005  1495554.009  1495653.005  1495684.009
  4425:  1496883.001  1497550.005  1497685.009  1497894.005  1499526.009
  4430:  1499591.018  1499592.005  1499596.009  1499609.005  1499619.009
  4435:  1499723.003  1499729.016  1499779.026
B:
     0:        0.000      748.000        0.000      748.000        0.000
     5:     1383.000        0.000        0.000        0.000     1383.000
    10:        0.000        1.000        0.000        1.000        0.000
    15:        0.000       58.000        0.000       58.000        0.000
    20:        0.000        0.000        0.000        0.000        0.000
    25:        0.000       58.000        0.000        0.000        0.000
    30:        0.000
D:
     0:  3305399.000  3302560.000  3305400.000
E:
     0:     2708.000     2708.000
T:
     0:        0.000        0.000        0.000        0.000
W:
     0:        0.000        0.000        0.000
