File: C:\MED-PC IV\Data\Reyes\AY\AY1056.999


Start Date: 10/30/24
End Date: 10/30/24
Subject: 56
Experiment: AY
Group: EXP10
Box: 6
Start Time: 13:00:13
End Time: 13:50:13
MSN: DRRD_exp_10
C:       0.000
F:       0.000
G:       0.000
H:       0.000
I:       0.000
J:       0.000
K:   10000.000
L:       0.000
M:       0.000
N:       0.000
O:       0.000
P:       0.000
Q:       0.000
R:       0.000
S:       0.000
U:   66503.000
V:       0.000
X:       0.000
Y:    1107.000
Z:       0.000
A:
     0:     6780.005     6915.009     6926.005     7485.009    15000.013
     5:    15000.011    15438.001    19298.003    19612.001    23750.003
    10:    24020.001    24053.003    24163.001    24301.003    24343.001
    15:    27316.003    27741.005    27758.009    27768.005    27945.009
    20:    28240.001    28967.003    28995.001    32999.003    33550.001
    25:    37518.003    37988.001    42700.003    43327.001    43423.005
    30:    43430.009    48327.018    48510.003    48516.016    48566.026
    35:    48623.005    49020.009    49874.001    54874.018    55051.003
    40:    55057.016    55107.026    55152.005    55865.009    56360.001
    45:    61360.018    61393.003    61399.016    61449.026    61494.005
    50:    61895.009    62851.001    67676.003    68140.005    68265.009
    55:    68638.001    73638.018    74918.003    74924.016    74974.026
    60:    75012.005    75367.009    75411.005    76045.009    76802.001
    65:    81620.003    82328.001    82402.003    82460.001    87460.018
    70:    87635.003    87641.016    87691.026    87727.005    88087.009
    75:    89110.001    94110.018    94379.003    94385.016    94435.026
    80:    94458.005    94843.009    96001.001   101001.018   101494.003
    85:   101500.016   101550.026   101576.005   101865.009   101997.005
    90:   102153.009   102155.005   102343.009   102959.001   107802.003
    95:   108156.001   108281.003   108320.001   113162.003   113967.001
   100:   118967.018   119887.003   119893.016   119941.005   119943.026
   105:   120319.009   121270.001   126270.018   126504.003   126510.016
   110:   126560.026   126620.005   126844.009   128349.001   133349.018
   115:   133826.003   133832.016   133882.026   133903.005   134578.009
   120:   136225.001   141225.018   143671.003   143677.016   143727.026
   125:   143773.005   144048.009   144201.005   144309.009   144876.001
   130:   149872.003   150329.001   155329.018   156442.003   156448.016
   135:   156498.026   156511.005   156797.009   157692.001   162692.018
   140:   163259.003   163265.016   163315.026   163325.005   163711.009
   145:   164661.001   169661.018   169806.003   169812.016   169862.026
   150:   169892.005   170172.009   171169.001   176169.018   177049.003
   155:   177055.016   177105.026   177114.005   177362.009   178337.001
   160:   183337.018   184296.003   184302.016   184352.026   184371.005
   165:   184790.009   185665.001   190665.018   191256.003   191262.016
   170:   191312.026   191353.005   191591.009   192786.001   197786.018
   175:   198468.003   198474.016   198524.026   198530.005   199163.009
   180:   200026.001   205026.018   205286.003   205292.016   205342.026
   185:   205508.005   206067.009   206961.001   207259.003   207296.001
   190:   211427.003   211953.001   212029.003   212140.001   216895.003
   195:   218119.005   218176.009   218515.001   219046.003   219108.001
   200:   224108.018   225447.003   225453.016   225503.026   225565.005
   205:   225953.009   226967.001   231791.003   232757.001   237757.018
   210:   239283.003   239289.016   239339.026   239364.005   240116.009
   215:   240193.005   240304.009   255714.001   255825.003   255874.001
   220:   260118.003   261048.001   266048.018   266954.003   266960.016
   225:   267010.026   267138.005   267484.009   268377.001   273377.018
   230:   273924.003   273930.016   273980.026   274042.005   274578.009
   235:   275666.001   280220.003   280775.001   285775.018   286994.003
   240:   287000.016   287050.026   287076.005   287413.009   287431.005
   245:   287490.009   287546.005   287565.009   288730.001   293730.018
   250:   295591.003   295597.016   295647.026   295678.005   296319.009
   255:   296364.005   296384.009   296412.005   296425.009   297193.001
   260:   302193.018   302206.003   302212.016   302262.026   302283.005
   265:   303081.009   304054.001   308546.003   309345.001   314345.018
   270:   314932.003   314938.016   314988.026   315017.005   315757.009
   275:   316598.001   321598.018   322750.003   322756.016   322806.026
   280:   322830.005   323300.009   323395.005   323446.009   324358.001
   285:   329026.003   329684.001   334684.018   335833.003   335839.016
   290:   335889.026   336020.005   336400.009   337562.001   342037.003
   295:   342773.001   347773.018   348109.003   348115.016   348165.026
   300:   348319.005   348807.009   348918.005   348937.009   350381.001
   305:   355362.003   356036.001   361036.018   361672.003   361678.016
   310:   361728.026   361790.005   362336.009   363828.001   368828.018
   315:   370380.003   370386.016   370436.026   370470.005   370744.009
   320:   372121.001   377121.018   379085.003   379091.016   379141.026
   325:   379192.005   380402.009   380431.005   380451.009   380478.005
   330:   380551.009   381111.001   386111.018   387568.003   387574.016
   335:   387624.026   387646.005   388311.009   388369.005   388379.009
   340:   389260.001   394260.018   394704.003   394710.016   394760.026
   345:   394801.005   395184.009   395194.005   395227.009   395245.005
   350:   395302.009   396563.001   401563.018   401618.003   401624.016
   355:   401674.026   401846.005   402479.009   403705.001   408608.003
   360:   409273.001   414273.018   414879.003   414885.016   414935.026
   365:   414945.005   415804.009   415834.005   415850.009   416710.001
   370:   421710.018   421981.003   421987.016   422037.026   422050.005
   375:   422565.009   422566.005   422617.009   423602.001   428602.018
   380:   428727.003   428733.016   428783.026   428789.005   429399.009
   385:   430303.001   434325.003   434977.001   439977.018   440780.003
   390:   440786.016   440836.026   440880.005   441429.009   442577.001
   395:   447577.018   448229.003   448235.016   448285.026   448300.005
   400:   448826.009   449430.001   454430.018   454728.003   454734.016
   405:   454784.026   454811.005   456232.009   456287.005   456397.009
   410:   457324.001   462324.018   464678.003   464684.016   464730.005
   415:   464734.026   465145.009   465215.005   465243.009   465296.005
   420:   465323.009   465351.005   465382.009   466087.001   471087.018
   425:   471677.003   471683.016   471733.026   471747.005   472547.009
   430:   472584.005   472659.009   472661.005   472701.009   473392.001
   435:   478392.018   478447.003   478453.016   478503.026   478513.005
   440:   479299.009   480356.001   484340.003   485394.001   490394.018
   445:   492231.003   492237.016   492287.026   492298.005   492848.009
   450:   492916.005   493136.009   493859.001   498859.018   498993.003
   455:   498999.016   499049.005   499049.026   499722.009   499857.005
   460:   500378.009   501043.001   506043.018   506128.003   506134.016
   465:   506184.026   506244.005   506524.009   507244.001   512244.018
   470:   512619.003   512625.016   512675.026   512721.005   513378.009
   475:   514375.001   518528.003   519110.001   520469.003   520489.001
   480:   524798.003   525057.005   525077.009   525293.001   530293.018
   485:   531485.003   531491.016   531541.026   531561.005   531936.009
   490:   533276.001   538276.018   539376.003   539382.016   539430.005
   495:   539432.026   540162.009   540832.001   545832.018   547547.003
   500:   547553.016   547603.026   547632.005   548442.009   549677.001
   505:   554677.018   556167.003   556173.016   556223.026   556253.005
   510:   556801.009   556850.005   556857.009   556912.005   557326.009
   515:   558417.001   558462.003   558566.001   563566.018   564315.003
   520:   564321.016   564371.026   564390.005   565178.009   566364.001
   525:   571364.018   572494.003   572500.016   572550.026   572556.005
   530:   573201.009   574260.001   578818.003   579749.001   584749.018
   535:   587088.003   587094.016   587144.026   587202.005   587474.009
   540:   587507.005   587520.009   588791.001   593791.018   595474.003
   545:   595480.016   595530.026   595560.005   596327.009   597120.001
   550:   602120.018   602377.003   602383.016   602420.005   602433.026
   555:   603423.009   603448.005   603548.009   603634.005   603708.009
   560:   605333.001   610333.018   611052.003   611058.016   611108.026
   565:   611118.005   611754.009   612974.001   613059.003   613146.001
   570:   618146.018   619450.003   619456.016   619506.026   619516.005
   575:   621060.009   621942.001   625890.003   626528.001   631528.018
   580:   632376.003   632382.016   632428.005   632432.026   633244.009
   585:   634559.001   639559.018   640891.003   640897.016   640947.005
   590:   640947.026   641887.009   643147.001   646572.003   648019.001
   595:   648141.003   648239.001   653239.018   655689.003   655695.016
   600:   655745.026   655762.005   656367.009   656528.005   656595.009
   605:   657715.001   662715.018   663426.003   663432.016   663482.026
   610:   663545.005   664018.009   664070.005   664092.009   665339.001
   615:   670339.018   670666.003   670672.016   670722.026   670737.005
   620:   671657.009   671707.005   672149.009   673119.001   678119.018
   625:   679104.003   679110.016   679160.026   679165.005   681143.009
   630:   681574.001   681730.003   682087.001   686508.003   687038.001
   635:   691507.003   692692.001   697323.003   698130.001   703130.018
   640:   703940.003   703946.016   703996.026   704020.005   704762.009
   645:   705793.001   709833.003   710503.001   715503.018   717313.003
   650:   717319.016   717369.026   717377.005   717767.009   718915.001
   655:   723915.018   724338.003   724344.016   724394.026   724439.005
   660:   725186.009   725952.001   730952.018   731541.003   731547.016
   665:   731597.026   731627.005   732673.009   732701.005   732711.009
   670:   733602.001   738602.018   738673.003   738679.016   738729.026
   675:   738762.005   739203.009   740810.001   745810.018   746090.003
   680:   746096.016   746146.026   746152.005   747163.009   748163.001
   685:   753104.003   754311.001   759311.018   759849.003   759855.016
   690:   759905.026   759961.005   760778.009   760784.005   760817.009
   695:   762120.001   767120.018   767361.003   767367.016   767417.026
   700:   767528.005   768450.009   770546.001   775546.018   775612.003
   705:   775618.016   775668.026   775674.005   776706.009   777770.001
   710:   781441.003   782230.001   787230.018   787235.003   787241.016
   715:   787291.026   787340.005   788453.009   789080.001   794080.018
   720:   794440.003   794446.016   794483.005   794496.026   795388.009
   725:   796436.001   801436.018   801764.003   801770.016   801820.026
   730:   801827.005   803125.009   803740.001   808740.018   808982.003
   735:   808988.016   809038.026   809049.005   810161.009   811209.001
   740:   815092.003   815966.005   815970.009   823608.001   824370.003
   745:   824778.001   825004.003   849923.005   849954.009   849957.005
   750:   851136.009   851141.005   851172.009   851188.005   851204.009
   755:   851814.005   851835.009   851837.005   852617.009   853243.001
   760:   855137.003   855762.001   857279.003   857501.001   857722.003
   765:   882831.005   882833.009   882864.005   882894.009  1035351.005
   770:  1035367.009  1037106.005  1038550.009  1038581.005  1040720.009
   775:  1040768.005  1040861.009  1040883.005  1041075.009  1041085.005
   780:  1041734.009  1041751.005  1041956.009  1041976.005  1042397.009
   785:  1042421.005  1042837.009  1042881.005  1043142.009  1043158.005
   790:  1043279.009  1043282.005  1043381.009  1043396.005  1043923.009
   795:  1043938.005  1044085.009  1044108.005  1044463.009  1044483.005
   800:  1044689.009  1044710.005  1044720.009  1044724.005  1045243.009
   805:  1045259.005  1045268.009  1045832.005  1046793.009  1047005.005
   810:  1047294.009  1047352.005  1047359.009  1047360.005  1048830.009
   815:  1054322.001  1054673.003  1055023.001  1059367.003  1062378.001
   820:  1067378.018  1067849.003  1067855.016  1067905.026  1068003.005
   825:  1068686.009  1069292.001  1072209.003  1073401.001  1076152.003
   830:  1081891.001  1083072.003  1083183.001  1086471.003  1089000.001
   835:  1093464.003  1099097.001  1103720.003  1104868.001  1109868.018
   840:  1113402.003  1113408.016  1113458.026  1113516.005  1113987.009
   845:  1117852.001  1122279.003  1122826.001  1127803.003  1129505.001
   850:  1134505.018  1136062.003  1136068.016  1136118.026  1136158.005
   855:  1137162.009  1140610.001  1140734.003  1140762.001  1145009.003
   860:  1153821.001  1154040.003  1154094.001  1157801.003  1159430.001
   865:  1164430.018  1165921.003  1165927.016  1165977.026  1166081.005
   870:  1166786.009  1166857.005  1166868.009  1167813.001  1172813.018
   875:  1172834.003  1172840.016  1172890.026  1172919.005  1173280.009
   880:  1173283.005  1173322.009  1173325.005  1173995.009  1181851.001
   885:  1181939.003  1189320.001  1189924.003  1198607.005  1198633.009
   890:  1198647.005  1198684.009  1198692.005  1198736.009  1199539.001
   895:  1203570.003  1203786.001  1203833.003  1204617.001  1208883.003
   900:  1210018.001  1215018.018  1215294.003  1215300.016  1215350.026
   905:  1215386.005  1216615.009  1217292.001  1221823.003  1222535.001
   910:  1227535.018  1228225.003  1228231.016  1228281.026  1228291.005
   915:  1230060.009  1230955.001  1234650.003  1236896.001  1240382.003
   920:  1241749.005  1241771.009  1247738.001  1252738.018  1252815.003
   925:  1252821.016  1252871.026  1253015.005  1253879.009  1263750.005
   930:  1263769.009  1264543.001  1264643.003  1264713.001  1264735.003
   935:  1264812.001  1268658.003  1270550.001  1275233.003  1276590.001
   940:  1281590.018  1282111.003  1282117.016  1282167.026  1282218.005
   945:  1283366.009  1290923.001  1291278.003  1291444.001  1295768.003
   950:  1297492.001  1302492.018  1302761.003  1302767.016  1302817.026
   955:  1302859.005  1304827.009  1305588.001  1310020.003  1311372.001
   960:  1316291.003  1317383.001  1322373.003  1323562.001  1328558.003
   965:  1329880.001  1330401.003  1330438.001  1335438.018  1336247.003
   970:  1336253.016  1336303.026  1336358.005  1336694.009  1336740.005
   975:  1337755.009  1339519.001  1344415.003  1345861.001  1350551.003
   980:  1351404.001  1356019.003  1356887.001  1357013.003  1357128.001
   985:  1360631.003  1361212.001  1366212.018  1366554.003  1366560.016
   990:  1366610.005  1366610.026  1368018.009  1368999.001  1373999.018
   995:  1375130.003  1375136.016  1375186.026  1375232.005  1376428.009
  1000:  1376533.005  1376559.009  1379006.001  1382496.003  1385916.001
  1005:  1390916.018  1391765.003  1391771.016  1391821.026  1391876.005
  1010:  1392213.009  1393659.001  1398659.018  1399171.003  1399177.016
  1015:  1399227.026  1399289.005  1402858.009  1402865.005  1402962.009
  1020:  1404051.001  1408883.003  1408948.005  1409127.009  1409740.001
  1025:  1414740.018  1415080.003  1415086.016  1415136.026  1415214.005
  1030:  1416050.009  1416056.005  1416351.009  1417563.001  1421774.003
  1035:  1422940.001  1427940.018  1428272.003  1428278.016  1428328.026
  1040:  1428384.005  1429393.009  1429419.005  1429494.009  1430494.001
  1045:  1435494.018  1435649.003  1435655.016  1435705.026  1435802.005
  1050:  1437066.009  1437147.005  1437159.009  1439226.001  1443048.003
  1055:  1443326.001  1443364.003  1443412.001  1443507.005  1443531.009
  1060:  1443670.003  1443751.005  1443762.009  1444837.001  1449837.018
  1065:  1450027.003  1450033.016  1450083.026  1450102.005  1451514.009
  1070:  1451538.005  1451570.009  1452546.001  1457453.003  1459440.001
  1075:  1464440.018  1465257.003  1465263.016  1465313.026  1465422.005
  1080:  1466821.009  1466851.005  1466924.009  1467978.001  1472705.003
  1085:  1473963.001  1474084.003  1474123.001  1479123.018  1479597.003
  1090:  1479603.016  1479653.026  1479717.005  1481432.009  1482196.001
  1095:  1486101.003  1487017.001  1492017.018  1493296.003  1493302.016
  1100:  1493352.026  1493385.005  1494394.009  1494766.005  1494807.009
  1105:  1495744.001  1499479.003
B:
     0:        0.000      204.000        0.000      204.000        0.000
     5:      197.000        0.000        0.000        0.000      197.000
    10:        0.000        1.000        0.000        1.000        0.000
    15:        0.000      101.000        0.000      101.000        0.000
    20:        0.000        0.000        0.000        0.000        0.000
    25:        0.000      101.000        0.000        0.000        0.000
    30:        0.000
D:
     0:  1565981.000  1562247.000  1565982.000
E:
     0:     5000.000     5000.000
T:
     0:        0.000        0.000        0.000        0.000
W:
     0:        0.000        0.000        0.000
