File: C:\MED-PC IV\Data\Reyes\AY\AY2062.999


Start Date: 11/04/24
End Date: 11/04/24
Subject: 62
Experiment: AY
Group: LINEAR
Box: 6
Start Time: 14:53:59
End Time: 15:43:59
MSN: DRRD_lin
C:       0.000
F:       1.000
G:       0.000
H:       0.000
I:       0.000
J:       0.000
K:    7000.000
L:       0.000
M:       0.000
N:       0.000
O:       0.000
P:       0.000
Q:       0.000
R:       0.000
S:       0.000
U: 1864229.000
V:       0.000
X:       0.000
Y:    1403.000
Z:       0.000
A:
     0:      283.005     1461.009     1473.005     1516.009     1528.005
     5:     1605.009    14441.005    15000.013    15000.011    15064.009
    10:    16187.001    16283.003    16486.005    16640.009    16660.005
    15:    16745.009    16830.005    16839.009    16879.005    16881.009
    20:    16899.005    16973.009    16988.005    16990.009    17032.005
    25:    17051.009    17172.005    18707.009    19448.001    20058.003
    30:    20080.001    20215.003    20232.001    20301.003    23554.005
    35:    24952.009    25476.005    25487.009    25792.005    28226.009
    40:    28237.005    28581.009    29488.005    29844.009    29856.005
    45:    29866.009    31630.005    31664.009    31689.005    31713.009
    50:    31902.005    32912.009    32924.005    33128.009    33343.005
    55:    34322.009    34506.005    35086.009    35088.005    35093.009
    60:    35120.005    35175.009    35179.005    35212.009    35779.001
    65:    36065.003    36104.001    37825.003    38416.005    39302.009
    70:    39781.005    40033.009    40046.005    40570.009    40656.005
    75:    41115.009    41509.001    41720.003    42540.005    43916.009
    80:    44054.005    44076.009    44078.005    44123.009    44149.005
    85:    44445.009    45363.001    47940.003    48708.005    49052.009
    90:    49453.005    49709.009    50018.005    50160.009    50374.005
    95:    50570.009    50688.005    51318.009    51358.005    51376.009
   100:    51393.005    51471.009    51475.005    51506.009    51682.005
   105:    51720.009    51743.005    51988.009    52013.005    52517.009
   110:    52537.005    52568.009    52657.005    52697.009    52726.005
   115:    53278.009    53306.005    53314.009    53344.005    53444.009
   120:    54800.005    54950.009    58127.005    58399.009    58480.005
   125:    58532.009    58539.005    58543.009    58952.005    58991.009
   130:    58992.005    58995.009    59374.005    59381.009    59385.005
   135:    59406.009    61740.005    61765.009    61884.005    61921.009
   140:    61957.005    62343.009    62390.005    62641.009    63031.001
   145:    64998.003    65692.005    66151.009    66180.005    66190.009
   150:    66392.005    66426.009    71954.005    71961.009    71975.005
   155:    72245.009    72451.005    72478.009    72582.005    72677.009
   160:    73485.001    73733.003    94735.005    95218.009    95712.001
   165:    97911.003    99012.005    99114.009   102474.005   102585.009
   170:   102778.005   102831.009   105106.005   105250.009   106147.001
   175:   108243.003   109034.005   109081.009   109342.005   109360.009
   180:   109400.005   109452.009   109463.005   109524.009   109944.001
   185:   110176.003   112332.001   112789.003   112847.001   114402.003
   190:   115154.005   115234.009   115337.005   115362.009   115601.005
   195:   115818.009   118393.001   120585.003   120604.001   120978.003
   200:   121034.001   121131.003   122241.005   122393.009   125692.005
   205:   125790.009   125808.005   126058.009   126077.005   127849.009
   210:   128320.001   131820.018   131936.003   131942.016   131992.026
   215:   132053.005   133576.009   133623.005   133695.009   134029.005
   220:   134706.009   134833.005   135037.009   135481.005   135491.009
   225:   135571.005   135631.009   136240.001   138169.003   138881.005
   230:   138894.009   139068.005   139085.009   140691.005   140925.009
   235:   141575.001   144520.003   147973.001   151073.003   151096.001
   240:   151628.003   155104.001   158434.003   158457.001   158815.003
   245:   158879.001   159196.003   161441.005   161465.009   161470.005
   250:   161750.009   162991.001   164951.003   165020.001   165450.003
   255:   165477.001   166650.003   169526.001   172445.003   173560.005
   260:   173822.009   174068.005   174109.009   174128.005   174307.009
   265:   175125.001   177948.003   177985.001   178266.003   181555.001
   270:   185040.003   189662.001   190861.003   191756.005   193660.009
   275:   193872.005   194431.009   194466.005   194482.009   194495.005
   280:   194613.009   195374.001   195812.003   196792.001   196895.003
   285:   197107.001   197407.003   197452.001   198305.003   200767.001
   290:   203457.003   205467.005   206455.009   206590.005   206661.009
   295:   207695.001   210867.003   213384.001   215490.003   218200.005
   300:   218227.009   219372.001   221954.003   224152.001   227652.018
   305:   228042.003   228048.016   228098.026   228185.005   230711.009
   310:   231017.005   231072.009   231265.005   231610.009   232188.001
   315:   232751.003   232781.001   233872.003   237648.001   239203.003
   320:   240450.001   240566.003   240614.001   241197.003   241223.001
   325:   242872.003   242916.001   243334.003   244218.005   246513.009
   330:   246627.005   246844.009   249018.005   249143.009   249204.005
   335:   249257.009   249261.005   249303.009   250473.001   250972.003
   340:   251013.001   251242.003   251285.001   253681.003   254884.005
   345:   254997.009   255055.005   255067.009   255163.005   256235.009
   350:   256259.005   256299.009   256385.005   256751.009   256891.005
   355:   256904.009   258139.001   260354.003   260422.001   261044.003
   360:   263586.005   263798.009   269781.005   269883.009   270567.001
   365:   273405.003   276279.001   276638.003   278606.001   279104.003
   370:   279145.001   279476.003   281443.001   281904.003   290621.005
   375:   291105.009   291651.001   293467.003   294629.001   297183.003
   380:   298651.005   298726.009   298931.005   299010.009   299097.005
   385:   299133.009   299756.001   300265.003   326451.005   326699.009
   390:   326721.005   329273.009   329331.005   329351.009   329946.001
   395:   332687.003   333336.005   333342.009   333376.005   333446.009
   400:   333482.005   333527.009   333604.005   333665.009   333701.005
   405:   333950.009   334445.001   337384.003   340590.001   340932.003
   410:   346928.005   347571.009   347837.001   351002.003   352835.001
   415:   356148.003   357794.001   361294.018   361470.003   361476.016
   420:   361526.026   361583.005   362770.009   362787.005   362812.009
   425:   362882.005   363949.009   364029.005   364493.009   364524.005
   430:   364801.009   365464.001   367464.003   367516.001   367808.003
   435:   371040.005   371354.009   371444.005   371454.009   371482.005
   440:   371582.009   371685.005   371703.009   372270.001   374160.003
   445:   374296.001   375125.003   375273.001   375960.003   378857.001
   450:   379519.003   382082.001   382394.003   382439.001   382607.003
   455:   383989.001   386045.003   387695.005   387749.009   393937.005
   460:   393990.009   394010.005   394175.009   394521.001   397766.003
   465:   399830.001   403095.003   406171.005   406669.009   406878.005
   470:   406944.009   407638.001   409880.003   410218.001   410337.003
   475:   410364.001   410475.003   410508.001   410774.003   412784.005
   480:   412829.009   412930.005   412965.009   412992.005   413002.009
   485:   413543.001   417043.018   417427.003   417433.016   417483.026
   490:   417544.005   418381.009   418390.005   418430.009   418501.005
   495:   418711.009   418770.005   419505.009   421906.005   421933.009
   500:   421944.005   421978.009   423254.001   426149.003   429393.001
   505:   432861.003   435803.001   439066.003   444016.001   445783.003
   510:   446680.005   447065.009   448225.001   451212.003   451246.001
   515:   451494.003   454312.001   457211.003   460943.001   462695.003
   520:   463438.001   465629.003   469406.001   471553.003   471667.001
   525:   471906.003   478936.005   479120.009   479512.001   482890.003
   530:   484483.005   484635.009   484739.005   484770.009   484808.005
   535:   484846.009   485513.001   489013.018   489364.003   489370.016
   540:   489420.026   489513.005   490132.009   490195.005   491606.009
   545:   491614.005   491732.009   491757.005   491912.009   492098.005
   550:   492125.009   492155.005   492185.009   492246.005   492540.009
   555:   492662.005   492673.009   492812.005   492905.009   493559.001
   560:   495638.003   495676.001   496201.003   498776.005   499584.009
   565:   499612.005   503458.009   503537.005   503545.009   503550.005
   570:   503567.009   508093.005   508284.009   508687.001   511804.003
   575:   513771.001   515216.003   515256.001   516204.003   517631.005
   580:   517646.009   517819.005   517854.009   518036.005   518076.009
   585:   518677.001   522177.018   522508.003   522514.016   522564.026
   590:   522670.005   523772.009   523815.005   524115.009   524809.005
   595:   526020.009   526064.005   526582.009   526606.005   526888.009
   600:   526895.005   526905.009   526913.005   528311.009   528356.005
   605:   528383.009   528402.005   528587.009   528603.005   530062.009
   610:   534203.005   534792.009   535128.001   538090.003   539743.001
   615:   543243.018   543331.003   543337.016   543387.026   543446.005
   620:   544395.009   553081.005   554428.009   556206.005   557038.009
   625:   557420.001   557869.003   561252.005   561651.009   562050.001
   630:   564549.003   565325.005   565518.009   565847.001   567921.003
   635:   567978.001   568254.003   568396.001   568709.003   576669.005
   640:   576681.009   576690.005   576802.009   576831.005   576846.009
   645:   577125.001   579769.003   581316.001   584247.003   584275.001
   650:   585255.003   587424.001   588174.003   588223.001   590483.003
   655:   590544.001   591658.003   593066.005   593097.009   593170.005
   660:   593599.009   596841.005   596906.009   597007.005   597023.009
   665:   597332.001   600832.018   600842.003   600848.016   600898.026
   670:   600987.005   604136.009   604216.005   604906.009   605432.005
   675:   605539.009   605566.005   605576.009   605716.005   605732.009
   680:   606232.001   607728.003   607876.001   608183.003   608217.001
   685:   608334.003   608412.001   608441.003   608463.001   608476.003
   690:   608568.001   609116.003   613047.001   616547.018   616771.003
   695:   616777.016   616800.001   616827.026   616909.003   616964.005
   700:   617923.009   617939.005   618074.009   618157.005   618292.009
   705:   618392.005   618424.009   618463.005   618500.009   618546.005
   710:   618658.009   618930.005   618965.009   618998.005   619031.009
   715:   619039.005   619136.009   619718.005   619910.009   620795.001
   720:   623194.003   625551.005   625777.009   626546.001   626977.003
   725:   627856.001   627890.003   628657.001   628705.003   628894.001
   730:   630179.003   631147.005   631458.009   631518.005   631570.009
   735:   636773.005   636963.009   636988.005   637024.009   637270.001
   740:   638848.003   638894.001   639649.003   642043.001   645543.018
   745:   646138.003   646144.016   646194.026   646280.005   647960.009
   750:   647977.005   648078.009   648351.005   648371.009   649221.001
   755:   650703.003   650904.001   651028.003   653640.001   653996.003
   760:   655851.001   655887.003   655929.001   656118.003   656138.001
   765:   657496.003   659162.005   659297.009   660254.005   660306.009
   770:   660497.005   660529.009   661062.005   661261.009   661872.001
   775:   662212.003   672512.005   672773.009   673059.001   676559.018
   780:   676661.003   676667.016   676717.026   676819.005   677474.009
   785:   677552.005   677560.009   677574.005   679088.009   679119.005
   790:   679333.009   679342.005   679834.009   682521.001   683680.003
   795:   683711.001   683883.003   683936.001   684036.003   684062.001
   800:   684552.003   684581.001   684805.003   684841.001   685033.003
   805:   688844.001   689876.003   689929.001   689947.003   697834.005
   810:   698160.009   698611.001   700982.003   702660.005   702870.009
   815:   703424.001   705145.003   705183.001   705238.003   705313.001
   820:   706104.003   707714.005   707811.009   708503.001   708615.003
   825:   708720.001   709712.003   709890.001   710154.003   710788.001
   830:   710904.003   710942.001   711849.003   711918.001   712147.003
   835:   712287.001   712321.003   712472.001   712691.003   715097.005
   840:   715149.009   719934.005   720041.009   720461.001   722048.003
   845:   722320.005   723290.009   723645.001   726477.003   734973.005
   850:   735407.009   735464.005   735522.009   740513.005   740560.009
   855:   740680.005   740715.009   740758.005   740787.009   741046.001
   860:   741304.003   741920.001   743878.003   745535.005   745589.009
   865:   745627.005   745658.009   745702.005   745753.009   746711.001
   870:   747438.003   747462.001   747602.003   747738.001   747952.003
   875:   748053.001   748179.003   754418.005   754804.009   754940.005
   880:   755099.009   755560.001   758092.003   760072.001   760202.003
   885:   760569.005   761223.009   761798.005   761800.009   766238.005
   890:   766645.009   766986.001   769302.003   770690.005   770791.009
   895:   770823.005   770951.009   771611.005   771642.009   771746.005
   900:   771754.009   771817.005   771853.009   772390.001   772679.003
   905:   773475.001   774375.003   774408.001   775101.003   775234.001
   910:   775275.003   775409.001   775462.003   798293.005   798377.009
   915:   803382.005   803623.009   804165.001   806430.003   807873.005
   920:   808042.009   809344.005   809430.009   815414.005   815738.009
   925:   816112.001   817948.003   819652.005   819696.009   819742.005
   930:   819816.009   819928.005   819950.009   820405.001   820463.003
   935:   820713.001   821808.003   821837.001   822135.003   822161.001
   940:   822904.003   827782.005   827977.009   828014.005   828040.009
   945:   828133.005   828159.009   828297.005   828333.009   828715.001
   950:   831465.003   834359.005   835635.009   835857.005   835887.009
   955:   835987.005   836202.009   840495.005   840540.009   841007.001
   960:   841076.003   841153.001   842454.003   842527.001   843209.003
   965:   844023.005   844130.009   844205.005   844266.009   844614.001
   970:   847100.003   848922.005   848958.009   849498.001   852122.003
   975:   855151.005   855206.009   856682.001   858656.003   860657.001
   980:   862869.003   864565.005   864788.009   866282.001   868532.003
   985:   872438.005   872547.009   872618.005   872918.009   873257.001
   990:   873469.003   873529.001   876240.003   878170.005   878228.009
   995:   878383.005   878428.009   878961.001   880718.003   880745.001
  1000:   881573.003   883740.001   886396.003   893024.005   893392.009
  1005:   893763.001   896792.003   899099.001   901934.003   904295.001
  1010:   906642.003   906693.001   906759.003   907911.005   907950.009
  1015:   908566.001   911657.003   913175.005   913436.009   913482.005
  1020:   913574.009   913597.005   913736.009   913870.005   913882.009
  1025:   914787.005   914815.009   915304.001   918344.003   918428.001
  1030:   918566.003   920653.005   920745.009   923778.001   924942.003
  1035:   926230.005   926427.009   944645.005   944857.009   945186.001
  1040:   947535.003   948678.005   948759.009   948795.005   948833.009
  1045:   949174.001   952065.003   952088.001   952239.003   953138.005
  1050:   953159.009   953193.005   953257.009   953324.005   953396.009
  1055:   953840.001   957088.003   957251.001   957551.003   957603.001
  1060:   957709.003   960862.001   960937.003   961348.001   962036.003
  1065:   962994.001   965063.003   967436.001   970223.003   970265.001
  1070:   970717.003   974311.001   977577.003   979484.005   979649.009
  1075:   979795.005   979805.009  1017241.005  1017447.009  1021514.005
  1080:  1021755.009  1021778.005  1021782.009  1021851.005  1021905.009
  1085:  1023269.005  1023281.009  1023301.005  1023801.009  1023824.005
  1090:  1023852.009  1023886.005  1024127.009  1024136.005  1025601.009
  1095:  1025657.005  1026102.009  1026160.005  1026379.009  1026390.005
  1100:  1026427.009  1030827.005  1031105.009  1031564.001  1031896.003
  1105:  1031971.001  1035078.003  1036004.005  1036067.009  1036510.001
  1110:  1039610.003  1040982.005  1041022.009  1041761.001  1045241.003
  1115:  1047693.005  1047857.009  1048004.005  1048039.009  1048127.005
  1120:  1048238.009  1048810.001  1051254.003  1051840.001  1053028.003
  1125:  1057846.001  1061017.003  1061308.001  1061427.003  1061633.001
  1130:  1061808.003  1061982.001  1062058.003  1066425.005  1066848.009
  1135:  1067267.001  1070767.018  1071573.003  1071579.016  1071629.026
  1140:  1071703.005  1072759.009  1072796.005  1072886.009  1073067.005
  1145:  1073380.009  1073424.005  1073432.009  1073453.005  1073988.009
  1150:  1074874.005  1074892.009  1074899.005  1074965.009  1075094.005
  1155:  1075151.009  1075741.001  1076621.003  1076656.001  1078961.003
  1160:  1081683.005  1081844.009  1081902.005  1082670.009  1082717.005
  1165:  1083289.009  1084280.001  1087394.003  1091152.005  1092879.009
  1170:  1093413.001  1096317.003  1100430.005  1100562.009  1100599.005
  1175:  1100692.009  1100757.005  1100842.009  1101165.001  1101218.003
  1180:  1101594.001  1102018.003  1102389.001  1105392.003  1108206.005
  1185:  1108308.009  1108363.005  1108407.009  1108504.005  1108857.009
  1190:  1109610.001  1112907.003  1115351.005  1115417.009  1115504.005
  1195:  1115565.009  1117510.001  1117996.003  1118350.005  1118355.009
  1200:  1118372.005  1118496.009  1128067.005  1128133.009  1128140.005
  1205:  1128256.009  1128643.001  1129174.003  1132882.001  1134741.003
  1210:  1135248.005  1135300.009  1135954.001  1138531.003  1138544.001
  1215:  1139040.003  1141453.001  1144801.003  1144866.001  1145034.003
  1220:  1145072.001  1145182.003  1148161.001  1151113.003  1156780.001
  1225:  1157986.003  1158070.001  1158444.003  1160589.001  1164089.018
  1230:  1164150.003  1164156.016  1164206.026  1164288.005  1165281.009
  1235:  1165283.005  1165946.009  1165953.005  1166116.009  1166163.005
  1240:  1166339.009  1166510.005  1167044.009  1167186.005  1167262.009
  1245:  1168613.005  1168632.009  1168659.005  1168686.009  1169056.001
  1250:  1171280.003  1171414.001  1171456.003  1172808.005  1173581.009
  1255:  1188823.005  1188906.009  1189377.001  1191719.003  1193262.001
  1260:  1195913.003  1196015.001  1196434.003  1197626.005  1197670.009
  1265:  1198470.001  1201750.003  1213437.005  1213676.009  1214052.001
  1270:  1217552.018  1217667.003  1217673.016  1217723.026  1217747.005
  1275:  1219523.009  1219531.005  1219958.009  1223237.005  1223458.009
  1280:  1223820.001  1225424.003  1227895.001  1230359.003  1231452.005
  1285:  1231544.009  1231906.005  1231918.009  1231941.005  1231998.009
  1290:  1237898.001  1240039.003  1240983.005  1241048.009  1241316.005
  1295:  1241404.009  1245559.001  1246734.003  1247102.001  1247655.003
  1300:  1247980.001  1248674.003  1263546.005  1263706.009  1263970.005
  1305:  1264111.009  1264133.005  1264448.009  1268086.005  1268107.009
  1310:  1274496.005  1274975.009  1275301.001  1277876.003  1279228.001
  1315:  1281947.003  1281977.001  1282289.003  1285677.005  1285745.009
  1320:  1285794.005  1285923.009  1285950.005  1285997.009  1286184.005
  1325:  1286642.009  1286666.005  1286717.009  1287000.005  1287099.009
  1330:  1287381.001  1290480.003  1308768.005  1308931.009  1309330.001
  1335:  1312007.003  1312048.001  1312558.003  1314228.001  1316380.003
  1340:  1316452.001  1316588.003  1316635.001  1316842.003  1317600.005
  1345:  1318067.009  1318654.001  1322080.003  1325528.001  1326893.003
  1350:  1327013.001  1327400.003  1327594.001  1327872.003  1328739.005
  1355:  1328753.009  1328805.005  1328810.009  1362993.005  1363083.009
  1360:  1363148.005  1363199.009  1364360.001  1364539.003  1364795.005
  1365:  1365209.009  1417463.001  1419338.003  1419677.005  1420188.009
  1370:  1421637.001  1423638.003  1447536.005  1447693.009  1447737.005
  1375:  1447795.009  1448107.001  1448218.003  1448375.001  1450444.003
  1380:  1454219.001  1455652.003  1465081.005  1465252.009  1465665.001
  1385:  1468758.003  1468882.001  1469273.003  1469706.005  1469795.009
  1390:  1469822.005  1470121.009  1470687.001  1474187.018  1474823.003
  1395:  1474829.016  1474879.026  1474958.005  1477469.009  1477550.005
  1400:  1477777.009  1480148.005  1481463.009
B:
     0:        0.000      284.000        0.000      284.000        0.000
     5:      394.000        0.000        0.000        0.000      394.000
    10:        0.000        1.000        0.000        1.000        0.000
    15:        0.000       15.000        0.000       15.000        0.000
    20:        0.000        0.000        0.000        0.000        0.000
    25:        0.000       15.000        0.000        0.000        0.000
    30:        0.000
D:
     0:  3339051.000  3334916.000  3339052.000
E:
     0:     3500.000     3500.000
T:
     0:        0.000        0.000        0.000        0.000
W:
     0:        0.000        0.000        0.000
