File: C:\MED-PC IV\Data\Reyes\AY\AY2054.999


Start Date: 11/06/24
End Date: 11/06/24
Subject: 54
Experiment: AY
Group: LINEAR
Box: 4
Start Time: 13:51:13
End Time: 14:41:13
MSN: DRRD_lin
C:       0.000
F:       0.000
G:       0.000
H:       0.000
I:       0.000
J:       0.000
K:    4000.000
L:       0.000
M:       0.000
N:       0.000
O:       0.000
P:       0.000
Q:       0.000
R:       0.000
S:       0.000
U:  914447.000
V:       0.000
X:       0.000
Y:    1596.000
Z:       0.000
A:
     0:     4717.005     6346.009     8502.005     9175.009    14014.005
     5:    14074.009    14083.005    14963.009    15000.013    15000.011
    10:    15473.001    15612.003    15636.001    15773.003    15815.001
    15:    17109.003    17324.005    18153.009    18831.001    18884.003
    20:    18930.001    18959.003    19094.001    19114.003    19179.001
    25:    20859.003    21203.001    22481.003    22813.005    22881.009
    30:    23191.001    23227.003    23389.001    23423.003    23461.001
    35:    23680.003    23704.001    24244.003    24268.001    25611.003
    40:    25996.001    27280.003    27301.001    28414.003    28993.005
    45:    29683.009    29693.005    29729.009    29800.005    30022.009
    50:    30795.001    32782.003    32837.001    34203.003    34726.001
    55:    34775.003    34818.001    36022.003    36033.001    37085.003
    60:    37507.005    37990.009    38385.001    38428.003    38492.001
    65:    38542.003    38596.001    40596.018    41252.003    41258.016
    70:    41308.026    41361.005    42028.009    42249.005    43680.009
    75:    45211.001    45304.003    45404.001    45423.003    45485.001
    80:    45546.003    45567.001    45780.003    45841.001    46500.003
    85:    46527.001    47009.003    47687.001    47724.003    47843.001
    90:    47880.003    47911.001    48329.003    48365.001    49765.003
    95:    50533.005    51496.009    51682.005    51708.009    64478.001
   100:    64797.003    64822.001    64879.003    64995.001    65260.003
   105:    65301.001    65609.003    65672.001    66000.003    66026.001
   110:    66759.003    67084.005    67405.009    70994.001    71082.003
   115:    71101.001    71211.003    71269.001    71999.003    72067.001
   120:    73401.003    75011.001    75025.003    75066.001    77066.018
   125:    77070.003    77076.016    77126.026    77175.005    77766.009
   130:    78284.005    79076.009    80386.001    80413.003    80527.001
   135:    80832.003    80915.001    81125.003    81547.001    81885.003
   140:    83108.001    83831.003    83991.001    84164.003    84284.001
   145:    84973.003    85697.001    86797.003    86852.001    87280.003
   150:    90487.001    91040.003    91057.001    91297.003    91310.001
   155:    92183.003    92747.001    94666.003    95357.001    95872.003
   160:    95931.001    97413.003    97898.005    98215.009    98895.001
   165:    99576.003    99583.001   100678.003   101485.001   102022.003
   170:   102063.001   103526.003   103904.001   105408.003   106330.001
   175:   106481.003   106530.001   106591.003   106621.001   108621.018
   180:   108784.003   108790.016   108840.026   108890.005   109840.009
   185:   109873.005   111978.009   111993.005   112022.009   112559.005
   190:   112653.009   112708.005   112757.009   112828.005   112998.009
   195:   113019.005   113059.009   114174.001   114201.003   114322.001
   200:   114421.003   114477.001   114755.003   114856.001   115909.003
   205:   116517.005   116679.009   117319.001   117415.003   117590.001
   210:   118747.003   118791.001   119608.003   123083.005   125359.009
   215:   125472.005   125487.009   127950.001   128042.003   128091.001
   220:   128710.003   128752.001   129223.003   134000.005   135004.009
   225:   135356.001   137356.018   137863.003   137869.016   137919.026
   230:   137979.005   140977.009   142415.001   142433.003   142539.001
   235:   143531.003   144051.005   144256.009   144882.001   146217.003
   240:   148457.001   149218.003   149265.001   150221.003   150579.005
   245:   150696.009   151568.001   153260.003   153936.001   155621.003
   250:   155968.005   156064.009   156680.001   157224.003   195188.001
   255:   195448.003   195860.005   195928.009   196607.001   196635.003
   260:   196868.001   198131.003   198632.001   200254.003   200944.005
   265:   200957.009   200965.005   201074.009   204286.005   204710.009
   270:   204722.005   204855.009   204862.005   205551.009   205730.005
   275:   206065.009   206600.001   206857.003   206934.001   207755.003
   280:   207845.001   207987.003   208035.001   208903.003   209754.001
   285:   209800.003   209920.001   211920.018   212167.003   212173.016
   290:   212223.026   212286.005   214857.009   216282.001   217108.003
   295:   217212.001   217882.003   218576.005   218728.009   219449.001
   300:   220274.003   220346.001   220485.003   220533.001   221288.003
   305:   221853.001   223107.003   224258.001   225615.003   226200.001
   310:   226831.003   226869.001   227796.003   228952.001   229075.003
   315:   229183.001   229543.003   229580.001   230728.003   231260.005
   320:   231638.009   232511.001   232645.003   232676.001   234308.003
   325:   235154.001   236713.003   237075.001   237131.003   237164.001
   330:   238251.003   238820.001   240203.003   241001.001   242108.003
   335:   242470.001   242513.003   242536.001   243729.003   244606.001
   340:   246606.018   246612.003   246618.016   246668.026   246722.005
   345:   247697.009   249700.001   249754.003   249879.001   251076.003
   350:   251112.001   251202.003   252029.001   252117.003   252303.001
   355:   252650.003   252708.001   253538.003   255052.001   255230.003
   360:   255291.001   256369.003   256854.005   257081.009   257149.005
   365:   257239.009   257994.001   258181.003   258356.001   259173.003
   370:   259203.001   260300.003   260933.001   262757.003   265268.001
   375:   267030.003   267416.005   267588.009   272213.005   272667.009
   380:   272722.005   272751.009   273191.001   275191.018   275233.003
   385:   275239.016   275289.026   275340.005   277486.009   279247.001
   390:   279877.003   279926.001   280281.003   280797.005   280959.009
   395:   281404.001   281496.003   281522.001   282649.003   283593.001
   400:   284340.003   284372.001   284951.003   285271.005   285521.009
   405:   286578.001   286855.003   286878.001   287918.003   288525.001
   410:   290029.003   290535.001   290558.003   290606.001   292355.003
   415:   293917.001   294060.003   294135.001   294180.003   294236.001
   420:   295849.003   296428.005   297066.009   298217.001   298258.003
   425:   298325.001   299945.003   300827.001   302383.003   302991.001
   430:   304656.003   305232.001   307014.003   307454.005   307662.009
   435:   312556.005   312629.009   312655.005   313072.009   313596.001
   440:   314155.003   314241.001   315165.003   315748.005   316578.009
   445:   317397.001   318656.003   319354.001   319396.003   319468.001
   450:   321038.003   322063.001   322094.003   322154.001   324073.003
   455:   325405.001   325611.003   325669.001   326873.003   327815.001
   460:   327913.003   327958.001   329749.003   330321.001   332321.018
   465:   332623.003   332629.016   332679.026   332731.005   335258.009
   470:   341261.001   341530.003   343276.005   343422.009   344927.001
   475:   346531.003   348330.005   348365.009   348373.005   348736.009
   480:   349647.001   351387.003   352307.001   352459.003   352488.001
   485:   353307.003   353346.001   353683.003   353726.001   354540.003
   490:   355154.005   355323.009   356095.001   356904.003   357581.001
   495:   359139.003   359212.001   359552.003   360584.001   362355.003
   500:   362618.005   363216.009   363862.001   365190.003   366449.001
   505:   366487.003   366545.001   368212.003   368887.005   369050.009
   510:   369510.001   369577.003   369591.001   371591.018   371686.003
   515:   371692.016   371742.026   371878.005   372175.009   372601.005
   520:   374542.009   374689.005   374694.009   374719.005   374932.009
   525:   375017.005   376583.009   376655.005   376677.009   380181.005
   530:   380231.009   380263.005   380273.009   380337.005   380493.009
   535:   381093.001   382445.003   383663.001   383883.003   384076.001
   540:   384134.003   384175.001   385189.003   385353.001   385812.003
   545:   385825.001   385963.003   386722.005   387046.009   392319.001
   550:   392382.003   392416.001   392646.003   392929.001   393044.003
   555:   393091.001   393134.003   393174.001   393649.003   393691.001
   560:   394450.003   395631.005   395750.009   396504.001   396903.003
   565:   397058.001   398228.003   398759.001   400535.003   401506.001
   570:   403366.003   403985.001   404035.003   404054.001   405121.003
   575:   405564.001   407031.003   407646.001   409369.003   410296.001
   580:   411767.003   412170.005   412568.009   415822.005   416066.009
   585:   416079.005   416169.009   416176.005   416929.009   417122.005
   590:   417225.009   417541.001   418698.003   418995.001   419087.003
   595:   419104.001   419551.003   419573.001   419983.003   419997.001
   600:   420023.003   420039.001   420568.003   421369.005   421453.009
   605:   422365.001   423896.003   425245.001   425301.003   425342.001
   610:   425671.003   425711.001   426765.003   426898.005   427346.009
   615:   431960.001   432436.003   432447.001   433305.003   433334.001
   620:   433748.003   434350.005   434360.009   435237.001   437230.003
   625:   438300.001   440300.018   440307.003   440313.016   440363.026
   630:   440438.005   441063.009   441079.005   441288.009   441316.005
   635:   443038.009   446501.005   446651.009   446745.005   446814.009
   640:   446914.005   447023.009   447367.001   448004.003   448060.001
   645:   448802.003   449423.005   450041.009   450853.001   450950.003
   650:   451093.001   452484.003   453636.001   454798.003   455743.001
   655:   455839.003   455879.001   457267.003   457852.005   458344.009
   660:   461413.005   461932.009   462482.001   463001.003   463172.001
   665:   464638.003   465592.001   467187.003   467710.005   467838.009
   670:   468772.001   470456.003   471060.005   471183.009   471981.001
   675:   473853.003   474733.005   474853.009   474977.005   475070.009
   680:   475806.001   476072.003   476351.001   478242.003   478738.001
   685:   478921.003   478973.001   480539.003   481416.001   483035.003
   690:   484486.005   484545.009   487238.001   487314.003   487350.001
   695:   489158.003   489681.001   491681.018   491808.003   491814.016
   700:   491864.026   491904.005   492123.009   493300.005   496041.009
   705:   498078.001   498197.003   498252.001   499649.003   500085.005
   710:   500219.009   500529.005   500592.009   501388.001   501404.003
   715:   501444.001   502999.003   503804.005   503915.009   504786.001
   720:   504877.003   504921.001   505749.003   505839.001   506992.003
   725:   507782.001   507883.003   507976.001   508237.003   508282.001
   730:   509375.003   509396.001   509776.003   510263.005   510505.009
   735:   510508.005   510714.009   511587.001   513587.018   513892.003
   740:   513898.016   513948.026   513999.005   515975.009   515997.005
   745:   516017.009   516029.005   517350.009   518449.005   519284.009
   750:   519306.005   519357.009   519422.005   519482.009   519639.005
   755:   520312.009   522265.001   522311.003   522485.001   523967.003
   760:   525701.001   527161.003   528272.001   528415.003   528445.001
   765:   528720.003   528875.001   529136.003   529238.001   529840.003
   770:   530849.001   531997.003   532621.005   532626.009   532671.005
   775:   532684.009   533120.005   533387.009   535359.001   536913.003
   780:   537034.005   537554.009   577793.001   578534.003   579098.005
   785:   579117.009   579139.005   579396.009   580207.001   580257.003
   790:   581902.001   581938.003   581986.001   582068.003   582222.001
   795:   583128.003   583632.005   583648.009   583749.005   583768.009
   800:   584457.001   584476.003   585004.001   585538.003   585603.001
   805:   586599.003   587583.001   589102.003   590043.001   591674.003
   810:   592139.005   592466.009   614590.005   614745.009   614748.005
   815:   615027.009   615635.001   616081.003   616126.001   616180.003
   820:   616198.001   617074.003   617119.001   617299.003   617504.001
   825:   617541.003   617629.005   617850.009   619355.001   619514.003
   830:   619732.001   619906.003   619990.001   620203.003   620826.001
   835:   621068.003   621506.005   621727.009   622415.001   622663.003
   840:   622879.001   623004.003   623077.001   624642.003   625189.005
   845:   625319.009   626573.001   628025.003   628641.005   628711.009
   850:   628977.005   629123.009   630026.001   630144.003   630316.001
   855:   632015.003   632709.005   632789.009   633577.001   634934.003
   860:   635561.005   635651.009   635764.005   635808.009   637065.005
   865:   637571.009   640349.005   640552.009   640571.005   641025.009
   870:   648508.005   648625.009   649198.001   650512.003   650558.001
   875:   650933.003   650986.001   651229.003   651689.005   652142.009
   880:   653138.001   653184.003   653299.001   653509.003   653542.001
   885:   654773.003   655636.001   657310.003   658148.001   658266.003
   890:   658450.001   659722.003   660341.005   660443.009   660529.005
   895:   660673.009   661390.001   663099.003   663980.001   665724.003
   900:   667125.001   667232.003   667376.001   668041.003   668072.001
   905:   668835.003   669230.005   669443.009   669931.001   669963.003
   910:   670045.001   670076.003   670116.001   670445.003   670468.001
   915:   670966.003   671770.001   673249.003   674067.005   674334.009
   920:   675550.001   675796.003   675817.001   677817.018   677942.003
   925:   677948.016   677998.026   678026.005   679637.009   681729.001
   930:   683061.003   684024.005   684291.009   684967.001   686568.003
   935:   687927.001   689863.003   690797.001   691117.003   691158.001
   940:   691230.003   691283.001   692624.003   693957.001   695730.003
   945:   697081.001   697875.003   698698.001   700118.003   700471.005
   950:   700621.009   700718.005   700778.009   700843.005   700862.009
   955:   700909.005   700993.009   703527.001   705298.003   706524.005
   960:   706658.009   707618.001   707684.003   707784.001   709515.003
   965:   711040.001   712538.003   719019.005   719372.009   719808.001
   970:   721681.003   722050.005   722722.009   723380.001   723730.003
   975:   723772.001   724835.003   724918.001   726318.003   727023.005
   980:   727076.009   727286.005   727300.009   728512.001   728556.003
   985:   728778.001   728796.003   728844.001   728917.003   728953.001
   990:   729747.003   729794.001   730191.003   730755.005   730889.009
   995:   731948.001   733795.003   735111.001   735322.003   735339.001
  1000:   736797.003   737997.001   739964.003   740831.001   742831.018
  1005:   742897.003   742903.016   742953.026   742999.005   745567.009
  1010:   748851.005   748920.009   749035.005   749348.009   749373.005
  1015:   750093.009   750472.001   752147.003   752666.005   753496.009
  1020:   753500.005   753548.009   753988.001   755988.018   756678.003
  1025:   756684.016   756734.026   756780.005   757587.009   757599.005
  1030:   758000.009   758067.005   758073.009   758108.005   758246.009
  1035:   758273.005   758489.009   758555.005   758614.009   758627.005
  1040:   759830.009   759925.005   759942.009   760034.005   760080.009
  1045:   760552.005   760689.009   761163.001   762109.003   763606.001
  1050:   764305.003   764368.001   765309.003   766043.005   766139.009
  1055:   766702.001   767041.003   767081.001   768498.003   769493.001
  1060:   770939.003   772079.001   772278.003   772315.001   773874.003
  1065:   774447.005   774470.009   774478.005   774771.009   776053.001
  1070:   776514.003   776588.001   777455.003   777866.005   777995.009
  1075:   778157.005   778203.009   779060.001   779085.003   779104.001
  1080:   779662.003   779697.001   781360.003   782486.005   782503.009
  1085:   782591.005   782722.009   783400.001   785370.003   786367.001
  1090:   787826.003   788767.001   789587.003   789618.001   789910.003
  1095:   790645.005   791081.009   793085.001   794863.003   795300.005
  1100:   796135.009   811009.005   811172.009   811845.001   811916.003
  1105:   817465.001   817512.003   817830.005   818027.009   821308.005
  1110:   821663.009   821927.001   822429.003   822475.001   823125.003
  1115:   828363.005   829163.009   843309.005   843845.009   844740.001
  1120:   845041.003   845119.001   846232.003   846515.005   847082.009
  1125:   847682.001   848024.003   848130.001   849409.003   850058.005
  1130:   850150.009   850636.001   850759.003   850790.001   852086.003
  1135:   853002.001   854695.003   855387.001   857370.003   857898.005
  1140:   858437.009   858553.005   858764.009   859501.001   861467.003
  1145:   862372.005   862405.009   863188.001   864832.003   865573.005
  1150:   865932.009   866548.005   866606.009   866823.005   867153.009
  1155:   869006.001   871006.018   871316.003   871322.016   871372.026
  1160:   871412.005   872213.009   872389.005   872423.009   872559.005
  1165:   872809.009   872829.005   872864.009   872897.005   872945.009
  1170:   872954.005   873045.009   873179.005   874391.009   876244.001
  1175:   876438.003   876478.001   877518.003   878191.005   878552.009
  1180:   878782.005   878826.009   878847.005   878874.009   880188.001
  1185:   880291.003   881255.001   881439.003   881675.001   881784.003
  1190:   881859.001   882245.003   882405.001   882626.003   882854.001
  1195:   883035.003   885203.005   885248.009   885268.005   885299.009
  1200:   885584.005   885662.009   888020.001   888268.003   888618.001
  1205:   889563.003   889624.001   890764.003   892381.001   894225.003
  1210:   894922.005   894949.009   894968.005   895108.009   895820.001
  1215:   895922.003   896085.001   898085.018   898136.003   898142.016
  1220:   898192.026   898234.005   899924.009   904552.001   905566.003
  1225:   906802.005   907072.009   907854.001   908152.003   908309.001
  1230:   909979.003   911231.001   912875.003   914173.001   914232.003
  1235:   914493.001   916350.003   917721.005   918005.009   918062.005
  1240:   918131.009   918805.005   918837.009   920327.005   920353.009
  1245:   920360.005   920504.009   921520.001   921639.003   921860.001
  1250:   921929.003   922113.001   923010.003   923894.001   924019.003
  1255:   924128.001   925454.003   927025.001   928247.003   928640.005
  1260:   928946.009   950340.005   950388.009   950416.005   950440.009
  1265:   950785.001   951568.003   951919.001   952116.003   952357.005
  1270:   952597.009   972571.005   972594.009   972710.005   972842.009
  1275:   983032.001   983075.003   983394.005   983707.009   987563.001
  1280:   987692.003   987767.001   988717.003   989597.001   989685.003
  1285:   989723.001   991053.003   991215.001   991520.003   992406.005
  1290:   992654.009   992690.005   992747.009   993404.001   994715.003
  1295:   994744.001   995248.003   995984.005   996063.009   996097.005
  1300:   996127.009   996144.005   996246.009   996987.001   998332.003
  1305:   999356.005   999374.009  1001667.001  1003269.003  1004094.001
  1310:  1005623.003  1007248.001  1007323.003  1007408.001  1007499.003
  1315:  1007594.001  1008894.003  1010170.001  1010223.003  1010341.001
  1320:  1012163.003  1012755.005  1013031.009  1013352.005  1013420.009
  1325:  1014101.001  1014114.003  1014327.001  1016327.018  1016406.003
  1330:  1016412.016  1016462.026  1016522.005  1016674.009  1016685.005
  1335:  1016688.009  1016904.005  1018551.009  1019130.005  1019203.009
  1340:  1020445.001  1021561.003  1021581.001  1021867.003  1022825.001
  1345:  1022949.003  1022972.001  1024616.003  1025128.005  1026040.009
  1350:  1029514.001  1030877.003  1031056.005  1031704.009  1040315.005
  1355:  1040329.009  1040350.005  1040376.009  1040462.005  1040525.009
  1360:  1040581.005  1040618.009  1041124.001  1041928.003  1041958.001
  1365:  1042710.003  1044096.001  1045435.003  1048500.001  1048586.003
  1370:  1048817.001  1048934.003  1048998.001  1049965.003  1050644.005
  1375:  1050661.009  1067323.005  1067592.009  1068178.001  1068358.003
  1380:  1119322.001  1119431.003  1119563.005  1119801.009  1149116.005
  1385:  1149139.009  1149176.005  1149219.009  1160756.005  1160769.009
  1390:  1160803.005  1160840.009  1161529.005  1161706.009  1175662.005
  1395:  1175839.009  1195871.005  1195990.009  1196072.005  1196168.009
  1400:  1196488.001  1196992.003  1197145.005  1197315.009  1226549.005
  1405:  1226585.009  1226637.005  1226717.009  1231083.005  1231374.009
  1410:  1232169.001  1232490.003  1232623.005  1233145.009  1233434.001
  1415:  1234026.003  1234076.001  1234608.003  1236792.005  1236815.009
  1420:  1236857.005  1237295.009  1238140.001  1238371.003  1238699.001
  1425:  1239135.003  1239225.001  1239803.003  1240129.005  1240368.009
  1430:  1240840.001  1240909.003  1241019.001  1241115.003  1241251.001
  1435:  1241478.003  1241525.001  1242295.003  1243149.001  1244338.003
  1440:  1245105.005  1245655.009  1246621.001  1246778.003  1246821.001
  1445:  1246923.003  1246978.001  1248383.003  1248779.005  1249056.009
  1450:  1249076.005  1249538.009  1250259.001  1250436.003  1250497.001
  1455:  1251615.003  1252495.005  1252542.009  1253207.001  1253290.003
  1460:  1253323.001  1254760.003  1255586.005  1255971.009  1278219.005
  1465:  1278243.009  1278362.005  1278421.009  1278833.001  1279338.003
  1470:  1279487.005  1279544.009  1289352.005  1289448.009  1289486.005
  1475:  1289658.009  1290196.001  1291018.003  1291254.005  1291361.009
  1480:  1291421.005  1291868.009  1292268.001  1292484.003  1292583.001
  1485:  1293451.003  1293810.005  1293827.009  1293933.005  1294320.009
  1490:  1294758.001  1295810.003  1295820.001  1296207.003  1296638.005
  1495:  1296714.009  1350325.005  1350401.009  1362509.005  1362626.009
  1500:  1362895.001  1363094.003  1363344.001  1363377.003  1363559.001
  1505:  1363613.003  1363838.005  1364016.009  1376374.005  1376456.009
  1510:  1376504.005  1376538.009  1376777.001  1377334.003  1377461.005
  1515:  1377723.009  1378040.001  1379271.003  1379401.005  1379728.009
  1520:  1384982.005  1385032.009  1385383.001  1385839.003  1386018.001
  1525:  1386345.003  1386663.005  1386986.009  1387542.001  1388355.003
  1530:  1388413.005  1388901.009  1394669.005  1394895.009  1395224.001
  1535:  1395720.003  1396134.001  1396216.003  1396303.001  1396490.003
  1540:  1396641.005  1396875.009  1401498.005  1401503.009  1401615.005
  1545:  1401672.009  1401688.005  1401915.009  1402142.001  1402626.003
  1550:  1425415.001  1425587.003  1425986.005  1426436.009  1435496.005
  1555:  1435669.009  1435743.005  1435749.009  1436051.001  1436814.003
  1560:  1449566.005  1449705.009  1449897.001  1450181.003  1454566.005
  1565:  1454691.009  1466599.005  1466606.009  1466618.005  1466644.009
  1570:  1467063.005  1467162.009  1467377.001  1467600.003  1477541.005
  1575:  1477683.009  1478239.001  1478270.003  1478439.001  1478464.003
  1580:  1478600.005  1478706.009  1479017.005  1479137.009  1479361.001
  1585:  1479436.003  1479460.001  1479521.003  1479639.001  1479744.003
  1590:  1479940.001  1480021.003  1480259.005  1480397.009  1499047.005
  1595:  1499175.009
B:
     0:        0.000      472.000        0.000      472.000        0.000
     5:      298.000        0.000        0.000        0.000      298.000
    10:        0.000        1.000        0.000        1.000        0.000
    15:        0.000       18.000        0.000       18.000        0.000
    20:        0.000        0.000        0.000        0.000        0.000
    25:        0.000       18.000        0.000        0.000        0.000
    30:        0.000
D:
     0:  2394467.000  2394387.000  2394468.000
E:
     0:     2000.000     2000.000
T:
     0:        0.000        0.000        0.000        0.000
W:
     0:        0.000        0.000        0.000
