File: C:\MED-PC IV\Data\Reyes\AY\AY2073.999


Start Date: 11/07/24
End Date: 11/07/24
Subject: 73
Experiment: AY
Group: LINEAR
Box: 5
Start Time: 16:23:27
End Time: 17:13:27
MSN: DRRD_lin
C:       0.000
F:       0.000
G:       0.000
H:       0.000
I:       0.000
J:       0.000
K:    9000.000
L:       0.000
M:       0.000
N:       0.000
O:       0.000
P:       0.000
Q:       0.000
R:       0.000
S:       0.000
U: 6376373.000
V:       0.000
X:       0.000
Y:    1416.000
Z:       0.000
A:
     0:      500.005      504.009      509.005     1103.009     3322.005
     5:     3498.009     7048.005     7210.009     7597.005     7971.009
    10:    11903.005    11974.009    12703.005    13227.009    15000.013
    15:    15000.011    15515.001    15535.003    15783.001    18349.003
    20:    18386.001    18421.003    18468.001    18500.003    18521.001
    25:    18533.003    18613.001    21171.003    21782.005    21849.009
    30:    22186.001    25898.003    26652.001    28056.003    28959.001
    35:    28988.003    29274.001    29364.003    29425.001    29688.003
    40:    29745.001    31104.003    31424.001    31545.003    31690.001
    45:    31715.003    31788.001    35163.003    35632.005    35677.009
    50:    36152.001    36228.003    36237.001    39686.003    39995.005
    55:    40104.009    40360.001    44476.003    45205.001    49705.018
    60:    50356.003    50362.016    50412.026    50506.005    52000.009
    65:    53376.001    53430.003    53476.001    54062.003    54091.001
    70:    57120.003    57171.001    57191.003    57370.005    57585.009
    75:    58034.001    62330.003    62980.001    67480.018    68292.003
    80:    68298.016    68348.026    68522.005    68525.009    68541.005
    85:    69885.009    69998.005    70138.009    70541.005    70599.009
    90:    77326.005    77475.009    84579.005    84767.009    84803.005
    95:    84899.009    85347.001    88451.003    88687.005    88738.009
   100:    89060.001    93560.018    93703.003    93709.016    93759.026
   105:    93922.005    94157.009    94548.005    95196.009    95525.001
   110:    95884.003    95908.001    96012.003    96032.001    99232.003
   115:   100182.001   104682.018   105315.003   105321.016   105371.026
   120:   105541.005   106659.009   107035.001   110977.003   111528.005
   125:   111550.009   112005.001   116505.018   117336.003   117342.016
   130:   117392.026   117550.005   118883.009   119273.001   120872.003
   135:   120892.001   124127.003   124364.005   124418.009   124976.001
   140:   125695.003   126713.001   126772.003   127198.001   127229.003
   145:   127239.001   131739.018   131839.003   131845.016   131895.026
   150:   132026.005   132031.009   132037.005   133240.009   133598.001
   155:   137869.003   138892.001   138937.003   138948.001   143443.003
   160:   143556.001   143596.003   143686.001   143717.003   144050.001
   165:   144157.003   145198.001   149004.003   149273.001   149307.003
   170:   149764.005   149795.009   149803.005   149843.009   150203.001
   175:   150239.003   150257.001   154757.018   155356.003   155362.016
   180:   155412.026   155554.005   156538.009   157546.005   157564.009
   185:   158044.001   158143.003   158188.001   158366.003   158394.001
   190:   162894.018   162926.003   162932.016   162982.026   163139.005
   195:   164100.009   167045.001   171545.018   171560.003   171566.016
   200:   171616.026   171772.005   173305.009   173572.001   174008.003
   205:   174034.001   177404.003   177495.001   177510.003   177801.005
   210:   177842.009   178299.001   178328.003   178344.001   182844.018
   215:   183094.003   183100.016   183150.026   183300.005   184911.009
   220:   185528.001   189782.003   190857.001   195357.018   195405.003
   225:   195411.016   195461.026   195645.005   196559.009   198678.001
   230:   198794.003   198822.001   199821.003   199871.001   203482.003
   235:   203832.005   203891.009   204229.001   204317.003   204332.001
   240:   208832.018   208887.003   208893.016   208943.026   209109.005
   245:   209112.009   209125.005   209472.009   209487.005   209498.009
   250:   209575.005   210496.009   210892.001   211460.003   211493.001
   255:   215205.003   216170.001   218456.003   218488.001   218524.003
   260:   218556.001   221759.003   222385.001   222431.003   222481.001
   265:   222692.003   222809.001   223794.003   223829.001   226732.003
   270:   227155.005   227192.009   227267.005   227339.009   228205.001
   275:   229213.003   229250.001   232501.003   233330.001   237830.018
   280:   238443.003   238449.016   238499.026   238670.005   239323.009
   285:   241975.005   242016.009   251693.005   251764.009   251797.005
   290:   251862.009   254503.005   254597.009   254610.005   254698.009
   295:   255231.001   255823.003   255909.001   255975.003   256242.001
   300:   256611.003   256668.001   260245.003   260965.001   261154.003
   305:   261227.001   261274.003   261291.001   264625.003   265199.005
   310:   265206.009   268353.001   268495.003   268543.001   272932.003
   315:   273634.005   273666.009   274005.001   278505.018   278685.003
   320:   278691.016   278741.026   278894.005   278896.009   278907.005
   325:   279551.009   285566.001   285649.003   285951.001   287215.003
   330:   287235.001   287420.003   287439.001   290782.003   291678.001
   335:   291831.003   291864.001   296265.003   296517.005   296553.009
   340:   298502.001   303002.018   303463.003   303469.016   303519.026
   345:   303675.005   303678.009   303685.005   305188.009   305774.001
   350:   306712.003   306751.001   310309.003   311249.001   311273.003
   355:   311319.001   315819.018   316885.003   316891.016   316941.026
   360:   317075.005   317860.009   318362.001   319093.003   319122.001
   365:   323384.003   324136.001   325239.003   325415.001   325706.003
   370:   325724.001   329203.003   330287.005   330319.009   333432.005
   375:   333449.009   333453.005   333455.009   333464.005   333579.009
   380:   334217.001   338717.018   338724.003   338730.016   338780.026
   385:   338977.005   340491.009   340974.001   341550.003   341584.001
   390:   341997.003   342020.001   345617.003   346421.001   346436.003
   395:   346452.001   350952.018   351110.003   351116.016   351166.026
   400:   351297.005   352769.009   354305.005   354318.009   362513.001
   405:   362705.003   362800.001   366528.003   367596.001   367656.003
   410:   368430.001   372685.003   373854.001   378354.018   378518.003
   415:   378524.016   378574.026   378677.005   378999.009   379184.005
   420:   380683.009   381335.001   381396.003   381413.001   381510.003
   425:   381607.001   385982.003   386881.001   387146.003   387195.001
   430:   391695.018   392132.003   392138.016   392188.026   392328.005
   435:   393986.009   394026.005   394056.009   394789.001   395688.003
   440:   395705.001   398982.003   400083.001   404583.018   404727.003
   445:   404733.016   404783.026   404918.005   405163.009   405194.005
   450:   405963.009   406491.001   407413.003   407473.001   411292.003
   455:   412088.001   416588.018   416827.003   416833.016   416883.026
   460:   417032.005   419043.009   419178.005   419181.009   421944.005
   465:   421975.009   422764.001   427264.018   427674.003   427680.016
   470:   427698.001   427730.026   427801.003   427833.005   428873.009
   475:   428916.005   428967.009   429082.005   429108.009   429155.005
   480:   429174.009   430752.005   431021.009   431050.005   431055.009
   485:   432279.005   432326.009   432670.001   434758.003   434783.001
   490:   436705.003   436806.001   436959.003   437730.001   441532.003
   495:   442050.005   442149.009   442363.001   446863.018   447238.003
   500:   447244.016   447294.026   447437.005   447609.009   447791.005
   505:   448460.009   448492.005   448571.009   448604.005   448730.009
   510:   449006.001   453432.003   454377.001   458877.018   458909.003
   515:   458915.016   458965.026   459008.001   459048.003   459140.005
   520:   459145.009   459146.005   459637.009   459665.005   459688.009
   525:   459715.005   460435.009   460925.001   461612.003   461639.001
   530:   461709.003   461750.001   465882.003   467070.005   467165.009
   535:   470307.005   470345.009   470921.001   475421.018   475707.003
   540:   475713.016   475763.026   475898.005   475904.009   475907.005
   545:   476193.009   476251.005   477194.009   477484.001   478113.003
   550:   478134.001   481561.003   482311.001   486636.003   487418.001
   555:   487424.005   487434.009   487460.005   487485.009   487608.003
   560:   487861.001   492361.018   492644.003   492650.016   492700.026
   565:   492874.005   492877.009   492880.005   493145.009   493162.005
   570:   493939.009   494620.001   495311.003   495382.001   498732.003
   575:   499649.001   503420.003   504320.001   508820.018   508852.003
   580:   508858.016   508908.026   509057.005   509269.009   509434.005
   585:   510045.009   510050.005   510178.009   510751.001   511462.003
   590:   512199.001   515897.003   517724.001   518536.003   518567.001
   595:   522238.003   523172.001   525058.003   525079.001   527931.003
   600:   528083.001   528105.003   528713.005   528806.009   529117.001
   605:   530287.003   530431.001   534269.003   535309.001   539809.018
   610:   540027.003   540033.016   540083.026   540244.005   540247.009
   615:   540251.005   540805.009   541692.001   541982.003   542415.001
   620:   546097.003   546648.005   546692.009   547038.001   551538.018
   625:   552123.003   552129.016   552179.026   552317.005   552609.009
   630:   552670.005   552916.009   555149.005   555214.009   555296.005
   635:   555642.009   556393.001   556458.003   556599.001   560672.003
   640:   561241.001   565741.018   565755.003   565761.016   565811.026
   645:   565962.005   565967.009   565975.005   567658.009   567664.005
   650:   567674.009   567730.005   567772.009   567811.005   567813.009
   655:   568410.001   572681.003   573553.001   574900.003   575024.001
   660:   578108.003   578876.001   578921.003   578934.001   583434.018
   665:   583527.003   583533.016   583583.026   583717.005   583943.009
   670:   584096.005   584817.009   585210.001   585903.003   585920.001
   675:   589507.003   590237.001   590303.003   590345.001   594764.003
   680:   595810.001   600251.003   601287.005   602019.009   602557.001
   685:   604332.003   604370.001   604455.003   604854.001   604979.003
   690:   605012.001   608121.003   609218.001   613718.018   613810.003
   695:   613816.016   613866.026   614012.005   615303.009   615859.001
   700:   616008.003   618001.001   619048.003   622839.005   623411.009
   705:   623981.005   624057.009   624211.005   624237.009   624782.001
   710:   625173.003   625232.001   629001.003   629712.001   629801.003
   715:   629813.001   633788.003   634498.001   634524.003   634585.001
   720:   638473.003   638843.005   638919.009   638986.005   639036.009
   725:   639376.001   643791.003   644618.001   648736.003   648869.001
   730:   648891.003   648987.001   649229.003   649494.001   653994.018
   735:   654180.003   654186.016   654236.026   654386.005   654390.009
   740:   654395.005   654582.009   654637.005   655066.009   655077.005
   745:   656427.009   672427.005   672457.009   672505.005   672625.009
   750:   672640.005   672648.009   672649.005   672722.009   672735.005
   755:   673367.009   674121.001   675613.003   675654.001   678571.003
   760:   679142.005   679237.009   679452.001   679631.003   679853.001
   765:   683053.003   683493.005   683551.009   684029.001   688439.003
   770:   689704.001   689742.003   689779.001   694044.003   695162.001
   775:   695215.003   695254.001   699754.018   699900.003   699906.016
   780:   699956.026   700079.005   700357.009   700373.005   700833.009
   785:   700854.005   700890.009   700906.005   701295.009   710838.005
   790:   710995.009   711006.005   711309.009   723997.005   724020.009
   795:   724035.005   724362.009   728557.005   730023.009   730900.001
   800:   730994.003   731045.001   734747.003   734968.005   735030.009
   805:   735578.005   735634.009   736056.001   739017.003   739093.001
   810:   739233.003   748969.005   749217.009   749256.005   749259.009
   815:   749828.001   749945.003   749983.001   754082.003   755348.001
   820:   759315.003   760858.001   765358.018   765380.003   765386.016
   825:   765436.026   765554.005   765558.009   765565.005   767758.009
   830:   770202.005   770245.009   770808.001   772434.003   772451.001
   835:   772827.003   772855.001   775123.003   776416.001   780126.003
   840:   781398.001   783065.003   783087.001   783148.003   783198.001
   845:   785281.003   786012.005   786016.009   786017.005   786025.009
   850:   786026.005   786036.009   786061.005   786066.009   791606.005
   855:   791688.009   791735.005   791845.009   792488.001   794714.003
   860:   794745.001   797549.003   798079.005   798115.009   798522.001
   865:   803022.018   803665.003   803671.016   803721.026   803851.005
   870:   804172.009   804234.005   805151.009   805182.005   805391.009
   875:   805410.005   805642.009   806016.001   809907.003   811094.001
   880:   812139.003   812175.001   815552.003   816731.001   820656.003
   885:   821054.005   821591.009   821925.001   822148.003   822588.001
   890:   823310.003   823358.001   823382.003   823417.001   826609.003
   895:   827602.001   832102.018   832164.003   832170.016   832220.026
   900:   832385.005   832388.009   832396.005   833977.009   833989.005
   905:   834008.009   834019.005   834044.009   836042.005   836185.009
   910:   836523.001   836645.003   836677.001   836864.003   836963.001
   915:   838687.003   838847.001   839457.003   839485.001   839622.003
   920:   839662.001   841589.003   842966.001   847466.018   847767.003
   925:   847773.016   847823.026   847970.005   847973.009   847977.005
   930:   849532.009   849604.005   849643.009   851770.005   851817.009
   935:   852634.001   855252.003   855287.001   857221.003   858210.001
   940:   860025.003   860242.001   862979.003   863442.005   863499.009
   945:   863504.005   863539.009   864138.001   864156.003   864172.001
   950:   868672.018   869472.003   869478.016   869528.026   869667.005
   955:   869672.009   869679.005   870104.009   870151.005   871447.009
   960:   874596.005   874661.009   874989.001   875173.003   875209.001
   965:   875848.003   875982.001   876019.003   876052.001   876224.003
   970:   876264.001   879434.003   880571.001   881966.003   882187.001
   975:   882642.003   882657.001   884970.003   886038.001   886109.003
   980:   886913.001   887431.003   887489.001   890642.003   891708.001
   985:   893409.003   893461.001   893492.003   893507.001   896998.003
   990:   898499.001   902999.018   904153.003   904159.016   904209.026
   995:   904347.005   904355.009   904359.005   905001.009   905016.005
  1000:   906083.009   910589.005   910651.009   911539.001   915538.003
  1005:   915584.001   915991.003   916017.001   916162.003   916191.001
  1010:   919248.003   920712.001   921251.003   930094.001   930141.003
  1015:   930227.001   931220.003   931263.001   934589.003   935336.001
  1020:   935435.003   935513.001   940008.003   941224.001   945441.003
  1025:   950004.005   950116.009   950164.005   950426.009   950899.001
  1030:   952415.003   952544.001   952723.003   952770.001   952941.003
  1035:   953055.001   953186.003   953235.001   953394.003   953441.001
  1040:   956368.003   957389.001   961065.003   967621.005   967624.009
  1045:   967668.005   967795.009   967967.005   967968.009   969178.001
  1050:   969209.003   969224.001   970291.003   970315.001   973851.003
  1055:   974326.005   974401.009   974920.001   979165.003   979616.005
  1060:   979680.009   980489.001   980924.003   980933.001   984423.003
  1065:   985091.005   985235.009   985614.001   990114.018   990610.003
  1070:   990616.016   990666.026   990806.005   990813.009   990814.005
  1075:   991777.009   996527.005   996580.009   996629.005   996650.009
  1080:   996735.005   997137.009   998081.001   998460.003   998514.001
  1085:  1002607.003  1003092.005  1003131.009  1003705.001  1008205.018
  1090:  1008617.003  1008623.016  1008673.026  1008811.005  1008815.009
  1095:  1008826.005  1009893.009  1009903.005  1009904.009  1009959.005
  1100:  1010878.009  1011068.005  1011072.009  1011615.001  1012687.003
  1105:  1014274.001  1017957.003  1018976.001  1023476.018  1023992.003
  1110:  1023998.016  1024048.026  1024095.001  1024116.003  1024205.005
  1115:  1024206.009  1024213.005  1025441.009  1025516.005  1025700.009
  1120:  1025779.005  1025821.009  1025849.005  1025938.009  1028456.005
  1125:  1028523.009  1029742.001  1032087.003  1032118.001  1032187.003
  1130:  1032265.001  1034838.003  1035722.005  1035728.009  1036165.001
  1135:  1036198.003  1036218.001  1040313.003  1041569.001  1046069.018
  1140:  1046892.003  1046898.016  1046948.026  1047055.005  1048297.009
  1145:  1048435.005  1048478.009  1056118.001  1060618.018  1061784.003
  1150:  1061790.016  1061798.001  1061840.026  1062045.003  1062132.005
  1155:  1062975.009  1064728.001  1064894.003  1064963.001  1068522.003
  1160:  1069943.005  1070082.009  1070106.005  1071241.009  1071783.001
  1165:  1071875.003  1071973.001  1072217.003  1072242.001  1072277.003
  1170:  1072334.001  1075869.003  1076339.005  1076553.009  1076917.001
  1175:  1080591.003  1080937.001  1080963.003  1081887.001  1081990.003
  1180:  1082027.001  1086422.003  1087509.001  1091662.003  1092193.005
  1185:  1092272.009  1092282.005  1092301.009  1092838.001  1094153.003
  1190:  1094197.001  1097769.003  1098707.001  1098742.003  1098811.001
  1195:  1102946.003  1103795.005  1103869.009  1106936.005  1107475.009
  1200:  1107558.005  1107561.009  1108339.001  1108636.003  1108701.001
  1205:  1108878.003  1109011.001  1112638.003  1113125.005  1113146.009
  1210:  1113157.005  1113171.009  1113601.001  1117924.003  1118909.001
  1215:  1123175.003  1123808.005  1123833.009  1124417.001  1128917.018
  1220:  1129146.003  1129152.016  1129202.026  1129344.005  1129349.009
  1225:  1129360.005  1129791.009  1129797.005  1130833.009  1130964.005
  1230:  1131028.009  1133157.005  1133177.009  1133222.005  1133461.009
  1235:  1133510.005  1133584.009  1134331.001  1136538.003  1136584.001
  1240:  1137418.003  1137434.001  1139634.003  1140300.005  1140345.009
  1245:  1140742.001  1144737.003  1145797.001  1145842.003  1145909.001
  1250:  1146343.003  1146372.001  1149588.003  1150721.001  1155039.003
  1255:  1155518.005  1155585.009  1155947.001  1157901.003  1158721.005
  1260:  1159154.009  1159208.005  1159504.009  1159859.001  1164141.003
  1265:  1164585.005  1164625.009  1165135.001  1165238.003  1165273.001
  1270:  1166976.003  1167002.001  1170221.003  1171028.001  1171436.003
  1275:  1171445.001  1174692.003  1175716.001  1180181.003  1181842.001
  1280:  1182251.003  1186528.005  1186801.009  1186818.005  1187243.009
  1285:  1187809.005  1187829.009  1187930.005  1188006.009  1188978.001
  1290:  1189141.003  1190010.001  1190343.003  1190426.001  1190537.003
  1295:  1192248.001  1192298.003  1192432.001  1192545.003  1192591.001
  1300:  1193689.003  1193857.005  1194643.009  1195255.005  1195269.009
  1305:  1195312.005  1195326.009  1195377.005  1195445.009  1195475.005
  1310:  1196792.009  1196840.005  1197610.009  1239652.001  1239935.003
  1315:  1240019.005  1240162.009  1244638.005  1245785.009  1246409.001
  1320:  1246543.003  1274170.005  1274845.009  1278318.005  1279212.009
  1325:  1279900.005  1279909.009  1280596.001  1280819.003  1280837.001
  1330:  1280940.003  1280977.001  1281594.003  1281838.001  1281858.005
  1335:  1281908.009  1281927.003  1282125.001  1284414.003  1284640.005
  1340:  1284749.009  1285046.001  1289546.018  1289650.003  1289656.016
  1345:  1289706.026  1289800.005  1290248.009  1290249.005  1291174.009
  1350:  1291199.005  1292272.009  1294774.005  1294904.009  1296709.001
  1355:  1296958.003  1296985.001  1299199.003  1300227.005  1300277.009
  1360:  1301323.001  1304760.003  1305230.005  1305262.009  1306684.001
  1365:  1307072.003  1307142.001  1309910.003  1310385.005  1310590.009
  1370:  1311056.001  1315426.003  1316707.001  1316754.003  1316803.001
  1375:  1318394.003  1318429.001  1321116.003  1321932.005  1321947.009
  1380:  1322686.001  1326892.003  1382547.005  1382700.009  1382861.005
  1385:  1383518.009  1391183.005  1391195.009  1391223.005  1391272.009
  1390:  1399401.005  1399422.009  1399446.005  1400631.009  1401786.001
  1395:  1403843.003  1404598.005  1405390.009  1405807.001  1409337.003
  1400:  1409969.005  1410024.009  1411036.005  1411067.009  1411225.005
  1405:  1411315.009  1411742.001  1415919.003  1418500.005  1418567.009
  1410:  1433094.005  1433603.009  1434138.005  1434168.009  1434739.005
  1415:  1434825.009
B:
     0:        0.000      361.000        0.000      361.000        0.000
     5:      274.000        0.000        0.000        0.000      274.000
    10:        0.000        1.000        0.000        1.000        0.000
    15:        0.000       48.000        0.000       48.000        0.000
    20:        0.000        0.000        0.000        0.000        0.000
    25:        0.000       48.000        0.000        0.000        0.000
    30:        0.000
D:
     0:  7792291.000  7788115.000  7792292.000
E:
     0:     4500.000     4500.000
T:
     0:        0.000        0.000        0.000        0.000
W:
     0:        0.000        0.000        0.000
