File: C:\MED-PC IV\Data\Reyes\AY\AY2070.999


Start Date: 11/06/24
End Date: 11/06/24
Subject: 70
Experiment: AY
Group: PERC
Box: 2
Start Time: 15:45:33
End Time: 16:35:33
MSN: DRRD_perc
C:       0.000
F:       0.000
G:       0.000
H:       0.000
I:       0.000
J:       0.000
K:   10000.000
L:       0.000
M:       0.000
N:       0.000
O:       0.000
Q:       0.000
S:       0.000
U: 4492083.000
V:       0.000
X:       0.000
Y:    1875.000
Z:       0.000
A:
     0:  4491855.005  4491860.009       89.005       97.009     4992.005
     5:     5097.009     5100.005     5104.009    10153.005    10275.009
    10:    10277.005    10283.009    10438.005    10442.009    10471.005
    15:    10476.009    15000.013    15000.011    15501.001    15546.003
    20:    15691.001    15757.003    15779.001    15870.003    15929.001
    25:    16154.003    16193.001    16276.003    16340.001    16837.003
    30:    16966.001    17169.003    17174.005    17325.009    17707.001
    35:    17988.003    18031.001    18973.003    18996.001    20342.003
    40:    20381.001    20435.003    20443.001    21451.003    22136.001
    45:    22168.003    22241.001    22273.003    22287.001    27287.018
    50:    27513.003    27519.016    27569.026    27663.005    28791.009
    55:    28792.005    30163.009    30734.001    30918.003    30943.001
    60:    31008.003    31061.001    31677.003    31746.001    31806.003
    65:    32123.001    32192.003    32285.001    32330.003    32370.001
    70:    32429.003    32668.001    33511.003    33598.001    33702.003
    75:    33740.001    33790.003    33887.001    34523.003    34541.001
    80:    34736.003    34750.001    35706.003    35723.001    37929.003
    85:    38571.001    40119.003    40143.001    42762.003    43250.005
    90:    44478.009    44573.005    44581.009    44584.005    44590.009
    95:    44595.005    44916.009    44964.005    44969.009    45590.001
   100:    45652.003    45673.001    45705.003    45725.001    45761.003
   105:    46168.001    46233.003    46361.001    46423.003    46433.001
   110:    46509.003    46521.001    47496.003    47515.001    50826.003
   115:    51464.001    51620.003    51640.001    51988.003    51994.001
   120:    53476.003    55064.001    55166.003    55202.001    55306.003
   125:    55327.001    55491.003    55607.001    55682.003    55718.001
   130:    55803.003    55824.001    55914.003    56991.001    57225.003
   135:    57353.001    57403.003    57416.001    57468.003    58136.001
   140:    62689.003    63707.005    63724.009    63728.005    63978.009
   145:    64747.001    64780.003    64845.001    69845.018    70048.003
   150:    70054.016    70104.026    70181.005    70773.009    70854.005
   155:    71279.009    72628.001    72736.003    72809.001    72859.003
   160:    73266.001    73377.003    73737.001    75116.003    75135.001
   165:    75179.003    75195.001    76983.003    78072.001    78404.003
   170:    78430.001    79536.003    79575.001    81221.003    81241.001
   175:    82472.003    83380.001    83850.003    83863.001    85606.003
   180:    85666.001    85730.003    85765.001    88195.003    88905.005
   185:    88916.009    89057.005    89856.009    91047.001    91157.003
   190:    91173.001    91239.003    91260.001    91318.003    91364.001
   195:    91431.003    91493.001    91804.003    91815.001    92577.003
   200:    92596.001    93823.003    93829.001    96178.003    96208.001
   205:    96463.003    97076.001    97143.003    97152.001    99777.003
   210:    99793.001   103242.003   104978.001   105065.003   105071.001
   215:   105144.003   105179.001   106453.003   106497.001   106554.003
   220:   106576.001   106742.003   106752.001   110037.003   110593.005
   225:   111564.009   111686.005   111690.009   111694.005   111757.009
   230:   111769.005   111778.009   111805.005   111809.009   112514.001
   235:   112624.003   112674.001   112779.003   112802.001   113128.003
   240:   113142.001   113547.003   113559.001   113859.003   113872.001
   245:   114491.003   114527.001   114859.003   114878.001   119363.003
   250:   119751.005   119862.009   119870.005   119879.009   119895.005
   255:   119904.009   120013.005   120606.009   121198.001   121559.003
   260:   121572.001   122110.003   122122.001   122195.003   122217.001
   265:   122981.003   123120.001   123203.003   123228.001   123356.003
   270:   123373.001   124531.003   124601.001   124655.003   124705.001
   275:   129537.003   130423.001   130485.003   130513.001   130734.003
   280:   130785.001   132049.003   132090.001   132167.003   132211.001
   285:   132269.003   132284.001   136579.003   137628.005   137935.009
   290:   137945.005   137980.009   138221.005   138236.009   138252.005
   295:   138300.009   138303.005   138342.009   138359.005   138366.009
   300:   138420.005   138498.009   139212.001   139297.003   139311.001
   305:   139912.003   139922.001   144922.018   145771.003   145777.016
   310:   145827.026   146010.005   146265.009   146270.005   146298.009
   315:   146305.005   146323.009   146331.005   147580.009   175218.001
   320:   175327.003   175369.001   175585.003   175764.001   175831.003
   325:   175867.001   175914.003   175992.001   176774.003   176815.001
   330:   176885.003   176907.001   177864.003   177917.001   179171.003
   335:   179186.001   179396.003   179416.001   180392.003   180431.001
   340:   181587.003   182017.001   182105.003   182299.001   182750.003
   345:   182780.001   185564.003   185577.001   187128.003   187908.001
   350:   188015.003   188042.001   188323.003   188335.001   188728.003
   355:   188737.001   190753.003   190769.001   193589.003   194204.001
   360:   194304.003   194321.001   195118.003   195139.001   196169.003
   365:   196196.001   199191.003   200043.001   200073.003   200198.001
   370:   200285.003   200318.001   200696.003   200712.001   202236.003
   375:   202271.001   205014.003   205616.005   206287.009   206295.005
   380:   206301.009   206310.005   206369.009   206391.005   206407.009
   385:   207376.001   207421.003   207558.001   207638.003   207964.001
   390:   208024.003   208055.001   208168.003   208177.001   209507.003
   395:   209551.001   209855.003   209872.001   210089.003   210124.001
   400:   214690.003   215043.001   215264.003   215289.001   215491.003
   405:   215498.001   220498.018   220532.003   220538.016   220588.026
   410:   220627.005   221698.009   221747.005   221791.009   221832.005
   415:   221882.009   221955.005   221983.009   222000.005   222842.009
   420:   223459.001   223497.003   223530.001   223586.003   223658.001
   425:   223740.003   223860.001   223927.003   223940.001   224216.003
   430:   224236.001   225127.003   225164.001   229299.003   229330.001
   435:   230053.003   230996.001   231302.003   231312.001   233062.003
   440:   233123.001   236779.003   237991.001   238028.003   238060.001
   445:   242813.003   243389.005   244225.009   245261.001   246883.003
   450:   246914.001   248565.003   248624.001   250655.003   250666.001
   455:   251888.003   252562.001   252788.003   252798.001   254186.003
   460:   254216.001   257379.003   258120.001   258511.003   258527.001
   465:   258666.003   258682.001   259413.003   259445.001   262206.003
   470:   263152.005   264410.009   264471.005   264497.009   264592.005
   475:   264599.009   265047.001   265691.003   265729.001   265798.003
   480:   265811.001   266685.003   266715.001   266785.003   266801.001
   485:   267184.003   267200.001   270926.003   270956.001   273950.003
   490:   274553.005   276121.009   276154.005   276159.009   276161.005
   495:   276196.009   276235.005   276767.009   276770.005   276781.009
   500:   276820.005   276831.009   276890.005   276896.009   276918.005
   505:   276927.009   277013.005   277062.009   277093.005   277306.009
   510:   277993.001   278428.003   278460.001   279854.003   279880.001
   515:   280700.003   280717.001   285151.003   285275.005   285499.009
   520:   286105.001   286143.003   286192.001   287616.003   287659.001
   525:   292517.003   294437.001   294557.003   294585.001   294990.003
   530:   295020.001   295462.003   295475.001   296592.003   296649.001
   535:   296715.003   296747.001   297840.003   297885.001   301002.003
   540:   301454.001   301522.003   301538.001   301804.003   301822.001
   545:   302282.003   302306.001   303041.003   303065.001   303433.003
   550:   303460.001   304696.003   304736.001   304785.003   304804.001
   555:   305648.003   305679.001   307858.003   307875.001   308518.003
   560:   309393.001   309436.003   309476.001   309574.003   309601.001
   565:   309637.003   309652.001   309781.003   309792.001   310089.003
   570:   310091.001   311363.003   311450.001   312508.003   312534.001
   575:   314958.003   315677.001   315717.003   316028.005   316656.009
   580:   317382.001   318227.003   318279.001   318328.003   318371.001
   585:   319033.003   319044.001   321171.003   321211.001   324184.003
   590:   324206.001   325083.003   328977.005   329013.009   329021.005
   595:   329543.009   329564.005   329573.009   330838.001   332441.003
   600:   332461.001   333634.003   333672.001   334906.003   334928.001
   605:   338702.003   339575.001   341118.003   341160.001   342210.003
   610:   342243.001   343789.003   343829.001   346309.003   347535.001
   615:   348671.003   348712.001   349248.003   349259.001   354109.003
   620:   355132.001   355176.003   355289.001   355332.003   355340.001
   625:   355417.003   355434.001   355504.003   355512.001   355548.003
   630:   355562.001   355730.003   355735.001   356249.003   356300.001
   635:   356373.003   356395.001   356450.003   356533.001   356631.003
   640:   356632.001   358065.003   358073.001   363073.018   363176.003
   645:   363182.016   363232.026   363361.005   363852.009   363860.005
   650:   363868.009   363890.005   363927.009   363947.005   364175.009
   655:   364196.005   364234.009   364310.005   364342.009   364383.005
   660:   364446.009   364467.005   364558.009   364577.005   366237.009
   665:   366238.005   366252.009   366304.005   366318.009   366330.005
   670:   366370.009   367599.001   368004.003   368024.001   369127.003
   675:   369159.001   369281.003   369292.001   371294.003   371324.001
   680:   371822.003   371832.001   373171.003   374027.001   374061.003
   685:   374108.001   374587.003   374613.001   375410.003   375424.001
   690:   376671.003   376712.001   379163.003   379176.001   379603.003
   695:   380304.001   380715.003   380725.001   381689.003   381730.001
   700:   386730.018   386766.003   386772.016   386822.026   386992.005
   705:   388077.009   388087.005   388099.009   388100.005   388117.009
   710:   388138.005   388155.009   388189.005   388204.009   391418.001
   715:   391444.003   392124.001   392569.003   392598.001   392923.003
   720:   392959.001   393883.003   393904.001   396145.003   396153.001
   725:   397383.003   397878.001   399898.003   400738.001   402156.003
   730:   402180.001   405993.003   406523.001   407050.003   407055.001
   735:   410844.003   411570.001   411934.003   411959.001   412137.003
   740:   412156.001   412439.003   412458.001   417458.018   417910.003
   745:   417916.016   417966.026   418137.005   419126.009   419138.005
   750:   419227.009   419257.005   420066.009   420893.001   420925.003
   755:   420983.001   421028.003   421085.001   421328.003   421372.001
   760:   421457.003   421476.001   421632.003   421644.001   422996.003
   765:   423109.001   423218.003   423241.001   424942.003   424970.001
   770:   428308.003   429309.001   429393.003   429421.001   429727.003
   775:   429758.001   429866.003   429880.001   430818.003   430872.001
   780:   430926.003   430953.001   431697.003   431709.001   432274.003
   785:   432287.001   436664.003   437524.001   437717.003   437733.001
   790:   437817.003   437840.001   438498.003   438511.001   438545.003
   795:   438562.001   441404.003   441432.001   443499.003   444462.005
   800:   444528.009   445946.005   447277.009   447728.001   448652.003
   805:   448674.001   449188.003   449214.001   450125.003   450293.001
   810:   451669.003   451861.001   451927.003   451966.001   453158.003
   815:   453200.001   453249.003   453269.001   457808.003   458457.005
   820:   459892.009   459913.005   460038.009   460098.005   460621.009
   825:   460629.005   460641.009   460653.005   460693.009   460733.005
   830:   460742.009   461298.001   461337.003   461375.001   462828.003
   835:   462936.001   464045.003   464141.001   468632.003   469612.005
   840:   470480.009   470482.005   470489.009   470966.001   471080.003
   845:   471354.001   471446.003   471476.001   472755.003   472823.001
   850:   473941.003   473996.001   474041.003   474059.001   475055.003
   855:   475093.001   478803.003   479763.005   482372.009   482384.005
   860:   482398.009   482403.005   482588.009   482699.005   482711.009
   865:   483487.001   483717.003   483845.001   485122.003   485144.001
   870:   488110.003   488144.001   490311.003   490889.005   491108.009
   875:   491132.005   491139.009   491253.005   491263.009   491265.005
   880:   491939.009   491946.005   491966.009   491977.005   492012.009
   885:   492021.005   492444.009   492473.005   492478.009   492487.005
   890:   492493.009   492618.005   492623.009   493308.001   494714.003
   895:   494767.001   494800.003   494826.001   495742.003   495764.001
   900:   499909.003   501186.001   502598.003   502634.001   505904.003
   905:   505922.001   508573.003   509293.005   510333.009   510341.005
   910:   510356.009   510382.005   510399.009   510410.005   510450.009
   915:   510451.005   510458.009   510479.005   510495.009   510513.005
   920:   510538.009   510558.005   510569.009   510608.005   510618.009
   925:   510634.005   510728.009   510750.005   510758.009   510773.005
   930:   510787.009   510843.005   510846.009   510851.005   510863.009
   935:   510867.005   511268.009   511270.005   511275.009   511319.005
   940:   511334.009   512098.001   513652.003   513670.001   513953.003
   945:   513962.001   514898.003   514932.001   519932.018   520048.003
   950:   520054.016   520104.026   520172.005   520537.009   520645.005
   955:   520655.009   520861.005   520924.009   520952.005   521138.009
   960:   521142.005   521467.009   521476.005   521522.009   521532.005
   965:   522778.009   522787.005   523418.009   523428.005   523863.009
   970:   523864.005   523875.009   523878.005   523886.009   523996.005
   975:   524005.009   524520.001   524645.003   524705.001   524740.003
   980:   524789.001   524819.003   524870.001   525010.003   525026.001
   985:   525604.003   525617.001   525704.003   525726.001   526549.003
   990:   526599.001   526662.003   526681.001   529021.003   530711.001
   995:   532200.003   532244.001   532301.003   532321.001   535103.003
  1000:   535126.001   535288.003   536033.001   536074.003   536177.001
  1005:   536600.003   536637.001   537226.003   537247.001   537458.003
  1010:   537464.001   539012.003   539791.001   540006.003   540035.001
  1015:   540297.003   540302.001   541079.003   541131.001   541426.003
  1020:   541453.001   542143.003   542184.001   542674.003   542706.001
  1025:   546312.003   547043.005   547597.009   549486.001   549529.003
  1030:   549547.001   551441.003   551492.001   551536.003   551554.001
  1035:   556456.003   557864.001   557923.003   557949.001   558381.003
  1040:   558395.001   558454.003   558503.001   559325.003   559377.001
  1045:   563968.003   565486.001   565533.003   565566.001   566011.003
  1050:   566026.001   566930.003   566973.001   567996.003   568012.001
  1055:   571140.003   572043.001   572453.003   572469.001   573424.003
  1060:   573473.001   574214.003   574246.001   578118.003   579077.001
  1065:   580447.003   580471.001   580560.003   580596.001   580641.003
  1070:   580651.001   585430.003   586444.005   586775.009   589738.001
  1075:   590601.003   590634.001   592018.003   592052.001   592947.003
  1080:   592962.001   594313.003   594351.001   594635.003   594663.001
  1085:   598068.003   598705.001   598766.003   598801.001   599195.003
  1090:   599215.001   600090.003   600135.001   600183.003   600210.001
  1095:   601274.003   601305.001   605833.003   607098.005   607140.009
  1100:   607163.005   608667.009   608675.005   608681.009   608691.005
  1105:   608736.009   608926.005   609253.009   609281.005   609397.009
  1110:   609406.005   609412.009   610285.001   610691.003   610716.001
  1115:   611666.003   611717.001   611757.003   611773.001   612342.003
  1120:   612371.001   612562.003   612571.001   613891.003   613927.001
  1125:   618465.003   619533.001   620931.003   620943.001   622601.003
  1130:   622627.001   627627.018   627661.003   627667.016   627717.026
  1135:   627862.005   629607.009   629623.005   631324.009   631346.005
  1140:   631477.009   631504.005   631945.009   631946.005   631952.009
  1145:   631965.005   631990.009   633138.001   633185.003   633232.001
  1150:   634730.003   634784.001   634829.003   634848.001   639133.003
  1155:   640922.001   641355.003   641385.001   646385.018   646758.003
  1160:   646764.016   646814.026   646947.005   648210.009   648214.005
  1165:   648728.009   655423.001   655645.003   655665.001   656930.003
  1170:   656991.001   660697.003   660929.001   660940.003   660971.001
  1175:   665013.003   665820.005   666281.009   666327.005   666333.009
  1180:   668212.001   668247.003   668276.001   669580.003   669629.001
  1185:   670561.003   670580.001   673880.003   674700.005   677712.009
  1190:   677722.005   677728.009   678258.001   678350.003   678683.001
  1195:   679084.003   679109.001   680246.003   680287.001   681363.003
  1200:   681385.001   684821.003   685468.005   686987.009   687000.005
  1205:   687014.009   687051.005   687058.009   687885.001   688346.003
  1210:   688559.001   688607.003   688637.001   689055.003   689076.001
  1215:   689584.003   689744.001   689829.003   689858.001   691972.003
  1220:   691993.001   692126.003   692149.001   694239.003   694736.001
  1225:   694774.003   694791.001   698659.003   700089.001   700383.003
  1230:   700406.001   701346.003   701386.001   702087.003   702108.001
  1235:   703373.003   703413.001   703473.003   703487.001   706872.003
  1240:   708142.001   708169.003   708277.001   709741.003   709780.001
  1245:   712100.003   712126.001   713802.003   714405.005   716759.009
  1250:   718241.001   718292.003   718581.001   718643.003   718675.001
  1255:   719143.003   719150.001   720019.003   720063.001   723955.003
  1260:   724668.001   725514.003   725537.001   730140.003   730781.001
  1265:   732278.003   732285.001   733040.003   733068.001   736454.003
  1270:   738391.001   738448.003   738471.001   740604.003   740616.001
  1275:   741287.003   742214.005   742554.009   743021.001   743117.003
  1280:   743147.001   743485.003   743504.001   743770.003   743881.001
  1285:   743921.003   743946.001   748946.018   748978.003   748984.016
  1290:   749024.001   749034.026   749061.003   749108.005   751072.009
  1295:   751130.005   751616.009   752251.001   752283.003   752307.001
  1300:   752416.003   752845.001   752910.003   752940.001   756545.003
  1305:   757243.005   758441.009   758478.005   758486.009   758496.005
  1310:   758502.009   773785.005   774097.009   774529.001   774698.003
  1315:   774865.001   775093.003   775332.001   775640.003   775734.001
  1320:   776164.003   776198.001   776597.003   776672.001   776694.003
  1325:   776721.001   776787.003   776817.001   777105.003   777133.001
  1330:   777388.003   777401.001   778416.003   778465.001   778507.003
  1335:   778522.001   779182.003   779200.001   780085.003   780105.001
  1340:   781979.003   783031.001   783389.003   783402.001   788037.003
  1345:   789022.001   789128.003   789163.001   789568.003   789590.001
  1350:   790552.003   790602.001   790656.003   790667.001   793910.003
  1355:   794698.001   796203.003   796229.001   797046.003   797073.001
  1360:   797376.003   797391.001   797490.003   797509.001   798980.003
  1365:   798996.001   800650.003   801317.005   802393.009   802403.005
  1370:   802410.009   802430.005   802443.009   802448.005   803507.009
  1375:   803511.005   803621.009   803622.005   803625.009   804441.001
  1380:   805319.003   805385.001   805506.003   805530.001   805823.003
  1385:   805854.001   806599.003   806633.001   810493.003   811341.001
  1390:   811398.003   811433.001   811827.003   811838.001   812747.003
  1395:   812789.001   816937.003   818106.005   818902.009   818906.005
  1400:   818911.009   818913.005   818916.009   818934.005   818941.009
  1405:   823747.001   823841.003   823881.001   824923.003   825052.001
  1410:   825148.003   825230.001   825265.003   825316.001   825365.003
  1415:   825382.001   829756.003   830471.005   831265.009   831274.005
  1420:   831279.009   831292.005   831327.009   840832.001   840897.003
  1425:   840960.001   841111.003   841145.001   841408.003   841419.001
  1430:   842831.003   842849.001   843464.003   843485.001   844458.003
  1435:   844489.001   847553.003   847585.001   849611.003   849636.001
  1440:   849866.003   850127.001   850233.003   850267.001   850317.003
  1445:   850329.001   852593.003   852599.001   856393.003   857587.001
  1450:   858448.003   858457.001   863457.018   864414.003   864420.016
  1455:   864470.026   864621.005   865381.009   865540.005   865555.009
  1460:   865660.005   865678.009   865730.005   865751.009   865760.005
  1465:   865769.009   865784.005   867292.009   868495.001   869553.003
  1470:   869580.001   872626.003   873466.001   873574.003   873590.001
  1475:   873774.003   873797.001   874140.003   874168.001   874886.003
  1480:   874924.001   879204.003   879242.001   879432.003   880258.005
  1485:   881141.009   882670.001   882718.003   882741.001   887741.018
  1490:   889353.003   889359.016   889409.026   889603.005   893144.009
  1495:   894137.001   894211.003   894236.001   895548.003   895618.001
  1500:   898110.003   898124.001   898975.003   901033.001   901805.003
  1505:   901817.001   902726.003   902792.001   906467.003   907420.001
  1510:   907473.003   907632.001   907741.003   907769.001   908139.003
  1515:   908150.001   909156.003   909181.001   909880.003   909906.001
  1520:   910408.003   910412.001   914736.003   915774.001   916007.003
  1525:   916063.001   916133.003   916138.001   917770.003   917806.001
  1530:   918057.003   918065.001   919293.003   920132.005   920617.009
  1535:   921646.001   921755.003   921787.001   922484.003   922534.001
  1540:   922649.003   922830.001   922905.003   922934.001   926487.003
  1545:   926496.001   928274.003   928819.005   929421.009   933133.001
  1550:   933504.003   934798.001   934899.003   934927.001   935579.003
  1555:   935718.001   935809.003   935845.001   936509.003   936569.001
  1560:   937633.003   937645.001   941298.003   941956.005   943566.009
  1565:   943592.005   943713.009   943749.005   943755.009   944200.001
  1570:   944523.003   944543.001   949543.018   950890.003   950896.016
  1575:   950946.026   951110.005   952150.009   952208.005   953662.009
  1580:   953669.005   953672.009   955642.001   955695.003   955718.001
  1585:   956113.003   956127.001   961127.018   961342.003   961348.016
  1590:   961398.026   961587.005   962880.009   962911.005   963129.009
  1595:   963135.005   963148.009   963835.001   963915.003   963968.001
  1600:   968397.003   969852.001   970216.003   970256.001   970952.003
  1605:   971105.001   971340.003   971376.001   974917.003   975549.005
  1610:   976213.009   976838.001   977530.003   977578.001   978029.003
  1615:   978044.001   983044.018   983074.003   983080.016   983130.026
  1620:   983196.005   983577.009   983585.005   983593.009   983602.005
  1625:   983611.009   983645.005   983653.009   984990.005   986433.009
  1630:   987324.001   988184.003   988194.001   988846.003   988947.001
  1635:   992260.003   993057.001   993503.003   993517.001   996417.003
  1640:   996437.001   999478.003  1004838.001  1004916.003  1004948.001
  1645:  1005840.003  1006011.001  1007220.003  1007248.001  1010816.003
  1650:  1011435.005  1012353.009  1012773.001  1013549.003  1013655.001
  1655:  1013693.003  1013725.001  1014998.003  1015022.001  1018928.003
  1660:  1019523.005  1020195.009  1020220.005  1020366.009  1021294.001
  1665:  1021377.003  1021394.001  1021640.003  1021675.001  1021877.003
  1670:  1021902.001  1022910.003  1022935.001  1027002.003  1028261.005
  1675:  1029457.009  1029469.005  1029501.009  1029520.005  1029572.009
  1680:  1029581.005  1029588.009  1029658.005  1029661.009  1030451.001
  1685:  1030470.003  1030529.001  1030819.003  1030839.001  1030947.003
  1690:  1030951.001  1034563.003  1034574.001  1036418.003  1036437.001
  1695:  1037130.003  1037669.005  1038598.009  1038604.005  1038641.009
  1700:  1038651.005  1038657.009  1039213.001  1039640.003  1039983.001
  1705:  1040061.003  1040076.001  1041246.003  1041305.001  1042127.003
  1710:  1042171.001  1045860.003  1046700.001  1046770.003  1046804.001
  1715:  1046888.003  1047000.001  1047081.003  1047387.005  1048063.009
  1720:  1048457.001  1048516.003  1048555.001  1050655.003  1050674.001
  1725:  1054024.003  1054599.005  1055373.009  1055379.005  1055390.009
  1730:  1055413.005  1055432.009  1055830.001  1055896.003  1055934.001
  1735:  1056425.003  1056445.001  1061445.018  1061680.003  1061686.016
  1740:  1061736.026  1061890.005  1063793.009  1064682.001  1064762.003
  1745:  1064894.001  1065379.003  1065394.001  1065489.003  1065516.001
  1750:  1068641.003  1068659.001  1071295.003  1071976.005  1073117.009
  1755:  1073978.001  1074128.003  1074142.001  1075290.003  1075311.001
  1760:  1075487.003  1075536.001  1077554.003  1077559.001  1080768.003
  1765:  1081400.005  1082436.009  1082515.005  1082572.009  1083748.001
  1770:  1083827.003  1083839.001  1085248.003  1085293.001  1086643.003
  1775:  1086648.001  1088332.003  1088364.001  1089773.003  1091113.001
  1780:  1091129.003  1091169.001  1095869.003  1098570.005  1099816.009
  1785:  1100067.005  1100078.009  1109782.005  1110153.009  1159114.005
  1790:  1159131.009  1159153.005  1159237.009  1168317.005  1168325.009
  1795:  1168327.005  1168333.009  1168346.005  1168450.009  1168563.005
  1800:  1168566.009  1169121.005  1169158.009  1175341.005  1175343.009
  1805:  1175344.005  1175350.009  1175352.005  1175357.009  1175412.005
  1810:  1175444.009  1175557.005  1175562.009  1175857.001  1175988.003
  1815:  1176705.001  1177157.003  1185503.005  1185588.009  1185746.005
  1820:  1185773.009  1186366.005  1186371.009  1199314.005  1199323.009
  1825:  1199331.005  1199339.009  1199401.005  1199465.009  1199502.005
  1830:  1199572.009  1199634.005  1199728.009  1303482.005  1303491.009
  1835:  1303539.005  1303546.009  1340682.005  1340837.009  1372851.005
  1840:  1373126.009  1373142.005  1373448.009  1374393.005  1374400.009
  1845:  1374415.005  1374419.009  1374475.005  1374503.009  1408401.005
  1850:  1408422.009  1408558.005  1408763.009  1408806.005  1408813.009
  1855:  1418430.005  1418437.009  1418508.005  1419356.009  1421821.005
  1860:  1421869.009  1421883.005  1421899.009  1421991.005  1422039.009
  1865:  1422132.005  1422144.009  1422159.005  1422190.009  1422198.005
  1870:  1422207.009  1422227.005  1422240.009  1422795.005  1422799.009
B:
     0:        0.000      635.000        0.000      635.000        0.000
     5:      276.000        0.000        0.000        0.000      276.000
    10:        0.000        1.000        0.000        1.000        0.000
    15:        0.000       17.000        0.000       17.000        0.000
    20:        0.000        0.000        0.000        0.000        0.000
    25:        0.000       17.000        0.000        0.000        0.000
    30:        0.000
D:
     0:  5669239.000  5668788.000  5669240.000
E:
     0:     5000.000     5000.000
P:
     0:        0.000       45.000       66.000       91.000      225.000
     5:       83.000      497.000      203.000      281.000      942.000
    10:     1346.000       54.000     1008.000       32.000       32.000
    15:     5226.000      184.000       65.000      616.000       60.000
    20:       69.000       45.000       59.000      843.000      104.000
    25:       50.000      636.000      195.000      956.000     2206.000
    30:     1548.000     2619.000       62.000       32.000       36.000
    35:       65.000       62.000       76.000      975.000     3311.000
    40:      156.000      348.000     1481.000      102.000      104.000
    45:      164.000       75.000       85.000       90.000      234.000
    50:       50.000       52.000     4553.000       33.000     5203.000
    55:      108.000       50.000      111.000     1379.000       44.000
    60:     1788.000      332.000     1106.000     1646.000     1231.000
    65:      470.000     1743.000       64.000     2430.000      110.000
    70:       66.000       58.000       67.000      311.000      762.000
    75:     1227.000     2348.000      255.000       67.000     2625.000
    80:     3449.000       87.000       72.000     1274.000       57.000
    85:      166.000     3285.000      110.000      105.000      326.000
    90:      405.000      300.000      619.000      332.000     4485.000
    95:      361.000      538.000       73.000      764.000       83.000
   100:      128.000     1158.000       54.000     4832.000       62.000
   105:      221.000     1264.000       77.000       58.000     4295.000
   110:       85.000      601.000     5849.000      109.000      216.000
   115:       67.000       47.000      782.000       70.000      957.000
   120:     1254.000      210.000      976.000     1156.000       88.000
   125:      451.000     2784.000     1551.000      107.000      281.000
   130:      393.000     2016.000     2820.000      100.000      797.000
   135:     1030.000     2995.000       30.000       87.000      378.000
   140:     1524.000     2743.000       45.000       80.000       60.000
   145:      113.000     1330.000      304.000      217.000     4566.000
   150:      221.000      202.000     5034.000       38.000       56.000
   155:       82.000       67.000      276.000      891.000     4135.000
   160:      723.000      306.000     1750.000     3656.000       37.000
   165:     4753.000     1622.000     1651.000     2031.000     1222.000
   170:      226.000     1388.000     3163.000      391.000      139.000
   175:      731.000     2761.000      644.000       69.000      874.000
   180:       70.000      383.000     3726.000     2994.000      435.000
   185:     1394.000      820.000     4434.000       38.000     1424.000
   190:     4858.000      120.000      405.000      442.000     1117.000
   195:       66.000     1093.000     3117.000       68.000      266.000
   200:      460.000      735.000      368.000     1236.000       49.000
   205:      844.000     2179.000      643.000       43.000       98.000
   210:       36.000      129.000      297.000     1267.000     1058.000
   215:     2424.000       40.000      845.000       49.000      662.000
   220:     2127.000     2973.000      877.000     1603.000     1173.000
   225:     1234.000     3774.000     1543.000     1050.000     1546.000
   230:     2480.000     1136.000      536.000     4850.000       44.000
   235:       43.000       77.000       70.000       36.000      168.000
   240:      512.000       73.000       55.000       98.000     1427.000
   245:     5103.000      405.000     1103.000      122.000     2002.000
   250:      498.000     1339.000       34.000      479.000      797.000
   255:     1247.000     2451.000      427.000      411.000      964.000
   260:     5036.000       26.000      445.000      325.000      924.000
   265:     2241.000     1230.000     2020.000     1418.000     3813.000
   270:      527.000     3787.000      364.000      178.000      283.000
   275:     5452.000       32.000       45.000      243.000       85.000
   280:      156.000     1352.000      109.000     1701.000     3338.000
   285:       84.000      306.000      108.000      938.000       54.000
   290:      744.000      565.000     4377.000      193.000       84.000
   295:      658.000       34.000     2842.000     2067.000      924.000
   300:      514.000      911.000     1376.000       66.000     1192.000
   305:       49.000     4539.000       39.000     1453.000     1109.000
   310:     4491.000      114.000       92.000     1279.000     1118.000
   315:       45.000      996.000     3710.000      230.000     1277.000
   320:     2966.000     2167.000     1406.000       33.000      916.000
   325:     4145.000     1412.000     3270.000     2651.000     1554.000
   330:      283.000      936.000     5116.000      125.000       35.000
   335:       30.000      140.000      578.000       87.000      823.000
   340:       63.000     2340.000     1489.000       57.000     2782.000
   345:      162.000       41.000      423.000      589.000      211.000
   350:     1547.000      215.000      262.000      775.000      295.000
   355:      690.000      490.000     3606.000       43.000     1894.000
   360:       44.000     4902.000       59.000      432.000       59.000
   365:      822.000     4591.000       47.000      445.000      904.000
   370:     1023.000     3128.000      410.000      955.000      741.000
   375:     3872.000     1370.000       89.000       45.000     4779.000
   380:      863.000     1384.000      895.000     1351.000      284.000
   385:     3405.000       61.000      394.000      875.000       48.000
   390:     1064.000     4528.000      406.000      950.000       40.000
   395:      569.000      191.000     1320.000     4538.000     1398.000
   400:     1658.000     5034.000       47.000     1498.000       45.000
   405:     4285.000      433.000     5373.000      222.000     1265.000
   410:     3706.000       11.000     4042.000       35.000     1304.000
   415:      932.000     3300.000       92.000      401.000     1137.000
   420:     1076.000     3436.000      461.000       48.000      418.000
   425:      508.000       85.000     2114.000      133.000     2090.000
   430:       38.000     3868.000      294.000      940.000      701.000
   435:     1265.000       60.000     3385.000       27.000     1464.000
   440:     2320.000     1676.000       51.000       62.000      468.000
   445:      869.000     3892.000      846.000     4603.000     1497.000
   450:      755.000     3386.000       57.000     2133.000      671.000
   455:       96.000      338.000      266.000       40.000     5032.000
   460:       25.000       32.000      109.000       65.000     3605.000
   465:      169.000      228.000      308.000      430.000      399.000
   470:       22.000       66.000      288.000      255.000     1015.000
   475:       42.000      660.000      885.000     1874.000      358.000
   480:     4635.000      106.000      405.000      962.000       54.000
   485:     3243.000     1505.000      817.000      303.000       99.000
   490:     1471.000     1654.000      878.000      121.000      293.000
   495:      745.000     3860.000       57.000      394.000      909.000
   500:     4148.000       94.000     1042.000       96.000       35.000
   505:       49.000     4374.000       65.000      151.000      263.000
   510:     1412.000      615.000      973.000     3064.000     2026.000
   515:      230.000      106.000       50.000     2264.000     3793.000
   520:      861.000     5957.000     1058.000     3046.000      108.000
   525:      184.000      343.000      718.000     4280.000      190.000
   530:       48.000     6612.000       74.000     1312.000     2492.000
   535:      851.000      772.000      909.000     3675.000       53.000
   540:      109.000      370.000     1006.000      699.000      502.000
   545:     4321.000      233.000       70.000     1630.000      251.000
   550:     1228.000      109.000      697.000      115.000       75.000
   555:     3553.000     1778.000      371.000      101.000      652.000
   560:       91.000      664.000     1064.000     3653.000      323.000
   565:     6347.000       53.000      395.000     5215.000       80.000
   570:     4429.000      364.000      696.000      235.000     3541.000
   575:      692.000      451.000     5030.000      860.000      652.000
   580:     3313.000      446.000     2900.000     3041.000       78.000
   585:      892.000     1209.000     3568.000      776.000       38.000
   590:     1273.000     3906.000       83.000      246.000      202.000
   595:     1008.000     4067.000       19.000      290.000      108.000
   600:     3609.000     1844.000      693.000      427.000       78.000
   605:     1170.000      822.000     3689.000       70.000       84.000
   610:       81.000       59.000     2100.000     3350.000       66.000
   615:      491.000     5235.000       80.000      485.000       95.000
   620:     3125.000     2636.000      150.000     1148.000      176.000
   625:     2018.000     3207.000       79.000     1409.000     1350.000
   630:     1682.000     1409.000       16.000     4700.000      131.000
   635:      452.000
R:
     0:        1.000        0.000        0.000
T:
     0:        0.000        0.000        0.000        0.000
W:
     0:        0.000        0.000        0.000
