File: C:\MED-PC IV\Data\Reyes\AY\AY2051.999


Start Date: 11/05/24
End Date: 11/05/24
Subject: 51
Experiment: AY
Group: LINEAR
Box: 1
Start Time: 12:37:27
End Time: 13:27:27
MSN: DRRD_lin
C:       0.000
F:       0.000
G:       0.000
H:       0.000
I:       0.000
J:       0.000
K:   10000.000
L:       0.000
M:       0.000
N:       0.000
O:       0.000
P:       0.000
Q:       0.000
R:       0.000
S:       0.000
U: 3247578.000
V:       0.000
X:       0.000
Y:    1034.000
Z:       0.000
A:
     0:     4864.005     5186.009     5387.005     5487.009     5541.005
     5:     5795.009     5956.005     6226.009     6509.005     6520.009
    10:     6538.005     6718.009     7005.005     7039.009     7064.005
    15:     7390.009     8972.005     9671.009    15000.013    15000.011
    20:    16279.005    16295.009    18508.001    19033.003    28936.001
    25:    31860.003    33591.001    33715.003    33748.001    37219.003
    30:    37423.005    37517.009    38937.001    42830.003    43032.005
    35:    43077.009    44657.001    48644.003    54133.001    54255.003
    40:    54548.001    58888.003    59034.005    59292.009    61782.001
    45:    62465.003    62503.001    65578.003    65728.005    65763.009
    50:    67394.001    68200.003    68205.001    71930.003    72191.005
    55:    72222.009    73327.001    77521.003    77802.005    77887.009
    60:    79401.001    79557.003    79575.001    84010.003    84198.005
    65:    84283.009    85295.001    89803.003    89980.005    90073.009
    70:    90879.001    91021.003    91425.005    91491.009   117697.001
    75:   117799.003   117815.001   118190.003   118527.005   118550.009
    80:   121007.001   121525.003   121529.001   126144.003   126353.005
    85:   126377.009   127524.001   128166.003   128177.001   132026.003
    90:   132270.005   132315.009   136702.001   136795.003   136803.001
    95:   137523.003   137539.001   141765.003   141946.005   142026.009
   100:   143457.001   148457.018   149089.003   149095.016   149145.026
   105:   149180.005   150010.009   157245.005   157274.009   161064.001
   110:   161187.003   161202.001   162183.003   162507.005   162547.009
   115:   162902.005   162914.009   164585.001   165763.003   167565.001
   120:   172565.018   172731.003   172737.016   172787.026   172818.005
   125:   173547.009   180398.001   181411.003   181748.005   181775.009
   130:   183709.001   188202.003   193552.001   194601.003   196434.001
   135:   196583.003   196601.001   201601.018   201925.003   201931.016
   140:   201981.026   202033.005   202768.009   204045.005   204088.009
   145:   205472.001   205606.003   207368.001   211848.003   213303.001
   150:   218303.018   218537.003   218543.016   218593.026   218621.005
   155:   219367.009   224967.001   229967.018   229974.003   229980.016
   160:   230030.026   230066.005   230809.009   233608.001   234357.003
   165:   234581.005   234675.009   236168.001   237386.003   239214.001
   170:   243090.003   243314.005   243420.009   244414.001   248672.003
   175:   248961.005   248966.009   250269.001   254751.003   257353.001
   180:   257915.003   257921.001   261521.003   262916.001   264294.003
   185:   264298.001   267619.003   267855.005   267956.009   269390.001
   190:   273877.003   273950.001   273978.003   274194.005   274310.009
   195:   274627.005   274765.009   276415.001   281189.003   284009.001
   200:   285233.003   285239.001   289476.003   289731.005   289798.009
   205:   291116.001   291696.003   291718.001   296549.003   297808.001
   210:   302808.018   303160.003   303166.016   303216.026   303243.005
   215:   303972.009   307219.001   307300.003   309685.001   309881.003
   220:   309897.001   310103.003   310108.001   314782.003   315591.001
   225:   315636.003   315677.001   315811.003   316137.005   316208.009
   230:   318098.001   318686.003   318690.001   319058.003   320625.001
   235:   325555.003   330555.001   335555.018   335799.003   335805.016
   240:   335855.026   335900.005   336494.009   340746.001   345517.003
   245:   346919.001   351919.018   352508.003   352514.016   352564.026
   250:   352579.005   353219.009   361659.001   361776.003   361793.001
   255:   362675.003   364084.001   368234.003   369102.001   369782.003
   260:   369790.001   373974.003   374218.005   374307.009   375585.001
   265:   380585.018   380723.003   380729.016   380779.026   380830.005
   270:   381318.009   385737.001   390548.003   391325.001   392311.003
   275:   395495.001   400495.018   400974.003   400980.016   401030.026
   280:   401063.005   401741.009   402782.005   403347.009   405533.001
   285:   406440.003   406725.005   406744.009   408036.001   412774.003
   290:   413659.001   413753.003   415174.001   417642.003   417649.001
   295:   420854.003   422830.001   427830.018   428248.003   428254.016
   300:   428304.026   428336.005   429258.009   429828.005   430256.009
   305:   432759.001   437652.003   437869.005   437927.009   441571.001
   310:   442211.003   443527.001   448527.018   448796.003   448802.016
   315:   448852.026   448888.005   449823.009   455103.001   459812.003
   320:   460589.001   462074.003   462324.005   462328.009   464781.001
   325:   464882.003   465111.001   469718.003   471913.001   476551.003
   330:   476888.005   476912.009   478247.001   483247.018   483306.003
   335:   483312.016   483362.026   483395.005   484107.009   487212.001
   340:   489403.003   489590.005   489656.009   489669.005   489727.009
   345:   490920.001   495572.003   495897.005   495938.009   497295.001
   350:   497450.003   497489.001   502320.003   503153.001   503320.003
   355:   503356.001   503733.003   503754.001   504101.003   505628.001
   360:   505840.003   505844.001   510565.003   510935.005   510959.009
   365:   512264.001   517264.018   517297.003   517303.016   517353.026
   370:   517390.005   518293.009   519540.005   519588.009   523473.001
   375:   524371.003   525382.001   530382.018   530891.003   530897.016
   380:   530947.026   530977.005   531653.009   534966.001   535071.003
   385:   536292.001   536899.003   537389.005   537402.009   538903.001
   390:   539481.003   539499.001   543902.003   546206.001   546777.003
   395:   546792.001   550919.003   552547.005   552728.009   554387.001
   400:   559387.018   559644.003   559650.016   559700.026   559722.005
   405:   560306.009   561544.005   561644.009   561724.005   562184.009
   410:   565042.005   565074.009   565203.005   565524.009   567524.001
   415:   571487.003   571971.005   572054.009   573239.001   577567.003
   420:   577784.005   577846.009   578829.001   579382.003   579385.001
   425:   583148.003   585748.001   590748.018   591051.003   591057.016
   430:   591107.026   591121.005   592050.009   592749.005   592964.009
   435:   593338.005   593627.009   596280.001   600987.003   601256.005
   440:   601336.009   602637.001   607346.003   607603.005   607667.009
   445:   607777.005   607820.009   609446.001   610091.003   610097.001
   450:   614895.003   615998.001   620998.018   621105.003   621111.016
   455:   621161.026   621186.005   621959.009   623146.005   623317.009
   460:   626048.001   630789.003   630984.005   631108.009   632583.001
   465:   636841.003   637072.005   637122.009   637974.001   642772.003
   470:   643976.001   644831.003   650207.001   651164.003   653184.001
   475:   656810.003   657054.005   657140.009   659512.001   664003.003
   480:   665193.001   669458.003   669730.005   669817.009   670883.001
   485:   670914.003   670956.001   671467.003   671490.001   675352.003
   490:   675458.005   675530.009   676549.001   677096.003   677102.001
   495:   681010.003   682498.001   682546.003   683417.001   688173.003
   500:   688541.005   688719.009   690000.001   695000.018   695254.003
   505:   695260.016   695310.026   695327.005   696263.009   713382.001
   510:   713729.003   713764.001   717906.003   718239.005   718288.009
   515:   719552.001   724425.003   724484.001   724560.003   724743.005
   520:   724853.009   725938.001   730938.018   731310.003   731316.016
   525:   731366.026   731410.005   732291.009   733095.005   733233.009
   530:   733575.005   733732.009   736120.001   741120.018   741251.003
   535:   741257.016   741307.026   741350.005   742167.009   745648.001
   540:   746221.003   746501.005   746571.009   747549.001   748302.003
   545:   749547.001   749684.003   749870.001   749927.003   749952.001
   550:   754459.003   755805.001   760805.018   760808.003   760814.016
   555:   760864.026   760890.005   761764.009   767335.001   767377.003
   560:   767746.001   771609.003   771858.005   771995.009   773117.001
   565:   773564.003   773568.001   777098.003   777335.005   777519.009
   570:   778745.001   783063.003   784512.001   789168.003   790541.001
   575:   795117.003   798432.001   798590.003   798606.001   802738.003
   580:   802991.005   803149.009   804266.001   808637.003   808927.005
   585:   809014.009   809942.001   814180.003   814521.005   814587.009
   590:   815493.001   815988.003   815992.001   819817.003   820075.005
   595:   820200.009   820536.005   820558.009   822104.001   825353.003
   600:   825407.001   825633.003   826226.001   827216.003   827424.005
   605:   827518.009   828721.001   833128.003   834215.001   838285.003
   610:   838555.005   838739.009   848468.001   849238.003   849490.005
   615:   849638.009   850852.001   851666.003   855924.001   856149.003
   620:   856163.001   858519.003   858572.001   858604.003   860318.001
   625:   860477.003   860493.001   860694.003   860704.001   864874.003
   630:   866785.001   867244.003   867259.001   871585.003   871820.005
   635:   871953.009   872802.001   873723.003   875081.001   880003.003
   640:   880099.005   880148.009   881445.001   885242.003   887362.001
   645:   887431.003   888159.001   888747.003   888914.005   888935.009
   650:   888939.005   889082.009   891390.001   891451.003   891522.001
   655:   891693.003   893885.005   893924.009   893970.005   894025.009
   660:   905497.001   906184.003   909144.001   909976.003   910855.001
   665:   914477.003   914602.005   914834.009   915286.005   915313.009
   670:   916475.001   920821.003   921176.005   921248.009   922100.001
   675:   925918.003   927300.005   927314.009   932901.001   933328.003
   680:   933343.001   936818.003   937138.005   937149.009   938426.001
   685:   942737.003   944669.001   949289.003   956632.001   956701.003
   690:   956721.001   957069.003   957153.001   957233.003   958500.001
   695:   959003.003   959031.001   963576.003   965024.001   969733.003
   700:   970049.005   970088.009   970156.005   970192.009   971567.001
   705:   976567.018   976895.003   976901.016   976951.026   976994.005
   710:   977713.009   983343.005   983360.009   983377.005   983408.009
   715:   985561.001   986752.003   987627.001   992627.018   992663.003
   720:   992669.016   992719.026   992805.005   993716.009   995707.005
   725:   995851.009   998177.001   998883.003   999073.005   999590.009
   730:  1000892.001  1000960.003  1002074.001  1002211.003  1002225.001
   735:  1002828.003  1004121.001  1006550.003  1006592.005  1006696.009
   740:  1008798.001  1009511.003  1009721.005  1009753.009  1011582.001
   745:  1015003.003  1016314.001  1017040.003  1017295.005  1017366.009
   750:  1017884.001  1017933.003  1018351.001  1018410.003  1018540.001
   755:  1018619.003  1019145.001  1022897.003  1023014.005  1023127.009
   760:  1024152.001  1028332.003  1030038.001  1034774.003  1034861.005
   765:  1035019.009  1035620.005  1035674.009  1037161.001  1037610.003
   770:  1037624.001  1041695.003  1042091.005  1042123.009  1043112.001
   775:  1047283.003  1047955.001  1048049.003  1049164.001  1049770.003
   780:  1052073.005  1052203.009  1054231.001  1054416.003  1056516.001
   785:  1059848.003  1061065.001  1065563.003  1066337.005  1066407.009
   790:  1070933.005  1071058.009  1094681.001  1095257.003  1095294.001
   795:  1095375.003  1095961.001  1096033.003  1096214.001  1100223.003
   800:  1101714.001  1105096.003  1105966.001  1110340.003  1110597.005
   805:  1110700.009  1111738.001  1115742.003  1117333.001  1121254.003
   810:  1121574.005  1121664.009  1122273.005  1122298.009  1122301.005
   815:  1122334.009  1124072.001  1128060.003  1128299.005  1128456.009
   820:  1128588.005  1128742.009  1129798.001  1134198.003  1134832.005
   825:  1134879.009  1136883.005  1136920.009  1136959.005  1137273.009
   830:  1140331.005  1140342.009  1140359.005  1140951.009  1142597.001
   835:  1143357.003  1143437.001  1143564.003  1144640.001  1148416.003
   840:  1149450.001  1153643.003  1155991.001  1156885.003  1157101.005
   845:  1157192.009  1157216.005  1157235.009  1157539.005  1157671.009
   850:  1158969.001  1163969.018  1164347.003  1164353.016  1164403.026
   855:  1164440.005  1165117.009  1167083.005  1167181.009  1171707.001
   860:  1172449.003  1173532.001  1177876.003  1178000.005  1178080.009
   865:  1179213.001  1184103.003  1184457.005  1184470.009  1185546.001
   870:  1190019.003  1191682.001  1195996.003  1198424.001  1202766.003
   875:  1203282.005  1203359.009  1203760.005  1203888.009  1206227.001
   880:  1209893.003  1210968.001  1210997.003  1211039.001  1211663.003
   885:  1211854.005  1211958.009  1213545.001  1216913.003  1218285.005
   890:  1219087.009  1221512.001  1226215.003  1227283.001  1227444.003
   895:  1227472.001  1232472.018  1232628.003  1232634.016  1232684.026
   900:  1232710.005  1233686.009  1238249.001  1241474.003  1241718.005
   905:  1241793.009  1242733.001  1243451.003  1243684.005  1243730.009
   910:  1244664.001  1245409.003  1247890.005  1247922.009  1248389.005
   915:  1248587.009  1250723.001  1250818.003  1251223.001  1254768.003
   920:  1255674.005  1255722.009  1257264.001  1261361.003  1262617.001
   925:  1263402.003  1263415.001  1266686.003  1268010.005  1268061.009
   930:  1269824.001  1273752.003  1275040.001  1275831.003  1276054.005
   935:  1276211.009  1281751.001  1282738.003  1283506.001  1287535.003
   940:  1288000.005  1288066.009  1289238.001  1293308.003  1293552.005
   945:  1293684.009  1294272.005  1294319.009  1295386.001  1299609.003
   950:  1299975.005  1300047.009  1300905.001  1301889.003  1301913.001
   955:  1302076.003  1302605.005  1302816.009  1305973.001  1306065.003
   960:  1306081.001  1310410.003  1311820.001  1316508.003  1317704.001
   965:  1322393.003  1323632.005  1323782.009  1326518.005  1326549.009
   970:  1328429.001  1329120.003  1330116.001  1331504.003  1331863.005
   975:  1331960.009  1334373.005  1334391.009  1335261.005  1335377.009
   980:  1337549.005  1337896.009  1345220.001  1349633.003  1351081.001
   985:  1355493.003  1368962.001  1369264.003  1369349.001  1369487.003
   990:  1370071.005  1370096.009  1377874.001  1378174.003  1378227.001
   995:  1378475.003  1378531.001  1378655.003  1379750.001  1379859.003
  1000:  1379914.001  1380751.003  1380768.001  1381971.003  1382958.001
  1005:  1383996.003  1400563.001  1400657.003  1400809.001  1400915.003
  1010:  1400996.001  1401112.003  1401199.001  1401219.003  1401710.005
  1015:  1401726.009  1405305.001  1408785.003  1409540.005  1409586.009
  1020:  1411060.005  1411145.009  1428452.005  1428460.009  1432438.005
  1025:  1432529.009  1432571.005  1432743.009  1441031.001  1441239.003
  1030:  1489117.005  1489133.009  1492177.005  1492508.009
B:
     0:        0.000      293.000        0.000      293.000        0.000
     5:      184.000        0.000        0.000        0.000      184.000
    10:        0.000        1.000        0.000        1.000        0.000
    15:        0.000       26.000        0.000       26.000        0.000
    20:        0.000        0.000        0.000        0.000        0.000
    25:        0.000       26.000        0.000        0.000        0.000
    30:        0.000
D:
     0:  4688816.000  4688609.000  4688817.000
E:
     0:     5000.000     5000.000
T:
     0:        0.000        0.000        0.000        0.000
W:
     0:        0.000        0.000        0.000
