File: C:\MED-PC IV\Data\Reyes\AY\AY2054.999


Start Date: 11/05/24
End Date: 11/05/24
Subject: 54
Experiment: AY
Group: LINEAR
Box: 4
Start Time: 12:37:27
End Time: 13:27:27
MSN: DRRD_lin
C:       0.000
F:       0.000
G:       0.000
H:       0.000
I:       0.000
J:       0.000
K:    4000.000
L:       0.000
M:       0.000
N:       0.000
O:       0.000
P:       0.000
Q:       0.000
R:       0.000
S:       0.000
U: 3247578.000
V:       0.000
X:       0.000
Y:    1985.000
Z:       0.000
A:
     0:     2449.005     3804.009     5557.005     6387.009     8531.005
     5:     8690.009    15000.013    15000.011    15715.001    17389.003
    10:    18268.001    19533.003    19944.001    21531.003    22086.005
    15:    22839.009    23293.001    23338.003    23412.001    24065.003
    20:    24105.001    25415.003    25818.001    27401.003    27792.001
    25:    29792.018    30022.003    30028.016    30078.026    30157.005
    30:    30825.009    31402.005    31987.009    32837.001    32920.003
    35:    33774.001    34938.003    35019.001    35693.003    36233.001
    40:    36275.003    36497.001    37026.003    37142.001    37755.003
    45:    41343.005    42464.009    42539.005    42551.009    59954.001
    50:    60001.003    60152.001    60801.003    61238.005    61639.009
    55:    62109.001    62264.003    62337.001    64273.003    65296.001
    60:    65559.003    65594.001    67594.018    67764.003    67770.016
    65:    67820.026    67881.005    68552.009    68846.005    71200.009
    70:    72021.001    72191.003    72244.001    72385.003    72439.001
    75:    73530.003    76788.001    77957.003    78918.001    80304.003
    80:    80743.005    81582.009    82778.001    84465.003    84748.001
    85:    85313.003    85800.001    85836.003    85920.001    87362.003
    90:    87455.001    87857.003    88901.005    89314.009    90396.001
    95:    90543.003    90613.001    90770.003    90845.001    91935.003
   100:    92356.001    93545.003    94012.001    95259.003   101881.001
   105:   102032.003   102100.001   103738.003   104302.005   104541.009
   110:   105243.001   105404.003   105434.001   105496.003   105535.001
   115:   107011.003   107590.005   107689.009   108267.001   108347.003
   120:   108378.001   110378.018   110760.003   110766.016   110816.026
   125:   110885.005   113765.009   113832.005   114566.009   114793.005
   130:   114879.009   116209.001   117747.003   118706.001   118829.003
   135:   118897.001   120071.003   120588.001   122257.003   123099.001
   140:   124254.003   124692.001   126279.003   127409.001   129010.003
   145:   129610.001   131610.018   131628.003   131634.016   131684.026
   150:   131774.005   134247.009   134303.005   134323.009   135198.001
   155:   135458.003   135598.001   135639.003   135673.001   136084.003
   160:   136098.001   137070.003   138293.001   138308.003   138370.001
   165:   138451.003   138497.001   139318.003   140190.001   140549.003
   170:   140631.001   140686.003   140734.001   141342.003   144970.001
   175:   146379.003   146830.005   147169.009   157389.001   158493.003
   180:   158595.001   158700.003   159044.001   160275.003   161013.005
   185:   162845.009   166387.005   169066.009   169071.005   169095.009
   190:   169476.001   170465.003   170819.001   171930.003   172798.001
   195:   172963.003   173001.001   173712.003   174572.001   176005.003
   200:   176704.001   178089.003   178592.001   179924.003   180516.005
   205:   180821.009   182658.001   182885.003   183036.001   184469.003
   210:   185226.001   185764.003   185820.001   187000.003   187590.001
   215:   187633.003   187680.001   189350.003   189474.001   190103.003
   220:   190454.001   191192.003   191639.001   192401.003   193328.001
   225:   193473.003   193597.001   195048.003   195663.001   196040.003
   230:   196065.001   197242.003   197279.001   197419.003   197501.001
   235:   197900.003   198333.005   198589.009   198797.005   198830.009
   240:   198835.005   199450.009   199592.005   200258.009   200589.005
   245:   201179.009   201316.005   201328.009   201483.005   201487.009
   250:   201526.005   202161.009   202177.005   202403.009   203188.001
   255:   203303.003   203536.001   203560.003   203636.001   203801.003
   260:   203867.001   205301.003   206066.001   208066.018   208704.003
   265:   208710.016   208760.026   208835.005   209934.009   209956.005
   270:   209964.009   210000.005   210019.009   210041.005   210054.009
   275:   210094.005   210118.009   210285.005   212197.009   212213.005
   280:   212232.009   212257.005   212285.009   212291.005   212294.009
   285:   212297.005   212354.009   212370.005   213702.009   214860.001
   290:   215154.003   215534.001   216039.003   217643.001   218118.003
   295:   218224.001   218890.003   220371.005   220534.009   220556.005
   300:   220613.009   220683.005   220810.009   220842.005   220951.009
   305:   220993.005   221603.009   222368.001   223527.003   223572.001
   310:   224763.003   225812.001   227459.003   227503.001   227866.003
   315:   229106.001   230763.003   230907.001   231411.003   232866.001
   320:   233228.003   233317.001   234415.003   238299.005   239131.009
   325:   239138.005   239149.009   239867.001   239882.003   240013.001
   330:   241481.003   241568.001   242266.003   243118.001   243210.003
   335:   243320.001   245320.018   245338.003   245344.016   245394.026
   340:   245443.005   247355.009   250330.005   251322.009   251910.001
   345:   252337.003   252591.001   253571.003   253608.001   254620.003
   350:   255541.005   255544.009   255551.005   255610.009   256769.001
   355:   256848.003   256886.001   257146.003   257858.001   258327.003
   360:   258372.001   258739.003   258782.001   259806.003   261349.001
   365:   263079.003   263154.001   263457.003   264251.001   265891.003
   370:   266534.005   266768.009   287911.001   288366.003   288755.005
   375:   288912.009   291309.001   292427.003   293759.001   295541.003
   380:   296195.001   297525.003   297958.005   298129.009   298790.001
   385:   298960.003   299014.001   301014.018   301239.003   301245.016
   390:   301295.026   301360.005   302293.009   302405.005   302817.009
   395:   305466.005   305509.009   305601.005   305798.009   306398.001
   400:   306526.003   306570.001   307404.003   307443.001   308735.003
   405:   310987.001   311168.003   311195.001   311232.003   311270.001
   410:   311361.003   311391.001   312285.003   315769.001   315839.003
   415:   316553.001   316991.003   317035.001   317294.003   317339.001
   420:   318178.003   318223.001   318744.003   319395.005   319463.009
   425:   320642.001   322642.018   322918.003   322924.016   322974.026
   430:   323031.005   324455.009   324474.005   324667.009   324760.005
   435:   325972.009   327744.001   328525.003   328567.001   329153.003
   440:   329674.005   329795.009   331357.001   331405.003   331461.001
   445:   332088.003   332165.001   332457.003   333842.001   333888.003
   450:   333948.001   334034.003   334072.001   334735.003   334824.001
   455:   335254.003   336080.005   336137.009   336241.005   336282.009
   460:   341078.005   342417.009   343004.001   344434.003   344478.001
   465:   344574.003   344720.001   346133.003   348991.001   349126.003
   470:   349172.001   350393.003   352125.001   354069.003   355102.001
   475:   355123.003   355480.001   355551.003   355802.001   357070.003
   480:   358838.001   358905.003   358940.001   360266.003   360878.005
   485:   361170.009   363502.001   363591.003   363773.001   364249.003
   490:   364320.001   364355.003   364398.001   365676.003   365768.001
   495:   366044.003   367015.001   367765.003   367821.001   368643.003
   500:   369934.001   370010.003   370166.001   370584.003   370682.001
   505:   370878.003   370914.001   371689.003   371744.001   372367.003
   510:   372932.005   373206.009   373450.005   373670.009   373704.005
   515:   374317.009   375710.001   375795.003   375967.001   376295.003
   520:   376322.001   376843.003   376885.001   377879.003   378817.001
   525:   379894.003   381217.001   382756.003   383459.005   383555.009
   530:   384006.001   384913.003   385946.001   386035.003   386147.001
   535:   387215.003   388664.001   389052.003   389112.001   389512.003
   540:   389547.001   390045.003   390058.001   390928.003   391974.001
   545:   393633.003   394496.005   394781.009   395132.005   396184.009
   550:   397806.001   397851.003   398010.001   399643.003   400613.001
   555:   401723.003   402742.001   404332.003   405902.001   407619.003
   560:   408113.005   408315.009   408817.005   408873.009   409030.005
   565:   409068.009   410765.001   412170.003   413175.005   413280.009
   570:   414183.001   414235.003   414279.001   414341.003   414385.001
   575:   414430.003   414477.001   414537.003   414579.001   416322.003
   580:   417824.001   419308.003   420674.001   420736.003   420762.001
   585:   420783.003   420822.001   420890.003   420931.001   420978.003
   590:   421023.001   422969.003   424396.001   424513.003   424643.001
   595:   426441.003   427358.001   428881.003   429699.001   431635.003
   600:   432102.005   432420.009   435958.001   436069.003   436621.001
   605:   438621.018   439026.003   439032.016   439082.026   439132.005
   610:   441062.009   446659.005   447229.009   447235.005   447295.009
   615:   447830.001   449830.018   449975.003   449981.016   450031.026
   620:   450101.005   453998.009   454897.001   455697.003   455729.001
   625:   456259.003   456356.001   456635.003   458405.001   458490.003
   630:   458681.001   459080.003   459274.001   460436.003   463769.001
   635:   463914.003   464156.001   465476.003   466613.001   467607.003
   640:   467683.001   468008.003   468861.005   469033.009   470261.001
   645:   471176.003   471217.001   472142.003   474094.001   475123.003
   650:   475190.001   476225.003   476972.001   478782.003   479370.001
   655:   480845.003   481729.001   483262.003   483292.001   483658.003
   660:   484756.001   486322.003   490792.005   490885.009   490967.005
   665:   491455.009   491960.001   493036.003   493204.001   494188.003
   670:   494795.005   494890.009   495044.005   495155.009   495785.001
   675:   495924.003   496152.001   496201.003   496267.001   496339.003
   680:   496371.001   497033.003   497065.001   497173.003   497211.001
   685:   498257.003   498327.001   498605.003   499742.001   501742.018
   690:   501828.003   501834.016   501884.026   501957.005   503976.009
   695:   508193.001   508309.003   510916.001   511346.003   511454.001
   700:   511552.003   511624.001   512363.003   512400.001   513271.003
   705:   513991.005   514292.009   515684.001   515859.003   516024.001
   710:   517332.003   518673.001   520000.003   520253.001   521007.003
   715:   522716.001   522903.003   522992.001   524355.003   524963.005
   720:   525087.009   525207.005   525476.009   529808.005   530331.009
   725:   530354.005   530391.009   530950.001   531376.003   531400.001
   730:   532698.003   534424.001   534995.003   535098.001   535296.003
   735:   535505.001   535932.003   536005.001   536127.003   536168.001
   740:   536762.003   536869.001   537295.003   538037.005   538120.009
   745:   539298.001   539357.003   539394.001   539551.003   539675.001
   750:   539770.003   539785.001   540106.003   540167.001   541631.003
   755:   542762.005   542911.009   543670.001   543979.003   544075.001
   760:   544150.003   544178.001   545732.003   546729.001   548570.003
   765:   549202.005   549433.009   550007.001   551693.003   552931.001
   770:   554931.018   555011.003   555017.016   555067.026   555118.005
   775:   556219.009   556302.005   556305.009   556328.005   557024.009
   780:   558950.001   559228.003   559642.001   559974.003   561333.005
   785:   561348.009   562492.001   564492.018   564547.003   564553.016
   790:   564603.026   564653.005   568055.009   568863.005   569878.009
   795:   571136.001   571323.003   571457.001   571539.003   571593.001
   800:   571637.003   571666.001   572154.003   572346.001   572903.003
   805:   574285.001   574313.003   574585.001   575376.003   575422.001
   810:   576209.003   577203.005   577229.009   578314.001   578600.003
   815:   578640.001   580047.003   580909.005   581024.009   592801.001
   820:   593543.003   594477.001   595283.003   595294.001   595991.003
   825:   597308.001   597413.003   597426.001   598438.003   598877.005
   830:   599013.009   599992.001   600009.003   600070.001   602013.003
   835:   602943.005   603067.009   603971.001   605719.003   606687.001
   840:   608208.003   608869.001   610154.003   610959.001   612221.003
   845:   612356.005   612706.009   614747.005   614851.009   614884.005
   850:   616034.009   616674.001   616801.003   616928.001   616955.003
   855:   616992.001   618882.003   620393.001   621375.003   622104.001
   860:   622195.003   622245.001   623680.003   624392.001   625488.003
   865:   626263.001   627381.003   627830.001   628898.003   629714.001
   870:   630748.003   630758.001   631142.003   631420.001   632392.003
   875:   632908.005   633061.009   634175.001   635756.003   636191.005
   880:   636302.009   637806.001   637818.003   637884.001   639607.003
   885:   640529.001   642152.003   642612.001   644027.003   644667.001
   890:   646495.003   646963.001   648963.018   649108.003   649114.016
   895:   649164.026   649218.005   649778.009   649798.005   649838.009
   900:   649881.005   649897.009   649913.005   649937.009   650072.005
   905:   650986.009   653933.005   654153.009   654798.001   655277.003
   910:   655399.001   655650.003   655669.001   656879.003   658160.001
   915:   660057.003   660907.005   661086.009   663090.001   663690.003
   920:   663784.001   664563.003   669595.001   670638.003   670673.001
   925:   671351.003   672316.005   672387.009   672501.005   672697.009
   930:   673319.001   673397.003   673465.001   673611.003   673741.001
   935:   673865.003   674016.001   675638.003   676569.001   676737.003
   940:   676772.001   677094.003   677157.001   678580.003   679697.001
   945:   679746.003   679785.001   679881.003   680019.001   680170.003
   950:   680197.001   682195.003   683001.005   683131.009   683868.001
   955:   685711.003   686791.001   688791.018   688979.003   688985.016
   960:   689035.026   689065.005   691024.009   692160.001   693387.003
   965:   693402.001   693798.003   695361.005   695572.009   695610.005
   970:   695681.009   696650.001   696693.003   696718.001   696918.003
   975:   696964.001   697063.003   697077.001   698739.003   699999.001
   980:   701718.003   702762.001   704430.003   705441.001   707110.003
   985:   708003.001   708491.003   708507.001   709696.003   710503.001
   990:   712503.018   712582.003   712588.016   712638.026   712688.005
   995:   714259.009   714377.005   714568.009   716676.001   718315.003
  1000:   719443.001   721199.003   722047.001   723601.003   724158.005
  1005:   724278.009   725324.001   726268.003   726301.001   727497.003
  1010:   727514.001   727888.003   729319.001   731319.018   731414.003
  1015:   731420.016   731470.026   731519.005   733053.009   733100.005
  1020:   733342.009   736002.001   736189.003   736329.001   737468.003
  1025:   737517.001   738576.003   740216.001   742216.018   742392.003
  1030:   742398.016   742448.026   742503.005   742658.009   742669.005
  1035:   742670.009   744184.005   746713.009   749060.005   750154.009
  1040:   750159.005   750590.009   751172.001   751752.003   751789.001
  1045:   752235.003   752282.001   752548.003   752596.001   754163.003
  1050:   754781.001   756781.018   757490.003   757496.016   757546.026
  1055:   757622.005   759099.009   759110.005   759153.009   760271.001
  1060:   760330.003   760500.001   761437.003   763046.001   763170.003
  1065:   763210.001   763830.003   763852.001   765476.003   766044.001
  1070:   767526.003   768078.001   769409.003   769586.001   769926.003
  1075:   770524.005   770653.009   771460.001   771513.003   771544.001
  1080:   773193.003   774572.001   775706.003   775738.001   776794.003
  1085:   777366.001   778802.003   779425.005   779920.009   781197.001
  1090:   781216.003   781447.001   781523.003   781684.001   782016.003
  1095:   782055.001   782750.003   782843.001   783387.003   783417.001
  1100:   783780.003   784537.001   786269.003   786914.005   787034.009
  1105:   787674.001   788036.003   788329.001   788808.003   788881.001
  1110:   788921.003   788949.001   789981.003   790709.001   792161.003
  1115:   792236.001   793158.003   793792.001   795468.003   796072.001
  1120:   797681.003   797873.005   798329.009   799829.001   799901.003
  1125:   800054.001   801696.003   802742.005   802923.009   803955.001
  1130:   805955.018   806348.003   806354.016   806404.026   806456.005
  1135:   809159.009   809283.005   809335.009   809351.005   809461.009
  1140:   809974.001   810195.003   810254.001   810811.003   810869.001
  1145:   812269.003   813175.005   814047.009   815244.001   815399.003
  1150:   815508.001   815882.003   815963.001   817938.003   819433.001
  1155:   821433.018   821961.003   821967.016   822017.026   822059.005
  1160:   823640.009   823648.005   823701.009   826513.005   826594.009
  1165:   826660.005   826762.009   827123.001   827445.003   827562.001
  1170:   828964.003   830070.001   830679.003   830733.001   832043.003
  1175:   833243.001   835086.003   835361.005   835714.009   836942.001
  1180:   837760.003   837791.001   838743.003   839719.001   840150.003
  1185:   840195.001   841163.003   841748.005   841891.009   842515.001
  1190:   844432.003   845350.001   846549.003   847706.001   847731.003
  1195:   847761.001   849489.003   850096.005   850270.009   858572.005
  1200:   859026.009   862129.001   862174.003   862240.001   862429.003
  1205:   862476.001   863014.003   863454.005   863550.009   864744.001
  1210:   866162.003   866292.001   866550.003   867461.001   868892.003
  1215:   869277.005   870291.009   875536.005   875639.009   875702.005
  1220:   875724.009   876038.001   876704.003   876776.001   877796.003
  1225:   879136.005   879271.009   880167.001   880450.003   880486.001
  1230:   881999.003   882424.005   882535.009   883992.001   884091.003
  1235:   884308.001   885626.003   890995.005   891086.009   891564.001
  1240:   892082.003   892142.001   892654.003   892752.001   894015.003
  1245:   894678.005   894784.009   895389.001   895570.003   895648.001
  1250:   896024.003   896052.001   896090.003   896133.001   897481.003
  1255:   898454.001   899670.003   900216.005   900338.009   901083.001
  1260:   901168.003   901277.001   901576.003   901662.001   903529.003
  1265:   904559.005   904799.009   905281.001   905345.003   905517.001
  1270:   906270.003   906325.001   907796.003   908346.001   910189.003
  1275:   910622.001   910652.003   910733.001   912390.003   912748.001
  1280:   912791.003   912801.001   913975.003   914491.001   914521.003
  1285:   914542.001   916472.003   916752.001   916790.003   916813.001
  1290:   918502.003   919092.005   919227.009   920711.001   920806.003
  1295:   920945.001   922945.018   923111.003   923117.016   923167.026
  1300:   923222.005   925771.009   929483.005   930051.009   930336.001
  1305:   930892.003   930935.001   932209.003   932539.005   932755.009
  1310:   934853.001   934930.003   934945.001   935979.003   937081.005
  1315:   937193.009   938398.001   938507.003   938611.001   938653.003
  1320:   938709.001   940181.003   940948.001   941006.003   941032.001
  1325:   942821.003   943902.001   945902.018   945968.003   945974.016
  1330:   946024.026   946100.005   947519.009   957065.001   958514.003
  1335:   959611.001   961556.003   965792.005   966045.009   966703.001
  1340:   967111.003   967148.001   967337.003   967390.001   968897.003
  1345:   969894.001   971716.003   972411.001   974238.003   974891.005
  1350:   974981.009   976397.001   976812.003   976834.001   977833.003
  1355:   978844.001   980552.003   981308.001   983308.018   983353.003
  1360:   983359.016   983409.026   983466.005   985017.009   985051.005
  1365:   988313.009   989799.001   990958.003   992103.005   993266.009
  1370:   997404.005   997464.009   997525.005   997527.009   997575.005
  1375:   997680.009   997994.001   998200.003   998225.001   998590.003
  1380:   998625.001   999481.003  1000312.001  1000470.003  1000561.001
  1385:  1001955.003  1002335.005  1002521.009  1003099.001  1003187.003
  1390:  1003338.001  1005073.003  1005800.005  1005893.009  1006504.001
  1395:  1008504.018  1008820.003  1008826.016  1008876.026  1008923.005
  1400:  1009580.009  1009731.005  1011082.009  1011916.001  1012022.003
  1405:  1012205.001  1012226.003  1012420.001  1012801.003  1012997.001
  1410:  1013889.003  1013934.001  1014268.003  1015950.001  1016342.003
  1415:  1016373.001  1017137.003  1017202.001  1017728.003  1019003.001
  1420:  1019070.003  1019223.001  1020829.003  1021695.001  1023695.018
  1425:  1023964.003  1023970.016  1024020.026  1024094.005  1024886.009
  1430:  1024964.005  1027290.009  1028904.001  1029799.003  1029822.001
  1435:  1029939.003  1029985.001  1030942.003  1031578.005  1031885.009
  1440:  1032704.001  1034704.018  1034738.003  1034744.016  1034794.026
  1445:  1034851.005  1036528.009  1036615.005  1038590.009  1039952.001
  1450:  1040059.003  1040289.001  1041489.003  1042219.005  1042435.009
  1455:  1043127.001  1043189.003  1043205.001  1043786.003  1043853.001
  1460:  1044717.003  1045455.005  1045579.009  1046080.001  1048080.018
  1465:  1048110.003  1048116.016  1048166.026  1048237.005  1049552.009
  1470:  1052339.005  1053261.009  1053278.005  1053461.009  1053954.001
  1475:  1054079.003  1054097.001  1055296.003  1056601.001  1058327.003
  1480:  1058993.005  1059229.009  1059995.001  1060072.003  1060129.001
  1485:  1060161.003  1060196.001  1060959.003  1060982.001  1061527.003
  1490:  1061850.005  1062069.009  1063074.001  1063113.003  1063308.001
  1495:  1063349.003  1063402.001  1063456.003  1063545.001  1064962.003
  1500:  1065476.005  1065582.009  1067461.001  1067544.003  1067629.001
  1505:  1068081.003  1068131.001  1068779.003  1069732.001  1069794.003
  1510:  1069858.001  1071429.003  1072069.005  1072206.009  1073028.001
  1515:  1073059.003  1073084.001  1073102.003  1073132.001  1073197.003
  1520:  1073251.001  1074222.003  1074663.001  1076095.003  1076567.005
  1525:  1076925.009  1077377.001  1079095.003  1079796.001  1081106.003
  1530:  1081604.005  1081951.009  1082379.001  1082464.003  1082655.001
  1535:  1084465.003  1084597.005  1085009.009  1086367.001  1086488.003
  1540:  1086514.001  1088091.003  1088658.005  1088750.009  1089156.001
  1545:  1091156.018  1091280.003  1091286.016  1091336.026  1091384.005
  1550:  1092868.009  1095759.005  1095775.009  1095806.005  1095825.009
  1555:  1096409.001  1096462.003  1096484.001  1097611.003  1097760.001
  1560:  1098563.003  1100036.001  1101695.003  1102619.001  1104206.003
  1565:  1104824.001  1106335.003  1106450.005  1106904.009  1107745.001
  1570:  1109585.003  1110243.001  1111885.003  1111976.005  1112335.009
  1575:  1113708.001  1115614.003  1116885.001  1117099.003  1117120.001
  1580:  1118558.003  1119812.001  1120065.003  1120100.001  1121461.003
  1585:  1122226.001  1123834.003  1124439.001  1125913.003  1126302.001
  1590:  1127446.003  1127868.001  1127896.003  1127912.001  1129299.003
  1595:  1129794.005  1129983.009  1142876.001  1144374.003  1145292.001
  1600:  1146632.003  1147425.005  1147537.009  1148286.001  1150134.003
  1605:  1156074.005  1156427.009  1156844.001  1157289.003  1157372.001
  1610:  1158517.003  1158644.001  1158904.003  1160087.001  1160519.003
  1615:  1160560.001  1160654.003  1160717.001  1161844.003  1161871.001
  1620:  1162246.003  1163781.001  1164080.003  1164128.001  1165351.003
  1625:  1165844.005  1165872.009  1166162.005  1166367.009  1167532.001
  1630:  1168112.003  1168798.001  1170619.003  1171729.001  1171752.003
  1635:  1171813.001  1173638.003  1174035.005  1174169.009  1181025.005
  1640:  1182222.009  1182603.001  1183284.003  1183295.001  1184260.003
  1645:  1184317.001  1184923.003  1198769.001  1198809.003  1199039.001
  1650:  1200501.003  1203246.005  1203462.009  1204792.001  1206792.018
  1655:  1207230.003  1207236.016  1207286.026  1207344.005  1207909.009
  1660:  1207922.005  1211573.009  1211582.005  1211629.009  1211650.005
  1665:  1211674.009  1211718.005  1211727.009  1220200.005  1220600.009
  1670:  1221116.001  1221587.003  1221637.001  1221928.003  1222291.005
  1675:  1222302.009  1222314.005  1222550.009  1223020.001  1223404.003
  1680:  1223444.001  1225204.003  1225392.005  1225495.009  1228206.005
  1685:  1229291.009  1229324.005  1229357.009  1230104.001  1230456.003
  1690:  1230539.001  1231838.003  1232197.005  1232860.009  1234417.001
  1695:  1234675.003  1234731.001  1234780.003  1234861.001  1236221.003
  1700:  1236567.005  1236772.009  1236797.005  1236899.009  1237664.001
  1705:  1238916.003  1238975.001  1239559.003  1239813.005  1240132.009
  1710:  1243987.005  1244312.009  1244921.001  1246861.003  1247375.005
  1715:  1247508.009  1248661.001  1248762.003  1248818.001  1250792.003
  1720:  1251478.005  1251667.009  1252664.001  1253827.003  1255464.005
  1725:  1255854.009  1256620.005  1257199.009  1263051.005  1263314.009
  1730:  1263343.005  1263373.009  1263443.005  1263448.009  1263476.005
  1735:  1263646.009  1264032.001  1264985.003  1265056.001  1265078.003
  1740:  1265093.001  1266468.003  1267038.005  1267135.009  1267815.001
  1745:  1269812.003  1271057.005  1273106.009  1278731.005  1278951.009
  1750:  1279591.001  1281021.003  1281671.005  1281783.009  1281867.005
  1755:  1281958.009  1283546.001  1283941.003  1284039.001  1284103.003
  1760:  1284185.001  1285969.003  1286918.001  1288695.003  1289073.005
  1765:  1289279.009  1289897.001  1291564.003  1292041.005  1292192.009
  1770:  1292293.005  1292429.009  1293025.001  1293364.003  1293381.001
  1775:  1294993.003  1295719.005  1295891.009  1296346.001  1298346.018
  1780:  1298543.003  1298549.016  1298599.026  1298644.005  1300125.009
  1785:  1300139.005  1301448.009  1304515.005  1304810.009  1305332.001
  1790:  1306744.003  1307279.005  1307431.009  1307667.005  1307790.009
  1795:  1308821.001  1309034.003  1309214.001  1311156.003  1311662.005
  1800:  1311792.009  1313294.001  1314938.003  1325150.005  1325297.009
  1805:  1325329.005  1325410.009  1325781.001  1326584.003  1326639.001
  1810:  1327325.003  1327351.001  1328274.003  1328670.005  1329772.009
  1815:  1329900.005  1329918.009  1330844.001  1330960.003  1331080.001
  1820:  1331488.003  1331511.001  1332518.003  1332866.005  1333009.009
  1825:  1335261.005  1335393.009  1335860.001  1336302.003  1336369.001
  1830:  1337420.003  1337886.005  1337894.009  1338043.005  1338189.009
  1835:  1338868.001  1338938.003  1338964.001  1339196.003  1339226.001
  1840:  1340699.003  1341278.005  1341399.009  1342339.001  1342522.003
  1845:  1346820.005  1347302.009  1348407.001  1349926.003  1350728.005
  1850:  1350964.009  1351370.001  1353370.018  1353405.003  1353411.016
  1855:  1353461.026  1353513.005  1355570.009  1355710.005  1357143.009
  1860:  1370095.005  1370259.009  1370672.001  1370743.003  1370758.001
  1865:  1371055.003  1382127.005  1382218.009  1382875.001  1383121.003
  1870:  1383527.001  1383597.003  1383772.001  1383851.003  1383854.005
  1875:  1384149.009  1384173.005  1384211.009  1384970.001  1385382.003
  1880:  1385533.001  1385810.003  1385842.001  1386148.003  1386350.005
  1885:  1386479.009  1388420.001  1388692.003  1388715.001  1389043.003
  1890:  1396893.005  1397421.009  1397672.001  1398083.003  1398604.001
  1895:  1398800.003  1398846.001  1399584.003  1399838.005  1400162.009
  1900:  1400538.001  1400594.003  1400644.001  1400785.003  1400883.001
  1905:  1401833.003  1401885.001  1402264.003  1402723.005  1402988.009
  1910:  1403564.001  1403650.003  1403694.001  1404920.003  1405520.005
  1915:  1405540.009  1405542.005  1405800.009  1427591.005  1427652.009
  1920:  1427681.005  1427741.009  1428018.001  1430018.018  1430062.003
  1925:  1430068.016  1430118.026  1430207.005  1430906.009  1430929.005
  1930:  1434187.009  1437237.005  1437348.009  1437710.001  1437752.003
  1935:  1437881.001  1438029.003  1438193.001  1438341.003  1438406.001
  1940:  1438844.003  1439275.001  1439451.003  1440284.005  1440311.009
  1945:  1440397.005  1440628.009  1441485.001  1442961.003  1443824.005
  1950:  1443955.009  1445710.001  1446905.003  1448673.001  1449971.003
  1955:  1450746.005  1450867.009  1470766.005  1470944.009  1470956.005
  1960:  1471029.009  1471315.001  1472315.003  1472382.001  1473257.003
  1965:  1473289.001  1473925.003  1474328.005  1474630.009  1475449.001
  1970:  1475464.003  1475546.001  1476054.003  1476129.001  1477126.003
  1975:  1477565.005  1477677.009  1477736.005  1477789.009  1478646.001
  1980:  1479247.003  1479278.001  1480209.003  1481066.005  1481712.009
B:
     0:        0.000      648.000        0.000      648.000        0.000
     5:      294.000        0.000        0.000        0.000      294.000
    10:        0.000        1.000        0.000        1.000        0.000
    15:        0.000       33.000        0.000       33.000        0.000
    20:        0.000        0.000        0.000        0.000        0.000
    25:        0.000       33.000        0.000        0.000        0.000
    30:        0.000
D:
     0:  4727786.000  4726856.000  4727787.000
E:
     0:     2000.000     2000.000
T:
     0:        0.000        0.000        0.000        0.000
W:
     0:        0.000        0.000        0.000
