File: C:\MED-PC IV\Data\Reyes\AY\AY2073.999


Start Date: 11/05/24
End Date: 11/05/24
Subject: 73
Experiment: AY
Group: LINEAR
Box: 5
Start Time: 12:45:34
End Time: 13:35:34
MSN: DRRD_lin
C:       0.000
F:       0.000
G:       0.000
H:       0.000
I:       0.000
J:       0.000
K:    8500.000
L:       0.000
M:       0.000
N:       0.000
O:       0.000
P:       0.000
Q:       0.000
R:       0.000
S:       0.000
U:    5647.000
V:       0.000
X:       0.000
Y:    1701.000
Z:       0.000
A:
     0:     3618.005     3627.009     3642.005     3731.009    15000.013
     5:    15000.011    15415.001    15553.003    15650.001    15704.003
    10:    15749.001    15853.003    15888.001    16208.003    16440.005
    15:    16496.009    16502.005    16748.009    17185.001    17516.003
    20:    17585.001    19222.003    19248.001    21081.003    21164.001
    25:    21358.003    21408.001    24571.003    25060.001    28775.003
    30:    29078.005    29084.001    29195.003    29389.009    29850.001
    35:    30237.003    30368.001    34083.003    34696.005    34832.009
    40:    35122.001    39066.003    39307.005    39988.009    40516.001
    45:    41235.003    41259.001    41332.003    41353.001    45603.018
    50:    45715.003    45721.016    45771.026    45890.005    46305.009
    55:    46353.005    46999.009    51554.001    51672.003    51911.001
    60:    51964.003    52022.001    54600.003    54802.005    55149.009
    65:    55188.005    55254.009    55776.001    56172.003    57382.005
    70:    57387.009    57411.005    57459.009    58086.001    58205.003
    75:    58318.001    61773.003    62231.005    62292.009    62737.001
    80:    63501.003    63551.001    67801.018    68251.003    68257.016
    85:    68307.026    68469.005    70407.009    76276.001    76487.003
    90:    77745.005    77831.009    79132.005    79422.009    80346.001
    95:    83115.003    83640.005    83753.009    83769.005    83896.009
   100:    84521.001    87647.003    88043.005    88123.009    88257.005
   105:    88720.009    89149.001    93098.003    93505.005    93746.009
   110:    94021.001    94710.003    94741.001    98240.003    98699.005
   115:    98973.009    99308.001    99379.003   100031.001   102905.003
   120:   102914.001   104061.003   104138.001   104198.003   104429.005
   125:   104526.009   104595.005   105061.009   105124.005   105968.009
   130:   108000.005   108081.009   111750.001   111882.003   115133.001
   135:   115206.003   115645.001   119513.003   120213.001   120268.003
   140:   120274.005   120355.001   120357.009   120402.003   120720.001
   145:   124656.003   125098.005   125607.009   125911.001   126743.003
   150:   126858.001   130536.003   130940.005   131018.009   131465.001
   155:   135715.018   135981.003   135987.016   136037.026   136096.005
   160:   136961.009   136968.005   138207.009   151939.005   153439.009
   165:   154287.001   155337.003   155359.001   158241.003   158837.005
   170:   158992.009   159006.001   159031.003   159421.001   163358.003
   175:   163608.005   163667.009   164166.001   164806.003   164824.001
   180:   165014.003   165028.001   168000.003   169539.005   169574.009
   185:   169590.005   169625.009   169872.001   174110.003   175123.005
   190:   175168.009   175506.001   179756.018   180310.003   180316.016
   195:   180366.026   180549.005   180968.009   180983.005   182085.009
   200:   182771.001   183167.003   183230.001   183416.003   183447.001
   205:   183789.003   183856.001   187285.003   187540.005   187656.009
   210:   188403.001   189798.003   189816.001   194066.018   194292.003
   215:   194298.016   194348.026   194504.005   196473.009   202250.005
   220:   202468.009   202495.005   202583.009   203436.001   207463.003
   225:   208198.001   212448.018   212453.003   212459.016   212509.026
   230:   212648.005   212655.009   212664.005   214332.009   217085.005
   235:   217202.009   217292.005   217555.009   218351.001   219223.003
   240:   219243.001   219336.003   219354.001   223604.018   223680.003
   245:   223686.016   223736.026   223915.005   223921.009   223925.005
   250:   224833.009   224910.005   225271.009   225291.005   225297.009
   255:   225303.005   225534.009   227794.005   227840.009   229498.001
   260:   233397.003   233412.001   233798.003   234046.005   234503.009
   265:   236217.001   236420.003   236902.001   237162.003   237209.001
   270:   241433.003   242033.001   246283.018   246921.003   246927.016
   275:   246977.026   247100.005   248382.009   250541.005   250632.009
   280:   250710.005   251746.009   252198.001   252735.003   252788.001
   285:   253145.003   253174.001   257424.018   257546.003   257552.016
   290:   257602.026   257751.005   257757.009   257766.005   259032.009
   295:   259141.005   259172.009   259180.005   259868.009   260556.001
   300:   261167.003   261711.001   261826.003   262050.001   265865.003
   305:   266450.001   266644.003   266744.001   266834.003   267253.001
   310:   267849.003   267858.001   271691.003   272744.001   276948.003
   315:   277342.005   277473.009   278092.001   282199.003   282251.001
   320:   282699.003   283265.005   283282.009   284061.001   288270.003
   325:   289142.001   290209.003   293798.005   294051.009   295126.001
   330:   295671.003   295706.001   295926.003   295937.001   299016.003
   335:   299944.001   304194.018   304554.003   304560.016   304610.026
   340:   304746.005   306101.009   306137.005   306162.009   306204.005
   345:   306236.009   307273.005   307279.009   308004.001   308051.003
   350:   312867.001   316858.003   317885.001   317912.003   317933.001
   355:   322183.018   322464.003   322470.016   322520.026   322656.005
   360:   322911.009   323207.005   324242.009   325085.001   325424.003
   365:   325522.001   325698.003   325744.001   326124.003   326176.001
   370:   329231.003   329351.001   329379.003   330464.001   334714.018
   375:   335053.003   335059.016   335109.026   335278.005   335740.009
   380:   335747.005   337083.009   337811.001   338514.003   338626.001
   385:   342462.003   342923.005   342990.009   343645.001   343805.003
   390:   343857.001   348107.018   348632.003   348638.016   348688.026
   395:   348811.005   349663.009   349671.005   350652.009   350765.005
   400:   350766.009   350772.005   350884.009   351371.001   351589.003
   405:   351646.001   355896.003   355902.016   355912.001   355952.026
   410:   356037.005   356044.003   356933.009   356951.005   356968.009
   415:   358163.005   358424.009   358801.001   360625.003   360773.001
   420:   360806.003   360836.001   363331.003   364411.001   368661.018
   425:   368799.003   368805.016   368855.026   368974.005   369747.009
   430:   369769.005   370650.009   371447.001   371933.003   371977.001
   435:   372304.003   372339.001   375891.003   376244.005   376367.009
   440:   376790.001   380909.003   381041.001   381068.003   381198.001
   445:   381221.003   381609.005   381677.009   382283.001   386533.018
   450:   387103.003   387109.016   387159.026   387328.005   387332.009
   455:   387344.005   388511.009   388538.005   388557.009   391519.005
   460:   391596.009   391619.005   391656.009   391698.005   391786.009
   465:   393132.001   394304.003   394338.001   396591.003   396612.001
   470:   396959.003   397374.005   397430.009   397432.005   397468.009
   475:   397827.001   398272.003   398319.001   402010.003   402090.001
   480:   402108.003   402313.005   402421.009   402434.005   402585.009
   485:   403237.001   403276.003   403326.001   407540.003   408583.001
   490:   412833.018   413263.003   413269.016   413319.026   413467.005
   495:   413804.009   413813.005   414166.009   416924.005   417129.009
   500:   418489.001   422739.018   422818.003   422824.016   422874.026
   505:   422875.001   422923.003   422957.005   424367.009   425212.001
   510:   429462.018   429795.003   429801.016   429851.026   429984.005
   515:   430827.009   430863.005   430877.009   434189.005   434227.009
   520:   434268.005   434343.009   435017.001   438939.003   439494.001
   525:   439797.003   439813.001   443748.003   444727.001   448791.003
   530:   449201.005   449299.009   450622.001   454872.018   455013.003
   535:   455019.016   455069.026   455240.005   455589.009   455605.005
   540:   456251.009   458295.005   458384.009   459123.001   461277.003
   545:   461305.001   462466.003   462523.001   462861.003   463259.001
   550:   463311.003   463388.001   463550.003   463805.001   467907.003
   555:   468808.005   468835.009   469833.001   474083.018   474136.003
   560:   474142.016   474192.026   474357.005   474363.009   474365.005
   565:   476013.009   476110.005   476130.009   476158.005   476206.009
   570:   476229.005   476249.009   476832.001   480833.003   480853.001
   575:   481369.003   482677.001   486927.018   487294.003   487300.016
   580:   487338.001   487350.026   487406.003   487421.005   489008.009
   585:   489068.005   489209.009   489759.001   490121.003   490450.001
   590:   494534.003   495086.005   495153.009   495711.001   499961.018
   595:   500307.003   500313.016   500363.026   500478.005   500923.009
   600:   500954.005   502180.009   502205.005   502320.009   505166.005
   605:   505348.009   506211.001   507266.003   507274.001   508341.003
   610:   508353.001   510531.003   510557.001   510952.003   511622.001
   615:   515872.018   516613.003   516619.016   516669.026   516671.001
   620:   516722.003   516814.005   517081.009   517108.005   518171.009
   625:   518178.005   518181.009   519358.001   519627.003   520019.001
   630:   520155.003   520201.001   524451.018   524558.003   524564.016
   635:   524614.026   524716.005   525643.009   526683.001   527156.003
   640:   527414.001   530992.003   532298.001   536548.018   537820.003
   645:   537826.016   537876.026   538019.005   538022.009   538024.005
   650:   539098.009   539102.005   539118.009   539384.005   539805.009
   655:   539835.005   539901.009   539908.005   540795.009   541553.001
   660:   545803.018   546200.003   546206.016   546256.026   546345.005
   665:   546667.009   546701.005   547309.009   547346.005   547372.009
   670:   547834.001   551888.003   553212.001   557462.018   557736.003
   675:   557742.016   557792.026   557962.005   557966.009   557977.005
   680:   559221.009   561712.005   561887.009   561899.005   562349.009
   685:   563226.001   564500.003   564549.001   567730.003   568926.001
   690:   569010.003   569263.001   573179.003   573261.001   573588.003
   695:   573682.001   573757.003   574052.005   574076.001   574131.009
   700:   574188.003   574189.005   574254.009   574325.005   574396.009
   705:   574776.001   574886.003   574905.001   579155.018   579282.003
   710:   579288.016   579329.001   579338.026   579390.003   579424.005
   715:   581015.009   581051.005   581067.009   581690.001   585049.003
   720:   586526.001   590776.018   591855.003   591861.016   591911.026
   725:   592072.005   592077.009   592084.005   592746.009   595376.005
   730:   595442.009   596507.001   600757.018   600785.003   600791.016
   735:   600841.026   600889.005   601219.009   601242.005   602569.009
   740:   603456.001   607454.003   608444.001   611439.003   611484.001
   745:   611679.003   611820.001   611978.003   612435.005   612468.009
   750:   613795.001   614238.003   614280.001   617846.003   618417.005
   755:   618495.009   619389.001   623590.003   624064.005   624122.009
   760:   629904.005   629997.009   630058.005   630071.009   630998.001
   765:   634457.003   634496.001   634577.003   635606.001   639738.003
   770:   640396.005   640448.009   640995.001   644682.003   645748.005
   775:   645824.009   646440.001   650690.018   650923.003   650929.016
   780:   650979.026   651114.005   651429.009   651451.005   651924.009
   785:   652640.001   655880.003   655945.001   656026.003   657648.001
   790:   661898.018   662114.003   662120.016   662170.026   662314.005
   795:   662318.009   662323.005   662548.009   663490.005   664478.009
   800:   664551.005   664556.009   666431.001   666649.003   666689.001
   805:   667331.003   667354.001   670500.003   670522.001   670793.003
   810:   671769.001   675824.003   676559.005   676576.009   676995.001
   815:   677142.003   677821.001   677861.003   677885.001   681303.003
   820:   682178.005   682325.009   682636.001   686541.003   688436.001
   825:   692512.003   692824.005   692943.009   692978.005   693078.009
   830:   693171.005   693234.009   693312.005   693446.009   693868.001
   835:   693968.003   694859.001   698482.003   699597.001   703847.018
   840:   704421.003   704427.016   704477.026   704482.001   704527.003
   845:   704610.005   704615.009   704623.005   704852.009   704863.005
   850:   705715.009   708453.005   708550.009   708563.005   708613.009
   855:   709502.001   713752.018   713938.003   713944.016   713994.026
   860:   714135.005   714140.009   714143.005   714422.009   714453.005
   865:   714980.009   715006.005   715050.009   718329.005   718364.009
   870:   718369.005   718391.009   718401.005   718487.009   718624.005
   875:   718726.009   732789.001   732847.003   732896.001   732994.003
   880:   733143.001   737006.003   737386.005   737795.009   738320.001
   885:   742570.018   742798.003   742804.016   742854.026   742923.005
   890:   744518.009   745731.001   749843.003   750936.001   750956.003
   895:   751086.001   754004.003   754043.001   754420.003   755377.001
   900:   755400.003   755442.001   759606.003   760624.001   760696.003
   905:   760755.001   761997.003   762036.001   765289.003   766422.001
   910:   766509.003   766614.001   769568.003   770542.005   770610.009
   915:   771894.001   774369.003   774408.001   774576.003   775219.005
   920:   775229.009   775792.001   775816.003   775853.001   780103.018
   925:   780219.003   780225.016   780264.001   780275.026   780305.003
   930:   780351.005   781303.009   784134.005   784461.009   784469.005
   935:   784578.009   784672.005   784702.009   787696.001   790921.003
   940:   791966.001   792052.003   792094.001   792174.003   792192.001
   945:   795835.003   797094.001   797322.003   797337.001   800963.003
   950:   801992.001   802097.003   802149.001   805693.003   806580.001
   955:   806657.003   806830.001   810291.003   810742.001   810875.003
   960:   811139.001   815084.003   815193.001   815219.003   815546.005
   965:   815686.009   816381.001   816607.003   817047.001   820543.003
   970:   820989.005   821030.009   822608.005   822821.009   826975.001
   975:   826988.003   827031.001   827235.003   827255.001   830619.003
   980:   831558.001   835808.018   835867.003   835873.016   835923.026
   985:   836047.005   836371.009   836393.005   836461.009   836568.005
   990:   837524.009   838649.001   842343.003   843890.001   844020.003
   995:   844086.001   844117.003   844147.001   847304.003   848590.001
  1000:   849901.003   849997.001   852730.003   853649.001   857840.003
  1005:   857997.001   858019.003   858498.005   858604.009   859110.001
  1010:   860802.003   861872.001   866122.018   866179.003   866185.016
  1015:   866235.026   866396.005   866402.009   866407.005   866815.009
  1020:   866816.005   867672.009   868687.001   869084.003   869212.001
  1025:   872768.003   874424.001   875647.003   876279.001   879717.003
  1030:   880751.005   880770.009   881144.001   885255.003   885277.001
  1035:   885728.003   886840.005   887034.009   887135.005   887331.009
  1040:   889995.005   890136.009   891051.001   895194.003   895700.005
  1045:   895715.009   896150.001   900107.003   901111.005   901192.009
  1050:   901676.001   905722.003   905962.005   906039.009   906832.001
  1055:   906931.003   906983.001   910936.003   911266.005   911270.001
  1060:   911561.009   911603.003   911823.001   916073.018   916074.003
  1065:   916080.016   916130.026   916264.005   916271.009   916279.005
  1070:   916551.009   916712.005   917765.009   920006.001   923617.003
  1075:   924028.001   924037.005   924137.009   924223.003   924563.001
  1080:   928105.003   928256.001   928293.003   929740.001   933584.003
  1085:   936098.001   936160.003   936218.001   940005.003   940250.005
  1090:   940379.009   941339.001   945589.018   946190.003   946196.016
  1095:   946210.001   946246.026   946298.003   946377.005   946636.009
  1100:   946683.005   947153.009   947181.005   948211.009   950461.005
  1105:   951003.009   951630.001   951759.003   951783.001   954444.003
  1110:   955514.001   958914.003   959390.005   959413.009   960225.001
  1115:   963742.003   963791.001   963989.003   964036.001   964167.003
  1120:   964884.001   967834.003   968802.005   968932.009   969312.001
  1125:   973392.003   974965.001   978815.003   979108.001   979117.005
  1130:   979241.009   979340.003   979610.001   983860.018   984212.003
  1135:   984218.016   984268.026   984378.005   984933.009   984957.005
  1140:   985543.009   986294.005   986389.009   987270.001   987593.003
  1145:   987618.001   991082.003   992201.001   994322.003   994456.005
  1150:   994482.001   994552.009   994584.003   994628.005   995023.009
  1155:   995365.001   999568.003  1000217.001  1000236.003  1000272.001
  1160:  1004522.018  1005003.003  1005009.016  1005059.026  1005148.005
  1165:  1005624.009  1005655.005  1005721.009  1005735.005  1006036.009
  1170:  1007861.001  1008022.003  1008064.001  1011653.003  1012182.005
  1175:  1012461.009  1012825.001  1016279.003  1016430.001  1016447.003
  1180:  1016602.001  1016617.003  1016991.005  1017008.001  1017068.009
  1185:  1017165.003  1017426.001  1021333.003  1021668.005  1021791.009
  1190:  1022348.001  1026598.018  1026720.003  1026726.016  1026776.026
  1195:  1026902.005  1026909.009  1026914.005  1027210.009  1027247.005
  1200:  1028994.009  1029051.005  1029063.009  1029159.005  1029201.009
  1205:  1029289.005  1029462.009  1029487.005  1029553.009  1029599.005
  1210:  1030099.009  1031073.001  1031163.003  1031329.001  1031389.003
  1215:  1032098.001  1032178.003  1032202.001  1032423.003  1032453.001
  1220:  1035808.003  1036660.001  1040910.018  1041303.003  1041309.016
  1225:  1041359.026  1041495.005  1041712.009  1041859.005  1042613.009
  1230:  1044755.005  1044867.009  1046109.001  1047967.003  1048006.001
  1235:  1049833.003  1050953.001  1054920.003  1055437.005  1055749.009
  1240:  1056530.001  1056613.003  1056697.001  1057446.003  1057546.001
  1245:  1060601.003  1061821.001  1062692.003  1062788.001  1065318.003
  1250:  1065773.005  1065912.009  1066411.001  1069813.003  1070151.001
  1255:  1070178.003  1072327.001  1072578.003  1072590.001  1074926.003
  1260:  1074940.001  1076439.003  1076720.005  1076744.009  1076755.005
  1265:  1076779.009  1077475.001  1081634.003  1082989.001  1086641.003
  1270:  1087190.005  1087301.009  1087751.001  1087791.003  1087806.001
  1275:  1092005.003  1092712.001  1096442.003  1097097.001  1097255.003
  1280:  1097483.001  1097704.003  1097823.005  1097986.009  1099254.005
  1285:  1099593.009  1100830.001  1100898.003  1100984.001  1101043.003
  1290:  1101078.001  1105021.003  1106297.001  1107537.003  1108418.001
  1295:  1108654.003  1109565.005  1109798.009  1110065.001  1110932.003
  1300:  1110948.001  1113700.003  1113832.001  1113851.003  1114122.005
  1305:  1114158.001  1114194.009  1114420.003  1114653.001  1118903.018
  1310:  1119083.003  1119089.016  1119139.026  1119247.005  1120677.009
  1315:  1120724.005  1120729.009  1121901.001  1122162.003  1122218.001
  1320:  1124748.003  1125670.001  1129619.003  1131139.001  1135053.003
  1325:  1135451.005  1135484.009  1136411.001  1140030.003  1141478.001
  1330:  1145544.003  1146577.001  1146631.003  1146874.001  1150101.003
  1335:  1150599.005  1150604.001  1150733.009  1150880.003  1151087.001
  1340:  1154462.003  1155549.005  1155640.009  1155957.001  1160207.018
  1345:  1160289.003  1160295.016  1160345.026  1160484.005  1160488.009
  1350:  1160491.005  1160788.009  1160814.005  1161754.009  1161783.005
  1355:  1161805.009  1164011.005  1164158.009  1164232.005  1164252.009
  1360:  1173295.001  1173330.003  1173368.001  1176578.003  1176817.005
  1365:  1176945.009  1177276.001  1177376.003  1177499.001  1177548.003
  1370:  1178506.001  1181087.003  1181973.005  1182087.009  1182099.005
  1375:  1182153.009  1182470.001  1186708.003  1186879.005  1186938.009
  1380:  1187487.001  1188682.003  1188743.001  1192253.003  1192686.005
  1385:  1192748.009  1193129.001  1197379.018  1197456.003  1197462.016
  1390:  1197512.026  1197648.005  1198274.009  1198283.005  1198301.009
  1395:  1198313.005  1198341.009  1199857.005  1200474.009  1201074.001
  1400:  1201261.003  1201502.001  1201851.003  1201962.001  1204976.003
  1405:  1205397.005  1205600.009  1205697.005  1205906.009  1206210.001
  1410:  1208878.003  1209536.005  1209900.009  1209936.005  1210098.009
  1415:  1210453.001  1212311.003  1212324.001  1214977.003  1216096.001
  1420:  1220062.003  1220709.005  1220794.009  1221482.001  1221630.003
  1425:  1221722.001  1225900.003  1226337.005  1226459.009  1227016.001
  1430:  1227067.003  1227137.001  1227179.003  1227240.001  1227347.003
  1435:  1227402.001  1231652.018  1231861.003  1231867.016  1231917.026
  1440:  1232030.005  1232464.009  1232478.005  1233823.009  1236490.005
  1445:  1236641.009  1236660.005  1236813.009  1236877.005  1236900.009
  1450:  1236932.005  1236957.009  1236999.005  1237014.009  1238205.001
  1455:  1238775.003  1238882.001  1239189.003  1239219.001  1242067.003
  1460:  1242449.005  1242629.009  1242649.005  1242685.009  1242717.005
  1465:  1242731.009  1242906.005  1243006.009  1243153.005  1243199.009
  1470:  1243591.001  1247369.003  1248220.001  1248245.003  1248418.001
  1475:  1251392.003  1252872.001  1253211.003  1253242.001  1256917.003
  1480:  1257231.005  1257440.009  1257450.005  1257460.009  1257562.005
  1485:  1257760.009  1258032.001  1258194.003  1258488.001  1262693.003
  1490:  1262878.005  1262969.009  1263380.001  1267630.018  1267773.003
  1495:  1267779.016  1267829.026  1267969.005  1267976.009  1267978.005
  1500:  1268368.009  1268615.005  1270598.009  1272406.005  1272478.009
  1505:  1273275.001  1273573.003  1273623.001  1275299.003  1275329.001
  1510:  1277429.003  1277574.001  1277615.003  1279084.001  1279131.003
  1515:  1279147.001  1283150.003  1284401.001  1288651.018  1288880.003
  1520:  1288886.016  1288936.026  1289083.005  1289087.009  1289101.005
  1525:  1289418.009  1289455.005  1290718.009  1292435.001  1292566.003
  1530:  1292607.001  1295949.003  1296978.001  1298934.003  1299287.005
  1535:  1299472.009  1302446.005  1302738.009  1302902.005  1302932.009
  1540:  1303820.001  1304522.003  1304719.001  1304845.003  1305745.001
  1545:  1308900.003  1309449.005  1309498.009  1310150.001  1314311.003
  1550:  1315524.001  1315558.003  1315621.001  1315855.003  1315873.001
  1555:  1319556.003  1320823.005  1320912.009  1321130.001  1325380.018
  1560:  1325407.003  1325413.016  1325463.026  1325480.001  1325518.003
  1565:  1325610.005  1325918.009  1325926.005  1326800.009  1329136.005
  1570:  1329452.009  1330501.001  1334294.003  1335584.001  1335611.003
  1575:  1335622.001  1339872.018  1339910.003  1339916.016  1339966.026
  1580:  1340089.005  1340094.009  1340097.005  1340491.009  1340528.005
  1585:  1342296.009  1342969.001  1343895.003  1343930.001  1344012.003
  1590:  1344031.001  1346991.003  1348428.001  1352577.003  1353413.005
  1595:  1353503.009  1353935.001  1357924.003  1359163.001  1363413.018
  1600:  1363751.003  1363757.016  1363807.026  1363958.005  1364245.009
  1605:  1364379.005  1365242.009  1365886.001  1366789.003  1366841.001
  1610:  1369868.003  1370619.001  1371156.003  1371193.001  1374400.003
  1615:  1376281.001  1377896.003  1377917.001  1380552.003  1384387.005
  1620:  1384551.009  1385189.001  1386908.003  1386946.001  1387587.003
  1625:  1387597.001  1389788.003  1391016.005  1391107.009  1391488.001
  1630:  1391515.003  1391614.001  1394496.003  1431305.001  1431343.003
  1635:  1431633.005  1432345.009  1432567.001  1432646.003  1432840.001
  1640:  1435552.003  1435765.005  1435881.009  1436212.001  1436239.003
  1645:  1436831.001  1439777.003  1446778.005  1446902.009  1448097.001
  1650:  1448143.003  1448172.001  1448337.003  1448371.001  1451010.003
  1655:  1451640.005  1451656.009  1451661.005  1451691.009  1452474.001
  1660:  1454373.003  1466521.005  1466534.009  1470277.005  1470492.009
  1665:  1476386.005  1476416.009  1477371.001  1477742.003  1478617.001
  1670:  1478720.003  1478883.001  1478914.003  1478937.001  1479069.003
  1675:  1479086.001  1479307.003  1479349.001  1479727.003  1479964.005
  1680:  1480189.009  1480529.001  1483698.003  1494443.005  1494448.009
  1685:  1494450.005  1494710.009  1494717.005  1494871.009  1495610.001
  1690:  1497473.003  1497539.001  1497765.003  1498303.001  1498309.005
  1695:  1498345.003  1498521.009  1498575.005  1498617.009  1498650.005
  1700:  1498849.009
B:
     0:        0.000      441.000        0.000      441.000        0.000
     5:      328.000        0.000        0.000        0.000      328.000
    10:        0.000        1.000        0.000        1.000        0.000
    15:        0.000       54.000        0.000       53.000        0.000
    20:        0.000        0.000        0.000        0.000        0.000
    25:        0.000       54.000        0.000        0.000        0.000
    30:        0.000
D:
     0:  1503991.000  1503950.000  1503992.000
E:
     0:     4250.000     4250.000
T:
     0:        0.000        0.000        0.000        0.000
W:
     0:        0.000        0.000        0.000
