File: C:\MED-PC IV\Data\Reyes\AY\AY3055.999


Start Date: 11/13/24
End Date: 11/13/24
Subject: 55
Experiment: AY
Group: LINEAR
Box: 3
Start Time: 13:58:11
End Time: 14:48:12
MSN: DRRD_lin
C:       0.000
F:       0.000
G:       0.000
H:       0.000
I:       0.000
J:       0.000
K:   10000.000
L:       0.000
M:       0.000
N:       0.000
O:       0.000
P:       0.000
Q:       0.000
R:       0.000
S:       0.000
U:    7280.000
V:       0.000
X:       0.000
Y:    1313.000
Z:       0.000
A:
     0:     2927.001     2988.003     5246.005     5333.009    11056.005
     5:    11541.009    13711.005    14081.009    14089.005    14118.009
    10:    14144.005    14697.009    15000.013    15000.011    15407.001
    15:    15874.003    15911.001    15984.003    16094.001    16113.003
    20:    16134.001    20951.003    21043.005    21220.009    21550.001
    25:    24395.003    24471.005    24940.009    25210.001    27936.003
    30:    28005.005    28454.009    28664.001    31852.003    31924.005
    35:    32520.009    32555.005    32568.009    32578.005    32698.009
    40:    32920.001    33408.003    33414.001    37487.003    37604.005
    45:    37803.009    38033.001    39046.003    39054.001    42023.003
    50:    42332.001    47179.003    47252.005    47432.009    47647.001
    55:    52461.003    52572.005    52661.009    53745.005    53872.009
    60:    54363.001    54944.003    54983.001    59406.003    59685.001
    65:    59711.003    59785.001    59809.003    59842.001    63923.003
    70:    64006.005    64134.009    64392.001    69392.018    70083.003
    75:    70089.016    70139.026    70161.005    70831.009    71235.005
    80:    71341.009    71704.001    72490.003    72518.001    72594.003
    85:    72623.001    76270.003    76345.005    76966.009    77659.001
    90:    81301.003    81401.005    81589.009    81601.005    81617.009
    95:    84336.005    84476.009    85327.005    85489.009    85751.001
   100:    89877.003    89969.005    90148.009    90398.001    90454.003
   105:    90490.001    91292.003    91302.001    94883.003    95219.005
   110:    95259.009    95462.001    95572.003    95582.001   100582.018
   115:   100601.003   100607.016   100657.026   100670.005   101426.009
   120:   101535.005   101553.009   101946.001   102030.003   102045.001
   125:   105932.003   106300.001   109263.003   109586.001   113282.003
   130:   113446.005   113556.009   113761.001   113921.003   113951.001
   135:   114548.003   114571.001   117186.003   117520.001   121365.003
   140:   121409.005   121591.009   121835.001   125540.003   125863.001
   145:   130140.003   130154.001   131197.003   131355.005   131453.009
   150:   131631.001   134387.003   134411.001   134889.003   134920.001
   155:   135665.003   135692.001   135853.003   136213.001   136690.003
   160:   136738.001   136759.003   136839.001   139111.003   139475.001
   165:   139729.003   139833.001   140071.003   140126.001   140184.003
   170:   140256.001   140326.003   140355.001   140637.005   140660.003
   175:   141202.009   141591.001   141931.003   142044.001   147044.018
   180:   148746.003   148752.016   148799.005   148802.026   149358.009
   185:   149831.001   154831.018   155510.003   155516.016   155566.026
   190:   155603.005   156188.009   156546.001   161016.003   161150.005
   195:   161203.009   161407.001   161479.003   161518.001   166518.018
   200:   168520.003   168526.016   168576.026   168603.005   168947.009
   205:   169439.005   169519.009   169544.005   169555.009   170500.001
   210:   174731.003   175071.001   180071.018   181690.003   181696.016
   215:   181746.026   181795.005   182158.009   182834.001   187397.003
   220:   187688.001   192257.003   193263.001   198263.018   200393.003
   225:   200399.016   200430.005   200449.026   201341.009   201774.001
   230:   205901.003   206009.005   206144.009   206445.001   206489.003
   235:   206510.001   211510.018   211950.003   211956.016   212006.026
   240:   212051.005   212662.009   213241.001   217782.003   218064.001
   245:   218321.003   218330.001   222754.003   222832.005   223431.009
   250:   223720.001   223776.003   223812.001   228812.018   229481.003
   255:   229487.016   229537.026   229552.005   229914.009   229918.005
   260:   230009.009   230563.001   235201.003   235344.005   235352.009
   265:   235594.001   240594.018   241989.003   241995.016   242045.026
   270:   242113.005   242600.009   243119.001   248119.018   248968.003
   275:   248974.016   249024.026   249025.005   249535.009   250069.001
   280:   250453.003   250460.001   254656.003   254913.001   259913.018
   285:   262022.003   262028.016   262078.026   262119.005   262740.009
   290:   263144.001   267032.003   267131.005   267261.009   267519.001
   295:   267542.003   267601.001   272601.018   274780.003   274786.016
   300:   274836.026   274869.005   275363.009   275983.001   276184.003
   305:   277555.001   281964.003   282043.005   282178.009   282427.001
   310:   282504.003   282933.001   283335.003   283345.001   288345.018
   315:   288346.003   288352.016   288402.026   288424.005   288864.009
   320:   289265.001   293966.003   294046.005   294196.009   295346.001
   325:   295423.003   295448.001   300448.018   301317.003   301323.016
   330:   301373.026   301389.005   301880.009   302057.005   302106.009
   335:   302117.005   302154.009   302184.005   302521.009   302526.005
   340:   302541.009   302588.005   302606.009   302910.005   302919.009
   345:   303609.005   304020.009   307699.005   307838.009   308115.001
   350:   311911.003   312023.005   312113.009   312355.001   317310.003
   355:   317665.001   322038.003   322117.005   322251.009   322488.001
   360:   322691.003   323062.001   323095.003   323380.001   323738.003
   365:   324290.001   328592.003   328844.001   333207.003   333482.001
   370:   333575.003   333604.001   338224.003   338321.005   338527.009
   375:   338730.001   343730.018   344025.003   344031.016   344081.026
   380:   344114.005   344478.009   345016.001   345177.003   345183.001
   385:   350157.003   350228.005   350466.009   350471.005   350520.009
   390:   350747.001   355025.003   355813.001   355887.003   355913.001
   395:   360344.003   360631.001   365070.003   365435.001   365776.003
   400:   365818.001   365937.003   366339.001   371339.018   372599.003
   405:   372605.016   372655.026   372703.005   373057.009   373783.001
   410:   377555.003   377631.005   377741.009   377948.001   382948.018
   415:   383090.003   383096.016   383146.026   383185.005   383592.009
   420:   384302.001   388874.003   388875.001   390530.003   390858.001
   425:   390977.003   390988.001   395988.018   400381.003   400387.016
   430:   400437.026   400439.005   401026.009   402241.001   406285.003
   435:   406517.001   411297.003   411352.001   411375.003   411392.001
   440:   415011.003   417623.005   417632.009   417650.005   418033.009
   445:   419856.005   420250.009   420351.005   420360.009   420521.001
   450:   425521.018   425523.003   425529.016   425579.026   425628.005
   455:   426024.009   426385.001   431186.003   431321.005   431337.009
   460:   431510.001   435293.003   435580.001   440580.018   441712.003
   465:   441718.016   441768.026   441828.005   442346.009   442682.001
   470:   447439.003   447705.001   452705.018   453816.003   453822.016
   475:   453872.026   453917.005   454301.009   455260.001   455353.003
   480:   455366.001   459301.003   459305.001   463324.003   463700.001
   485:   463909.003   464309.001   469309.018   469792.003   469798.016
   490:   469848.026   469909.005   470230.009   470377.005   470601.009
   495:   470760.005   470769.009   471165.001   476112.003   476906.001
   500:   477892.003   477904.001   477917.003   477932.001   482932.018
   505:   483986.003   483992.016   484042.026   484126.005   484894.009
   510:   485880.001   486137.003   486167.001   491167.018   493518.003
   515:   493524.016   493574.026   493656.005   494125.009   494878.001
   520:   499878.018   500532.003   500538.016   500588.026   500653.005
   525:   501248.009   501344.005   501537.009   501929.001   506604.003
   530:   506979.001   511979.018   512087.003   512093.016   512143.026
   535:   512249.005   512977.009   512989.005   513050.009   513118.005
   540:   513131.009   513320.005   513331.009   513670.001   518670.018
   545:   518701.003   518707.016   518757.026   518813.005   519393.009
   550:   520400.001   520917.003   520961.001   523757.003   525128.001
   555:   530128.018   531819.003   531825.016   531875.026   531912.005
   560:   532305.009   532983.001   537117.003   538379.001   539248.003
   565:   539300.001   544300.018   545236.003   545242.016   545292.026
   570:   545360.005   545697.009   546346.001   550764.003   551137.001
   575:   555436.003   555844.001   556336.003   556356.001   560321.003
   580:   560562.001   564667.003   565031.005   565361.009   565774.001
   585:   569220.003   569723.001   574119.003   574515.001   574578.003
   590:   574692.001   579378.003   579793.001   584793.018   585173.003
   595:   585179.016   585229.026   585299.005   585736.009   585802.005
   600:   585810.009   586164.001   589915.003   590432.001   590644.003
   605:   590664.001   595271.003   595597.001   600253.003   600694.001
   610:   601099.003   601183.001   606000.003   606309.001   606817.003
   615:   607105.001   607240.003   607297.001   612297.018   612651.003
   620:   612657.016   612707.026   612761.005   613164.009   613697.001
   625:   614523.003   614568.001   614632.003   614730.001   614827.003
   630:   614883.001   618306.003   618602.001   623602.018   623640.003
   635:   623646.016   623696.026   623721.005   624384.009   625076.001
   640:   625357.003   625392.001   630372.003   630893.001   635893.018
   645:   635947.003   635953.016   636003.026   636065.005   636607.009
   650:   637367.005   637390.009   637396.005   637501.009   644910.001
   655:   645060.003   645066.001   648921.003   649328.001   654328.018
   660:   655184.003   655190.016   655240.026   655302.005   656324.009
   665:   656616.005   656777.009   657448.001   658229.003   658291.001
   670:   661761.003   662540.001   666816.003   667091.005   667188.009
   675:   667478.001   671731.003   672771.001   677380.003   677445.005
   680:   677866.009   678237.001   683220.003   683346.005   683435.009
   685:   683839.005   683889.009   684197.001   689040.003   689459.001
   690:   690409.003   690469.001   695375.003   695768.001   696685.003
   695:   696709.001   701093.003   701494.001   701846.003   701849.001
   700:   706853.018   707051.003   707057.016   707107.026   707205.005
   705:   707612.009   708418.001   712073.003   712418.001   712968.003
   710:   713015.001   717143.003   717268.001   717419.003   717462.001
   715:   720428.003   720785.001   721655.003   721679.001   726625.003
   720:   726705.005   727049.009   727839.001   731871.003   732176.001
   725:   737176.018   737277.003   737283.016   737333.026   737383.005
   730:   738238.009   738685.001   739224.003   739230.001   744231.018
   735:   744831.003   744837.016   744887.026   744970.005   745324.009
   740:   745857.001   750857.018   750873.003   750879.016   750929.026
   745:   751011.005   751446.009   752513.001   753463.003   753472.001
   750:   758105.003   758458.001   763458.018   764053.003   764059.016
   755:   764109.026   764129.005   764627.009   766403.001   770038.003
   760:   770074.001   774418.003   775824.001   780538.003   780927.001
   765:   785700.003   786042.001   786192.003   786211.001   790621.003
   770:   790732.005   791229.009   791768.001   792574.003   792621.001
   775:   796885.003   797206.001   798381.003   798426.001   802730.003
   780:   803364.001   807383.003   807919.001   808154.003   808207.001
   785:   811618.003   811955.001   816610.003   816976.001   821976.018
   790:   822217.003   822223.016   822273.026   822356.005   822730.009
   795:   824007.001   828000.003   828265.001   828394.003   828426.001
   800:   833426.018   833995.003   834001.016   834051.026   834136.005
   805:   834501.009   835620.005   835665.009   836081.001   840428.003
   810:   840937.001   845317.003   845674.001   845899.003   845934.001
   815:   849445.003   849736.001   854207.003   854684.001   854908.003
   820:   854925.001   858871.003   859195.001   864195.018   864444.003
   825:   864450.016   864500.026   864647.005   865422.009   866564.001
   830:   870942.003   871023.005   871417.009   871509.005   871806.009
   835:   872341.001   876884.003   877207.001   881970.003   882043.005
   840:   882241.009   882512.001   887512.018   888640.003   888646.016
   845:   888696.026   888769.005   889115.009   889786.001   893283.003
   850:   893863.001   894233.003   894239.001   898127.003   898538.001
   855:   903018.003   903569.001   907786.003   908199.001   912452.003
   860:   912813.001   916691.003   917224.001   921637.003   921755.005
   865:   921787.009   921799.005   921824.009   922011.001   926958.003
   870:   927363.001   931400.003   932019.001   936187.003   936718.001
   875:   940632.003   941037.001   946008.003   946681.001   951294.003
   880:   951767.001   952040.003   952138.001   956378.003   956938.001
   885:   961423.003   962045.001   962146.003   962149.001   962475.003
   890:   962503.001   962808.003   962852.001   965383.003   966162.005
   895:   966186.009   966193.005   966239.009   981755.005   981781.009
   900:   981787.005   982226.009   982252.005   982262.009   982627.001
   905:   986323.003   986880.001   990236.003   990846.001   991025.003
   910:   991039.001   994883.003   995439.001   999582.003   999926.001
   915:  1000203.005  1000223.003  1001286.009  1001378.005  1001395.009
   920:  1001415.005  1001770.009  1002152.001  1006641.003  1007411.005
   925:  1007475.009  1009751.005  1010243.009  1010580.001  1014887.003
   930:  1015236.001  1018716.003  1019220.001  1023166.003  1023972.005
   935:  1023982.009  1024181.001  1029018.003  1029353.001  1034353.018
   940:  1034533.003  1034539.016  1034589.026  1034668.005  1035168.009
   945:  1036221.001  1040558.003  1040632.005  1040766.009  1041015.001
   950:  1041308.003  1041315.001  1045345.003  1045918.001  1046573.003
   955:  1046620.001  1050497.003  1050884.001  1055355.003  1055711.001
   960:  1060033.003  1060568.001  1061224.003  1061310.001  1066017.003
   965:  1066367.001  1066792.003  1066801.001  1071235.003  1073257.001
   970:  1078257.018  1078463.003  1078469.016  1078519.026  1078645.005
   975:  1079072.009  1079510.005  1079533.009  1080232.001  1083688.003
   980:  1084589.001  1084753.003  1084777.001  1089777.018  1089941.003
   985:  1089947.016  1089997.026  1090089.005  1090417.009  1091669.001
   990:  1095065.003  1095475.001  1100141.003  1100529.001  1105369.003
   995:  1105715.001  1105734.003  1105810.001  1109715.003  1110058.001
  1000:  1114573.003  1115140.001  1118633.003  1118952.001  1123029.003
  1005:  1123343.001  1127798.003  1128144.001  1132483.003  1132820.001
  1010:  1137820.018  1138475.003  1138481.016  1138531.026  1138656.005
  1015:  1139200.009  1139318.005  1139398.009  1140266.001  1144980.003
  1020:  1145413.001  1150413.018  1150471.003  1150477.016  1150527.026
  1025:  1150604.005  1150948.009  1151099.005  1151126.009  1151581.001
  1030:  1156581.018  1157078.003  1157084.016  1157134.026  1157202.005
  1035:  1157557.009  1158250.001  1163081.003  1163454.001  1163644.003
  1040:  1163659.001  1163759.003  1163793.001  1164285.003  1164324.001
  1045:  1167443.003  1168005.001  1168208.003  1168232.001  1171490.003
  1050:  1172211.001  1173258.003  1173269.001  1175224.003  1175533.001
  1055:  1180197.003  1180303.005  1180453.009  1180729.001  1183270.003
  1060:  1183770.001  1187155.003  1187487.001  1192195.003  1192516.001
  1065:  1196282.003  1196591.001  1201501.003  1201858.001  1206858.018
  1070:  1207349.003  1207355.016  1207405.026  1207502.005  1207904.009
  1075:  1207914.005  1207925.009  1208997.001  1212686.003  1213070.001
  1080:  1214045.003  1214097.001  1218365.003  1218764.001  1219360.003
  1085:  1219412.001  1223430.003  1223703.001  1227996.003  1228581.001
  1090:  1232437.003  1232725.001  1232974.003  1233029.001  1233730.003
  1095:  1233774.001  1238054.003  1238428.001  1243428.018  1243664.003
  1100:  1243670.016  1243720.026  1243801.005  1244315.009  1245320.001
  1105:  1246193.003  1246235.001  1250259.003  1250682.001  1255682.018
  1110:  1255694.003  1255700.016  1255750.026  1255854.005  1256545.009
  1115:  1257440.001  1261709.003  1261730.001  1261757.003  1262070.001
  1120:  1266925.003  1267435.001  1268169.003  1270099.005  1270234.009
  1125:  1270242.005  1270263.009  1271360.001  1276360.018  1276968.003
  1130:  1276974.016  1277024.026  1277114.005  1277540.009  1278370.001
  1135:  1283370.018  1283718.003  1283724.016  1283774.026  1283900.005
  1140:  1284269.009  1285394.001  1289658.003  1290070.001  1290102.003
  1145:  1290191.001  1294305.003  1294818.001  1297972.003  1298302.001
  1150:  1302672.003  1303087.001  1308087.018  1309115.003  1309121.016
  1155:  1309171.026  1309259.005  1309612.009  1311547.001  1316547.018
  1160:  1316645.003  1316651.016  1316701.026  1316791.005  1317362.009
  1165:  1317426.005  1317451.009  1317463.005  1317468.009  1317523.005
  1170:  1317544.009  1318262.001  1323098.003  1323469.001  1328469.018
  1175:  1328488.003  1328494.016  1328544.026  1328643.005  1328963.009
  1180:  1329652.001  1333840.003  1334199.001  1339199.018  1339733.003
  1185:  1339739.016  1339770.001  1339789.026  1339796.003  1339892.005
  1190:  1340390.009  1341695.001  1341744.003  1341790.001  1345886.003
  1195:  1346269.001  1350642.003  1350968.001  1354570.003  1355024.001
  1200:  1355174.003  1355196.001  1360196.018  1360374.003  1360380.016
  1205:  1360430.026  1360444.005  1360883.009  1361852.001  1361933.003
  1210:  1361952.001  1365585.003  1365591.001  1366029.003  1366461.001
  1215:  1370684.003  1371323.001  1376162.003  1376284.005  1376421.009
  1220:  1376600.001  1381600.018  1381963.003  1381969.016  1382019.026
  1225:  1382051.005  1382596.009  1382805.005  1382819.009  1383383.001
  1230:  1386974.003  1387285.001  1391617.003  1391980.001  1396739.003
  1235:  1397001.001  1401770.003  1402102.001  1407102.018  1407238.003
  1240:  1407244.016  1407294.026  1407367.005  1407980.009  1408033.005
  1245:  1408042.009  1408076.005  1408150.009  1408688.001  1412723.003
  1250:  1412734.001  1413908.003  1414255.001  1418167.003  1418398.005
  1255:  1418741.009  1419028.001  1419130.003  1419157.001  1423708.003
  1260:  1424470.001  1428348.003  1428693.001  1433131.003  1433416.001
  1265:  1438111.003  1438395.001  1442401.003  1442787.001  1446555.003
  1270:  1446862.001  1451609.003  1451948.001  1456948.018  1457307.003
  1275:  1457313.016  1457363.026  1457389.005  1457904.009  1458000.005
  1280:  1458009.009  1458068.005  1458085.009  1458114.005  1458140.009
  1285:  1458665.001  1463564.003  1464187.001  1464280.003  1464335.001
  1290:  1468342.003  1469106.001  1469439.003  1469688.001  1472662.003
  1295:  1473087.001  1478037.003  1478359.001  1482315.003  1482602.001
  1300:  1487602.018  1487899.003  1487905.016  1487955.026  1488070.005
  1305:  1488466.009  1489058.001  1493852.003  1494242.001  1494411.003
  1310:  1494454.001  1496993.003  1497323.001
B:
     0:        0.000      385.000        0.000      384.000        0.000
     5:      175.000        0.000        0.000        0.000      175.000
    10:        0.000        1.000        0.000        1.000        0.000
    15:        0.000       64.000        0.000       64.000        0.000
    20:        0.000        0.000        0.000        0.000        0.000
    25:        0.000       64.000        0.000        0.000        0.000
    30:        0.000
D:
     0:  1507285.000  1504603.000  1504273.000
E:
     0:     5000.000     5000.000
T:
     0:        0.000        0.000        0.000        0.000
W:
     0:        2.000        0.000        0.000
