File: C:\MED-PC IV\Data\Reyes\AY\AY3053.999


Start Date: 11/14/24
End Date: 11/14/24
Subject: 53
Experiment: AY
Group: EXP20
Box: 2
Start Time: 13:48:31
End Time: 14:38:32
MSN: DRRD_exp_20
C:       0.000
F:       0.000
G:       0.000
H:       0.000
I:       0.000
J:       0.000
K:   10000.000
L:       0.000
M:       0.000
N:       0.000
O:       0.000
P:       0.000
Q:       0.000
R:       0.000
S:       0.000
U:  157083.000
V:       0.000
X:       0.000
Y:     702.000
Z:       0.000
A:
     0:     9673.005    11331.009    11458.005    11472.009    11492.005
     5:    12802.009    12805.005    13960.009    13999.005    14015.009
    10:    14017.005    14764.009    14768.005    14820.009    14825.005
    15:    14831.009    14897.005    14972.009    15000.013    15000.011
    20:    16166.001    16343.003    16410.001    17102.003    17148.001
    25:    17299.003    17330.001    17363.003    17380.001    17423.003
    30:    17450.001    17594.003    17611.001    17785.003    18337.005
    35:    18365.009    18404.005    18421.009    18424.005    19243.009
    40:    19792.001    19816.003    19891.001    20029.003    20523.001
    45:    20737.003    20748.001    21820.003    21864.001    22312.003
    50:    32987.005    33085.009    72954.005    73734.009    74240.001
    55:    74432.003    83405.005    83434.009    83758.001    85003.003
    60:    92395.001    93558.003    93631.001    93853.003    93901.001
    65:    94630.003    95285.005    95979.009    96326.001    98271.003
    70:   112445.005   112469.009   112503.005   112530.009   112663.005
    75:   112678.009   112680.005   112695.009   112770.005   113014.009
    80:   115055.001   116881.003   118891.005   118922.009   119175.005
    85:   120705.009   121071.001   124334.003   125100.001   128355.003
    90:   129216.001   131748.003   132831.001   134814.003   134862.001
    95:   135112.003   135600.005   135628.009   135661.005   135686.009
   100:   136144.001   139916.003   139963.001   140005.003   140872.001
   105:   140943.003   143519.005   144151.009   144311.005   144542.009
   110:   144952.001   145039.003   145514.005   145566.009   145648.005
   115:   145651.009   151921.001   151960.003   156274.001   159471.003
   120:   163351.001   166502.003   170116.001   173776.003   176737.005
   125:   176772.009   176787.005   176852.009   176947.005   177019.009
   130:   177756.001   181511.003   181943.001   182050.003   184093.001
   135:   187510.003   190139.001   194818.003   196048.005   196075.009
   140:   197076.001   198873.003   247574.001   249558.003   251072.001
   145:   253858.003   254103.001   254150.003   256903.001   260658.003
   150:   261875.001   262095.005   262272.009   262331.003   262434.005
   155:   262485.009   263696.001   268696.018   269355.003   269361.016
   160:   269411.026   269535.005   270004.009   270019.005   270577.009
   165:   270579.005   270581.009   270584.005   270703.009   270848.005
   170:   270854.009   270978.005   271160.009   271210.005   271230.009
   175:   271255.005   271626.009   271730.005   274889.009   274892.005
   180:   274897.009   274918.005   274951.009   274991.005   275061.009
   185:   275065.005   275931.009   275932.005   275957.009   275959.005
   190:   275977.009   275998.005   276008.009   276024.005   276033.009
   195:   276036.005   276048.009   276073.005   276081.009   277236.001
   200:   280511.003   282731.001   285475.003   288681.001   291345.003
   205:   292204.005   292699.009   293098.005   293335.009   293376.005
   210:   293421.009   294839.001   297603.003   299747.001   300553.003
   215:   304657.005   304787.009   307444.001   309226.003   312540.005
   220:   312547.009   312566.005   312650.009   315141.001   317325.003
   225:   319227.001   322570.003   324544.001   326702.003   328663.005
   230:   328826.009   329210.005   329343.009   330715.001   332922.003
   235:   333191.001   333607.003   334342.005   334354.009   334390.005
   240:   334410.009   334413.005   334424.009   334670.005   334693.009
   245:   334710.005   334720.009   335193.001   340107.003   343344.001
   250:   346406.003   349719.005   349750.009   349885.005   350108.009
   255:   350831.001   354761.003   355768.001   358010.003   358499.001
   260:   358956.003   361351.001   364484.003   367290.001   367581.003
   265:   368492.001   370642.003   372801.001   376325.003   380754.001
   270:   384198.003   388100.001   390270.003   393477.001   394134.003
   275:   395250.001   398165.003   403499.001   407944.003   410656.001
   280:   413700.003   416045.001   419807.003   464866.005   464932.009
   285:   465987.001   466455.003   469495.001   469601.003   469886.001
   290:   469907.003   470205.001   471433.003   472722.001   474679.003
   295:   476675.001   479499.003   483719.001   487282.003   492188.001
   300:   495754.003   496949.001   500493.003   502458.001   507361.003
   305:   514180.001   518473.003   520870.001   525870.018   525973.003
   310:   525979.016   526029.026   526134.005   527961.009   528208.005
   315:   528229.009   530370.001   531866.003   532933.001   532997.003
   320:   536609.001   540693.003   543726.001   548479.003   551525.001
   325:   554142.003   559387.001   559669.003   559698.001   562372.003
   330:   562898.001   563122.003   566484.005   567361.009   568438.001
   335:   572404.003   574505.001   579505.018   579613.003   579619.016
   340:   579669.026   579778.005   581096.009   581164.005   581175.009
   345:   581216.005   581231.009   583930.005   583964.009   584209.005
   350:   584248.009   584410.005   586129.009   586130.005   586139.009
   355:   586200.005   590285.009   590304.005   591138.009   591154.005
   360:   593798.009   593824.005   593840.009   593847.005   593866.009
   365:   593886.005   594153.009   594163.005   594169.009   594261.005
   370:   594763.009   594772.005   594778.009   594806.005   594811.009
   375:   594824.005   594836.009   596150.001   596292.003   596997.001
   380:   597145.003   597221.001   599666.003   603952.001   607544.003
   385:   609359.001   612997.003   613094.001   613224.003   613241.001
   390:   613461.003   614952.001   618119.003   620942.001   623476.003
   395:   625864.005   625983.009   626575.001   628282.003   629998.005
   400:   630012.009   630379.005   630559.009   630567.005   630583.009
   405:   631069.001   631332.003   631369.001   631410.003   631580.001
   410:   633141.003   634251.001   636877.003   639284.001   640774.003
   415:   640933.001   641500.003   646423.001   647755.003   653222.001
   420:   656628.003   667831.001   669766.003   675580.001   677987.003
   425:   680153.001   683140.003   686347.001   689487.003   689815.001
   430:   690296.003   690906.001   690950.003   694309.001   694882.003
   435:   718064.001   718184.003   718243.001   719796.003   720945.005
   440:   720965.009   744655.001   744787.003   747606.001   748195.003
   445:   748919.001   748966.003   751327.001   753415.003   755350.001
   450:   756943.003   759606.001   761792.003   764656.001   766987.003
   455:   781505.001   781669.003   781845.001   783818.003   784410.001
   460:   784480.003   786234.001   786397.003   786569.001   788786.003
   465:   805642.005   805666.009   805686.005   805707.009   805799.005
   470:   805820.009   809093.001   810072.003   814680.001   817305.003
   475:   823016.001   825111.003   829611.001   830610.003   830704.001
   480:   832397.003   835310.001   837850.003   843725.001   846226.003
   485:   851445.001   852051.003   871176.005   871189.009   871218.005
   490:   871251.009   873900.001   874272.003   875561.001   877330.003
   495:   877718.001   878029.003   879797.001   882378.003   886025.005
   500:   886066.009   886192.005   886367.009   887299.001   890242.003
   505:   892351.001   895514.003   898864.001   902287.003   911186.001
   510:   912985.003   927739.005   927793.009   927849.005   931059.009
   515:   931115.005   931940.009   932995.001   937255.003   938945.001
   520:   942354.003   945170.001   946564.003   954129.001   955079.003
   525:   957262.001   961114.003   964322.001   968133.003   971325.001
   530:   974942.003   978256.001   980585.003   984814.001   987844.003
   535:   996740.001   996968.003  1018746.001  1018910.003  1020161.001
   540:  1020211.003  1049004.001  1049054.003  1049298.001  1050323.003
   545:  1052115.001  1053848.003  1055594.005  1055699.009  1056469.001
   550:  1056652.003  1056856.001  1060449.003  1063495.001  1065305.003
   555:  1071741.001  1071965.003  1072274.001  1075412.003  1079433.001
   560:  1083155.003  1083325.001  1084146.003  1089467.001  1089787.003
   565:  1090264.001  1093049.003  1098798.001  1099049.003  1104995.001
   570:  1106781.003  1118064.001  1118141.003  1146673.005  1146693.009
   575:  1161338.005  1162041.009  1183233.005  1183249.009  1183594.005
   580:  1183751.009  1183795.005  1183963.009  1185782.001  1186528.003
   585:  1187494.001  1187575.003  1190318.001  1192889.003  1197584.001
   590:  1198992.003  1200609.005  1200614.009  1216511.001  1216630.003
   595:  1234370.001  1236807.003  1239531.001  1241710.003  1247249.001
   600:  1250936.003  1259580.001  1261797.003  1263836.001  1264293.003
   605:  1267646.001  1272509.003  1277369.001  1282369.018  1282384.003
   610:  1282390.016  1282440.026  1282558.005  1283590.009  1283630.005
   615:  1283637.009  1284427.005  1284460.009  1284465.005  1285287.009
   620:  1287818.001  1292145.003  1292687.001  1293024.003  1293634.005
   625:  1293893.009  1313728.001  1313987.003  1314725.001  1315203.003
   630:  1329780.005  1329806.009  1329813.005  1330280.009  1334908.001
   635:  1337847.003  1346885.001  1348948.003  1351401.001  1352740.003
   640:  1353993.001  1357171.003  1360985.001  1364052.003  1369597.001
   645:  1372959.003  1380786.001  1382333.003  1387580.001  1392257.003
   650:  1395480.001  1398210.003  1398929.001  1399018.003  1401157.001
   655:  1405502.003  1409501.001  1413360.003  1414572.001  1416074.003
   660:  1420430.001  1423171.003  1425667.001  1427757.003  1471604.001
   665:  1471849.003  1471874.001  1471893.003  1471909.001  1472331.003
   670:  1478777.005  1479799.009  1479811.005  1479898.009  1479942.005
   675:  1479951.009  1479963.005  1480009.009  1480010.005  1480016.009
   680:  1480088.005  1480177.009  1480180.005  1480185.009  1480606.001
   685:  1480690.003  1480748.001  1483704.003  1485061.001  1488580.003
   690:  1488613.001  1488696.003  1489744.001  1492797.003  1492973.001
   695:  1493505.003  1493829.001  1493866.003  1494952.001  1497965.003
   700:  1497999.001  1498441.003
B:
     0:        0.000      217.000        0.000      217.000        0.000
     5:      127.000        0.000        0.000        0.000      127.000
    10:        0.000        1.000        0.000        1.000        0.000
    15:        0.000        4.000        0.000        4.000        0.000
    20:        0.000        0.000        0.000        0.000        0.000
    25:        0.000        4.000        0.000        0.000        0.000
    30:        0.000
D:
     0:  1655523.000  1655082.000  1655524.000
E:
     0:     5000.000     5000.000
T:
     0:        0.000        0.000        0.000        0.000
W:
     0:        0.000        0.000        0.000
