File: C:\MED-PC IV\Data\Reyes\AY\AY3065.999


Start Date: 11/15/24
End Date: 11/15/24
Subject: 65
Experiment: AY
Group: EXP20
Box: 3
Start Time: 16:16:03
End Time: 17:06:03
MSN: DRRD_exp_20
C:       0.000
F:       0.000
G:       0.000
H:       0.000
I:       0.000
J:       0.000
K:   10000.000
L:       0.000
M:       0.000
N:       0.000
O:       0.000
P:       0.000
Q:       0.000
R:       0.000
S:       0.000
U:    2170.000
V:       0.000
X:       0.000
Y:    1322.000
Z:       0.000
A:
     0:     6057.005     6143.009     6291.005     6297.009     6307.005
     5:     6330.009     6333.005     6358.009     6461.005     6493.009
    10:     6510.005     6528.009     8386.005     8424.009     8561.005
    15:     8582.009    14435.005    14654.009    14672.005    14736.009
    20:    14758.005    14815.009    14822.005    14849.009    14872.005
    25:    14885.009    14912.005    15000.013    15000.011    15259.009
    30:    15554.005    15805.009    16260.001    16295.003    16753.001
    35:    21596.003    21858.001    26858.018    27653.003    27659.016
    40:    27709.026    27783.005    28294.009    28958.001    32518.003
    45:    32532.001    34764.003    34821.005    35096.009    35319.001
    50:    35426.003    35469.001    40469.018    42737.003    42743.016
    55:    42793.026    42820.005    43470.009    44993.001    45077.003
    60:    45119.001    50119.018    51075.003    51081.016    51131.026
    65:    51151.005    51805.009    52470.001    57470.018    59492.003
    70:    59498.016    59548.026    59556.005    59966.009    60857.001
    75:    65162.003    65236.005    65300.009    65490.001    70490.018
    80:    72343.003    72349.016    72399.026    72420.005    73005.009
    85:    73752.001    78752.018    79360.003    79366.016    79416.026
    90:    79460.005    80013.009    80542.001    85542.018    86749.003
    95:    86755.016    86805.026    86807.005    87271.009    88145.001
   100:    93145.018    94630.003    94636.016    94686.026    94691.005
   105:    95253.009    95858.001   100858.018   101085.003   101091.016
   110:   101141.026   101154.005   101495.009   102092.001   107092.018
   115:   109122.003   109128.016   109178.026   109180.005   109577.009
   120:   110628.001   115628.018   115812.003   115818.016   115868.026
   125:   115886.005   116350.009   117210.001   122210.018   123236.003
   130:   123242.016   123292.026   123310.005   123719.009   124984.001
   135:   129984.018   130235.003   130241.016   130291.026   130303.005
   140:   131025.009   131831.001   136831.018   137383.003   137389.016
   145:   137439.026   137468.005   137746.009   138600.001   142319.003
   150:   142390.005   142468.009   142669.005   142891.009   143131.001
   155:   148131.018   149703.003   149709.016   149759.026   149772.005
   160:   150117.009   150874.001   155874.018   155878.003   155884.016
   165:   155934.026   155941.005   156418.009   157146.001   162146.018
   170:   163474.003   163480.016   163530.026   163538.005   163877.009
   175:   164288.001   168105.003   168361.001   173361.018   173968.003
   180:   173974.016   174024.026   174067.005   174391.009   175275.001
   185:   180275.018   181761.003   181767.016   181817.026   181843.005
   190:   182148.009   183294.001   183457.003   183471.001   188471.018
   195:   190393.003   190399.016   190449.026   190473.005   190764.009
   200:   190795.005   190820.009   192242.001   197242.018   199156.003
   205:   199162.016   199212.026   199244.005   199608.009   200585.001
   210:   205585.018   205623.003   205629.016   205679.026   205700.005
   215:   206034.009   206905.001   211905.018   214746.003   214752.016
   220:   214802.026   214805.005   215364.009   215955.001   220955.018
   225:   222145.003   222151.016   222201.026   222227.005   222580.009
   230:   223455.001   228455.018   229729.003   229735.016   229785.005
   235:   229785.026   230165.009   231729.001   236729.018   237572.003
   240:   237578.016   237628.026   237637.005   238182.009   239944.001
   245:   244944.018   246593.003   246599.016   246649.026   246666.005
   250:   246957.009   246966.005   246987.009   247183.005   247330.009
   255:   247780.001   252780.018   254203.003   254209.016   254259.026
   260:   254273.005   254604.009   255510.001   260510.018   262034.003
   265:   262040.016   262090.026   262092.005   262514.009   263236.001
   270:   263347.003   263388.001   263443.003   263490.001   263515.003
   275:   263522.001   268522.018   269740.003   269746.016   269796.026
   280:   269811.005   270487.009   271789.001   276789.018   279140.003
   285:   279146.016   279196.026   279215.005   279517.009   281332.001
   290:   286332.018   286509.003   286515.016   286565.026   286569.001
   295:   286583.003   286600.005   287179.009   287773.001   292773.018
   300:   293260.003   293266.016   293316.026   293328.005   293676.009
   305:   294554.001   299554.018   300513.003   300519.016   300569.026
   310:   300579.005   300850.009   302438.001   307438.018   309126.003
   315:   309132.016   309182.026   309187.005   309843.009   310869.001
   320:   315869.018   317179.003   317185.016   317235.026   317279.005
   325:   317732.009   318606.001   322223.003   322233.001   323842.003
   330:   323932.005   324029.009   324242.001   329242.018   332410.003
   335:   332416.016   332466.026   332499.005   333095.009   334012.001
   340:   339012.018   339697.003   339703.016   339753.026   339775.005
   345:   340418.009   340441.005   340865.009   341305.001   346305.018
   350:   347934.003   347940.016   347990.026   348003.005   348396.009
   355:   348940.001   353940.018   355081.003   355087.016   355137.026
   360:   355141.005   355599.009   356456.001   360828.003   360922.005
   365:   360952.009   361263.001   366263.018   366278.003   366284.016
   370:   366334.026   366373.005   367310.009   369503.001   374503.018
   375:   376837.003   376843.016   376893.026   376908.005   377226.009
   380:   378937.001   383937.018   386539.003   386545.016   386595.026
   385:   386609.005   387244.009   388039.001   393039.018   394889.003
   390:   394895.016   394945.026   394962.005   395969.009   396526.001
   395:   401526.018   405040.003   405046.016   405096.026   405113.005
   400:   405560.009   406071.001   411071.018   413262.003   413268.016
   405:   413318.026   413330.005   413906.009   415012.001   420012.018
   410:   421469.003   421475.016   421525.026   421529.005   421864.009
   415:   422438.001   427438.018   428923.003   428929.016   428979.026
   420:   429001.005   429892.009   430426.001   435426.018   437021.003
   425:   437027.016   437077.026   437093.005   439083.009   439123.005
   430:   439241.009   440052.001   440385.003   440405.001   445405.018
   435:   446989.003   446995.016   447045.026   447057.005   447543.009
   440:   448192.001   453192.018   453425.003   453431.016   453481.026
   445:   453487.005   453773.009   454273.001   459273.018   460035.003
   450:   460041.016   460091.026   460104.005   460924.009   462059.001
   455:   467059.018   467741.003   467747.016   467797.026   467808.005
   460:   468180.009   468945.001   473929.003   474004.005   474064.009
   465:   474325.001   479118.003   479494.001   484494.018   485296.003
   470:   485302.016   485352.026   485373.005   485768.009   486759.001
   475:   491759.018   493525.003   493531.016   493581.026   493604.005
   480:   494027.009   494695.001   499695.018   502374.003   502380.016
   485:   502430.026   502446.005   502988.009   503002.005   503111.009
   490:   503890.001   508890.018   508960.003   508966.016   509016.026
   495:   509033.005   509513.009   510306.001   515306.018   518553.003
   500:   518559.016   518609.026   518625.005   519206.009   520659.001
   505:   525659.018   527234.003   527240.016   527290.026   527306.005
   510:   528026.009   529019.001   534019.018   534511.003   534517.016
   515:   534567.026   534598.005   534993.009   535933.001   540933.018
   520:   543389.003   543395.016   543445.026   543459.005   543900.009
   525:   543915.005   543936.009   544708.001   549708.018   552385.003
   530:   552391.016   552441.026   552477.005   553257.009   554327.001
   535:   559327.018   560775.003   560781.016   560831.026   560863.005
   540:   561609.009   562313.001   567313.018   568367.003   568373.016
   545:   568423.026   568443.005   569040.009   570218.001   575218.018
   550:   576510.003   576516.016   576566.026   576599.005   576978.009
   555:   576993.005   577747.009   578323.001   583323.018   584651.003
   560:   584657.016   584707.026   584736.005   585077.009   585932.001
   565:   589775.003   589845.005   589898.009   590084.001   595084.018
   570:   598283.003   598289.016   598339.026   598354.005   598677.009
   575:   599254.001   604254.018   604809.003   604815.016   604865.026
   580:   604901.005   605834.009   606285.001   611285.018   614321.003
   585:   614327.016   614377.026   614397.005   614857.009   616186.001
   590:   621186.018   621413.003   621419.016   621469.026   621520.005
   595:   621994.009   624688.001   629688.018   630236.003   630242.016
   600:   630292.026   630315.005   630791.009   631695.001   636695.018
   605:   637134.003   637140.016   637190.026   637210.005   637975.009
   610:   638528.001   643528.018   645077.003   645083.016   645133.026
   615:   645152.005   645451.009   646828.001   651828.018   653726.003
   620:   653732.016   653782.026   653819.005   654489.009   654982.001
   625:   659982.018   663469.003   663475.016   663525.026   663544.005
   630:   663893.009   664851.001   669851.018   671101.003   671107.016
   635:   671157.026   671195.005   671628.009   672791.001   677791.018
   640:   678532.003   678538.016   678588.026   678598.005   679001.009
   645:   679978.001   684978.018   687102.003   687108.016   687158.026
   650:   687175.005   687503.009   688407.001   693407.018   693590.003
   655:   693596.016   693646.026   693665.005   694163.009   695115.001
   660:   700115.018   701686.003   701692.016   701742.026   701793.005
   665:   702212.009   702970.001   707970.018   709008.003   709014.016
   670:   709064.026   709084.005   709584.009   710825.001   711096.003
   675:   711112.001   716112.018   718643.003   718649.016   718699.026
   680:   718732.005   719040.009   719948.001   724948.018   726061.003
   685:   726067.016   726117.026   726141.005   726529.009   726629.005
   690:   727134.009   727439.001   732439.018   735335.003   735341.016
   695:   735391.026   735405.005   735795.009   736691.001   740337.003
   700:   740647.001   745572.003   745989.001   750989.018   752823.003
   705:   752829.016   752879.026   752909.005   753545.009   754011.001
   710:   759011.018   760504.003   760510.016   760560.026   760575.005
   715:   761395.009   762094.001   767094.018   769043.003   769049.016
   720:   769099.026   769114.005   769474.009   770752.001   775752.018
   725:   775936.003   775942.016   775992.026   776021.005   776352.009
   730:   777254.001   782254.018   782536.003   782542.016   782592.026
   735:   782610.005   783855.009   784725.001   789305.003   789784.001
   740:   794784.018   796026.003   796032.016   796082.026   796106.005
   745:   796636.009   797368.001   802368.018   805030.003   805036.016
   750:   805086.026   805094.005   805634.009   806917.001   811917.018
   755:   815576.003   815582.016   815632.026   815651.005   816659.009
   760:   817753.001   822753.018   823236.003   823242.016   823292.026
   765:   823331.005   823755.009   824639.001   829291.003   829686.001
   770:   834686.018   838314.003   838320.016   838370.026   838415.005
   775:   839156.009   840142.001   845142.018   847523.003   847529.016
   780:   847579.026   847611.005   847947.009   849267.001   854267.018
   785:   854990.003   854996.016   855046.026   855060.005   856981.009
   790:   858162.001   863162.018   865883.003   865889.016   865939.026
   795:   865957.005   866347.009   867209.001   872209.018   873683.003
   800:   873689.016   873739.026   873756.005   874068.009   874456.001
   805:   879456.018   881029.003   881035.016   881085.026   881109.005
   810:   881598.009   882633.001   887633.018   889009.003   889015.016
   815:   889065.026   889081.005   889510.009   891111.001   895174.003
   820:   895482.001   895536.003   895548.001   900548.018   901901.003
   825:   901907.016   901957.026   901989.005   902689.009   903288.001
   830:   908288.018   909159.003   909165.016   909215.026   909248.005
   835:   909673.009   910742.001   915742.018   917422.003   917428.016
   840:   917478.026   917504.005   918151.009   918169.005   918176.009
   845:   918177.005   918186.009   919544.001   924544.018   924825.003
   850:   924831.016   924881.026   924914.005   925781.009   927057.001
   855:   932057.018   934302.003   934308.016   934358.026   934411.005
   860:   934803.009   936416.001   941416.018   942449.003   942455.016
   865:   942505.026   942531.005   942996.009   944164.001   949164.018
   870:   951637.003   951643.016   951693.026   951722.005   952338.009
   875:   953153.001   958153.018   958631.003   958637.016   958687.026
   880:   958725.005   959391.009   960895.001   965492.003   965564.005
   885:   965907.009   966139.001   971139.018   972648.003   972654.016
   890:   972704.026   972725.005   973070.009   974020.001   979020.018
   895:   980254.003   980260.016   980310.026   980335.005   980748.009
   900:   980994.005   981572.009   982195.001   987077.003   987679.001
   905:   992679.018   994026.003   994032.016   994082.026   994120.005
   910:   994717.009   995728.001  1000475.003  1000750.001  1005750.018
   915:  1007721.003  1007727.016  1007777.026  1007797.005  1008643.009
   920:  1009052.001  1014052.018  1014268.003  1014274.016  1014324.026
   925:  1014357.005  1015021.009  1015690.001  1020664.003  1020754.005
   930:  1020803.009  1021043.001  1021137.003  1021162.001  1026162.018
   935:  1028803.003  1028809.016  1028859.026  1028891.005  1029758.009
   940:  1030699.001  1035699.018  1036722.003  1036728.016  1036778.026
   945:  1036852.005  1037369.009  1037436.005  1037447.009  1038855.001
   950:  1043855.018  1044001.003  1044007.016  1044057.026  1044095.005
   955:  1044819.009  1045938.001  1050938.018  1051395.003  1051401.016
   960:  1051451.026  1051490.005  1052093.009  1053096.001  1058096.018
   965:  1060080.003  1060086.016  1060136.026  1060174.005  1060598.009
   970:  1061826.001  1066826.018  1070762.003  1070768.016  1070818.026
   975:  1070835.005  1071229.009  1072301.001  1077301.018  1081485.003
   980:  1081491.016  1081541.026  1081567.005  1082468.009  1084822.001
   985:  1089822.018  1092593.003  1092599.016  1092649.026  1092675.005
   990:  1092976.009  1092986.005  1092998.009  1093062.005  1093614.009
   995:  1094261.001  1099261.018  1100622.003  1100628.016  1100678.026
  1000:  1100703.005  1101146.009  1101922.001  1106922.018  1107454.003
  1005:  1107460.016  1107510.026  1107544.005  1109429.009  1110356.001
  1010:  1115356.018  1115381.003  1115387.016  1115437.026  1115523.005
  1015:  1116102.009  1116745.001  1121745.018  1123899.003  1123905.016
  1020:  1123955.026  1124014.005  1124420.009  1124914.001  1129914.018
  1025:  1132828.003  1132834.016  1132884.026  1132927.005  1133263.009
  1030:  1134758.001  1139758.018  1140350.003  1140356.016  1140406.026
  1035:  1140431.005  1141332.009  1142506.001  1147506.018  1150703.003
  1040:  1150709.016  1150759.026  1150775.005  1151745.009  1152542.001
  1045:  1152853.003  1152864.001  1157864.018  1159649.003  1159655.016
  1050:  1159705.026  1159729.005  1160239.009  1161549.001  1161697.003
  1055:  1161791.001  1166791.018  1170270.003  1170276.016  1170326.026
  1060:  1170347.005  1170874.009  1184867.001  1184949.003  1185012.001
  1065:  1189919.003  1190003.005  1190258.009  1190505.001  1195505.018
  1070:  1197754.003  1197760.016  1197810.026  1197854.005  1198310.009
  1075:  1199338.001  1204338.018  1204552.003  1204558.016  1204608.026
  1080:  1204624.005  1205456.009  1206297.001  1211297.018  1214647.003
  1085:  1214653.016  1214703.026  1214722.005  1215037.009  1217527.001
  1090:  1222527.018  1223383.003  1223389.016  1223439.026  1223463.005
  1095:  1224018.009  1224825.001  1229825.018  1232182.003  1232188.016
  1100:  1232238.026  1232261.005  1233176.009  1234995.001  1239995.018
  1105:  1242234.003  1242240.016  1242290.026  1242321.005  1243122.009
  1110:  1244062.001  1244261.003  1244523.001  1249523.018  1249909.003
  1115:  1249915.016  1249965.026  1249995.005  1250603.009  1251503.001
  1120:  1256503.018  1258735.003  1258741.016  1258791.026  1258807.005
  1125:  1259374.009  1260900.001  1265900.018  1268340.003  1268346.016
  1130:  1268396.026  1268414.005  1269084.009  1270128.001  1275128.018
  1135:  1275735.003  1275741.016  1275791.026  1275826.005  1276237.009
  1140:  1278503.001  1283503.018  1283666.003  1283672.016  1283722.026
  1145:  1283740.005  1284216.009  1284249.005  1284582.009  1285004.001
  1150:  1290004.018  1293243.003  1293249.016  1293299.026  1293324.005
  1155:  1293951.009  1295167.001  1300167.018  1301848.003  1301854.016
  1160:  1301904.026  1301926.005  1302401.009  1303900.001  1308900.018
  1165:  1311257.003  1311263.016  1311313.026  1311381.005  1312053.009
  1170:  1313196.001  1318196.018  1320232.003  1320238.016  1320288.026
  1175:  1320326.005  1321114.009  1321820.001  1326820.018  1327805.003
  1180:  1327811.016  1327861.026  1327920.005  1328379.009  1330296.001
  1185:  1335296.018  1337942.003  1337948.016  1337998.026  1338017.005
  1190:  1338543.009  1339520.001  1344520.018  1346139.003  1346145.016
  1195:  1346195.026  1346279.005  1347041.009  1348054.001  1353054.018
  1200:  1353295.003  1353301.016  1353351.026  1353377.005  1353859.009
  1205:  1355546.001  1359740.003  1360429.001  1365429.018  1365772.003
  1210:  1365778.016  1365828.026  1365898.005  1366269.009  1366313.005
  1215:  1366980.009  1367005.005  1367009.009  1367768.001  1372768.018
  1220:  1375295.003  1375301.016  1375351.026  1375370.005  1376042.009
  1225:  1376869.001  1381869.018  1383287.003  1383293.016  1383343.026
  1230:  1383367.005  1383930.009  1384670.001  1389670.018  1390026.003
  1235:  1390032.016  1390082.026  1390132.005  1390564.009  1392158.001
  1240:  1397158.018  1398991.003  1398997.016  1399047.026  1399074.005
  1245:  1399943.009  1400978.001  1401042.003  1401098.001  1406098.018
  1250:  1406847.003  1406853.016  1406903.026  1406945.005  1407515.009
  1255:  1408497.001  1413497.018  1414007.003  1414013.016  1414063.026
  1260:  1414108.005  1414555.009  1415344.001  1420344.018  1420736.003
  1265:  1420742.016  1420792.026  1420829.005  1421299.009  1422306.001
  1270:  1427091.003  1427191.005  1427241.009  1428029.001  1433029.018
  1275:  1434853.003  1434859.016  1434909.026  1434933.005  1435320.009
  1280:  1436079.001  1441079.018  1442643.003  1442649.016  1442699.026
  1285:  1442725.005  1443721.009  1444358.001  1449358.018  1450402.003
  1290:  1450408.016  1450458.026  1450472.005  1451474.009  1457056.001
  1295:  1459436.003  1461409.001  1465560.003  1465645.005  1465810.009
  1300:  1466062.001  1470893.003  1471195.001  1475663.003  1476559.001
  1305:  1481285.003  1481615.001  1481750.003  1481769.001  1486769.018
  1310:  1487399.003  1487405.016  1487455.026  1487470.005  1488100.009
  1315:  1489226.001  1493832.003  1493923.005  1493946.009  1494213.001
  1320:  1497780.003  1498123.001
B:
     0:        0.000      211.000        0.000      210.000        0.000
     5:      208.000        0.000        0.000        0.000      208.000
    10:        0.000        1.000        0.000        1.000        0.000
    15:        0.000      161.000        0.000      161.000        0.000
    20:        0.000        0.000        0.000        0.000        0.000
    25:        0.000      161.000        0.000        0.000        0.000
    30:        0.000
D:
     0:  1502175.000  1500293.000  1499950.000
E:
     0:     5000.000     5000.000
T:
     0:        0.000        0.000        0.000        0.000
W:
     0:        2.000        0.000        0.000
