File: C:\MED-PC IV\Data\Reyes\AY\AY3066.999


Start Date: 11/13/24
End Date: 11/13/24
Subject: 66
Experiment: AY
Group: PERC
Box: 4
Start Time: 16:04:42
End Time: 16:54:42
MSN: DRRD_perc
C:       0.000
F:       1.000
G:       0.000
H:       1.000
I:       0.000
J:       0.000
K:   10000.000
L:       0.000
M:       0.000
N:       0.000
O:       0.000
Q:       0.000
S:       0.000
U:    1869.000
V:       0.000
X:       0.000
Y:    1372.000
Z:       0.000
A:
     0:      490.005      505.009      698.005      726.009     1401.005
     5:     1509.009     1614.005     1691.009     2006.005     2515.009
    10:     8514.005     8760.009    15000.013    15000.011    15216.001
    15:    15717.003    16044.001    16085.003    16106.001    17091.003
    20:    17732.001    17908.003    17990.005    18384.009    18829.001
    25:    19105.003    19232.001    19732.003    19764.001    20164.003
    30:    20214.001    20311.003    20342.001    20397.003    20421.001
    35:    21762.003    22237.001    22312.003    22629.001    22731.003
    40:    23091.001    25551.003    25978.001    28789.003    28976.005
    45:    29356.009    30255.001    30299.003    30321.001    33369.003
    50:    33885.001    37718.003    38020.005    38064.009    38277.001
    55:    38338.003    38355.001    39469.003    42301.005    42410.009
    60:    42934.001    43013.003    43029.001    43077.003    43173.001
    65:    43936.003    44010.001    44085.003    44398.001    48406.003
    70:    48478.005    48800.009    49191.001    49267.003    53133.001
    75:    53731.003    53824.001    53884.003    54275.005    54396.009
    80:    54448.005    55103.009    60462.001    64184.003    65034.005
    85:    65447.009    67202.005    67431.009    68240.001    68345.003
    90:    68374.001    68421.003    68462.005    68559.009    68634.005
    95:    68811.009    69036.001    69183.003    69365.001    74365.018
   100:    75970.003    75976.016    76026.026    76038.005    77420.009
   105:    77539.005    77718.009    78059.005    78364.009    78772.001
   110:    83063.003    83087.005    83489.009    83796.001    84114.003
   115:    84130.001    88676.003    89109.001    94109.018    95442.003
   120:    95448.016    95490.005    95498.026    95966.009    96499.001
   125:    96639.003    96679.001   101679.018   103811.003   103817.016
   130:   103867.026   103891.005   104269.009   105040.001   105450.003
   135:   105488.001   110488.018   112392.003   112398.016   112448.026
   140:   112453.005   112789.009   113573.001   118573.018   121780.003
   145:   121786.016   121836.026   121848.005   122355.009   123396.001
   150:   128396.018   129829.003   129835.016   129870.005   129885.026
   155:   130220.009   130544.001   130717.003   130971.001   132231.003
   160:   132242.001   137242.018   138656.003   138662.016   138710.005
   165:   138712.026   139048.009   139659.001   144659.018   148391.003
   170:   148397.016   148447.026   148456.005   148878.009   149308.001
   175:   154308.018   155274.003   155280.016   155330.026   155359.005
   180:   155671.009   156121.001   156241.003   156381.001   161381.018
   185:   163649.003   163655.016   163705.026   163725.005   164137.009
   190:   165165.001   165600.003   165625.001   170625.018   170822.003
   195:   170828.016   170878.026   170895.005   171272.009   171613.001
   200:   171756.003   172044.001   177044.018   177621.003   177627.016
   205:   177677.026   177689.005   178120.009   178713.001   183713.018
   210:   186101.003   186107.016   186157.026   186163.005   186547.009
   215:   187252.001   192252.018   194631.003   194637.016   194687.026
   220:   194693.005   195082.009   196037.001   201037.018   201334.003
   225:   201340.016   201390.026   201405.005   201790.009   202519.001
   230:   202797.003   202829.001   207829.018   209681.003   209687.016
   235:   209737.026   209746.005   210077.009   210929.001   212086.003
   240:   212120.001   217120.018   219321.003   219327.016   219377.026
   245:   219383.005   219819.009   220747.001   220828.003   221157.001
   250:   226157.018   227428.003   227434.016   227484.026   227487.005
   255:   228055.009   229319.001   229475.003   229492.001   234492.018
   260:   235956.003   235962.016   236012.026   236019.005   236409.009
   265:   237481.001   237525.003   237599.001   242599.018   245208.003
   270:   245214.016   245264.026   245275.005   245750.009   246579.001
   275:   251579.018   252589.003   252595.016   252637.005   252645.026
   280:   253013.009   253783.001   258783.018   260796.003   260802.016
   285:   260852.026   260867.005   261218.009   262160.001   267160.018
   290:   268401.003   268407.016   268457.026   268475.005   269076.009
   295:   269679.001   274679.018   275674.003   275680.016   275730.026
   300:   275739.005   276081.009   276763.001   278397.003   278412.001
   305:   283187.003   283256.005   283761.009   284146.001   289146.018
   310:   291176.003   291182.016   291232.026   291257.005   291583.009
   315:   292063.001   295106.003   295154.001   299492.003   300447.001
   320:   304241.003   304284.001   306548.003   307484.001   312484.018
   325:   314237.003   314243.016   314293.005   314293.026   314689.009
   330:   315485.001   320485.018   321978.003   321984.016   322016.005
   335:   322034.026   322402.009   323362.001   323461.003   323635.001
   340:   328635.018   329793.003   329799.016   329849.026   329881.005
   345:   330187.009   330619.001   330923.003   331058.001   336058.018
   350:   338076.003   338082.016   338132.026   338203.005   338727.009
   355:   339682.001   344682.018   344945.003   344951.016   345001.026
   360:   345013.005   345338.009   346213.001   351213.018   351654.003
   365:   351660.016   351710.026   351733.005   352065.009   353249.001
   370:   358249.018   360219.003   360225.016   360275.026   360282.005
   375:   360627.009   362053.001   367053.018   368332.003   368338.016
   380:   368388.026   368423.005   368727.009   369541.001   369688.003
   385:   369703.001   374703.018   377523.003   377529.016   377579.026
   390:   377593.005   378017.009   378902.001   383902.018   386289.003
   395:   386295.016   386345.026   386350.005   386724.009   387417.001
   400:   392417.018   396924.003   396930.016   396980.026   397010.005
   405:   397468.009   398490.001   398536.003   398577.001   403577.018
   410:   404847.003   404853.016   404903.026   404909.005   405334.009
   415:   406440.001   411440.018   413285.003   413291.016   413341.026
   420:   413370.005   414123.009   414807.001   419807.018   420477.003
   425:   420483.016   420533.026   420551.005   420881.009   422095.001
   430:   427095.018   428018.003   428024.016   428074.026   428087.005
   435:   428502.009   429830.001   434336.003   434441.005   434545.009
   440:   435932.001   440539.003   441596.001   443871.003   443907.001
   445:   446991.003   447011.001   447668.003   448358.001   453358.018
   450:   454710.003   454716.016   454766.026   454804.005   455186.009
   455:   455957.001   460957.018   462662.003   462668.016   462718.026
   460:   462761.005   463132.009   463945.001   468945.018   470513.003
   465:   470519.016   470569.026   470589.005   470962.009   471863.001
   470:   476863.018   477503.003   477509.016   477559.026   477581.005
   475:   478278.009   478939.001   483939.018   486112.003   486118.016
   480:   486168.026   486197.005   486634.009   488058.001   488141.003
   485:   488215.001   493215.018   494638.003   494644.016   494694.026
   490:   494709.005   495097.009   496059.001   500829.003   500889.001
   495:   501000.003   501860.001   506860.018   510291.003   510297.016
   500:   510347.026   510365.005   510909.009   511860.001   516860.018
   505:   518176.003   518182.016   518232.026   518253.005   518805.009
   510:   519852.001   520344.003   520581.001   525081.003   526767.001
   515:   531767.018   536387.003   536393.016   536443.026   536466.005
   520:   536825.009   537474.001   537842.003   537890.001   542890.018
   525:   544358.003   544364.016   544414.026   544428.005   544870.009
   530:   546492.001   551492.018   552585.003   552591.016   552641.026
   535:   552659.005   553034.009   553835.001   558835.018   560279.003
   540:   560285.016   560335.026   560350.005   560807.009   561867.001
   545:   562419.003   562494.001   567494.018   568748.003   568754.016
   550:   568804.026   568830.005   570102.009   570277.005   570454.009
   555:   572430.005   572659.009   573376.001   573443.003   589666.001
   560:   589689.003   589729.001   590844.003   591019.001   591038.003
   565:   591230.005   591466.009   592329.001   595755.003   596358.001
   570:   597736.003   597770.001   598107.003   598131.001   600971.003
   575:   601093.005   601155.009   601507.001   601626.003   601660.001
   580:   605202.003   605225.001   605377.003   605970.005   606664.009
   585:   607084.001   607541.003   607627.001   607884.003   608321.005
   590:   608416.009   610468.005   611201.009   611429.005   611840.009
   595:   612346.005   613170.009   613738.001   618339.003   619050.001
   600:   619434.003   620701.001   620793.003   620820.001   625626.003
   605:   626460.001   626949.003   626962.001   631962.018   632605.003
   610:   632611.016   632661.026   632697.005   633218.009   633498.005
   615:   633604.009   634250.001   635134.003   635161.001   639211.003
   620:   640247.001   642558.003   642587.001   646757.003   647356.001
   625:   652356.018   655613.003   655619.016   655669.026   655703.005
   630:   656152.009   657195.001   662195.018   663942.003   663948.016
   635:   663998.026   664030.005   664479.009   665410.001   670410.018
   640:   673274.003   673280.016   673330.026   673355.005   674008.009
   645:   675095.001   680095.018   681080.003   681086.016   681136.026
   650:   681160.005   681565.009   681593.005   681597.009   682599.001
   655:   682708.003   682864.001   687864.018   688169.003   688175.016
   660:   688225.026   688258.001   688432.003   688493.005   688847.009
   665:   689481.001   689527.003   689982.001   694982.018   695220.003
   670:   695226.016   695276.026   695318.005   695538.009   695991.001
   675:   700991.018   703179.003   703185.016   703235.026   703242.005
   680:   703478.009   703743.001   703921.003   703964.001   708964.018
   685:   711828.003   711834.016   711884.026   711895.005   712267.009
   690:   713940.001   718940.018   720018.003   720024.016   720074.026
   695:   720096.005   720546.009   721765.001   726765.018   727610.003
   700:   727616.016   727666.026   727699.005   728139.009   728493.001
   705:   728771.003   729117.001   734117.018   734656.003   734662.016
   710:   734712.026   734716.005   735154.009   735501.001   740501.018
   715:   741185.003   741191.016   741241.026   741273.005   741726.009
   720:   741874.005   741975.009   742724.001   747724.018   748099.003
   725:   748105.016   748155.026   748167.005   748637.009   748648.005
   730:   748819.009   750549.001   750645.003   750766.001   755766.018
   735:   756419.003   756425.016   756475.026   756517.005   756828.009
   740:   757975.001   760179.003   760245.001   760304.003   760365.001
   745:   764857.003   765101.005   765233.009   765567.001   770567.018
   750:   772314.003   772320.016   772370.026   772406.005   772856.009
   755:   773477.001   778477.018   779871.003   779877.016   779927.026
   760:   779969.005   781042.009   782207.001   786492.003   787086.001
   765:   792086.018   794086.003   794092.016   794142.026   794163.005
   770:   794557.009   794776.005   794798.009   795336.001   795480.003
   775:   795793.001   800793.018   802234.003   802240.016   802290.026
   780:   802334.005   802912.009   804191.001   809191.018   810477.003
   785:   810483.016   810533.026   810540.005   810993.009   811994.001
   790:   816994.018   818086.003   818092.016   818142.026   818152.005
   795:   818553.009   818665.005   818709.009   820068.001   825068.018
   800:   826345.003   826351.016   826401.026   826410.005   826788.009
   805:   827373.001   832373.018   833172.003   833178.016   833228.026
   810:   833247.005   833815.009   833882.005   834081.009   836001.001
   815:   840653.003   840731.005   840924.009   841156.001   841208.003
   820:   841267.001   846267.018   848158.003   848164.016   848214.026
   825:   848235.005   848620.009   849331.001   854331.018   856314.003
   830:   856320.016   856370.026   856381.005   856880.009   858415.001
   835:   863415.018   865279.003   865285.016   865335.026   865345.005
   840:   865927.009   867027.001   872027.018   873726.003   873732.016
   845:   873782.026   873821.005   874148.009   875568.001   879965.003
   850:   879989.001   880113.003   880955.001   885955.018   887848.003
   855:   887854.016   887904.026   887933.005   888459.009   888490.005
   860:   888498.009   888517.005   888534.009   889805.001   894805.018
   865:   896199.003   896205.016   896255.026   896256.001   896365.003
   870:   896428.005   897221.009   898971.001   903971.018   905096.003
   875:   905102.016   905152.026   905178.005   905781.009   906875.001
   880:   911875.018   914123.003   914129.016   914179.026   914203.005
   885:   914811.009   918391.001   923391.018   925926.003   925932.016
   890:   925982.026   926001.005   926475.009   926498.005   926500.009
   895:   926506.005   926527.009   926656.005   926825.009   927997.001
   900:   932997.018   935229.003   935235.016   935285.026   935286.005
   905:   935885.009   935948.005   936268.009   937347.001   942347.018
   910:   945968.003   945974.016   946024.026   946033.005   946435.009
   915:   947889.001   952889.018   954303.003   954309.016   954359.026
   920:   954373.005   954906.009   955675.001   960675.018   962404.003
   925:   962410.016   962460.026   962464.005   962882.009   963292.001
   930:   963446.003   964156.001   969156.018   971755.003   971761.016
   935:   971811.026   971832.005   972315.009   973453.001   978453.018
   940:   980979.003   980985.016   981035.026   981038.005   981376.009
   945:   982245.001   982370.003   982581.001   987581.018   989664.003
   950:   989670.016   989720.026   989735.005   990086.009   990109.005
   955:   990123.009   990212.005   990270.009   991157.001   991243.003
   960:   991439.001   996439.018   998426.003   998432.016   998482.026
   965:   998494.005   999460.009  1000569.001  1005569.018  1008874.003
   970:  1008880.016  1008930.026  1008950.005  1009473.009  1011128.001
   975:  1016128.018  1019153.003  1019159.016  1019209.026  1019216.005
   980:  1019745.009  1021084.001  1021244.003  1021325.001  1026325.018
   985:  1026935.003  1026941.016  1026991.026  1027048.005  1027675.009
   990:  1027701.005  1027743.009  1028759.001  1033759.018  1035037.003
   995:  1035043.016  1035093.026  1035115.005  1035513.009  1036431.001
  1000:  1041431.018  1042753.003  1042759.016  1042805.005  1042809.026
  1005:  1043191.009  1043606.005  1043657.009  1044176.001  1044499.003
  1010:  1044654.001  1049654.018  1050945.003  1050951.016  1051001.026
  1015:  1051013.005  1051548.009  1051557.005  1051601.009  1052831.001
  1020:  1057831.018  1059689.003  1059695.016  1059745.026  1059753.005
  1025:  1060139.009  1060160.005  1060295.009  1061203.001  1062102.003
  1030:  1062148.001  1067148.018  1070119.003  1070125.016  1070175.026
  1035:  1070201.005  1070679.009  1074238.001  1074351.003  1079157.005
  1040:  1080096.009  1080778.001  1085778.018  1087853.003  1087859.016
  1045:  1087909.026  1087928.005  1088341.009  1089099.001  1094099.018
  1050:  1097553.003  1097559.016  1097609.026  1097650.005  1098472.009
  1055:  1108551.001  1113551.018  1114245.003  1114251.016  1114301.026
  1060:  1114348.005  1115060.009  1118511.001  1123511.018  1124852.003
  1065:  1124858.016  1124908.026  1124933.005  1125445.009  1126504.001
  1070:  1128813.003  1128972.001  1133298.003  1134119.001  1139119.018
  1075:  1140501.003  1140507.016  1140557.026  1140606.005  1141076.009
  1080:  1141622.001  1141662.003  1141941.001  1146941.018  1149124.003
  1085:  1149130.016  1149180.026  1149185.005  1149725.009  1150932.001
  1090:  1155932.018  1157391.003  1157397.016  1157447.026  1157468.005
  1095:  1157927.009  1159132.001  1164132.018  1166951.003  1166957.016
  1100:  1167007.026  1167026.005  1167402.009  1168096.001  1173096.018
  1105:  1174798.003  1174804.016  1174854.026  1174877.005  1175321.009
  1110:  1176580.001  1181580.018  1183465.003  1183471.016  1183506.005
  1115:  1183521.026  1183994.009  1185091.001  1190091.018  1192763.003
  1120:  1192769.016  1192819.026  1192829.005  1193416.009  1194509.001
  1125:  1199509.018  1200179.003  1200185.016  1200235.026  1200242.005
  1130:  1200739.009  1201977.001  1206977.018  1209164.003  1209170.016
  1135:  1209207.005  1209220.026  1209654.009  1210596.001  1215596.018
  1140:  1218879.003  1218885.016  1218935.026  1218954.005  1219314.009
  1145:  1220372.001  1225372.018  1227322.003  1227328.016  1227378.026
  1150:  1227387.005  1228025.009  1228061.005  1228096.009  1228677.001
  1155:  1233677.018  1236775.003  1236781.016  1236831.026  1236856.005
  1160:  1237407.009  1238090.001  1243090.018  1244128.003  1244134.016
  1165:  1244184.026  1244204.005  1244822.009  1245883.001  1247820.003
  1170:  1247839.001  1252639.003  1252706.005  1252990.009  1253559.001
  1175:  1258559.018  1260966.003  1260972.016  1261022.026  1261033.005
  1180:  1261741.009  1262492.001  1262565.003  1262925.001  1267925.018
  1185:  1270055.003  1270061.016  1270111.026  1270116.005  1270624.009
  1190:  1272396.001  1272921.003  1272999.001  1277999.018  1280237.003
  1195:  1280243.016  1280293.026  1280329.001  1280340.003  1280405.005
  1200:  1281130.009  1284180.001  1284307.003  1284939.001  1289512.003
  1205:  1290048.001  1290433.003  1290469.001  1295469.018  1298515.003
  1210:  1298521.016  1298571.026  1298592.005  1299040.009  1299977.001
  1215:  1304977.018  1307754.003  1307760.016  1307810.026  1307837.005
  1220:  1308368.009  1309382.001  1314382.018  1317437.003  1317443.016
  1225:  1317493.026  1317498.005  1318085.009  1318147.005  1318193.009
  1230:  1319775.001  1324775.018  1327328.003  1327334.016  1327381.005
  1235:  1327384.026  1327883.009  1329414.001  1334414.018  1337487.003
  1240:  1337493.016  1337543.026  1337558.005  1338092.009  1338122.005
  1245:  1338281.009  1338356.005  1338594.009  1340780.001  1345780.018
  1250:  1348389.003  1348395.016  1348445.026  1348465.005  1348929.009
  1255:  1354125.005  1354493.009  1355177.001  1355254.003  1355665.001
  1260:  1360665.018  1362924.003  1362930.016  1362980.026  1363004.005
  1265:  1363421.009  1365520.001  1370520.018  1373461.003  1373467.016
  1270:  1373517.026  1373528.005  1374019.009  1375096.001  1380096.018
  1275:  1381753.003  1381759.016  1381768.001  1381809.026  1382045.003
  1280:  1382093.005  1382684.009  1383957.001  1384057.003  1384101.001
  1285:  1389101.018  1391280.003  1391286.016  1391336.026  1391356.005
  1290:  1391778.009  1392826.001  1397826.018  1400468.003  1400474.016
  1295:  1400523.005  1400524.026  1400984.009  1402274.001  1407274.018
  1300:  1410278.003  1410284.016  1410331.005  1410334.026  1410789.009
  1305:  1411784.001  1416784.018  1419078.003  1419084.016  1419134.026
  1310:  1419141.005  1419699.009  1419737.005  1419758.009  1421274.001
  1315:  1426274.018  1427928.003  1427934.016  1427984.026  1427999.005
  1320:  1428678.009  1430598.001  1435598.018  1436652.003  1436658.016
  1325:  1436708.026  1436715.005  1437156.009  1438205.001  1443205.018
  1330:  1445333.003  1445339.016  1445389.026  1445404.005  1445792.009
  1335:  1447580.001  1452580.018  1453123.003  1453129.016  1453179.026
  1340:  1453184.005  1453754.009  1466181.005  1466385.009  1466740.005
  1345:  1466825.009  1467631.001  1472631.018  1472991.003  1472997.016
  1350:  1473047.026  1473080.005  1473407.009  1475153.001  1478509.003
  1355:  1478542.001  1480707.003  1480806.005  1480985.009  1481543.001
  1360:  1481809.003  1481844.001  1486844.018  1489939.003  1489945.016
  1365:  1489995.026  1490018.005  1490397.009  1492505.005  1492762.009
  1370:  1493713.001  1498713.018
B:
     0:        0.000      271.000        0.000      270.000        0.000
     5:      204.000        0.000        0.000        0.000      204.000
    10:        0.000        1.000        0.000        1.000        0.000
    15:        0.000      140.000        0.000      141.000        0.000
    20:        0.000        0.000        0.000        0.000        0.000
    25:        0.000      140.000        0.000        0.000        0.000
    30:        0.000
D:
     0:  1501874.000  1495582.000  1491808.000
E:
     0:     5000.000     5000.000
P:
     0:        0.000      501.000       41.000      985.000      176.000
     5:      276.000      500.000      400.000       97.000       55.000
    10:     1341.000       75.000      102.000     2460.000     2811.000
    15:       44.000     3048.000     3833.000       61.000     1114.000
    20:       79.000       48.000      763.000       75.000     4008.000
    25:       76.000      598.000       60.000     3722.000      105.000
    30:       47.000      147.000     6605.000     4291.000      318.000
    35:     4546.000     6333.000      140.000     7132.000      410.000
    40:     6904.000     8207.000     6433.000      173.000     1260.000
    45:     6414.000     8732.000     5966.000      120.000     7268.000
    50:      435.000     5197.000      143.000     5577.000     7388.000
    55:     7379.000     5297.000      278.000     6852.000     1157.000
    60:     7201.000       81.000     6271.000      156.000     6464.000
    65:       44.000     7609.000     6010.000     7013.000     6241.000
    70:     5995.000     1634.000     4775.000     7030.000     3043.000
    75:     4338.000     3794.000     2264.000     6753.000     6493.000
    80:       99.000     6158.000      304.000     7018.000     5263.000
    85:     5441.000     6970.000     6279.000      147.000     7820.000
    90:     7387.000     9507.000       46.000     6270.000     6845.000
    95:     5670.000     5923.000     4506.000     4607.000     2275.000
   100:     3084.000      657.000     6352.000     6705.000     6568.000
   105:     5640.000     7173.000       83.000     6423.000     4770.000
   110:      111.000     8431.000     6316.000      492.000     4500.000
   115:     9620.000      368.000     6468.000     6093.000     6444.000
   120:      552.000     6254.000       67.000       23.000     1115.000
   125:       19.000     3426.000     1378.000      337.000     2840.000
   130:      119.000     3542.000      152.000      457.000      257.000
   135:     4601.000      384.000       92.000     4806.000      489.000
   140:     5643.000      884.000     4050.000     2311.000     4170.000
   145:     8257.000     6747.000     7864.000     5985.000      109.000
   150:     5305.000      174.000       46.000     5238.000     7188.000
   155:      178.000     7864.000     6078.000     5845.000      278.000
   160:     5539.000     5684.000     5375.000       96.000     5653.000
   165:     2204.000       59.000     4492.000     6747.000     6394.000
   170:     4285.000     7000.000      144.000     6441.000     6286.000
   175:     6092.000     6277.000     5799.000     4652.000       52.000
   180:     6891.000     6983.000     6864.000     6699.000     4397.000
   185:      124.000     6893.000     6394.000      108.000     6125.000
   190:     7248.000     7535.000     7232.000     8621.000     6414.000
   195:     6729.000      154.000     7599.000     7526.000      125.000
   200:     7083.000       86.000     6987.000     8305.000     8025.000
   205:      160.000     5610.000     6278.000     6322.000      323.000
   210:     6291.000     6858.000      899.000     7971.000      113.000
   215:     7075.000     8454.000     5694.000     6341.000     2309.000
   220:     4326.000     6382.000       40.000     7183.000     6459.000
   225:     7819.000     6702.000     6885.000     7672.000     5670.000
   230:     7187.000     8283.000     6950.000     8098.000     6038.000
   235:     1937.000     4800.000     7407.000       73.000     7130.000
   240:      525.000     7238.000       11.000      127.000     4573.000
   245:      385.000     8046.000     7777.000     8055.000     7553.000
   250:     8073.000     7609.000       77.000     7259.000     7941.000
   255:     6657.000      234.000      100.000     7179.000     7642.000
   260:     8004.000     7294.000     6654.000     6054.000     7128.000
   265:     5543.000     5360.000     3356.000     2165.000      266.000
   270:     8095.000        0.000
R:
     0:        1.000        0.000        0.000
T:
     0:        0.000        0.000        0.000        0.000
W:
     0:        2.000        0.000        0.000
