File: C:\MED-PC IV\Data\Reyes\AY\AY3063.999


Start Date: 11/15/24
End Date: 11/15/24
Subject: 63
Experiment: AY
Group: LINEAR
Box: 1
Start Time: 16:16:03
End Time: 17:06:03
MSN: DRRD_lin
C:       0.000
F:       0.000
G:       0.000
H:       0.000
I:       0.000
J:       0.000
K:   10000.000
L:       0.000
M:       0.000
N:       0.000
O:       0.000
P:       0.000
Q:       0.000
R:       0.000
S:       0.000
U:    2170.000
V:       0.000
X:       0.000
Y:    1369.000
Z:       0.000
A:
     0:     2296.005     2474.009    11649.005    11714.009    12029.005
     5:    12224.009    15000.013    15000.011    18458.001    18633.003
    10:    19274.001    19469.003    20192.001    20637.003    20775.001
    15:    20955.003    21347.001    21627.003    22098.005    22416.009
    20:    23186.001    23348.003    23891.001    24295.003    24300.001
    25:    25791.003    26110.005    26349.009    28046.001    28066.003
    30:    29321.001    29434.003    29443.001    29552.003    29985.005
    35:    30196.009    31925.001    33029.003    33831.001    36331.003
    40:    36353.001    37410.003    37639.001    42639.018    44023.003
    45:    44029.016    44053.005    44079.026    45422.009    45504.005
    50:    46304.009    46326.005    46348.009    49135.005    49379.009
    55:    50848.005    50933.009    56614.001    56738.003    57605.005
    60:    57630.009    58048.001    58412.003    58512.001    60943.003
    65:    60978.001    61173.003    61378.005    61660.009    61783.005
    70:    61808.009    62218.001    65273.003    65601.001    66091.003
    75:    66128.001    67651.003    68020.005    68291.009    68487.001
    80:    68544.003    69035.001    71973.003    72478.001    72505.003
    85:    72622.005    72772.001    72824.003    73286.009    73696.001
    90:    78540.003    78751.001    79202.003    79520.001    84007.003
    95:    84281.001    84422.003    84548.005    84833.009    84858.005
   100:    85093.009    85725.001    89564.003    89788.001    90047.003
   105:    90161.005    90264.001    90465.009    90514.003    90911.005
   110:    90946.009    93747.001    94145.003    94234.001    98172.003
   115:    98857.001   100173.003   100225.001   103756.003   103962.005
   120:   104151.009   104451.001   104507.003   104547.001   109433.003
   125:   110178.001   114696.003   114856.005   115144.009   115481.001
   130:   116407.003   116476.001   120247.003   120947.001   120976.003
   135:   120987.001   125031.003   125185.005   125419.009   125817.001
   140:   125907.003   126365.001   130695.003   131278.001   134763.003
   145:   135073.001   139625.003   140255.001   145058.003   145764.001
   150:   150764.018   151130.003   151136.016   151186.026   151272.005
   155:   151748.009   151847.005   152392.009   152407.005   152580.009
   160:   153207.005   153259.009   153938.001   158938.018   158980.003
   165:   158986.016   159036.026   159145.005   160802.009   160840.005
   170:   160849.009   161555.001   166236.003   166883.001   171883.018
   175:   172937.003   172943.016   172993.026   173112.005   174593.009
   180:   175506.001   180506.018   180764.003   180770.016   180820.026
   185:   180963.005   181765.009   182553.001   182653.003   182691.001
   190:   187691.018   188145.003   188151.016   188201.026   188286.005
   195:   189496.009   190070.001   190125.003   190200.001   195200.018
   200:   195521.003   195527.016   195577.026   195681.005   196848.009
   205:   196873.005   197121.009   197918.001   202904.003   203256.001
   210:   208256.018   209484.003   209490.016   209540.026   209632.005
   215:   210514.009   210839.001   211013.003   211226.001   215805.003
   220:   216117.005   216523.009   216923.001   217002.003   217021.001
   225:   222021.018   222758.003   222764.016   222814.026   222942.005
   230:   223811.009   224531.001   224756.003   224806.001   229806.018
   235:   230047.003   230053.016   230103.026   230214.005   231007.009
   240:   231996.001   235819.003   235834.001   236099.003   236806.001
   245:   241806.018   241867.003   241873.016   241923.026   242024.005
   250:   242665.009   242700.005   242786.009   243436.001   248436.018
   255:   248552.003   248558.016   248608.026   248726.005   249514.009
   260:   250385.001   254848.003   255183.001   260183.018   261056.003
   265:   261062.016   261112.026   261216.005   262382.009   263258.001
   270:   263308.003   263601.001   263671.003   263737.001   268737.018
   275:   268978.003   268984.016   269034.026   269129.005   270133.009
   280:   270598.001   270758.003   271107.001   276107.018   276188.003
   285:   276194.016   276244.026   276364.005   277921.009   278882.001
   290:   279183.003   279332.001   283666.003   285401.001   289729.003
   295:   291099.001   291495.003   291552.001   296157.003   296335.005
   300:   296451.009   297605.001   302419.003   302572.005   302688.009
   305:   303418.001   308418.018   308561.003   308567.016   308617.026
   310:   308769.005   309508.009   311334.001   316334.018   317724.003
   315:   317730.016   317780.026   317874.005   318496.009   319297.001
   320:   324297.018   324664.003   324670.016   324720.026   324842.005
   325:   325363.009   326194.001   326378.003   326412.001   326510.003
   330:   326529.001   331529.018   331724.003   331730.016   331780.026
   335:   331875.005   332832.009   333355.001   333389.003   333551.001
   340:   338551.018   338837.003   338843.016   338893.026   338983.005
   345:   339727.009   340338.001   345338.018   346200.003   346206.016
   350:   346256.026   346353.005   347377.009   348524.001   353524.018
   355:   354546.003   354552.016   354602.026   354757.005   355683.009
   360:   355730.005   355748.009   356652.001   361652.018   362297.003
   365:   362303.016   362353.026   362468.005   362826.009   363655.001
   370:   368655.018   369177.003   369183.016   369233.026   369375.005
   375:   369783.009   370732.001   375732.018   376276.003   376282.016
   380:   376332.026   376426.005   376897.009   376921.005   377856.009
   385:   378261.001   383261.018   383883.003   383889.016   383939.026
   390:   384058.005   384799.009   385431.001   390431.018   390837.003
   395:   390843.016   390893.026   391048.005   392271.009   393059.001
   400:   393093.003   393464.001   398464.018   398753.003   398759.016
   405:   398809.026   398883.005   399270.009   400086.001   400207.003
   410:   400239.001   405239.018   406195.003   406201.016   406251.026
   415:   406353.005   407001.009   407765.001   412765.018   413327.003
   420:   413333.016   413383.026   413482.005   413845.009   414829.001
   425:   419829.018   419855.003   419861.016   419911.026   419997.005
   430:   420578.009   420993.001   425993.018   427911.003   427917.016
   435:   427967.026   428078.005   428395.009   429264.001   434237.003
   440:   434550.001   439550.018   440427.003   440433.016   440483.026
   445:   440622.005   441557.009   442593.001   447593.018   448937.003
   450:   448943.016   448993.026   449087.005   449422.009   449936.001
   455:   450130.003   450203.001   455203.018   456323.003   456329.016
   460:   456379.026   456521.005   456835.009   457592.001   462592.018
   465:   464450.003   464456.016   464506.026   464637.005   465742.009
   470:   466554.001   471554.018   473632.003   473638.016   473688.026
   475:   473822.005   474412.009   475154.001   478665.003   478830.001
   480:   483830.018   484400.003   484406.016   484456.026   484593.005
   485:   484901.009   485709.001   490709.018   492149.003   492155.016
   490:   492205.026   492303.005   492674.009   493610.005   494106.009
   495:   496140.001   499958.003   500252.001   505252.018   507374.003
   500:   507380.016   507430.026   507537.005   507881.009   509621.001
   505:   514621.018   515662.003   515668.016   515718.026   515808.005
   510:   516555.009   517282.001   522282.018   524000.003   524006.016
   515:   524056.026   524170.005   524780.009   524838.005   524989.009
   520:   525989.001   530989.018   532273.003   532279.016   532329.026
   525:   532460.005   532953.009   532960.005   533093.009   533883.001
   530:   538883.018   541535.003   541541.016   541591.026   541719.005
   535:   542178.009   543652.001   548652.018   551397.003   551403.016
   540:   551453.026   551616.005   552120.009   553000.001   558000.018
   545:   560356.003   560362.016   560412.026   560538.005   560981.009
   550:   561745.001   566745.018   568970.003   568976.016   569026.026
   555:   569115.005   569986.009   570589.001   575589.018   578137.003
   560:   578143.016   578193.026   578353.005   578742.009   579012.001
   565:   584012.018   584381.003   584387.016   584427.001   584437.026
   570:   584681.003   584955.001   587632.003   587823.001   587905.003
   575:   587926.001   590251.003   590353.001   590436.003   590821.005
   580:   591581.009   592009.005   592325.009   593153.001   598153.018
   585:   599011.003   599017.016   599067.026   599209.005   599973.009
   590:   600431.001   605431.018   606963.003   606969.016   607019.026
   595:   607114.005   608187.009   609087.001   614087.018   617965.003
   600:   617971.016   618021.026   618129.005   618592.009   619636.001
   605:   624636.018   627740.003   627746.016   627796.026   627925.005
   610:   628271.009   629189.001   629986.003   630117.001   635117.018
   615:   638003.003   638009.016   638059.026   638189.005   638507.009
   620:   639626.001   640095.003   640304.001   645304.018   647157.003
   625:   647163.016   647213.026   647369.005   647861.009   648681.001
   630:   653681.018   655316.003   655322.016   655372.026   655516.005
   635:   655925.009   656816.001   661816.018   665082.003   665088.016
   640:   665138.026   665247.005   666195.009   666259.005   666323.009
   645:   667058.001   672058.018   676720.003   676726.016   676776.026
   650:   676889.005   677476.009   678191.001   683191.018   685789.003
   655:   685795.016   685845.026   685988.005   686739.009   687373.001
   660:   692373.018   692852.003   692858.016   692908.026   693062.005
   665:   693723.009   694725.001   699725.018   701941.003   701947.016
   670:   701997.026   702109.005   702932.009   704001.001   709001.018
   675:   711618.003   711624.016   711674.026   711790.005   712211.009
   680:   713004.001   713713.003   713728.001   718728.018   720932.003
   685:   720938.016   720988.026   721139.005   721483.009   722426.001
   690:   727426.018   728713.003   728719.016   728769.026   728889.005
   695:   729229.009   730152.001   734913.003   735270.001   740270.018
   700:   742270.003   742276.016   742326.026   742451.005   743059.009
   705:   756366.001   756510.003   756816.005   757053.009   757409.001
   710:   762409.018   762992.003   762998.016   763046.001   763048.026
   715:   763179.003   763220.005   764178.009   764974.001   769010.003
   720:   769353.001   774353.018   778378.003   778384.016   778434.026
   725:   778569.005   778986.009   779005.005   779051.009   779113.005
   730:   779317.009   780054.001   785054.018   785480.003   785486.016
   735:   785536.026   785654.005   785983.009   786941.001   791927.003
   740:   792284.001   792919.003   792989.001   793084.003   793182.001
   745:   798182.018   799437.003   799443.016   799493.026   799653.005
   750:   800178.009   800197.005   800219.009   800231.005   800271.009
   755:   800677.005   800966.009   802337.001   807337.018   808667.003
   760:   808673.016   808723.026   808849.005   809201.009   810680.001
   765:   815680.018   815952.003   815958.016   816008.026   816142.005
   770:   816766.009   816977.001   821977.018   825286.003   825292.016
   775:   825342.026   825454.005   825838.009   825863.005   825940.009
   780:   826553.001   831553.018   834086.003   834092.016   834142.026
   785:   834276.005   834801.009   835616.001   840616.018   841073.003
   790:   841079.016   841129.026   841273.005   841940.009   842742.001
   795:   847742.018   849973.003   849979.016   850029.026   850161.005
   800:   851506.009   852377.001   857377.018   859174.003   859180.016
   805:   859230.026   859359.005   860228.009   860953.005   860985.009
   810:   860991.005   861225.009   861807.001   866807.018   867570.003
   815:   867576.016   867626.026   867722.005   868279.009   868297.005
   820:   868333.009   869529.001   874529.018   875191.003   875197.016
   825:   875247.026   875334.005   876541.009   877772.001   882724.003
   830:   882888.005   883044.009   883564.001   883654.003   883676.001
   835:   886689.003   886716.001   891716.018   891907.003   891913.016
   840:   891963.026   892055.005   892437.009   892799.005   893063.009
   845:   893761.001   893852.003   893924.001   894167.003   894211.001
   850:   899211.018   899628.003   899634.016   899684.026   899779.005
   855:   900226.009   900234.005   900324.009   900388.005   900504.009
   860:   901606.001   906606.018   908463.003   908469.016   908519.026
   865:   908639.005   909068.009   910637.001   915637.018   915757.003
   870:   915763.016   915813.026   915934.005   916479.009   917348.001
   875:   922348.018   923019.003   923025.016   923075.026   923188.005
   880:   924116.009   925286.001   925597.003   925609.001   930609.018
   885:   931446.003   931452.016   931502.026   931648.005   932141.009
   890:   933438.001   938438.018   939139.003   939145.016   939195.026
   895:   939293.005   939725.009   942062.001   942242.003   943007.001
   900:   947832.003   949510.001   954510.018   956274.003   956280.016
   905:   956330.026   956451.005   957064.009   957667.001   962667.018
   910:   964906.003   964912.016   964962.026   965120.005   965532.009
   915:   965612.005   965700.009   967045.001   972045.018   973728.003
   920:   973734.016   973784.026   973888.005   974576.009   974795.005
   925:   975097.009   978257.005   978278.009   978284.005   978372.009
   930:   978500.005   978599.009   978906.001   983906.018   985455.003
   935:   985461.016   985511.026   985612.005   985983.009   986092.005
   940:   986114.009   986140.005   986195.009   986814.001   987074.003
   945:   987444.001   992444.018   992777.003   992783.016   992833.026
   950:   993006.005   993716.009   994585.001   999585.018   999687.003
   955:   999693.016   999743.026   999852.005  1001012.009  1001896.001
   960:  1002208.003  1002237.001  1002841.003  1003045.001  1007131.003
   965:  1007545.001  1012545.018  1014063.003  1014069.016  1014119.026
   970:  1014206.005  1014622.009  1015634.005  1015722.009  1015782.005
   975:  1015809.009  1016036.001  1021036.018  1023965.003  1023971.016
   980:  1024021.026  1024107.005  1024808.009  1024822.005  1024937.009
   985:  1025857.001  1026076.003  1026096.001  1031096.018  1032773.003
   990:  1032779.016  1032829.026  1032925.005  1033693.009  1034412.001
   995:  1039412.018  1040489.003  1040495.016  1040545.026  1040650.005
  1000:  1041343.009  1042367.001  1047367.018  1048512.003  1048518.016
  1005:  1048568.026  1048715.005  1049293.009  1050185.001  1055185.018
  1010:  1055688.003  1055694.016  1055744.026  1055904.005  1056320.009
  1015:  1057402.001  1057534.003  1057670.001  1062670.018  1063549.003
  1020:  1063555.016  1063605.026  1063743.005  1064151.009  1065173.001
  1025:  1070173.018  1071267.003  1071273.016  1071323.026  1071467.005
  1030:  1072266.009  1073031.001  1078031.018  1078846.003  1078852.016
  1035:  1078902.026  1079013.005  1079485.009  1080336.001  1080643.003
  1040:  1080684.001  1081103.003  1081142.001  1086142.018  1086629.003
  1045:  1086635.016  1086685.026  1086809.005  1087318.009  1088622.001
  1050:  1093622.018  1095519.003  1095525.016  1095575.026  1095681.005
  1055:  1096033.009  1097182.001  1102182.018  1103710.003  1103716.016
  1060:  1103766.026  1103896.005  1104263.009  1104587.001  1104621.003
  1065:  1105289.001  1110289.018  1112531.003  1112537.016  1112587.026
  1070:  1112729.005  1113123.009  1114127.001  1119127.018  1121176.003
  1075:  1121182.016  1121232.026  1121360.005  1121774.009  1122842.001
  1080:  1127701.003  1127916.001  1132916.018  1134690.003  1134696.016
  1085:  1134746.026  1134929.005  1135490.009  1137129.001  1137733.003
  1090:  1137747.001  1142747.018  1144113.003  1144119.016  1144169.026
  1095:  1144299.005  1145159.009  1146508.001  1151508.018  1152871.003
  1100:  1152877.016  1152927.026  1153068.005  1153402.009  1154418.001
  1105:  1159418.018  1160423.003  1160429.016  1160479.026  1160604.005
  1110:  1160979.009  1162183.001  1167183.018  1167941.003  1167947.016
  1115:  1167997.026  1168124.005  1169117.009  1171023.001  1176023.018
  1120:  1177349.003  1177355.016  1177405.026  1177543.005  1177953.009
  1125:  1178872.001  1183872.018  1185487.003  1185493.016  1185543.026
  1130:  1185619.005  1186015.009  1186903.001  1190689.003  1190895.001
  1135:  1195895.018  1196121.003  1196127.016  1196177.026  1196233.005
  1140:  1196790.009  1197144.005  1197256.009  1197269.005  1197442.009
  1145:  1197944.001  1198098.003  1198166.001  1203166.018  1206094.003
  1150:  1206100.016  1206150.026  1206227.005  1207120.009  1207811.001
  1155:  1212811.018  1213200.003  1213206.016  1213256.026  1213343.005
  1160:  1214160.009  1215022.001  1219977.003  1220923.001  1225923.018
  1165:  1226740.003  1226746.016  1226796.026  1226835.005  1227503.009
  1170:  1228152.001  1233152.018  1234241.003  1234247.016  1234297.026
  1175:  1234337.005  1235069.009  1235171.005  1235198.009  1235969.001
  1180:  1236332.003  1236356.001  1240854.003  1241074.005  1241263.009
  1185:  1241314.005  1241434.009  1242332.001  1247332.018  1248441.003
  1190:  1248447.016  1248497.026  1248597.005  1249014.009  1249725.001
  1195:  1254725.018  1256624.003  1256630.016  1256680.026  1256794.005
  1200:  1257203.009  1258381.001  1259182.003  1259226.001  1259381.003
  1205:  1259435.001  1264435.018  1265098.003  1265104.016  1265154.026
  1210:  1265241.005  1265782.009  1265808.005  1265991.009  1266109.005
  1215:  1266305.009  1267164.001  1272164.018  1273497.003  1273503.016
  1220:  1273553.026  1273662.005  1274155.009  1275349.001  1280349.018
  1225:  1284047.003  1284053.016  1284103.026  1284200.005  1284876.009
  1230:  1285709.001  1290709.018  1292563.003  1292569.016  1292619.026
  1235:  1292755.005  1293212.009  1294226.001  1295111.003  1295178.001
  1240:  1300178.018  1301517.003  1301523.016  1301573.026  1301634.005
  1245:  1302585.009  1303021.001  1308021.018  1310263.003  1310269.016
  1250:  1310319.026  1310422.005  1310987.009  1311498.001  1311577.003
  1255:  1311596.001  1316596.018  1317990.003  1317996.016  1318046.026
  1260:  1318124.005  1318598.009  1319429.001  1324429.018  1326099.003
  1265:  1326105.016  1326155.026  1326266.005  1326699.009  1327688.001
  1270:  1332688.018  1334330.003  1334336.016  1334386.026  1334678.005
  1275:  1335141.009  1338070.005  1338142.009  1338448.001  1338527.003
  1280:  1338659.001  1343659.018  1344617.003  1344623.016  1344673.026
  1285:  1344766.005  1345270.009  1346322.001  1351322.018  1352071.003
  1290:  1352077.016  1352127.026  1352225.005  1352730.009  1353615.001
  1295:  1353671.003  1353709.001  1358709.018  1361033.003  1361039.016
  1300:  1361089.026  1361201.005  1361638.009  1362720.001  1367720.018
  1305:  1368327.003  1368333.016  1368383.026  1368492.005  1369629.009
  1310:  1370451.001  1375451.018  1376144.003  1376150.016  1376200.026
  1315:  1376296.005  1376741.009  1377925.001  1381634.003  1382093.001
  1320:  1382199.003  1382219.001  1386063.003  1386483.001  1391483.018
  1325:  1394619.003  1394625.016  1394675.026  1394785.005  1395231.009
  1330:  1396261.001  1401261.018  1402655.003  1402661.016  1402711.026
  1335:  1402802.005  1403285.009  1404211.001  1409211.018  1410702.003
  1340:  1410708.016  1410758.026  1410861.005  1411923.009  1411987.005
  1345:  1412173.009  1412885.001  1412929.003  1412975.001  1413534.003
  1350:  1413560.001  1418515.003  1418726.001  1418837.003  1418853.001
  1355:  1423853.018  1426107.003  1426113.016  1426163.026  1426242.005
  1360:  1426821.009  1426830.005  1427110.009  1428860.001  1428922.003
  1365:  1428946.001  1429136.003  1492211.005  1492603.009
B:
     0:        0.000      268.000        0.000      268.000        0.000
     5:      210.000        0.000        0.000        0.000      210.000
    10:        0.000        1.000        0.000        1.000        0.000
    15:        0.000      137.000        0.000      137.000        0.000
    20:        0.000        0.000        0.000        0.000        0.000
    25:        0.000      137.000        0.000        0.000        0.000
    30:        0.000
D:
     0:  1431305.000  1431116.000  1431306.000
E:
     0:     5000.000     5000.000
T:
     0:        0.000        0.000        0.000        0.000
W:
     0:        0.000        0.000        0.000
