File: C:\MED-PC IV\Data\Reyes\AY\AY3058.999


Start Date: 11/15/24
End Date: 11/15/24
Subject: 58
Experiment: AY
Group: PERC
Box: 5
Start Time: 14:06:36
End Time: 14:56:36
MSN: DRRD_perc
C:       0.000
F:       1.000
G:       0.000
H:       0.000
I:       0.000
J:       0.000
K:   10000.000
L:       0.000
M:       0.000
N:       0.000
O:       0.000
Q:       0.000
S:       0.000
U:    1905.000
V:       0.000
X:       0.000
Y:    1756.000
Z:       0.000
A:
     0:    10502.005    10523.009    10538.005    10627.009    15000.013
     5:    15000.011    15125.001    15139.003    15157.001    15458.003
    10:    15648.005    15685.009    15991.001    16012.003    16024.001
    15:    16191.003    16246.001    16426.003    16451.001    17285.003
    20:    17373.005    17484.009    18532.001    18582.003    19046.001
    25:    19055.003    20294.001    20387.003    20752.001    20797.003
    30:    22014.001    22097.003    22164.001    22302.003    22326.001
    35:    22357.003    22398.001    22663.003    22782.001    22908.003
    40:    22995.001    23207.003    23227.001    23254.003    25158.001
    45:    25441.003    25506.001    25750.003    25759.001    26345.003
    50:    26377.001    29431.003    29868.005    29985.009    33936.001
    55:    33950.003    33962.001    33983.003    34084.001    34096.003
    60:    34186.001    34268.003    34347.001    34399.003    34451.001
    65:    35202.003    35210.001    35640.003    35653.001    35815.003
    70:    35846.001    35889.003    35902.001    37575.003    37620.001
    75:    37760.003    37787.001    39160.003    40047.005    40152.009
    80:    40864.005    40993.009    43394.001    43693.003    43757.001
    85:    43886.003    43900.001    44122.003    44832.001    44855.003
    90:    44936.001    45263.003    45282.001    46097.003    46111.001
    95:    46444.003    46534.001    49885.003    51169.005    51265.009
   100:    52227.005    52265.009    54788.001    54917.003    56012.001
   105:    56081.003    56149.001    56274.003    56316.001    57023.003
   110:    57047.001    57858.003    57876.001    59379.003    59419.001
   115:    60664.003    62169.005    62301.009    62469.005    62574.009
   120:    63033.005    63152.009    65427.001    65885.003    68052.005
   125:    68136.009    73185.001    73232.003    73288.001    73374.003
   130:    73494.001    73508.003    73613.001    73689.003    74250.001
   135:    74265.003    74283.001    74338.003    74380.001    74451.003
   140:    74482.001    74640.003    74962.001    75258.003    75288.001
   145:    75380.003    75403.001    75551.003    75583.001    75986.003
   150:    76009.001    79551.003    79773.005    79911.009    79976.005
   155:    80221.009    80855.001    80892.003   111706.001   112441.003
   160:   112467.001   112661.003   112678.001   115848.003   122137.001
   165:   122504.003   122610.001   122786.003   122861.001   123549.003
   170:   123602.001   123916.003   123936.001   127923.003   129551.001
   175:   129586.003   130002.001   130123.003   130175.001   130430.003
   180:   130512.001   130581.003   131248.005   131279.009   131426.005
   185:   131524.009   135623.001   136084.003   136272.001   136364.003
   190:   136394.001   141394.018   143560.003   143566.016   143616.026
   195:   143631.005   145442.009   148560.001   148567.003   148643.001
   200:   149044.003   149094.001   149267.003   149291.001   149761.003
   205:   149788.001   149941.003   149976.001   150165.003   150215.001
   210:   150258.003   150292.001   155292.018   156002.003   156008.016
   215:   156058.026   156096.005   156791.009   156882.005   158074.009
   220:   158146.005   158383.009   158847.001   159153.003   159217.001
   225:   159522.003   159588.001   159641.003   159664.001   159906.003
   230:   159927.001   160034.003   160053.001   163310.003   163353.001
   235:   163429.003   163468.001   165643.003   168356.005   168590.009
   240:   168935.001   168997.003   169020.001   169171.003   169224.001
   245:   174224.018   175452.003   175458.016   175508.026   175546.005
   250:   176777.009   177936.001   178408.003   178520.001   178557.003
   255:   178707.001   183707.018   185525.003   185531.016   185581.026
   260:   185624.005   186205.009   186241.005   186245.009   186385.005
   265:   186421.009   186579.005   186627.009   187640.001   187805.003
   270:   188048.001   188162.003   188338.001   188773.003   188799.001
   275:   189552.003   189872.001   190151.003   190230.001   190428.003
   280:   190445.001   190513.003   190547.001   190688.003   190822.001
   285:   190908.003   190998.001   191816.003   191863.001   192003.003
   290:   192067.001   192125.003   192374.001   192478.003   192501.001
   295:   192727.003   192752.001   192881.003   192926.001   197926.018
   300:   198333.003   198339.016   198389.026   198457.005   199065.009
   305:   199085.005   199091.009   199118.005   199335.009   200414.001
   310:   200529.003   200671.001   200738.003   200792.001   200852.003
   315:   200986.001   201100.003   201187.001   201289.003   201328.001
   320:   201376.003   201426.001   201454.003   201567.001   201704.003
   325:   202016.001   202034.003   202057.001   202130.003   202152.001
   330:   202765.003   203279.001   203349.003   203411.001   203467.003
   335:   203863.001   203895.003   204004.001   204274.003   205135.001
   340:   205174.003   207452.001   207600.003   207700.001   207787.003
   345:   208350.001   213350.018   214382.003   214388.016   214438.026
   350:   214476.005   215073.009   216969.001   217809.003   217837.001
   355:   222837.018   223603.003   223609.016   223659.026   223721.005
   360:   224396.009   224415.005   224424.009   224480.005   224765.009
   365:   225593.001   230593.018   231580.003   231586.016   231636.026
   370:   231761.005   232259.009   232284.005   232355.009   233555.001
   375:   234092.003   234130.001   236579.003   236605.001   240724.003
   380:   241408.001   241448.003   242026.005   242155.009   242191.005
   385:   242255.009   242373.005   242514.009   243870.001   244444.003
   390:   244470.001   249470.018   250022.003   250028.016   250078.026
   395:   250162.005   250688.009   250757.005   250799.009   251743.001
   400:   251796.003   251861.001   252093.003   252147.001   257147.018
   405:   258481.003   258487.016   258537.026   258652.005   259166.009
   410:   259187.005   259211.009   259225.005   259248.009   260182.001
   415:   261342.003   261380.001   261502.003   261537.001   261583.003
   420:   261606.001   263638.003   263649.001   265903.003   265951.001
   425:   268346.003   270374.005   270414.009   274433.001   275180.003
   430:   275201.001   280201.018   281471.003   281477.016   281527.026
   435:   281605.005   282224.009   282306.005   282485.009   283749.001
   440:   284674.003   284705.001   284772.003   284815.001   284848.003
   445:   284877.001   289877.018   291577.003   291583.016   291633.026
   450:   291724.005   292265.009   292289.005   292322.009   293361.001
   455:   293513.003   293559.001   294202.003   294235.001   296983.003
   460:   297023.001   297058.003   297183.001   297289.003   297345.001
   465:   301643.003   304718.001   306205.003   306252.001   310354.003
   470:   310381.001   312053.003   316039.001   321039.018   321363.003
   475:   321369.016   321419.026   321448.005   322457.009   323719.001
   480:   324400.003   324437.001   324601.003   324641.001   324901.003
   485:   324949.001   325778.003   325795.001   327770.003   327824.001
   490:   331011.003   332158.005   332231.009   332376.005   332403.009
   495:   332927.001   333410.003   333495.001   334235.003   334296.001
   500:   334337.003   334363.001   334849.003   334876.001   339876.018
   505:   340123.003   340129.016   340179.026   340268.005   340759.009
   510:   340812.005   340889.009   340950.005   341137.009   342435.001
   515:   342658.003   342788.001   342934.003   343007.001   343220.003
   520:   343258.001   348258.018   349937.003   349943.016   349993.026
   525:   350109.005   350952.009   351138.005   351508.009   352116.001
   530:   352334.003   352394.001   352593.003   352630.001   352971.003
   535:   353001.001   357507.003   357527.001   360125.003   362186.001
   540:   362252.005   362277.009   362389.005   362459.009   362466.003
   545:   362563.005   362718.009   364123.001   364658.003   364732.001
   550:   369362.003   369447.001   369640.003   370251.001   370262.003
   555:   371658.001   371894.003   372371.001   373085.003   373205.001
   560:   374460.003   374474.001   377344.003   377504.001   380447.003
   565:   382361.005   382458.009   382599.005   382690.009   383359.001
   570:   385171.003   385197.001   388453.003   388472.001   390183.003
   575:   390717.001   390778.003   392811.005   392997.009   393508.001
   580:   395859.003   395897.001   395966.003   395984.001   396138.003
   585:   396165.001   401165.018   401256.003   401262.016   401312.026
   590:   401545.005   402460.009   402471.005   402477.009   402493.005
   595:   402512.009   402540.005   402548.009   402559.005   402574.009
   600:   404090.001   404107.003   404123.001   409123.018   410498.003
   605:   410504.016   410554.026   410705.005   411184.009   411273.005
   610:   411426.009   411435.005   411450.009   412254.001   412290.003
   615:   412463.001   412608.003   412639.001   412943.003   412966.001
   620:   413090.003   413109.001   413297.003   413455.001   418455.018
   625:   419091.003   419097.016   419147.026   419429.005   420216.009
   630:   421079.001   426079.018   428614.003   428620.016   428670.026
   635:   428744.005   429494.009   429583.005   429603.009   429616.005
   640:   429638.009   429669.005   429712.009   430356.001   431229.003
   645:   431250.001   431727.003   431748.001   434955.003   435137.001
   650:   439053.003   439295.001   439433.003   439750.001   440523.003
   655:   442415.001   445608.003   445639.001   449945.003   452182.005
   660:   452258.009   452979.001   452983.003   453059.001   453469.003
   665:   453503.001   458503.018   460412.003   460418.016   460468.026
   670:   460528.005   461151.009   461161.005   461279.009   462493.001
   675:   463262.003   463274.001   465741.003   465755.001   469533.003
   680:   469543.001   470778.003   470957.001   471010.003   471582.001
   685:   471903.003   473069.005   473106.009   474103.001   477027.003
   690:   477051.001   477335.003   477353.001   482353.018   482832.003
   695:   482838.016   482888.026   482975.005   483649.009   483655.005
   700:   483671.009   484426.001   484712.003   484771.001   489771.018
   705:   491353.003   491359.016   491409.026   491547.005   492369.009
   710:   493684.001   493937.003   494150.001   499150.018   501475.003
   715:   501481.016   501531.026   501630.005   502703.009   503529.001
   720:   504593.003   504614.001   509614.018   510721.003   510727.016
   725:   510777.026   510858.005   511695.009   517552.001   517838.003
   730:   517858.001   517873.003   517920.001   522920.018   526073.003
   735:   526079.016   526129.026   526228.005   526630.009   526640.005
   740:   526810.009   527085.005   527426.009   528083.001   528344.003
   745:   528365.001   528385.003   528424.001   529827.003   529855.001
   750:   534855.018   536803.003   536809.016   536859.026   536944.005
   755:   537308.009   537367.005   537376.009   537502.005   537718.009
   760:   537739.005   537746.009   538801.001   540560.003   540586.001
   765:   540971.003   540994.001   545994.018   547731.003   547737.016
   770:   547787.026   547923.005   548780.009   549934.001   550622.003
   775:   550651.001   551276.003   551302.001   554927.003   554939.001
   780:   557811.003   560772.005   560865.009   562457.001   562740.003
   785:   562855.001   562953.003   562993.001   567993.018   570659.003
   790:   570665.016   570715.026   570782.005   571575.009   573052.001
   795:   573098.003   573168.001   574404.003   574423.001   579423.018
   800:   581197.003   581203.016   581253.026   581330.005   582156.009
   805:   583135.001   588135.018   591977.003   591983.016   592033.026
   810:   592114.005   592913.009   592924.005   593075.009   594109.001
   815:   595373.003   595397.001   600397.018   602690.003   602696.016
   820:   602746.026   602828.005   604051.009   604271.005   604280.009
   825:   605444.001   606951.003   606966.001   610351.003   610386.001
   830:   613985.003   614914.001   615099.003   618806.001   619146.003
   835:   619221.001   624221.018   627585.003   627591.016   627641.026
   840:   627698.005   628263.009   628336.005   628366.009   628386.005
   845:   628467.009   628497.005   628614.009   628647.005   628745.009
   850:   629619.001   634619.018   636604.003   636610.016   636660.026
   855:   636730.005   637818.009   637841.005   637983.009   638898.001
   860:   643898.018   644080.003   644086.016   644136.026   644192.001
   865:   644213.003   644361.005   645470.009   645598.005   645842.009
   870:   645854.005   645860.009   645873.005   645920.009   647409.001
   875:   652409.018   654833.003   654839.016   654889.026   654947.005
   880:   655495.009   655858.005   655890.009   656863.001   657351.003
   885:   657418.001   662418.018   664181.003   664187.016   664237.026
   890:   664308.005   665002.009   665045.005   665149.009   665331.005
   895:   665362.009   666041.001   667266.003   667280.001   672280.018
   900:   673747.003   673753.016   673803.026   673872.005   674699.009
   905:   674840.005   674886.009   674907.005   675035.009   675884.001
   910:   680884.018   682561.003   682567.016   682617.026   682719.005
   915:   683530.009   684793.001   685142.003   685154.001   685295.003
   920:   685745.001   685855.003   685967.001   686409.003   686425.001
   925:   689742.003   689780.001   689958.003   691997.001   693512.003
   930:   693529.001   698215.003   701010.005   701082.009   701715.001
   935:   702231.003   702301.001   702371.003   702413.001   705162.003
   940:   705180.001   709240.003   712273.005   712353.009   712541.005
   945:   712624.009   714139.005   714229.009   714660.001   719660.018
   950:   720452.003   720458.016   720508.026   720566.005   721181.009
   955:   721240.005   721272.009   721330.005   721372.009   722204.001
   960:   727204.018   729727.003   729733.016   729783.026   729877.005
   965:   730691.009   730744.005   730837.009   730870.005   731033.009
   970:   731076.005   731114.009   732110.001   737110.018   740408.003
   975:   740414.016   740464.026   740542.005   741337.009   742631.001
   980:   744511.003   744522.001   748229.003   748271.001   751367.003
   985:   754553.001   755095.003   756388.001   761388.018   761845.003
   990:   761851.016   761901.026   761964.005   762448.009   762478.005
   995:   762896.009   762897.005   763036.009   763131.005   763271.009
  1000:   764056.001   769056.018   774131.003   774137.016   774187.026
  1005:   774254.005   775028.009   775085.005   775129.009   775170.005
  1010:   775290.009   776157.001   778344.003   778360.001   783360.018
  1015:   784703.003   784709.016   784759.026   784842.005   785293.009
  1020:   785327.005   785494.009   787007.001   788989.003   789027.001
  1025:   789143.003   789175.001   791724.003   791890.001   796890.018
  1030:   797148.003   797154.016   797204.026   797375.005   798729.009
  1035:   798740.005   798799.009   800147.001   802100.003   802122.001
  1040:   805514.003   806198.001   806239.003   809218.001   814218.018
  1045:   816686.003   816692.016   816742.026   816794.005   817687.009
  1050:   818635.001   823635.018   824678.003   824684.016   824734.026
  1055:   824803.005   825468.009   825698.005   825929.009   830161.001
  1060:   835161.018   836651.003   836657.016   836707.026   836774.005
  1065:   837405.009   838864.001   839686.003   839817.001   839895.003
  1070:   839957.001   844957.018   845817.003   845823.016   845873.026
  1075:   846045.005   847204.009   847207.005   847221.009   847242.005
  1080:   847303.009   847366.005   847384.009   848386.001   850468.003
  1085:   850491.001   853459.003   856900.001   857432.003   857604.001
  1090:   862604.018   865554.003   865560.016   865610.026   865663.005
  1095:   866205.009   866328.005   866407.009   867774.001   872774.018
  1100:   874075.003   874081.016   874131.026   874205.005   875030.009
  1105:   875077.005   875102.009   875142.005   875193.009   876588.001
  1110:   881588.018   883122.003   883128.016   883178.026   883278.005
  1115:   884084.009   884128.005   884175.009   885569.001   886408.003
  1120:   886448.001   886910.003   886938.001   891938.018   892974.003
  1125:   892980.016   893030.026   893239.005   894352.009   894362.005
  1130:   894517.009   895621.001   897864.003   897905.001   902596.003
  1135:   905895.005   905920.009   906186.005   906256.009   907174.001
  1140:   912174.018   912993.003   912999.016   913049.026   913119.005
  1145:   914221.009   914237.005   914337.009   914389.005   914395.009
  1150:   915819.001   919420.003   919448.001   923721.003   924059.005
  1155:   924492.009   925301.001   927372.003   927407.001   927671.003
  1160:   927693.001   929873.003   934073.001   934097.003   934154.001
  1165:   935139.003   935300.001   935494.003   935531.001   940531.018
  1170:   941071.003   941077.016   941127.026   941190.005   942056.009
  1175:   942062.005   942182.009   942212.005   942260.009   942312.005
  1180:   942342.009   942484.005   942528.009   943716.001   948716.018
  1185:   950837.003   950843.016   950893.026   950949.005   951737.009
  1190:   951758.005   951775.009   953303.001   954614.003   954648.001
  1195:   958992.003   962131.005   962160.009   962968.001   963242.003
  1200:   963314.001   968226.003   970833.001   970946.003   971089.001
  1205:   971125.003   971252.001   971376.003   971421.001   976421.018
  1210:   976623.003   976629.016   976679.026   976756.005   977964.009
  1215:   978058.005   978129.009   978169.005   978212.009   979686.001
  1220:   981494.003   981516.001   986516.018   988206.003   988212.016
  1225:   988236.005   988262.026   989111.009   989150.005   989208.009
  1230:   989225.005   989317.009   989380.005   989428.009   989433.005
  1235:   989477.009   990956.001   993566.003   993595.001   998246.003
  1240:   998453.005   998967.009  1001148.001  1003866.003  1003882.001
  1245:  1008882.018  1009517.003  1009523.016  1009573.026  1009669.005
  1250:  1010670.009  1010923.005  1010987.009  1011043.005  1011187.009
  1255:  1012158.001  1013918.003  1013934.001  1018934.018  1019230.003
  1260:  1019236.016  1019286.026  1019400.005  1020578.009  1021603.001
  1265:  1026603.018  1029848.003  1029854.016  1029904.026  1029978.005
  1270:  1030900.009  1030935.005  1031307.009  1034144.005  1034179.009
  1275:  1036028.001  1041028.018  1041324.003  1041330.016  1041380.026
  1280:  1041460.005  1042521.009  1042553.005  1042641.009  1042661.005
  1285:  1042683.009  1043742.001  1048742.018  1051434.003  1051440.016
  1290:  1051490.026  1051549.005  1051877.009  1051885.005  1051908.009
  1295:  1051963.005  1052449.009  1052484.005  1052576.009  1052639.005
  1300:  1052690.009  1053987.001  1058987.018  1059172.003  1059178.016
  1305:  1059228.026  1059453.005  1060339.009  1060352.005  1060354.009
  1310:  1060358.005  1060417.009  1060435.005  1060502.009  1060523.005
  1315:  1060588.009  1068729.001  1070700.003  1070713.001  1075123.003
  1320:  1077776.005  1077793.009  1077943.005  1077985.009  1078149.005
  1325:  1078250.009  1079779.001  1080977.003  1080997.001  1084294.003
  1330:  1094665.001  1096531.003  1096558.001  1098541.003  1100447.001
  1335:  1101166.003  1103790.001  1106870.003  1106899.001  1109743.003
  1340:  1110656.001  1111225.003  1114299.001  1119299.018  1121046.003
  1345:  1121052.016  1121102.026  1121164.005  1122208.009  1122242.005
  1350:  1122253.009  1123192.001  1123279.003  1123303.001  1123319.003
  1355:  1123354.001  1126225.003  1126249.001  1131006.003  1135820.001
  1360:  1136203.003  1136235.001  1139656.003  1139690.001  1142930.003
  1365:  1145511.005  1145554.009  1145815.005  1145898.009  1146054.005
  1370:  1146157.009  1146793.001  1149209.003  1149221.001  1149587.003
  1375:  1149618.001  1154618.018  1157686.003  1157692.016  1157742.026
  1380:  1157762.005  1158722.009  1158731.005  1158739.009  1158758.005
  1385:  1158839.009  1159074.005  1159100.009  1160077.001  1163426.003
  1390:  1163463.001  1163950.003  1163978.001  1166338.003  1168601.001
  1395:  1171093.003  1171356.005  1171416.009  1171456.005  1171636.009
  1400:  1171676.005  1171707.009  1172725.001  1174312.003  1174325.001
  1405:  1178688.003  1181705.001  1182021.005  1182130.009  1182291.005
  1410:  1182384.009  1182723.003  1183133.001  1186327.003  1186365.001
  1415:  1189441.003  1191630.005  1191670.009  1194701.001  1198029.003
  1420:  1198054.001  1202662.003  1205157.001  1205187.005  1205256.009
  1425:  1205399.003  1205717.005  1205824.009  1206017.005  1206034.009
  1430:  1206715.001  1211715.018  1214809.003  1214815.016  1214865.026
  1435:  1214921.005  1215853.009  1215909.005  1215919.009  1216010.005
  1440:  1216032.009  1217365.001  1222365.018  1225593.003  1225599.016
  1445:  1225649.026  1225700.005  1226784.009  1226830.005  1226948.009
  1450:  1228259.001  1231408.003  1231429.001  1236429.018  1237034.003
  1455:  1237040.016  1237090.026  1237212.005  1237914.009  1237918.005
  1460:  1237936.009  1237947.005  1237992.009  1239300.001  1240631.003
  1465:  1240662.001  1245662.018  1246453.003  1246459.016  1246509.026
  1470:  1246583.005  1247223.009  1247232.005  1247324.009  1247365.005
  1475:  1247464.009  1248542.001  1249922.003  1249948.001  1254948.018
  1480:  1256724.003  1256730.016  1256780.026  1256872.005  1257980.009
  1485:  1257987.005  1258139.009  1258186.005  1258220.009  1259462.001
  1490:  1261902.003  1261946.001  1262619.003  1262661.001  1267661.018
  1495:  1269213.003  1269219.016  1269269.026  1269347.005  1270077.009
  1500:  1270113.005  1270138.009  1270240.005  1270257.009  1271611.001
  1505:  1273856.003  1273876.001  1274204.003  1274224.001  1277301.003
  1510:  1278502.001  1280600.003  1280622.001  1285622.018  1286427.003
  1515:  1286433.016  1286483.026  1286552.005  1287592.009  1287624.005
  1520:  1287639.009  1287707.005  1287732.009  1287875.005  1287915.009
  1525:  1288788.001  1293788.018  1297183.003  1297189.016  1297239.026
  1530:  1297286.005  1298149.009  1298160.005  1298275.009  1299790.001
  1535:  1301421.003  1301440.001  1306440.018  1306639.003  1306645.016
  1540:  1306695.026  1306781.005  1308062.009  1308085.005  1308088.009
  1545:  1308093.005  1308106.009  1312403.001  1317403.018  1320665.003
  1550:  1320671.016  1320721.026  1320777.005  1321436.009  1322804.001
  1555:  1324628.003  1324661.001  1324883.003  1324910.001  1328550.003
  1560:  1329380.001  1329450.003  1329646.001  1329742.003  1329784.001
  1565:  1334784.018  1335419.003  1335425.016  1335475.026  1335535.005
  1570:  1336627.009  1337566.001  1342566.018  1345435.003  1345441.016
  1575:  1345491.026  1345627.005  1346403.009  1346504.005  1346634.009
  1580:  1347764.001  1352764.018  1354916.005  1354927.009  1354970.005
  1585:  1354997.009  1355030.003  1355036.016  1355086.026  1355094.005
  1590:  1356190.009  1357545.001  1362545.018  1365308.003  1365314.016
  1595:  1365364.026  1365448.005  1366312.009  1366346.005  1366361.009
  1600:  1366368.005  1366456.009  1366491.005  1366520.009  1366589.005
  1605:  1366618.009  1367914.001  1372914.018  1377412.003  1377418.016
  1610:  1377468.026  1377506.005  1378524.009  1378538.005  1378639.009
  1615:  1379985.001  1384985.018  1386914.003  1386920.016  1386951.001
  1620:  1386970.026  1386997.003  1387034.005  1387854.009  1387905.005
  1625:  1387927.009  1387977.005  1388036.009  1388344.005  1388364.009
  1630:  1389772.001  1394772.018  1399004.003  1399010.016  1399060.026
  1635:  1399125.005  1399964.009  1402450.001  1406002.003  1406014.001
  1640:  1411014.018  1411978.003  1411984.016  1412034.026  1412081.005
  1645:  1412731.009  1412760.005  1412847.009  1414374.001  1416383.003
  1650:  1416400.001  1421400.018  1422045.003  1422051.016  1422101.026
  1655:  1422153.005  1422755.009  1422903.005  1422929.009  1422957.005
  1660:  1422999.009  1424420.001  1429420.018  1431732.003  1431738.016
  1665:  1431788.026  1431868.005  1432227.009  1432245.005  1432373.009
  1670:  1432450.005  1432483.009  1434781.001  1436054.003  1436122.001
  1675:  1441122.018  1443140.003  1443146.016  1443196.026  1443283.005
  1680:  1444336.009  1445630.001  1450630.018  1451984.003  1451990.016
  1685:  1452040.026  1452173.005  1453283.009  1453284.005  1453298.009
  1690:  1453369.005  1453455.009  1453471.005  1453483.009  1453571.005
  1695:  1453661.009  1454802.001  1454937.003  1454966.001  1455878.003
  1700:  1455926.001  1460085.003  1460127.001  1460153.003  1460241.001
  1705:  1460383.003  1460952.001  1461303.003  1464070.001  1464133.005
  1710:  1464238.009  1464563.005  1464630.009  1464968.003  1465318.001
  1715:  1470318.018  1470847.003  1470853.016  1470903.026  1470974.001
  1720:  1471004.003  1471093.005  1471978.009  1471994.005  1472200.009
  1725:  1472253.005  1472302.009  1472324.005  1472349.009  1472451.005
  1730:  1472453.009  1472473.005  1472562.009  1473507.001  1475626.003
  1735:  1475675.001  1475935.003  1475964.001  1479627.003  1482731.005
  1740:  1482911.009  1483222.005  1483347.009  1483528.005  1483642.009
  1745:  1484255.001  1489255.018  1494359.003  1494365.016  1494415.026
  1750:  1494477.005  1495322.009  1495434.005  1495540.009  1495600.005
  1755:  1495639.009
B:
     0:        0.000      445.000        0.000      445.000        0.000
     5:      297.000        0.000        0.000        0.000      297.000
    10:        0.000        1.000        0.000        1.000        0.000
    15:        0.000       90.000        0.000       90.000        0.000
    20:        0.000        0.000        0.000        0.000        0.000
    25:        0.000       90.000        0.000        0.000        0.000
    30:        0.000
D:
     0:  1496263.000  1486160.000  1496264.000
E:
     0:     5000.000     5000.000
P:
     0:        0.000       14.000      301.000       21.000      167.000
     5:      180.000      834.000       50.000        9.000       93.000
    10:       45.000       83.000      138.000       31.000      265.000
    15:      126.000      212.000       27.000      283.000      244.000
    20:      586.000     3054.000       14.000       21.000       12.000
    25:       82.000       52.000      751.000      430.000      162.000
    30:       43.000     1673.000      140.000     1373.000      299.000
    35:      129.000      222.000       23.000      327.000      815.000
    40:      333.000     3351.000      129.000       69.000      125.000
    45:      707.000      811.000     1503.000     1245.000      458.000
    50:       47.000       86.000       14.000       76.000       15.000
    55:       55.000       71.000      158.000      296.000       92.000
    60:      148.000      403.000     3542.000       37.000      735.000
    65:      194.000     3170.000      367.000      176.000      688.000
    70:      314.000     3987.000       35.000      121.000      255.000
    75:       69.000      461.000       92.000     7166.000        7.000
    80:      401.000      173.000      470.000      153.000      189.000
    85:       43.000     5710.000      306.000      305.000       53.000
    90:      242.000      107.000     3257.000       76.000     2175.000
    95:       62.000      151.000     6228.000      472.000       37.000
   100:     6818.000      165.000      114.000      435.000      753.000
   105:      279.000      198.000       68.000      141.000       86.000
   110:      818.000      140.000       58.000      104.000      226.000
   115:      129.000     5407.000      115.000       67.000       60.000
   120:      114.000      102.000       48.000       28.000      137.000
   125:       18.000       73.000      613.000       70.000       56.000
   130:       32.000      270.000       39.000      148.000       87.000
   135:     6032.000      840.000     5766.000     5987.000      537.000
   140:     2449.000     4119.000       40.000      574.000     5552.000
   145:       53.000      232.000     6334.000     1160.000      122.000
   150:       46.000     2032.000     2254.000     2395.000      747.000
   155:     6270.000      925.000       67.000       33.000     6700.000
   160:      152.000      643.000     2748.000       35.000      106.000
   165:     4298.000     1487.000     4102.000     1672.000     5324.000
   170:      681.000      164.000      260.000      829.000     1975.000
   175:     3187.000      483.000      740.000       41.000      486.000
   180:     5247.000      223.000      146.000      213.000     6679.000
   185:      218.000      199.000      341.000     4506.000     2598.000
   190:      280.000      535.000     4630.000      193.000       11.000
   195:      236.000      714.000     1255.000     2870.000     2943.000
   200:     1812.000     3256.000     1711.000       61.000     2351.000
   205:       69.000      154.000     5091.000       17.000     6375.000
   210:       36.000      145.000      304.000      124.000      188.000
   215:     5636.000     7535.000      873.000      477.000     3207.000
   220:     3916.000      138.000      773.000     3193.000     4306.000
   225:        4.000      410.000     6909.000      769.000     2467.000
   230:     3778.000     1235.000       53.000      321.000     2924.000
   235:      284.000     5479.000      286.000     6582.000      253.000
   240:     7325.000     1064.000     6107.000      286.000       15.000
   245:     8153.000      261.000       20.000     1403.000     6948.000
   250:     1759.000      385.000     6737.000      688.000      625.000
   255:     3625.000     2872.000      283.000       98.000     7666.000
   260:       46.000     1236.000     6774.000     8842.000     1264.000
   265:     7293.000     1507.000     3385.000     3599.000      185.000
   270:      340.000     8364.000     6985.000     5182.000       21.000
   275:     7424.000      488.000     6763.000     1225.000     6467.000
   280:     6677.000      349.000      141.000      110.000      442.000
   285:     3317.000      178.000     1515.000     4686.000      516.000
   290:       70.000     2749.000     4060.000     5792.000     7523.000
   295:     8298.000     1880.000     3707.000     3096.000      542.000
   300:     5457.000    10075.000     2187.000     6343.000     1982.000
   305:      116.000     2549.000     5258.000     1953.000     3392.000
   310:       41.000     7468.000     6043.000     6490.000      822.000
   315:       78.000     5860.000     2082.000     2968.000      532.000
   320:     7950.000     6301.000     6534.000      839.000      462.000
   325:     6036.000     2243.000     4691.000     5819.000     3601.000
   330:     4273.000     2071.000      264.000     2180.000       24.000
   335:      985.000      194.000     5540.000     7121.000     1311.000
   340:     4344.000      274.000     4912.000      113.000       36.000
   345:      124.000     5202.000     1808.000     6690.000     2610.000
   350:     4651.000     2718.000     5635.000     1760.000     5296.000
   355:     8245.000     5296.000     7692.000     5185.000     1971.000
   360:     4410.000     1198.000     3297.000     1866.000     1983.000
   365:      719.000     3080.000     2844.000      569.000     6747.000
   370:       87.000       16.000     2871.000     4757.000      383.000
   375:     3421.000     3240.000     2416.000      366.000     8068.000
   380:     3349.000      487.000     2360.000     2492.000     1587.000
   385:     4363.000     1018.000     3194.000     3076.000     3328.000
   390:     4608.000      242.000     8094.000     8228.000     3149.000
   395:     5605.000     1331.000     5791.000     1380.000     6776.000
   400:     2440.000      673.000     6552.000     2245.000      328.000
   405:     3077.000     2098.000     5805.000     8395.000     1631.000
   410:     5199.000     8262.000     1824.000      222.000     3640.000
   415:       70.000       96.000     5635.000     7869.000     7266.000
   420:     7763.000     9498.000     6929.000       25.000     9232.000
   425:     3552.000     5964.000     2009.000     5645.000     7312.000
   430:     1273.000     7018.000     6354.000      135.000      912.000
   435:     4159.000       26.000      142.000      351.000      898.000
   440:     5529.000       30.000     2119.000      260.000     3663.000
   445:    10104.000
R:
     0:        1.000        0.000        0.000
T:
     0:        0.000        0.000        0.000        0.000
W:
     0:        0.000        0.000        0.000
