File: C:\MED-PC IV\Data\Reyes\AY\AY5052.999


Start Date: 11/26/24
End Date: 11/26/24
Subject: 52
Experiment: AY
Group: SHORT
Box: 1
Start Time: 14:33:41
End Time: 14:57:19
MSN: DRRD_timeout_retract
C:       0.000
F:       0.000
G:       0.000
H:       0.000
I:       0.000
J:       0.000
K:   10000.000
L:       0.000
M:       0.000
N:     100.000
O:       0.000
P:    2500.000
Q:       0.000
R:       0.000
S:       0.000
U:    1314.000
V:       0.000
X:       0.000
Y:     747.000
Z:       0.000
A:
     0:    13180.005    13333.009    15000.013    15000.011    15198.001
     5:    17904.003    17909.023    17909.021    20410.013    20410.011
    10:    20942.001    22330.003    22335.023    22335.021    24836.013
    15:    24836.011    24957.001    28041.003    28046.023    28046.021
    20:    28878.005    28983.009    30547.013    30547.011    30665.001
    25:    30935.003    30940.023    30940.021    30997.001    31095.003
    30:    31608.005    31620.009    33441.013    33441.011    33552.001
    35:    38552.018    38899.003    38905.016    38955.026    38985.001
    40:    39173.003    39178.023    39178.021    41679.013    41679.011
    45:    41776.001    46591.003    46596.023    46596.021    47264.005
    50:    47342.009    47446.005    47907.009    49097.013    49097.011
    55:    49863.001    54658.003    54663.023    54663.021    55315.005
    60:    55822.009    57164.013    57164.011    57278.001    62278.018
    65:    62681.003    62687.016    62737.026    62867.005    63359.009
    70:    64314.001    68426.003    68431.023    68431.021    70932.013
    75:    70932.011    71114.001    71240.003    71245.023    71245.021
    80:    71275.001    71378.003    73746.013    73746.011    73942.001
    85:    74373.003    74378.023    74378.021    74395.001    74760.003
    90:    74988.005    75121.009    75675.005    75769.009    76879.013
    95:    76879.011    77011.001    77263.003    77268.023    77268.021
   100:    77283.001    77525.003    79769.013    79769.011    79998.001
   105:    80178.003    80183.023    80183.021    80647.005    80772.009
   110:    82684.013    82684.011    82895.001    87895.018    88674.003
   115:    88680.016    88730.026    89013.005    89423.009    91135.001
   120:    95359.003    95364.023    95364.021    95370.001    95613.003
   125:    95967.005    96087.009    97865.013    97865.011    98008.001
   130:    98705.003    98710.023    98710.021    98715.001    98998.003
   135:   101211.013   101211.011   101757.001   106757.018   106880.003
   140:   106886.016   106936.026   107119.005   107480.009   107715.005
   145:   107749.009   108900.001   113866.003   113871.023   113871.021
   150:   114812.005   114909.009   116372.013   116372.011   116486.001
   155:   117185.003   117190.023   117190.021   117198.001   117498.003
   160:   117690.005   117738.009   118457.005   118476.009   119691.013
   165:   119691.011   119813.001   120016.003   120021.023   120021.021
   170:   120089.001   120145.003   122522.013   122522.011   122645.001
   175:   122997.003   123002.023   123002.021   123027.001   123116.003
   180:   125503.013   125503.011   126198.001   131198.018   131362.003
   185:   131368.016   131418.026   131557.005   132186.009   133118.001
   190:   138118.018   138262.003   138268.016   138318.026   138452.005
   195:   138710.009   140372.001   145372.018   145835.003   145841.016
   200:   145891.026   146014.005   146198.009   148168.001   152768.003
   205:   152773.023   152773.021   155274.013   155274.011   155581.001
   210:   155654.003   155659.023   155659.021   155717.001   155777.003
   215:   156190.005   156321.009   158160.013   158160.011   158365.001
   220:   158889.003   158894.023   158894.021   161395.013   161395.011
   225:   161732.001   165850.003   165855.023   165855.021   167066.005
   230:   167210.009   168356.013   168356.011   168868.001   173868.018
   235:   174348.003   174354.016   174404.026   174517.005   174791.009
   240:   176043.001   180890.003   180895.023   180895.021   183396.013
   245:   183396.011   183528.001   188528.018   189332.003   189338.016
   250:   189388.026   189520.005   189708.009   192057.001   197057.018
   255:   198302.003   198308.016   198358.026   198461.005   199083.009
   260:   200610.001   204705.003   204710.023   204710.021   207211.013
   265:   207211.011   207325.001   212325.018   214029.003   214035.016
   270:   214085.026   214239.005   214754.009   215626.001   220626.018
   275:   222168.003   222174.016   222224.026   222357.005   222523.009
   280:   224058.001   229058.018   229739.003   229745.016   229795.026
   285:   229957.005   230199.009   232515.001   237515.018   238787.003
   290:   238793.016   238843.026   238970.005   239292.009   239298.005
   295:   239324.009   241794.001   246525.003   246530.023   246530.021
   300:   249031.013   249031.011   249989.001   254989.018   256032.003
   305:   256038.016   256088.026   256241.005   256449.009   258315.001
   310:   263315.018   263744.003   263750.016   263800.026   263940.005
   315:   264613.009   264670.005   264688.009   265892.001   270892.018
   320:   272152.003   272158.016   272208.026   272350.005   272619.009
   325:   274704.001   279704.018   279717.003   279723.016   279773.026
   330:   279926.005   280230.009   282472.001   287472.018   287870.003
   335:   287876.016   287926.026   288044.005   288917.009   301730.001
   340:   306642.003   306647.023   306647.021   309148.013   309148.011
   345:   309779.001   310613.003   310618.023   310618.021   310681.001
   350:   310747.003   313119.013   313119.011   313569.001   318569.018
   355:   318625.003   318631.016   318681.026   318929.005   319557.009
   360:   320868.001   325868.018   326295.003   326301.016   326351.026
   365:   326434.005   326770.009   328155.001   333155.018   333704.003
   370:   333710.016   333760.026   333910.005   335511.009   336808.001
   375:   341808.018   341842.003   341848.016   341898.026   341984.005
   380:   342206.009   343635.001   343989.003   343994.023   343994.021
   385:   344048.001   344116.003   346495.013   346495.011   347095.001
   390:   351804.003   351809.023   351809.021   354310.013   354310.011
   395:   354487.001   354658.003   354663.023   354663.021   357164.013
   400:   357164.011   357395.001   357705.003   357710.023   357710.021
   405:   358908.005   359041.009   360211.013   360211.011   360896.001
   410:   365664.003   365669.023   365669.021   368170.013   368170.011
   415:   368830.001   373761.003   373766.023   373766.021   376266.005
   420:   376267.013   376267.011   376396.009   377034.001   380427.003
   425:   380432.023   380432.021   380882.005   381158.009   382933.013
   430:   382933.011   383172.001   387819.003   387824.023   387824.021
   435:   390325.013   390325.011   390998.001   395522.003   395527.023
   440:   395527.021   398028.013   398028.011   398903.001   399144.003
   445:   399149.023   399149.021   399182.001   399289.003   401650.013
   450:   401650.011   401791.001   402006.003   402011.023   402011.021
   455:   402050.001   402135.003   403773.005   403816.009   404512.013
   460:   404512.011   404919.001   409313.003   409318.023   409318.021
   465:   411819.013   411819.011   412349.001   412810.003   412815.023
   470:   412815.021   415316.013   415316.011   415506.001   419514.003
   475:   419519.023   419519.021   422020.013   422020.011   422282.001
   480:   426983.003   426988.023   426988.021   427746.005   427943.009
   485:   429489.013   429489.011   429972.001   434864.003   434869.023
   490:   434869.021   437370.013   437370.011   437517.001   437683.003
   495:   437688.023   437688.021   437725.001   437810.003   438157.005
   500:   438201.009   438777.005   438873.009   440189.013   440189.011
   505:   440542.001   445542.018   445991.003   445997.016   446047.026
   510:   446109.005   446896.009   447836.001   452836.018   453142.003
   515:   453148.016   453198.026   453284.005   453614.009   454081.005
   520:   454354.009   455637.001   456171.003   456176.023   456176.021
   525:   458677.013   458677.011   459287.001   464287.018   465835.003
   530:   465841.016   465891.026   466027.005   466262.009   467818.001
   535:   472818.018   474146.003   474152.016   474202.026   474319.005
   540:   474495.009   476929.001   481929.018   482355.003   482361.016
   545:   482411.026   482476.005   483309.009   484204.001   489204.018
   550:   490533.003   490539.016   490589.026   490732.005   491188.009
   555:   492976.001   497976.018   498081.003   498087.016   498137.026
   560:   498258.005   498477.009   501251.001   505118.003   505123.023
   565:   505123.021   507624.013   507624.011   508285.001   513285.018
   570:   514600.003   514606.016   514656.026   514807.005   515305.009
   575:   518110.001   523110.018   523817.003   523823.016   523873.026
   580:   523986.005   524376.009   526584.001   531584.018   532273.003
   585:   532279.016   532329.026   532498.005   532758.009   534612.001
   590:   539612.018   540058.003   540064.016   540114.026   540192.005
   595:   540825.009   543097.001   548097.018   549669.003   549675.016
   600:   549725.026   549762.005   550956.009   553920.001   558920.018
   605:   559077.003   559083.016   559133.026   559188.005   559831.009
   610:   562720.001   567720.018   568213.003   568219.016   568269.026
   615:   568373.005   568860.009   570824.001   575824.018   576792.003
   620:   576798.016   576848.026   576969.005   577378.009   579949.001
   625:   584755.003   584760.023   584760.021   587261.013   587261.011
   630:   587962.001   592962.018   593011.003   593017.016   593067.026
   635:   593201.005   593431.009   595659.001   600659.018   601810.003
   640:   601816.016   601866.026   601989.005   602574.009   604321.001
   645:   609321.018   609809.003   609815.016   609865.026   609979.005
   650:   610694.009   612458.001   612708.003   612713.023   612713.021
   655:   612765.001   612842.003   615214.013   615214.011   615745.001
   660:   620745.018   622823.003   622829.016   622879.026   623014.005
   665:   623560.009   623633.005   623673.009   625972.001   630927.003
   670:   630932.023   630932.021   633433.013   633433.011   633590.001
   675:   638590.018   640724.003   640730.016   640780.026   640888.005
   680:   641442.009   643570.001   648570.018   650080.003   650086.016
   685:   650136.026   650246.005   650773.009   653057.001   654062.003
   690:   654067.023   654067.021   656568.013   656568.011   657288.001
   695:   662288.018   663628.003   663634.016   663684.026   663798.005
   700:   664184.009   666383.001   671383.018   673563.003   673569.016
   705:   673619.026   673672.005   674493.009   676746.001   681746.018
   710:   682140.003   682146.016   682196.026   682292.005   682473.009
   715:   685156.001   690036.003   690041.023   690041.021   690079.001
   720:   690122.003   691809.005   691842.009   692542.013   692542.011
   725:   693100.001   698100.018   698310.003   698316.016   698366.026
   730:   698407.005   698815.009   698870.005   699135.009   701662.001
   735:   706083.003   706088.023   706088.021   706662.005   706907.009
   740:   708589.013   708589.011   708590.061   708591.061   708592.061
   745:   708593.061   708594.061
B:
     0:        0.000      117.000        0.000      117.000        0.000
     5:       77.000        0.000        0.000        0.000       77.000
    10:        0.000       53.000        0.000       53.000        0.000
    15:        0.000       48.000        0.000       48.000        0.000
    20:        0.000       52.000        0.000       52.000        0.000
    25:        0.000       48.000        0.000        0.000        0.000
    30:        0.000
D:
     0:   707396.000   702976.000   707397.000
E:
     0:     5000.000     5000.000
T:
     0:        0.000        0.000        0.000        0.000
W:
     0:        0.000        0.000        0.000
