File: C:\MED-PC IV\Data\Reyes\AY\AY5068.999


Start Date: 11/28/24
End Date: 11/28/24
Subject: 68
Experiment: AY
Group: LONG
Box: 6
Start Time: 16:11:47
End Time: 16:44:08
MSN: DRRD_timeout_retract
C:       0.000
F:       0.000
G:       0.000
H:       0.000
I:       0.000
J:       0.000
K:   10000.000
L:       0.000
M:       0.000
N:     100.000
O:       0.000
P:    5000.000
Q:       0.000
R:       0.000
S:       0.000
U: 5700199.000
V:       0.000
X:       0.000
Y:     768.000
Z:       0.000
A:
     0:     1012.005     1683.009     7781.005     7900.009    11811.005
     5:    11942.009    15000.013    15000.011    15416.001    20416.018
    10:    20519.003    20525.016    20575.026    20654.005    21020.009
    15:    22641.001    27641.018    28018.003    28024.016    28038.001
    20:    28074.026    28122.003    28127.023    28127.021    28193.005
    25:    28467.009    33128.013    33128.011    33471.001    38471.018
    30:    41724.003    41730.016    41780.026    41856.005    42231.009
    35:    43441.001    48441.018    48795.003    48801.016    48851.026
    40:    48938.005    49310.009    52632.001    56875.003    56880.023
    45:    56880.021    56963.005    57057.009    61881.013    61881.011
    50:    62252.001    62273.003    62278.023    62278.021    62314.001
    55:    62438.003    65064.005    65310.009    67279.013    67279.011
    60:    67645.001    72645.018    74259.003    74265.016    74315.026
    65:    74378.005    74936.009    75232.005    75288.009    75982.001
    70:    80982.018    83039.003    83045.016    83095.026    83196.005
    75:    83742.009    83759.005    83792.009    83814.005    84167.009
    80:    84993.001    89993.018    96466.003    96472.016    96522.026
    85:    96633.005    96963.009    98645.001   103645.018   104749.003
    90:   104755.016   104805.026   104911.005   105344.009   107465.005
    95:   107721.009   108724.001   113724.018   117042.003   117048.016
   100:   117098.026   117139.005   117347.009   119025.001   124025.018
   105:   126400.003   126406.016   126456.026   126543.005   126890.009
   110:   128560.001   133560.018   139260.003   139266.016   139316.026
   115:   139374.005   139713.009   140548.005   140986.009   142190.001
   120:   147190.018   150859.003   150865.016   150915.026   151023.005
   125:   151778.009   154066.001   159066.018   163688.003   163694.016
   130:   163744.026   163792.005   164235.009   164770.005   165351.009
   135:   165968.001   170968.018   176316.003   176322.016   176372.026
   140:   176451.005   176768.009   177921.005   178124.009   178834.001
   145:   183834.018   187062.003   187068.016   187118.026   187193.005
   150:   187632.009   189632.001   189741.003   189746.023   189746.021
   155:   189762.001   189983.003   191602.005   191699.009   194747.013
   160:   194747.011   195011.001   200011.018   203460.003   203466.016
   165:   203516.026   203536.005   204027.009   205944.001   210944.018
   170:   212111.003   212117.016   212167.026   212246.005   212535.009
   175:   214162.001   219162.018   220056.003   220062.016   220112.026
   180:   220207.005   220557.009   222453.001   227453.018   229157.003
   185:   229163.016   229213.026   229258.005   229899.009   230878.001
   190:   235878.018   237713.003   237719.016   237769.026   237840.005
   195:   238257.009   239875.001   244875.018   246962.003   246968.016
   200:   247018.026   247100.005   247468.009   248200.005   248330.009
   205:   249080.001   254080.018   254581.003   254587.016   254637.026
   210:   254666.005   255373.009   257361.001   262361.018   265641.003
   215:   265647.016   265697.026   265742.005   266430.009   268077.001
   220:   273077.018   273561.003   273567.016   273617.026   273653.005
   225:   274032.009   275409.001   280409.018   280498.003   280504.016
   230:   280554.026   280638.005   280970.009   282592.001   287309.003
   235:   287314.023   287314.021   287384.005   287522.009   292315.013
   240:   292315.011   293000.001   298000.018   303918.003   303924.016
   245:   303974.026   304066.005   304704.009   306224.001   311224.018
   250:   313425.003   313431.016   313481.026   313551.005   313942.009
   255:   315564.001   320564.018   323464.003   323470.016   323520.026
   260:   323566.005   323993.009   325833.001   330833.018   334617.003
   265:   334623.016   334673.026   334766.005   335197.009   336818.001
   270:   341818.018   344229.003   344235.016   344285.026   344362.005
   275:   345003.009   345888.005   346022.009   346838.001   351720.003
   280:   351725.023   351725.021   356726.013   356726.011   356991.001
   285:   361991.018   364302.003   364308.016   364358.026   364424.005
   290:   364947.009   366170.001   371170.018   374178.003   374184.016
   295:   374234.026   374287.005   374613.009   376204.001   381204.018
   300:   382181.003   382187.016   382237.026   382328.005   382623.009
   305:   384499.001   389499.018   391021.003   391027.016   391077.026
   310:   391164.005   391684.009   391703.005   391807.009   393896.001
   315:   398896.018   399178.003   399184.016   399234.026   399334.005
   320:   399682.009   402575.001   407575.018   407846.003   407852.016
   325:   407902.026   407985.005   408542.009   409262.005   409513.009
   330:   410181.001   410206.003   410211.023   410211.021   410227.001
   335:   410436.003   415212.013   415212.011   415802.001   420802.018
   340:   424867.003   424873.016   424923.026   424984.005   425344.009
   345:   426898.001   431898.018   432379.003   432385.016   432435.026
   350:   432491.005   432990.009   434128.005   434182.009   434815.001
   355:   439815.018   440865.003   440871.016   440921.026   440990.005
   360:   441262.009   443144.001   448144.018   448195.003   448201.016
   365:   448251.026   448309.005   448733.009   450396.001   455396.018
   370:   456820.003   456826.016   456876.026   456919.005   457220.009
   375:   459693.001   464693.018   465142.003   465148.016   465198.026
   380:   465243.005   465607.009   466784.005   467022.009   467771.001
   385:   472362.003   472367.023   472367.021   477368.013   477368.011
   390:   477646.001   482646.018   486361.003   486367.016   486417.026
   395:   486483.005   486871.009   488219.001   493219.018   494415.003
   400:   494421.016   494471.026   494553.005   494997.009   496899.001
   405:   501899.018   503551.003   503557.016   503607.026   503681.005
   410:   503983.009   505629.001   510629.018   514011.003   514017.016
   415:   514067.026   514150.005   514542.009   516252.001   521252.018
   420:   523048.003   523054.016   523104.026   523250.005   523771.009
   425:   525560.001   530560.018   530706.003   530712.016   530762.026
   430:   530889.005   531630.009   532658.001   536972.003   536977.023
   435:   536977.021   541978.013   541978.011   542443.001   547443.018
   440:   550877.003   550883.016   550933.026   551014.005   551314.009
   445:   552649.001   557649.018   559145.003   559151.016   559201.026
   450:   559295.005   560049.009   561488.001   561613.003   561618.023
   455:   561618.021   561643.001   561761.003   566619.013   566619.011
   460:   567127.001   572127.018   575464.003   575470.016   575520.026
   465:   575644.005   576106.009   577675.001   582264.003   582269.023
   470:   582269.021   583702.005   583745.009   583773.005   583792.009
   475:   587270.013   587270.011   587909.001   592909.018   595234.003
   480:   595240.016   595290.026   595384.005   595756.009   597451.001
   485:   602451.018   604237.003   604243.016   604293.026   604392.005
   490:   604745.009   607194.001   612194.018   612932.003   612938.016
   495:   612988.026   613092.005   613741.009   615987.001   620987.018
   500:   621132.003   621138.016   621188.026   621275.005   621717.009
   505:   624237.001   628916.003   628921.023   628921.021   629458.005
   510:   629651.009   633922.013   633922.011   634383.001   639383.018
   515:   641594.003   641600.016   641650.026   641736.005   642362.009
   520:   644386.001   649386.018   652144.003   652150.016   652200.026
   525:   652329.005   653138.009   654672.001   659672.018   661764.003
   530:   661770.016   661820.026   661917.005   662255.009   663675.001
   535:   668675.018   671378.003   671384.016   671434.026   671570.005
   540:   672032.009   686577.001   691484.003   691489.023   691489.021
   545:   691619.005   691992.009   696490.013   696490.011   697061.001
   550:   702061.018   705057.003   705063.016   705113.026   705159.005
   555:   705922.009   708279.001   713279.018   713819.003   713825.016
   560:   713859.005   713875.026   714511.009   716812.001   721812.018
   565:   722636.003   722642.016   722692.026   722742.005   723140.009
   570:   724053.005   724329.009   725442.001   730442.018   734054.003
   575:   734060.016   734110.026   734206.005   734510.009   736663.001
   580:   741663.018   745453.003   745459.016   745509.026   745590.005
   585:   746149.009   749135.005   749323.009   749350.005   749395.009
   590:   749404.005   749434.009   751034.001   756034.018   758703.003
   595:   758709.016   758759.026   758807.005   759244.009   761060.001
   600:   766060.018   770914.003   770920.016   770970.026   771014.005
   605:   771350.009   772872.005   772910.009   773468.005   773533.009
   610:   774151.001   779151.018   782507.003   782513.016   782563.026
   615:   782592.005   783123.009   785503.001   790503.018   794638.003
   620:   794644.016   794694.026   794768.005   795099.009   797085.001
   625:   802085.018   802192.003   802198.016   802248.026   802332.005
   630:   802682.009   804105.001   804217.003   804222.023   804222.021
   635:   804272.001   804379.003   809223.013   809223.011   809608.001
   640:   814608.018   818585.003   818591.016   818641.026   818686.005
   645:   818969.009   821358.001   826358.018   827120.003   827126.016
   650:   827176.026   827270.005   827711.009   830229.001   835229.018
   655:   836648.003   836654.016   836704.026   836794.005   837319.009
   660:   841122.001   846122.018   846593.003   846599.016   846649.026
   665:   846694.005   847177.009   849413.001   853961.003   853966.023
   670:   853966.021   854065.005   854185.009   858967.013   858967.011
   675:   859537.001   864537.018   865058.003   865064.016   865114.026
   680:   865170.005   865769.009   868496.001   873496.018   875989.003
   685:   875995.016   876045.026   876123.005   876475.009   878214.001
   690:   882976.003   882981.023   882981.021   883365.005   883388.009
   695:   887982.013   887982.011   888486.001   893486.018   898666.003
   700:   898672.016   898722.026   898785.005   899477.009   901461.001
   705:   901477.003   901482.023   901482.021   901505.001   901643.003
   710:   906483.013   906483.011   906802.001   911802.018   913165.003
   715:   913171.016   913221.026   913278.005   913653.009   915974.001
   720:   920974.018   922740.003   922746.016   922796.026   922950.005
   725:   923468.009   925499.001   930499.018   930654.003   930660.016
   730:   930710.026   930780.005   931151.009   933387.001   938387.018
   735:   939633.003   939639.016   939689.026   939773.005   940187.009
   740:   941928.005   941956.009   942765.001   947765.018   948560.003
   745:   948566.016   948616.026   948702.005   949068.009   951926.001
   750:   956926.018   958077.003   958083.016   958133.026   958247.005
   755:   958773.009   960890.001   965413.003   965418.023   965418.021
   760:   970172.005   970419.013   970419.011   970420.061   970421.061
   765:   970422.061   970423.061   970424.061
B:
     0:        0.000      106.000        0.000      106.000        0.000
     5:      116.000        0.000        0.000        0.000      115.000
    10:        0.000       19.000        0.000       19.000        0.000
    15:        0.000       82.000        0.000       82.000        0.000
    20:        0.000       18.000        0.000       18.000        0.000
    25:        0.000       82.000        0.000        0.000        0.000
    30:        0.000
D:
     0:  6665611.000  6661089.000  6665612.000
E:
     0:     5000.000     5000.000
T:
     0:        0.000        0.000        0.000        0.000
W:
     0:        0.000        2.000        0.000
