File: C:\MED-PC IV\Data\Reyes\AY\AY5052.999


Start Date: 11/27/24
End Date: 11/27/24
Subject: 52
Experiment: AY
Group: SHORT
Box: 1
Start Time: 14:21:37
End Time: 14:48:36
MSN: DRRD_timeout_retract
C:       0.000
F:       1.000
G:       0.000
H:       0.000
I:       0.000
J:       0.000
K:   10000.000
L:       0.000
M:       0.000
N:     100.000
O:       0.000
P:    2500.000
Q:       0.000
R:       0.000
S:       0.000
U:  208855.000
V:       0.000
X:       0.000
Y:     759.000
Z:       0.000
A:
     0:     4743.005     4832.009     5063.005     6153.009    11642.005
     5:    11654.009    11661.005    11688.009    15000.013    15000.011
    10:    15229.001    17080.003    17085.023    17085.021    19586.013
    15:    19586.011    19720.001    24570.003    24575.023    24575.021
    20:    25060.005    25087.009    25212.005    25229.009    25235.005
    25:    25670.009    27076.013    27076.011    27217.001    31830.003
    30:    31835.023    31835.021    32038.005    32269.009    34336.013
    35:    34336.011    34605.001    34813.003    34818.023    34818.021
    40:    37319.013    37319.011    37427.001    38203.003    38208.023
    45:    38208.021    38252.001    38321.003    40709.013    40709.011
    50:    40970.005    41015.009    41391.001    46066.003    46071.023
    55:    46071.021    46664.005    46808.009    46897.005    47026.009
    60:    48572.013    48572.011    48777.001    52209.003    52214.023
    65:    52214.021    54284.005    54302.009    54715.013    54715.011
    70:    55081.001    55554.003    55559.023    55559.021    58060.013
    75:    58060.011    58666.001    63666.018    64701.003    64707.016
    80:    64757.026    64900.005    65094.009    66470.001    67006.003
    85:    67011.023    67011.021    67568.005    67902.009    69512.013
    90:    69512.011    69858.001    74858.018    75894.003    75900.016
    95:    75950.026    76088.005    76301.009    77504.001    82504.018
   100:    83289.003    83295.016    83345.026    83454.005    84025.009
   105:    85535.001    90535.018    90547.003    90553.016    90603.026
   110:    90671.005    91235.009    93188.001    98188.018    98302.003
   115:    98308.016    98358.026    98411.005    98883.009    98899.005
   120:    98954.009   101956.001   103897.003   103902.023   103902.021
   125:   103910.001   104226.003   106403.013   106403.011   107083.001
   130:   112083.018   112532.003   112538.016   112588.026   112683.005
   135:   113226.009   115098.001   118984.003   118989.023   118989.021
   140:   119023.001   119163.003   121490.013   121490.011   121683.001
   145:   126621.003   126626.023   126626.021   129127.013   129127.011
   150:   129961.001   134703.003   134708.023   134708.021   135273.005
   155:   135308.009   137209.013   137209.011   137487.001   142487.018
   160:   142602.003   142608.016   142658.026   142794.005   143271.009
   165:   144542.001   149542.018   149918.003   149924.016   149974.026
   170:   150113.005   150929.009   152018.001   157018.018   157952.003
   175:   157958.016   158008.026   158163.005   158725.009   160211.001
   180:   164780.003   164785.023   164785.021   164844.001   164924.003
   185:   167286.013   167286.011   167860.001   171795.003   171800.023
   190:   171800.021   171806.001   171998.003   174301.013   174301.011
   195:   174642.001   179642.018   179783.003   179789.016   179839.026
   200:   179991.005   180490.009   181915.001   186742.003   186747.023
   205:   186747.021   187629.005   187848.009   189248.013   189248.011
   210:   189709.001   190432.003   190437.023   190437.021   190457.001
   215:   190733.003   192938.013   192938.011   193584.001   198584.018
   220:   199477.003   199483.016   199533.026   199633.005   199919.009
   225:   209783.001   213773.003   213778.023   213778.021   216279.013
   230:   216279.011   216509.001   221509.018   222791.003   222797.016
   235:   222847.026   222995.005   223464.009   225281.001   230281.018
   240:   230558.003   230564.016   230614.026   230727.001   230750.003
   245:   230753.005   230755.023   230755.021   231468.009   233256.013
   250:   233256.011   233441.001   233543.003   233548.023   233548.021
   255:   233566.001   233965.003   236049.013   236049.011   236601.001
   260:   241601.018   241781.003   241787.016   241837.026   241950.005
   265:   242492.009   244952.001   248717.003   248722.023   248722.021
   270:   248743.001   248868.003   251223.013   251223.011   251683.001
   275:   256683.018   257508.003   257514.016   257549.001   257564.026
   280:   257621.003   257626.023   257626.021   257754.005   258198.009
   285:   260127.013   260127.011   260478.001   265478.018   266009.003
   290:   266015.016   266065.026   266091.005   266476.009   268213.001
   295:   273213.018   274233.003   274239.016   274289.026   274484.005
   300:   275871.009   276898.001   281898.018   282396.003   282402.016
   305:   282452.026   282473.005   283029.009   283844.001   288487.003
   310:   288492.023   288492.021   290993.013   290993.011   291104.001
   315:   291419.003   291424.023   291424.021   291486.001   291551.003
   320:   293925.013   293925.011   294472.001   299472.018   299733.003
   325:   299739.016   299789.026   299838.005   300552.009   301216.001
   330:   306209.003   306214.023   306214.021   306930.005   307037.009
   335:   308715.013   308715.011   308928.001   313928.018   314196.003
   340:   314202.016   314252.026   314284.005   315114.009   318322.001
   345:   323322.018   324104.003   324110.016   324160.026   324299.005
   350:   324480.009   326204.001   331204.018   331353.003   331359.016
   355:   331392.001   331409.026   331478.003   331483.023   331483.021
   360:   331572.005   332037.009   333984.013   333984.011   334627.001
   365:   339627.018   339664.003   339670.016   339720.026   339858.005
   370:   340263.009   341349.001   346136.003   346141.023   346141.021
   375:   346225.005   346860.009   348642.013   348642.011   348892.001
   380:   353826.003   353831.023   353831.021   356332.013   356332.011
   385:   356905.001   361905.018   362972.003   362978.016   363028.026
   390:   363133.005   363459.009   363999.005   364560.009   365839.001
   395:   370839.018   371848.003   371854.016   371904.026   371987.005
   400:   372803.009   374577.001   379577.018   380239.003   380245.016
   405:   380295.026   380443.005   380964.009   382765.001   387765.018
   410:   388670.003   388676.016   388726.026   388729.005   389448.009
   415:   391886.001   396886.018   397224.003   397230.016   397271.005
   420:   397280.026   398253.009   399400.001   404400.018   405769.003
   425:   405775.016   405825.026   405894.005   406381.009   408481.001
   430:   413481.018   413700.003   413706.016   413756.026   413809.005
   435:   414105.009   414294.005   414730.009   416773.001   421773.018
   440:   422594.003   422600.016   422650.026   422703.005   423288.009
   445:   425651.001   430651.018   431869.003   431875.016   431925.026
   450:   431927.005   432143.009   435156.001   440156.018   441202.003
   455:   441208.016   441258.026   441289.005   441683.009   444405.001
   460:   449405.018   449767.003   449773.016   449823.026   449845.005
   465:   450360.009   452578.001   457578.018   459078.003   459084.016
   470:   459134.026   459178.005   459431.009   460155.005   460179.009
   475:   460184.005   460721.009   463937.001   468937.018   470001.003
   480:   470007.016   470057.026   470086.005   470454.009   473605.001
   485:   478605.018   480046.003   480052.016   480102.026   480123.005
   490:   481066.009   483868.001   488868.018   489195.003   489201.016
   495:   489251.026   489366.005   489641.009   492859.001   497859.018
   500:   498279.003   498285.016   498335.026   498367.005   498709.009
   505:   500420.001   505420.018   506264.003   506270.016   506320.026
   510:   506460.005   506679.009   506906.005   506928.009   506960.005
   515:   506970.009   509408.001   514408.018   515537.003   515543.016
   520:   515567.005   515593.026   516139.009   519577.001   524577.018
   525:   526181.003   526187.016   526237.026   526280.005   527122.009
   530:   529241.001   534241.018   535516.003   535522.016   535572.026
   535:   535702.005   536023.009   539152.001   543089.003   543094.023
   540:   543094.021   543096.001   543256.003   545595.013   545595.011
   545:   545940.001   550280.003   550285.023   550285.021   552786.013
   550:   552786.011   552910.001   557910.018   558395.003   558401.016
   555:   558451.026   558599.005   558963.009   560368.001   565358.003
   560:   565363.023   565363.021   567864.013   567864.011   568356.001
   565:   573356.018   574440.003   574446.016   574496.026   574625.005
   570:   574797.009   577264.001   582264.018   582552.003   582558.016
   575:   582608.005   582608.026   582785.009   583058.005   583404.009
   580:   585600.001   590600.018   592075.003   592081.016   592095.005
   585:   592131.026   592861.009   594385.001   599385.018   599726.003
   590:   599732.016   599782.026   599820.005   600730.009   602464.001
   595:   607464.018   607767.003   607773.016   607823.026   607875.005
   600:   608508.009   610257.001   615257.018   617424.003   617430.016
   605:   617480.026   617526.005   618138.009   620918.001   625918.018
   610:   628059.003   628065.016   628115.026   628158.005   628784.009
   615:   631033.001   636033.018   637839.003   637845.016   637895.026
   620:   637935.005   638401.009   641021.001   646021.018   647376.003
   625:   647382.016   647432.026   647560.005   648058.009   649702.001
   630:   654702.018   655766.003   655772.016   655822.026   655877.005
   635:   656552.009   658131.001   663131.018   664983.003   664989.016
   640:   665006.005   665039.026   665339.009   665493.005   665694.009
   645:   668587.001   673587.018   674196.003   674202.016   674222.005
   650:   674252.026   674650.009   677184.001   682184.018   683257.003
   655:   683263.016   683313.026   683390.005   683712.009   685795.001
   660:   690795.018   691713.003   691719.016   691747.005   691769.026
   665:   692594.009   695385.001   700385.018   701704.003   701710.016
   670:   701760.026   701814.005   702567.009   705353.001   710348.003
   675:   710353.023   710353.021   712854.013   712854.011   713480.001
   680:   718480.018   719652.003   719658.016   719708.026   719843.005
   685:   720779.009   723117.001   728117.018   729508.003   729514.016
   690:   729564.026   729641.005   730215.009   733410.001   738410.018
   695:   739233.003   739239.016   739289.026   739325.005   739757.009
   700:   743908.005   744791.009   749879.001   754542.003   754547.023
   705:   754547.021   754624.005   755024.009   757048.013   757048.011
   710:   757922.001   762922.018   763732.003   763738.016   763788.026
   715:   763860.005   764061.009   764273.005   764705.009   770622.005
   720:   770688.009   770693.005   770943.009   771448.001   776448.018
   725:   777860.003   777866.016   777916.026   778048.005   778314.009
   730:   781494.001   786494.018   788514.003   788520.016   788543.005
   735:   788570.026   788998.009   793001.005   793301.009   793824.001
   740:   798380.003   798385.023   798385.021   798386.001   798688.003
   745:   800886.013   800886.011   801888.005   801952.009   803447.001
   750:   808447.018   809159.003   809165.016   809215.026   809217.061
   755:   809218.061   809219.061   809220.061   809221.061
B:
     0:        0.000      111.000        0.000      111.000        0.000
     5:       98.000        0.000        0.000        0.000       98.000
    10:        0.000       35.000        0.000       35.000        0.000
    15:        0.000       66.000        0.000       66.000        0.000
    20:        0.000       34.000        0.000       34.000        0.000
    25:        0.000       66.000        0.000        0.000        0.000
    30:        0.000
D:
     0:  1018013.000  1012302.000  1018014.000
E:
     0:     5000.000     5000.000
T:
     0:        0.000        0.000        0.000        0.000
W:
     0:        0.000        0.000        0.000
