File: C:\MED-PC IV\Data\Reyes\AY\AY5055.999


Start Date: 12/02/24
End Date: 12/02/24
Subject: 55
Experiment: AY
Group: SHORT
Box: 2
Start Time: 14:09:37
End Time: 14:35:27
MSN: DRRD_timeout_retract
C:       0.000
F:       4.000
G:       0.000
H:       0.000
I:       0.000
J:       0.000
K:   10000.000
L:       0.000
M:       0.000
N:     100.000
O:       0.000
P:    2500.000
Q:       0.000
R:       0.000
S:       0.000
U:   93413.000
V:       0.000
X:       0.000
Y:     892.000
Z:       0.000
A:
     0:    12947.005    13051.009    13055.005    13064.009    15000.013
     5:    15000.011    15413.001    19793.003    19798.023    19798.021
    10:    19860.005    20071.009    22299.013    22299.011    22452.001
    15:    27452.018    29328.003    29334.016    29384.026    29405.005
    20:    30017.009    31088.001    36088.018    37579.003    37585.016
    25:    37587.001    37635.026    37712.003    37717.023    37717.021
    30:    37764.005    38089.009    40218.013    40218.011    40397.001
    35:    43791.003    43796.023    43796.021    43873.005    43953.009
    40:    46297.013    46297.011    47340.001    52043.003    52048.023
    45:    52048.021    53579.005    53623.009    54549.013    54549.011
    50:    54658.001    54825.003    54830.023    54830.021    54843.001
    55:    54934.003    55852.005    55879.009    57331.013    57331.011
    60:    57531.001    62030.003    62035.023    62035.021    62076.005
    65:    62249.009    62254.005    62260.009    63584.005    63613.009
    70:    64536.013    64536.011    64751.001    69751.018    69827.003
    75:    69833.016    69880.005    69883.026    70317.009    70321.005
    80:    70346.009    70567.005    70594.009    70596.005    70606.009
    85:    70626.005    70662.009    70955.001    74072.003    74077.023
    90:    74077.021    74121.001    74185.003    75245.005    75257.009
    95:    75260.005    75277.009    76578.013    76578.011    76807.001
   100:    81488.003    81493.023    81493.021    81539.005    81711.009
   105:    83425.005    83535.009    83994.013    83994.011    84247.001
   110:    89247.018    90136.003    90142.016    90167.005    90192.026
   115:    90564.009    91970.001    94571.003    94576.023    94576.021
   120:    94630.001    94785.003    97077.013    97077.011    97263.001
   125:    97313.003    97318.023    97318.021    97358.001    97417.003
   130:    99819.013    99819.011   100060.001   105060.018   105541.003
   135:   105547.016   105591.005   105597.026   105921.009   106097.005
   140:   106104.009   106836.001   111836.018   113388.003   113394.016
   145:   113444.026   113483.005   113928.009   113983.005   113994.009
   150:   115020.001   119890.003   119895.023   119895.021   119953.005
   155:   120078.009   122396.013   122396.011   122651.001   127014.003
   160:   127019.023   127019.021   127507.005   127672.009   129520.013
   165:   129520.011   129699.001   130422.003   130427.023   130427.021
   170:   130460.001   130650.003   132928.013   132928.011   133064.001
   175:   138064.018   139204.003   139210.016   139260.026   139261.005
   180:   139553.009   141214.001   144111.003   144116.023   144116.021
   185:   146617.013   146617.011   146814.001   151814.018   154516.003
   190:   154522.016   154572.026   154577.005   154974.009   156590.001
   195:   158681.003   158686.023   158686.021   158724.001   158961.003
   200:   160152.005   160175.009   160189.005   160228.009   161187.013
   205:   161187.011   161330.001   166330.018   168064.003   168070.016
   210:   168097.005   168120.026   168918.009   170605.001   175587.003
   215:   175592.023   175592.021   175638.005   176356.009   176391.005
   220:   176395.009   178093.013   178093.011   181120.005   181122.009
   225:   184221.001   189221.018   189643.003   189649.016   189683.005
   230:   189699.026   190143.009   190185.005   190285.009   190706.001
   235:   195706.018   196844.003   196850.016   196900.026   196937.005
   240:   197873.009   197895.005   197898.009   198733.001   203733.018
   245:   206906.003   206912.016   206962.026   206973.005   207411.009
   250:   207429.005   207459.009   207749.001   212749.018   214212.003
   255:   214218.016   214268.026   214308.005   215312.009   215313.005
   260:   215336.009   215915.001   220915.018   225101.003   225107.016
   265:   225157.026   225191.005   225467.009   228677.001   233677.018
   270:   236416.003   236422.016   236472.026   236505.005   237034.009
   275:   237097.005   237103.009   239175.001   244175.018   245839.003
   280:   245845.016   245895.026   245946.005   246420.009   246537.005
   285:   246698.009   246750.005   246755.009   246817.005   246826.009
   290:   246828.005   246842.009   247185.001   252185.018   254839.003
   295:   254845.016   254895.026   254934.005   255294.009   255313.005
   300:   255325.009   255389.005   255431.009   255441.005   255490.009
   305:   255537.005   255558.009   255576.005   255584.009   255602.005
   310:   255632.009   256150.001   261150.018   262170.003   262176.016
   315:   262226.026   262250.005   262867.009   263325.001   268325.018
   320:   269576.003   269582.016   269632.026   269670.005   270067.009
   325:   270072.005   270133.009   270179.005   270364.009   270665.001
   330:   275665.018   276498.003   276504.016   276554.026   276580.005
   335:   277387.009   277398.005   277407.009   277721.001   282721.018
   340:   283866.003   283872.016   283922.026   283923.005   284246.009
   345:   285702.001   290702.018   290933.003   290939.016   290989.026
   350:   291022.005   291636.009   292534.001   297534.018   298821.003
   355:   298827.016   298872.005   298877.026   299620.009   299984.001
   360:   304984.018   306263.003   306269.016   306319.026   306343.005
   365:   307117.009   307264.005   307292.009   307294.005   307306.009
   370:   308169.001   313169.018   313971.003   313977.016   314027.026
   375:   314045.005   314560.009   314879.001   319879.018   320703.003
   380:   320709.016   320759.026   320775.005   321275.009   321326.005
   385:   321401.009   322110.001   326702.003   326707.023   326707.021
   390:   326813.005   326938.009   329208.013   329208.011   329325.001
   395:   329339.003   329344.023   329344.021   329379.001   329465.003
   400:   331845.013   331845.011   332061.001   337061.018   338394.003
   405:   338400.016   338444.005   338450.026   338971.009   339182.001
   410:   344182.018   344498.003   344504.016   344554.026   344575.005
   415:   345022.009   345030.005   345040.009   345344.001   349260.003
   420:   349265.023   349265.021   349358.005   349728.009   349765.005
   425:   349770.009   351766.013   351766.011   351918.001   356080.003
   430:   356085.023   356085.021   358586.013   358586.011   358777.001
   435:   363777.018   366504.003   366510.016   366560.026   366567.005
   440:   366867.009   366942.005   366975.009   367091.005   367120.009
   445:   367333.005   367341.009   367635.001   372635.018   373345.003
   450:   373351.016   373401.026   373453.005   373775.009   375691.001
   455:   380691.018   381951.003   381957.016   382007.026   382027.005
   460:   382704.009   382712.005   382718.009   383073.001   388073.018
   465:   389855.003   389861.016   389911.026   389943.005   390347.009
   470:   390352.005   390359.009   390488.005   390510.009   390537.005
   475:   390541.009   391081.001   396081.018   398672.003   398678.016
   480:   398726.005   398728.026   399563.009   400945.001   405945.018
   485:   407403.003   407409.016   407459.026   407489.005   407986.009
   490:   409322.001   414322.018   416368.003   416374.016   416424.026
   495:   416431.005   417136.009   418417.001   423417.018   424214.003
   500:   424220.016   424270.026   424289.005   424709.009   424713.005
   505:   424857.009   425196.001   430196.018   432376.003   432382.016
   510:   432432.026   432469.005   432744.009   433048.005   433058.009
   515:   433069.005   433079.009   433092.005   433099.009   434966.001
   520:   439966.018   441813.003   441819.016   441869.026   441918.005
   525:   442544.009   442617.005   442654.009   443244.001   448244.018
   530:   450616.003   450622.016   450672.026   450720.005   451200.009
   535:   451233.005   451239.009   451521.001   456521.018   456993.003
   540:   456999.016   457049.026   457091.005   457427.009   457863.005
   545:   457957.009   457964.005   457968.009   458501.001   463501.018
   550:   465784.003   465790.016   465840.026   465861.005   466436.009
   555:   466486.005   466495.009   467997.001   472997.018   473958.003
   560:   473964.016   474014.026   474036.005   474493.009   474497.005
   565:   474503.009   474697.005   474703.009   475346.001   480336.003
   570:   480341.023   480341.021   482842.013   482842.011   483282.001
   575:   488282.018   490357.003   490363.016   490413.026   490465.005
   580:   490976.009   491068.005   491112.009   491526.001   496526.018
   585:   498935.003   498941.016   498991.026   499042.005   499470.009
   590:   499483.005   499545.009   500263.001   505263.018   505754.003
   595:   505760.016   505810.026   505834.005   506099.009   506149.005
   600:   506282.009   506307.005   506336.009   507421.001   512176.003
   605:   512181.023   512181.021   512257.005   512460.009   514682.013
   610:   514682.011   514983.001   519983.018   521674.003   521680.016
   615:   521730.001   521730.026   521745.003   521750.023   521750.021
   620:   521756.001   521767.003   521772.005   522218.009   524251.013
   625:   524251.011   524499.001   529499.018   530469.003   530475.016
   630:   530525.026   530552.005   531045.009   531056.005   531072.009
   635:   531487.001   536487.018   537670.003   537676.016   537726.026
   640:   537748.005   538024.009   538059.005   538212.009   538243.005
   645:   538478.009   539106.001   544106.018   544764.003   544770.016
   650:   544820.026   544862.005   545406.009   546362.001   551362.018
   655:   552340.003   552346.016   552396.026   552443.005   553341.009
   660:   554260.001   559260.018   560283.003   560289.016   560339.026
   665:   560378.005   561030.009   563128.001   568128.018   568960.003
   670:   568966.016   569016.026   569060.005   569401.009   570781.001
   675:   575606.003   575611.023   575611.021   575689.005   575969.009
   680:   578112.013   578112.011   578367.001   583367.018   585104.003
   685:   585110.016   585160.026   585210.005   585679.009   586447.001
   690:   591226.003   591231.023   591231.021   591298.005   591551.009
   695:   593732.013   593732.011   593927.001   598927.018   599882.003
   700:   599888.016   599938.026   599981.005   600352.009   600947.001
   705:   605947.018   608756.003   608762.016   608812.026   608844.005
   710:   609499.009   609514.005   609521.009   609522.005   609528.009
   715:   609545.005   609551.009   610707.001   615707.018   615943.003
   720:   615949.016   615999.026   616056.005   616618.009   616639.005
   725:   616651.009   617068.001   622068.018   622839.003   622845.016
   730:   622895.026   622918.005   623593.009   624530.005   624540.009
   735:   624990.001   629931.003   629936.023   629936.021   630006.005
   740:   630232.009   632437.013   632437.011   632618.001   637618.018
   745:   640027.003   640033.016   640083.026   640132.005   640988.009
   750:   644925.001   649925.018   651934.003   651940.016   651990.026
   755:   652013.005   652384.009   654079.001   659079.018   659184.003
   760:   659190.016   659240.026   659257.005   659648.009   659670.005
   765:   659675.009   662145.001   667145.018   667355.003   667361.016
   770:   667411.026   667442.005   668149.009   671345.001   675280.003
   775:   675285.023   675285.021   675305.001   675321.003   677786.013
   780:   677786.011   678021.001   683021.018   684041.003   684047.016
   785:   684097.026   684100.005   684586.009   684602.005   684615.009
   790:   684635.005   684714.009   684745.005   684773.009   684821.005
   795:   684828.009   687033.001   691896.003   691901.023   691901.021
   800:   692008.005   692088.009   694402.013   694402.011   695719.001
   805:   700719.018   701053.003   701059.016   701109.005   701109.026
   810:   701581.009   701673.005   701701.009   701746.005   701753.009
   815:   701792.005   701796.009   703265.001   708265.018   709650.003
   820:   709656.016   709706.026   709724.005   710043.009   710066.005
   825:   710072.009   710085.005   710091.009   712181.001   717004.003
   830:   717009.023   717009.021   719510.013   719510.011   719685.001
   835:   720581.003   720586.023   720586.021   720622.001   720687.003
   840:   723087.013   723087.011   725065.001   730065.018   730243.003
   845:   730249.016   730299.026   730319.005   731252.009   737651.001
   850:   741922.003   741927.023   741927.021   742033.005   742135.009
   855:   744428.013   744428.011   744708.001   749708.018   750158.003
   860:   750164.016   750214.026   750270.005   750945.009   753142.001
   865:   758142.018   758497.003   758503.016   758553.026   758590.005
   870:   759074.009   759554.001   764554.018   765105.003   765111.016
   875:   765161.026   765209.005   765995.009   766016.005   766022.009
   880:   766030.005   766039.009   768237.001   773237.018   774696.003
   885:   774702.016   774752.026   774754.061   774755.061   774756.061
   890:   774757.061   774758.061
B:
     0:        0.000      110.000        0.000      110.000        0.000
     5:      167.000        0.000        0.000        0.000      167.000
    10:        0.000       32.000        0.000       32.000        0.000
    15:        0.000       69.000        0.000       69.000        0.000
    20:        0.000       31.000        0.000       31.000        0.000
    25:        0.000       69.000        0.000        0.000        0.000
    30:        0.000
D:
     0:   868108.000   861650.000   868109.000
E:
     0:     5000.000     5000.000
T:
     0:        0.000        0.000        0.000        0.000
W:
     0:        0.000        0.000        0.000
