File: C:\MED-PC IV\Data\Reyes\AY\AY5059.999


Start Date: 11/26/24
End Date: 11/26/24
Subject: 59
Experiment: AY
Group: SHORT
Box: 6
Start Time: 14:33:41
End Time: 14:58:14
MSN: DRRD_timeout_retract
C:       0.000
F:       3.000
G:       0.000
H:       0.000
I:       0.000
J:       0.000
K:   10000.000
L:       0.000
M:       0.000
N:     100.000
O:       0.000
P:    2500.000
Q:       0.000
R:       0.000
S:       0.000
U:    1314.000
V:       0.000
X:       0.000
Y:     745.000
Z:       0.000
A:
     0:      147.005      287.009     5851.005     6032.009     7997.005
     5:     8271.009     8365.005     8495.009    15000.013    15000.011
    10:    15098.001    19708.003    19713.023    19713.021    19766.005
    15:    20081.009    22214.013    22214.011    22332.001    27332.018
    20:    27691.003    27697.016    27732.005    27747.026    28202.009
    25:    29032.001    34032.018    34183.003    34189.016    34239.026
    30:    34244.005    34638.009    35857.001    39835.003    39840.023
    35:    39840.021    39905.005    40256.009    42341.013    42341.011
    40:    42426.001    47426.018    48193.003    48199.016    48249.026
    45:    48250.005    48605.009    49485.001    52751.003    52756.023
    50:    52756.021    55257.013    55257.011    55331.001    58972.003
    55:    58977.023    58977.021    59020.005    59280.009    61478.013
    60:    61478.011    61576.001    66576.018    67211.003    67217.016
    65:    67253.005    67267.026    67656.009    69330.001    74330.018
    70:    74994.003    75000.016    75050.026    75054.005    75452.009
    75:    77592.001    78231.003    78236.023    78236.021    80737.013
    80:    80737.011    80831.001    80840.003    80845.023    80845.021
    85:    80851.001    80947.003    83346.013    83346.011    83448.001
    90:    88448.018    89027.003    89033.016    89083.026    89084.005
    95:    89564.009    92799.001    93222.003    93227.023    93227.021
   100:    93276.001    93455.003    95728.013    95728.011    95825.001
   105:   100444.003   100449.023   100449.021   102950.013   102950.011
   110:   103044.001   107838.003   107843.023   107843.021   107885.001
   115:   107938.003   108232.001   108441.003   110344.013   110344.011
   120:   110398.001   110422.003   110427.023   110427.021   110436.001
   125:   110756.003   112928.013   112928.011   113102.001   118037.003
   130:   118042.023   118042.021   118098.005   118413.009   120543.013
   135:   120543.011   120636.001   125415.003   125420.023   125420.021
   140:   125440.001   125552.003   126894.001   127000.003   127921.013
   145:   127921.011   128008.001   133008.018   134065.003   134071.016
   150:   134121.005   134121.026   134546.009   135374.001   140217.003
   155:   140222.023   140222.021   140280.005   140516.009   142723.013
   160:   142723.011   142814.001   147814.018   149443.003   149449.016
   165:   149499.026   149501.005   149916.009   150648.001   155648.018
   170:   157008.003   157014.016   157064.026   157069.005   157624.009
   175:   158400.001   158605.003   158610.023   158610.021   158673.001
   180:   158850.003   161111.013   161111.011   161216.001   166216.018
   185:   167237.003   167243.016   167288.005   167293.026   167691.009
   190:   169183.001   174183.018   175114.003   175120.016   175170.026
   195:   175178.005   175744.009   177815.001   178172.003   178177.023
   200:   178177.021   178236.001   178305.003   180678.013   180678.011
   205:   180772.001   185772.018   187013.003   187019.016   187069.026
   210:   187072.005   187451.009   188428.001   193428.018   194602.003
   215:   194608.016   194658.026   194661.005   195093.009   197455.001
   220:   202455.018   203242.003   203248.016   203292.005   203298.026
   225:   204381.009   205303.001   210303.018   211050.003   211056.016
   230:   211106.026   211126.005   211871.009   213217.001   218217.018
   235:   218590.003   218596.016   218646.026   218649.005   219124.009
   240:   219978.001   224947.003   224952.023   224952.021   225002.005
   245:   225332.009   227453.013   227453.011   227544.001   232544.018
   250:   233093.003   233099.016   233147.005   233149.026   233576.009
   255:   234514.001   234969.003   234974.023   234974.021   235027.001
   260:   235203.003   237475.013   237475.011   237554.001   242219.003
   265:   242224.023   242224.021   242263.005   242469.009   244725.013
   270:   244725.011   244815.001   249815.018   250768.003   250774.016
   275:   250815.005   250824.026   251251.009   252064.001   257064.018
   280:   257822.003   257828.016   257877.005   257878.026   258353.009
   285:   259922.001   264357.003   264362.023   264362.021   266863.013
   290:   266863.011   266944.001   270388.003   270393.023   270393.021
   295:   272894.013   272894.011   273003.001   278003.018   278601.003
   300:   278607.016   278657.005   278657.026   278970.009   279358.005
   305:   279478.009   280002.001   285002.018   287158.003   287164.016
   310:   287209.005   287214.026   287668.009   288961.001   293961.018
   315:   294857.003   294863.016   294913.026   294918.005   295334.009
   320:   296735.001   301735.018   301800.003   301806.016   301856.026
   325:   301859.005   302301.009   303610.001   308610.018   309576.003
   330:   309582.016   309632.005   309632.026   310127.009   310928.001
   335:   315928.018   316366.003   316372.016   316421.005   316422.026
   340:   316732.009   321883.001   326636.003   326641.023   326641.021
   345:   326701.005   326948.009   329142.013   329142.011   329219.001
   350:   334219.018   335898.003   335904.016   335953.005   335954.026
   355:   336292.009   337191.001   342191.018   342813.003   342819.016
   360:   342869.026   342872.005   343209.009   344421.001   349421.018
   365:   350047.003   350053.016   350103.026   350122.005   350889.009
   370:   351927.001   356927.018   357953.003   357959.016   358009.026
   375:   358023.005   358418.009   359485.001   364485.018   364503.003
   380:   364509.016   364559.026   364587.005   364885.009   365735.001
   385:   370735.018   372104.003   372110.016   372160.026   372178.005
   390:   372633.009   373369.001   377877.003   377882.023   377882.021
   395:   377946.005   378169.009   380383.013   380383.011   380454.001
   400:   385454.018   387425.003   387431.016   387479.005   387481.026
   405:   387908.009   389604.001   394604.018   395690.003   395696.016
   410:   395746.026   395773.005   396132.009   398022.001   403022.018
   415:   403575.003   403581.016   403631.026   403640.005   403945.009
   420:   405631.001   410631.018   413043.003   413049.016   413091.005
   425:   413099.026   413506.009   414894.001   419894.018   421651.003
   430:   421657.016   421707.026   421722.005   422337.009   424381.001
   435:   429360.003   429365.023   429365.021   431866.013   431866.011
   440:   431955.001   436955.018   437020.003   437026.016   437076.026
   445:   437077.005   437575.009   438512.001   443512.018   444966.003
   450:   444972.016   445022.026   445030.005   445475.009   446811.001
   455:   451811.018   453777.003   453783.016   453833.026   453860.005
   460:   454261.009   455378.001   460378.018   461011.003   461017.016
   465:   461034.001   461067.026   461205.003   461210.023   461210.021
   470:   461275.005   461676.009   463711.013   463711.011   463812.001
   475:   468812.018   469601.003   469607.016   469652.005   469657.026
   480:   469988.009   470638.001   475638.018   475706.003   475712.016
   485:   475762.026   475778.005   476152.009   477352.001   482352.018
   490:   483304.003   483310.016   483360.026   483380.005   484039.009
   495:   484745.005   484789.009   485362.001   490362.018   491699.003
   500:   491705.016   491752.005   491755.026   492218.009   493703.001
   505:   498618.003   498623.023   498623.021   498701.005   499104.009
   510:   501124.013   501124.011   501196.001   506196.018   507591.003
   515:   507597.016   507647.026   507663.005   508123.009   508701.001
   520:   513701.018   514735.003   514741.016   514791.026   514805.005
   525:   515389.009   516460.001   521460.018   521840.003   521846.016
   530:   521886.005   521896.026   522340.009   523318.001   528318.018
   535:   529463.003   529469.016   529519.026   529531.005   530033.009
   540:   531486.001   536486.018   538879.003   538885.016   538932.005
   545:   538935.026   539357.009   540492.001   545492.018   547933.003
   550:   547939.016   547989.026   548022.005   548489.009   549156.001
   555:   554156.018   555089.003   555095.016   555145.026   555155.005
   560:   555616.009   556855.001   561170.003   561175.023   561175.021
   565:   561224.005   561395.009   563676.013   563676.011   563757.001
   570:   568757.018   570911.003   570917.016   570959.005   570967.026
   575:   571422.009   573417.001   578417.018   579223.003   579229.016
   580:   579279.026   579300.005   579647.009   581081.001   586081.018
   585:   587130.003   587136.016   587186.026   587205.005   587577.009
   590:   588668.001   593668.018   595258.003   595264.016   595314.026
   595:   595320.005   595804.009   597400.001   602400.018   603601.003
   600:   603607.016   603650.005   603657.026   604138.009   604888.001
   605:   605806.003   605811.023   605811.021   608312.013   608312.011
   610:   608411.001   613411.018   615177.003   615183.016   615233.026
   615:   615248.005   615641.009   618001.001   618238.003   618243.023
   620:   618243.021   618264.001   618446.003   620744.013   620744.011
   625:   620829.001   625769.003   625774.023   625774.021   625920.005
   630:   626018.009   628275.013   628275.011   628349.001   633349.018
   635:   635247.003   635253.016   635303.026   635304.005   635636.009
   640:   636503.001   641503.018   642822.003   642828.016   642878.026
   645:   642897.005   643298.009   644568.001   649568.018   651558.003
   650:   651564.016   651614.005   651614.026   652019.009   654423.001
   655:   659423.018   661907.003   661913.016   661963.026   661965.005
   660:   662358.009   664232.001   669232.018   671161.003   671167.016
   665:   671217.026   671237.005   671777.009   675322.001   680286.003
   670:   680291.023   680291.021   680340.005   680672.009   682792.013
   675:   682792.011   684309.001   689309.018   689725.003   689731.016
   680:   689769.005   689781.026   690276.009   691443.001   696443.018
   685:   697087.003   697093.016   697143.026   697170.005   697682.009
   690:   700582.001   700636.003   700641.023   700641.021   700693.001
   695:   700886.003   703142.013   703142.011   703196.001   708180.003
   700:   708185.023   708185.021   708227.005   708396.009   709391.005
   705:   709411.009   709417.005   709455.009   710686.013   710686.011
   710:   711139.005   711277.009   711538.001   712158.003   712163.023
   715:   712163.021   712225.001   712468.003   714664.013   714664.011
   720:   714757.001   719757.018   721584.003   721590.016   721631.005
   725:   721640.026   721960.009   723076.001   728076.018   728641.003
   730:   728647.016   728690.005   728697.026   729124.009   730612.001
   735:   735612.018   736146.003   736152.016   736202.026   736204.005
   740:   736204.061   736205.061   736206.061   736207.061   736208.061
B:
     0:        0.000      113.000        0.000      113.000        0.000
     5:       90.000        0.000        0.000        0.000       89.000
    10:        0.000       34.000        0.000       34.000        0.000
    15:        0.000       67.000        0.000       67.000        0.000
    20:        0.000       33.000        0.000       33.000        0.000
    25:        0.000       67.000        0.000        0.000        0.000
    30:        0.000
D:
     0:   737459.000   731926.000   737460.000
E:
     0:     5000.000     5000.000
T:
     0:        0.000        0.000        0.000        0.000
W:
     0:        0.000        2.000        0.000
