File: C:\MED-PC IV\Data\Reyes\AY\AY5064.999


Start Date: 11/27/24
End Date: 11/27/24
Subject: 64
Experiment: AY
Group: LONG
Box: 2
Start Time: 16:00:21
End Time: 16:25:49
MSN: DRRD_timeout_retract
C:       0.000
F:       5.000
G:       0.000
H:       0.000
I:       0.000
J:       0.000
K:   10000.000
L:       0.000
M:       0.000
N:     100.000
O:       0.000
P:    5000.000
Q:       0.000
R:       0.000
S:       0.000
U: 3086494.000
V:       0.000
X:       0.000
Y:    1731.000
Z:       0.000
A:
     0:     8444.005     8456.009    13004.005    13077.009    13361.005
     5:    13367.009    15000.013    15000.011    16290.001    16457.003
    10:    16462.023    16462.021    21463.013    21463.011    21858.001
    15:    22563.003    22568.023    22568.021    24495.005    24513.009
    20:    24523.005    24528.009    24532.005    24538.009    27569.013
    25:    27569.011    27950.001    28474.005    28584.009    28645.005
    30:    28841.009    32246.003    32251.023    32251.021    32518.005
    35:    32946.009    32962.005    32974.009    32991.005    32998.009
    40:    36373.005    36375.009    37252.013    37252.011    37452.001
    45:    42452.018    43093.003    43099.016    43136.005    43149.026
    50:    43639.009    43689.005    43692.009    43712.005    43717.009
    55:    43729.005    43736.009    43787.005    43799.009    44209.001
    60:    44428.005    44719.009    44773.005    45087.009    45144.005
    65:    45488.009    45524.005    47147.009    47286.005    47426.009
    70:    49209.018    52366.005    52626.003    52632.016    52648.009
    75:    52682.026    52708.005    53374.009    53419.005    53431.009
    80:    53436.005    53444.009    53448.005    53453.009    53895.001
    85:    54926.005    58895.018    60820.003    60826.016    60872.009
    90:    60876.026    60919.005    61377.009    61976.001    63187.005
    95:    63199.009    66964.005    66976.018    67371.003    67377.016
   100:    67427.026    67443.009    67503.005    67813.009    67844.005
   105:    67859.009    67880.005    67937.009    68582.001    69020.005
   110:    69051.009    69064.005    69175.009    69191.005    69198.009
   115:    69261.005    69422.009    69475.005    73582.018    75296.003
   120:    75302.016    75352.026    75363.009    75402.005    75835.009
   125:    76507.001    77024.005    77044.009    77071.005    77140.009
   130:    77166.005    79893.009    79930.005    79963.009    79973.005
   135:    81507.018    84241.003    84247.016    84297.026    84311.009
   140:    84350.005    84955.009    87885.005    87924.009    87950.005
   145:    87959.009    87964.005    87981.009    87989.005    87996.009
   150:    87998.005    88007.009    88630.001    88743.003    88748.023
   155:    88748.021    88749.001    88919.003    93673.005    93682.009
   160:    93694.005    93722.009    93749.013    93749.011    94050.001
   165:    94313.005    94320.009    94607.005    94616.009    94638.005
   170:    94648.009    94654.005    94660.009    94914.005    97293.009
   175:    97581.005    98114.009    99050.018   100601.003   100607.016
   180:   100613.005   100629.009   100657.026   100671.005   101255.009
   185:   101338.005   101346.009   101799.001   101971.003   101976.023
   190:   101976.021   101985.001   102163.003   105627.005   105636.009
   195:   105657.005   105667.009   105671.005   105679.009   105691.005
   200:   105714.009   105745.005   105753.009   106977.013   106977.011
   205:   107286.001   107579.005   107722.009   107885.005   112286.018
   210:   113695.003   113701.016   113751.026   113769.009   113820.005
   215:   114120.009   114141.005   114148.009   114161.005   114166.009
   220:   114170.005   114179.009   114630.001   115130.005   115198.009
   225:   115290.005   115317.009   115394.005   117495.009   117542.005
   230:   117551.009   117557.005   117600.009   117642.005   119630.018
   235:   121732.003   121738.016   121769.009   121788.026   121794.005
   240:   122065.009   122073.005   122078.009   122079.005   122088.009
   245:   122106.005   122116.009   122124.005   122168.009   122660.001
   250:   123341.005   123558.009   123640.005   127660.018   129128.003
   255:   129134.016   129184.026   129239.009   129256.005   129743.009
   260:   130290.001   131225.005   131704.009   131726.005   131733.009
   265:   131845.005   131851.009   131882.005   134099.009   135290.018
   270:   138277.003   138283.016   138333.026   138337.005   138347.009
   275:   138360.005   138682.009   138776.005   138803.009   138808.005
   280:   138819.009   138825.005   138862.009   138885.005   138937.009
   285:   138942.005   138946.009   138954.005   138959.009   139390.001
   290:   139706.003   139711.023   139711.021   139712.001   139857.003
   295:   144095.005   144098.009   144137.005   144144.009   144148.005
   300:   144196.009   144712.013   144712.011   144984.001   145200.005
   305:   145421.009   145438.005   145473.009   145593.005   145616.009
   310:   145655.005   147623.009   147743.005   149984.018   150661.009
   315:   150764.005   150834.003   150840.016   150885.009   150890.026
   320:   150920.005   151289.009   151291.005   151317.009   151379.005
   325:   151517.009   151549.005   151634.009   151679.005   151705.009
   330:   152454.001   153007.005   153276.009   153304.005   154934.009
   335:   155051.005   156239.009   157454.018   157895.003   157901.016
   340:   157951.026   157970.005   157978.009   157984.005   158440.009
   345:   159108.001   160157.005   160283.009   160378.005   162552.009
   350:   162608.005   164108.018   167642.003   167648.016   167698.026
   355:   168236.009   168238.005   168244.009   168249.005   168263.009
   360:   168269.005   168370.009   169193.001   169795.005   174193.018
   365:   175161.003   175167.016   175217.026   175792.009   175794.005
   370:   175804.009   175806.005   175835.009   175877.005   175935.009
   375:   175996.005   176007.009   176065.005   176075.009   176110.005
   380:   176120.009   176184.005   176239.009   176267.005   176275.009
   385:   176279.005   176287.009   176849.001   177667.005   177932.009
   390:   177944.005   180069.009   180182.005   180215.009   180239.005
   395:   180255.009   180329.005   181849.018   185245.003   185251.016
   400:   185301.026   185396.009   185407.005   185911.009   186544.001
   405:   187040.005   188611.009   188631.005   191544.018   192782.003
   410:   192788.016   192838.026   192920.009   192935.005   193204.009
   415:   193214.005   193322.009   193413.005   193460.009   193465.005
   420:   193487.009   193994.001   194856.005   198994.018   201054.003
   425:   201060.016   201110.026   201169.009   201201.005   201468.009
   430:   201495.005   201543.009   201550.005   201566.009   201616.005
   435:   201675.009   201681.005   201686.009   202199.001   203295.005
   440:   207199.018   208351.003   208357.016   208407.026   208461.009
   445:   208467.005   208967.009   209578.005   209584.009   209895.001
   450:   210146.005   210191.009   210228.003   210233.023   210233.021
   455:   210277.001   210463.003   215234.013   215234.011   217065.001
   460:   218616.005   220426.009   220945.005   222065.018   223815.003
   465:   223821.016   223871.026   223990.009   224007.005   224010.009
   470:   224011.005   224570.009   224571.005   224593.009   225226.001
   475:   226006.005   227960.009   228066.005   230196.009   230226.018
   480:   231646.003   231652.016   231702.026   231764.005   232387.009
   485:   232389.005   232398.009   232545.005   232577.009   232578.005
   490:   232593.009   233411.001   234026.005   234207.009   234265.005
   495:   235785.009   235804.005   238037.003   238042.023   238042.021
   500:   238823.009   240541.005   240563.009   240564.005   240572.009
   505:   240573.005   240589.009   240593.005   240598.009   240611.005
   510:   240617.009   240624.005   240768.009   243043.013   243043.011
   515:   243216.001   243544.005   243708.009   243961.005   245654.009
   520:   245697.005   248216.018   252053.009   252080.005   252097.003
   525:   252103.016   252118.009   252153.026   252165.005   252747.009
   530:   252975.005   252983.009   253230.001   253651.003   253656.023
   535:   253656.021   253683.001   253902.003   258657.013   258657.011
   540:   259035.001   259688.005   261709.009   261782.005   264035.018
   545:   267139.003   267145.016   267178.009   267195.026   267207.005
   550:   267715.009   267728.005   267741.009   268037.001   273037.018
   555:   274715.005   274734.003   274740.016   274757.009   274783.005
   560:   274790.026   275443.009   275490.005   275602.009   275614.005
   565:   275620.009   275626.005   275646.009   275681.005   275686.009
   570:   276101.001   279809.005   280590.009   281101.018   283742.003
   575:   283748.016   283798.026   283811.005   284196.009   284755.001
   580:   288315.003   288320.023   288320.021   288426.005   288596.009
   585:   293321.013   293321.011   293576.001   294044.005   294471.009
   590:   294480.005   294493.009   294687.005   294964.009   294971.005
   595:   295025.009   295029.005   295079.009   298576.018   301035.003
   600:   301041.016   301091.026   301119.005   301130.009   301173.005
   605:   301507.009   301546.005   301551.009   301557.005   301561.009
   610:   301577.005   301623.009   302111.001   302916.005   302926.009
   615:   302984.005   303120.009   303142.005   305056.009   305081.005
   620:   307111.018   307498.003   307504.016   307537.009   307554.026
   625:   307563.005   308139.009   308142.005   308152.009   308697.001
   630:   309453.005   313697.018   315465.009   315800.005   315843.003
   635:   315849.016   315869.009   315892.005   315899.026   316456.009
   640:   316459.005   316494.009   316514.005   316520.009   316586.005
   645:   316595.009   317099.001   317393.005   322099.018   322856.003
   650:   322862.016   322879.009   322906.005   322912.026   323400.009
   655:   323420.005   323439.009   324012.001   324238.005   324268.009
   660:   324278.005   324615.009   324617.005   324625.009   324802.005
   665:   326526.009   326574.005   328909.003   328914.023   328914.021
   670:   328970.009   329005.005   329278.009   329338.005   329344.009
   675:   333915.013   333915.011   334078.001   334709.005   336343.009
   680:   336363.005   336495.009   339078.018   339214.005   339257.009
   685:   339266.005   339286.009   339345.005   339360.009   339404.005
   690:   339445.003   339451.016   339501.026   339511.009   339531.005
   695:   339860.009   340294.001   340676.005   340860.009   341084.005
   700:   342689.009   342743.005   345294.018   346072.003   346078.016
   705:   346116.009   346128.026   346147.005   346869.009   347454.001
   710:   347559.003   347564.023   347564.021   347606.001   348211.003
   715:   349661.005   349666.009   349788.005   349798.009   352097.005
   720:   352101.009   352105.005   352121.009   352565.013   352565.011
   725:   352926.001   353300.005   355564.009   355594.005   357926.018
   730:   358038.003   358044.016   358062.009   358094.026   358105.005
   735:   358642.009   359125.001   359417.005   360751.009   364125.018
   740:   364236.003   364242.016   364266.005   364292.026   364317.009
   745:   364330.005   365117.009   365124.005   365131.009   365838.001
   750:   366650.005   370838.018   371678.003   371684.016   371692.009
   755:   371727.005   371734.026   372283.009   372299.005   372304.009
   760:   372677.001   373255.005   373261.009   373278.005   375399.009
   765:   375576.005   375708.009   375725.005   375919.009   375937.005
   770:   376136.009   376201.005   376213.009   376261.005   376389.009
   775:   377677.018   379212.005   379224.003   379230.016   379259.009
   780:   379279.005   379280.026   379718.009   379720.005   379723.009
   785:   379750.005   379818.009   380408.001   380929.005   382504.009
   790:   382566.005   385408.018   385945.003   385951.016   385986.009
   795:   386001.026   386033.005   386631.009   387147.001   387260.003
   800:   387265.023   387265.021   387276.001   387519.003   391169.005
   805:   391174.009   392266.013   392266.011   392604.001   393181.005
   810:   397604.018   399107.003   399113.016   399163.026   399195.009
   815:   399212.005   399738.009   400183.001   400671.005   401078.003
   820:   401083.009   401083.023   401083.021   401090.001   401090.005
   825:   401135.009   401567.003   401711.005   404804.009   405174.005
   830:   405179.009   405205.005   405211.009   406084.013   406084.011
   835:   406378.001   406394.003   406399.023   406399.021   406406.001
   840:   406496.003   411366.005   411374.009   411384.005   411400.013
   845:   411400.011   411589.009   411590.005   411665.009   411669.005
   850:   411753.009   411756.005   411764.009   412247.001   412573.005
   855:   412653.009   412684.005   416277.009   417247.018   417856.003
   860:   417862.016   417912.026   417917.005   418473.009   418475.005
   865:   418482.009   418550.005   418553.009   418651.005   418657.009
   870:   419016.001   419168.005   419427.003   419432.023   419432.021
   875:   419443.001   419788.003   420064.009   424433.013   424433.011
   880:   424675.001   425035.005   425046.009   425211.005   425217.009
   885:   425219.005   425224.009   427318.005   427680.009   429675.018
   890:   431269.003   431275.016   431296.005   431307.009   431311.005
   895:   431325.026   431327.009   431352.005   431953.009   431954.005
   900:   431959.009   432000.005   432007.009   432326.001   432471.005
   905:   432973.009   433008.005   434238.009   434289.005   437326.018
   910:   438914.003   438920.016   438970.026   438976.009   439013.005
   915:   439356.009   439382.005   439430.009   439433.005   439443.009
   920:   439632.001   440059.003   440063.001   440064.023   440064.021
   925:   440465.003   442727.005   442730.009   442735.005   442745.009
   930:   442746.005   442837.009   442851.005   442869.009   444988.005
   935:   445001.009   445018.005   445020.009   445024.005   445030.009
   940:   445037.005   445053.009   445062.005   445065.013   445065.011
   945:   445067.009   445340.001   445622.005   445820.009   445843.005
   950:   450340.018   453522.003   453528.016   453556.009   453578.026
   955:   453585.005   454128.009   454457.001   454863.003   454868.023
   960:   454868.021   454872.001   455143.003   456791.005   456798.009
   965:   456832.005   456921.009   459501.005   459540.009   459545.005
   970:   459711.009   459715.005   459720.009   459869.013   459869.011
   975:   460143.001   460404.005   465143.018   466587.009   466650.003
   980:   466656.016   466661.005   466706.026   466716.009   466737.005
   985:   467074.009   467081.005   467102.009   467106.005   467284.009
   990:   467327.005   467336.009   467337.005   467368.009   467386.005
   995:   467399.009   467401.005   467415.009   467634.001   467727.003
  1000:   467732.023   467732.021   467735.001   468073.003   470666.005
  1005:   470668.009   470783.005   470979.009   472263.005   472272.009
  1010:   472286.005   472374.009   472409.005   472415.009   472733.013
  1015:   472733.011   472986.001   473526.005   476607.009   476654.005
  1020:   476669.009   476914.005   476929.009   476935.005   477986.018
  1025:   480558.003   480564.016   480597.009   480614.026   480629.005
  1030:   481153.009   481485.001   481925.005   483872.009   483900.005
  1035:   483913.009   483936.005   483958.009   484186.005   486485.018
  1040:   488736.003   488742.016   488792.026   488803.009   488831.005
  1045:   489498.009   489620.005   489627.009   489826.001   490032.003
  1050:   490037.023   490037.021   490038.001   490321.003   493006.005
  1055:   493094.009   493138.005   493150.009   495038.013   495038.011
  1060:   495304.001   497671.005   498027.009   500304.018   500909.003
  1065:   500915.016   500965.026   501004.005   501015.009   501032.005
  1070:   501596.009   501666.005   501736.009   501743.005   501751.009
  1075:   501763.005   501772.009   502020.001   502442.005   502631.009
  1080:   502797.005   502815.009   502841.005   507020.018   507479.003
  1085:   507485.016   507508.009   507522.005   507535.026   507794.009
  1090:   507812.005   507937.009   508080.005   508087.009   508431.001
  1095:   508611.005   508840.009   508849.005   508908.009   508926.005
  1100:   508970.009   509018.005   509129.009   509222.005   509233.009
  1105:   509283.005   511016.009   511092.005   513431.018   514634.003
  1110:   514640.016   514690.026   515248.009   515401.005   515595.009
  1115:   516139.001   516228.003   516233.023   516233.021   516236.001
  1120:   516628.003   518646.005   518652.009   518725.005   518732.009
  1125:   519081.005   519089.009   519091.005   519097.009   519102.005
  1130:   519216.009   519228.005   519241.009   521234.013   521234.011
  1135:   521580.001   526580.018   528003.003   528009.016   528059.026
  1140:   528075.005   528610.009   528688.005   528701.009   529071.001
  1145:   529667.005   530488.009   530520.005   534071.018   535056.003
  1150:   535062.016   535112.026   535146.009   535167.005   535784.009
  1155:   535921.005   535928.009   536295.001   536640.005   536928.009
  1160:   536956.005   538754.009   538795.005   541295.018   541750.003
  1165:   541756.016   541791.009   541806.026   541830.005   542216.009
  1170:   542241.005   542319.009   542429.005   542497.009   542506.005
  1175:   542511.009   542845.001   543235.005   543662.009   543805.005
  1180:   543812.009   543858.005   547845.018   550287.003   550293.016
  1185:   550325.009   550343.026   550363.005   550937.009   551345.001
  1190:   551955.005   552055.009   552109.005   552416.009   552436.005
  1195:   552455.009   552479.005   552628.009   552964.005   553019.009
  1200:   553022.005   553156.009   553603.005   553976.009   554228.005
  1205:   555967.009   556244.005   556262.009   556345.018   557778.003
  1210:   557784.016   557816.005   557834.026   557863.009   557873.005
  1215:   558294.009   558841.001   559571.005   563841.018   566067.003
  1220:   566073.016   566123.009   566123.026   566153.005   566509.009
  1225:   566512.005   566743.009   567132.001   567852.005   567942.009
  1230:   567974.005   570221.009   572132.018   572908.005   573050.009
  1235:   573503.005   573539.003   573545.016   573585.009   573595.026
  1240:   573616.005   573625.009   573635.005   573903.009   573909.005
  1245:   573922.009   573936.005   574083.009   574109.005   574139.009
  1250:   574433.001   579134.003   579139.023   579139.021   579228.005
  1255:   579663.009   579666.005   579675.009   579696.005   579704.009
  1260:   579712.005   579718.009   579725.005   579742.009   582879.005
  1265:   582886.009   582906.005   582910.009   582924.005   582927.009
  1270:   582976.005   582989.009   583005.005   583039.009   583047.005
  1275:   583051.009   583079.005   583084.009   584140.013   584140.011
  1280:   584552.001   589552.018   590002.003   590008.016   590058.026
  1285:   590068.005   590320.009   590339.005   590407.009   590492.005
  1290:   590518.009   590543.005   590546.009   590549.005   590552.009
  1295:   590734.001   595734.018   596365.003   596371.016   596403.005
  1300:   596421.026   597023.009   597086.005   597125.009   597411.001
  1305:   598228.003   598233.023   598233.021   598251.001   598569.003
  1310:   603234.013   603234.011   603830.001   604349.005   608028.003
  1315:   608033.023   608033.021   608089.009   608128.005   608135.009
  1320:   608143.005   608156.009   608178.005   608279.009   609556.005
  1325:   609572.009   609576.005   609589.009   609593.005   609717.009
  1330:   609724.005   609738.009   611923.005   611935.009   613034.013
  1335:   613034.011   613372.001   613710.005   613835.009   613867.005
  1340:   613876.009   613925.005   618372.018   619464.003   619470.016
  1345:   619507.009   619520.026   619540.005   619976.009   620059.005
  1350:   620078.009   620080.005   620089.009   620465.001   620863.005
  1355:   621014.009   621061.005   622513.009   623314.005   623407.009
  1360:   625465.018   625847.005   625854.003   625860.016   625874.009
  1365:   625908.005   625910.026   626355.009   626360.005   626373.009
  1370:   626380.005   626382.009   626481.005   626612.009   626857.001
  1375:   627092.003   627097.023   627097.021   627109.001   627442.003
  1380:   628926.005   628937.009   628944.005   628999.009   629005.005
  1385:   629011.009   630389.005   630397.009   630405.005   630422.009
  1390:   630426.005   630467.009   630536.005   630541.009   630548.005
  1395:   630560.009   632098.013   632098.011   632406.001   632817.005
  1400:   633539.009   633575.005   633587.009   633615.005   637406.018
  1405:   640414.009   640496.005   640519.003   640525.016   640531.009
  1410:   640533.005   640575.026   640579.009   640598.005   640945.009
  1415:   641358.001   641538.005   645223.009   645699.005   645737.009
  1420:   645812.005   646358.018   647596.009   647614.005   649037.003
  1425:   649043.016   649093.026   649148.009   649156.005   649519.009
  1430:   649522.005   649543.009   649549.005   649683.009   649726.005
  1435:   649829.009   650330.001   650711.005   655330.018   656439.003
  1440:   656445.016   656476.009   656495.026   656503.005   656977.009
  1445:   657364.001   657756.003   657761.023   657761.021   657774.001
  1450:   658075.003   662262.005   662267.009   662291.005   662296.009
  1455:   662302.005   662307.009   662351.005   662762.013   662762.011
  1460:   662790.009   663168.001   663443.005   663630.009   663658.005
  1465:   665590.009   665616.005   668168.018   670915.003   670921.016
  1470:   670958.009   670971.026   670994.005   671388.009   671415.005
  1475:   671527.009   671961.001   672703.003   672708.023   672708.021
  1480:   672730.001   673115.003   675457.005   675482.009   675520.005
  1485:   675524.009   675525.005   675534.009   675547.005   675739.009
  1490:   675748.005   675765.009   677697.005   677704.009   677709.013
  1495:   677709.011   677717.005   677766.009   678017.001   678245.005
  1500:   678425.009   678445.005   681672.009   683017.018   683529.003
  1505:   683535.016   683585.026   683592.005   684032.009   684075.005
  1510:   684080.009   684145.005   684151.009   684155.005   684180.009
  1515:   684511.001   684828.005   685394.009   685450.005   686780.009
  1520:   687098.005   687157.009   687178.005   689511.018   691270.003
  1525:   691276.016   691326.026   691353.009   691381.005   691743.009
  1530:   691748.005   691752.009   692029.001   692246.005   692286.009
  1535:   692290.005   692361.009   692409.005   692875.009   692891.005
  1540:   693056.009   693118.005   693170.009   693200.005   694330.009
  1545:   694713.005   697029.018   698404.003   698410.016   698422.001
  1550:   698430.009   698440.003   698460.026   698476.005   699313.009
  1555:   699354.005   699362.009   699363.005   699371.009   699372.005
  1560:   699380.009   700054.001   700255.005   700499.009   700536.005
  1565:   702385.009   702429.005   704844.003   704849.023   704849.021
  1570:   705774.009   706070.005   706073.009   706076.005   706084.009
  1575:   706089.005   706097.009   706100.005   706108.009   706111.005
  1580:   706124.009   706141.005   706522.009   706554.005   706563.009
  1585:   706606.005   706623.009   706625.005   706651.009   706660.005
  1590:   706669.009   706671.005   706706.009   706752.005   706756.009
  1595:   707656.005   707799.009   709850.013   709850.011   710083.001
  1600:   710615.005   715083.018   716977.009   717055.005   717058.003
  1605:   717064.016   717114.026   717115.009   717123.005   717778.009
  1610:   717780.005   717832.009   717852.005   717858.009   718070.001
  1615:   718214.003   718219.023   718219.021   718243.001   718612.003
  1620:   720330.005   720334.009   720381.005   720584.009   720611.005
  1625:   720630.009   720747.005   720758.009   720779.005   720787.009
  1630:   720789.005   720803.009   722121.005   722195.009   722218.005
  1635:   722226.009   723220.013   723220.011   723495.001   723915.005
  1640:   723938.009   723963.005   728495.018   730972.003   730978.016
  1645:   731028.026   731029.009   731055.005   731669.009   731736.005
  1650:   731743.009   731802.005   731811.009   731824.005   731865.009
  1655:   732330.001   732715.005   733490.009   733512.005   735042.009
  1660:   736413.005   736689.009   736865.005   736881.009   736927.005
  1665:   737015.009   737330.018   739081.005   739100.003   739106.016
  1670:   739121.009   739152.005   739156.026   739726.009   739754.005
  1675:   739792.009   739795.005   739848.009   739852.005   739863.009
  1680:   739864.005   739878.009   740371.001   740876.005   741269.009
  1685:   742625.005   745371.018   745822.003   745828.016   745866.009
  1690:   745878.026   745882.005   746478.009   746489.005   746497.009
  1695:   748627.001   748833.005   753627.018   756813.003   756819.016
  1700:   756855.009   756869.026   756904.005   757352.009   757392.005
  1705:   757398.009   757403.005   757408.009   757412.005   757415.009
  1710:   757418.005   757422.009   757437.005   757442.009   757638.001
  1715:   757821.005   757822.009   757823.005   758387.009   758415.005
  1720:   762638.018   763816.003   763822.016   763869.009   763872.005
  1725:   763872.026   763874.061   763875.061   763876.061   763877.061
  1730:   763878.061
B:
     0:        0.000      121.000        0.000      121.000        0.000
     5:      577.000        0.000        0.000        0.000      576.000
    10:        0.000       30.000        0.000       30.000        0.000
    15:        0.000       71.000        0.000       71.000        0.000
    20:        0.000       29.000        0.000       29.000        0.000
    25:        0.000       71.000        0.000        0.000        0.000
    30:        0.000
D:
     0:  3850309.000  3844132.000  3850310.000
E:
     0:     5000.000     5000.000
T:
     0:        0.000        0.000        0.000        0.000
W:
     0:        0.000        2.000        0.000
