File: C:\MED-PC IV\Data\Reyes\AZ\AZ1087.999


Start Date: 03/11/25
End Date: 03/11/25
Subject: 87
Experiment: AZ
Group: TIMEOUT
Box: 1
Start Time: 15:21:21
End Time: 15:30:43
MSN: DRRD_random_timeout_retract
C:       0.000
F:       0.000
G:       0.000
H:       0.000
I:       0.000
J:       0.000
K:     500.000
L:       0.000
M:       0.000
N:     100.000
O:       0.000
Q:       0.000
R:       0.000
S:       0.000
U:   61766.000
V:       0.000
X:    1300.000
Y:     910.000
Z:       0.000
A:
     0:    12873.005    12904.009    15000.013    15000.011    16021.001
     5:    16152.003    16157.023    16157.021    16166.001    16230.003
    10:    16901.005    16986.009    18158.013    18158.011    18365.001
    15:    18485.003    18490.023    18490.021    18889.005    19348.009
    20:    20091.013    20091.011    20599.001    20666.003    20671.023
    25:    20671.021    20682.001    20726.003    21586.005    21772.013
    30:    21772.011    21800.009    22059.001    22151.003    22156.023
    35:    22156.021    22709.005    23113.009    23457.013    23457.011
    40:    23666.001    23761.003    23766.023    23766.021    24396.005
    45:    24648.009    24967.013    24967.011    25187.001    25365.003
    50:    25370.023    25370.021    25982.005    26184.009    26871.013
    55:    26871.011    27304.001    27404.003    27409.023    27409.021
    60:    27449.001    27501.003    28131.005    28350.009    29210.013
    65:    29210.011    29456.001    29548.003    29553.023    29553.021
    70:    29946.005    30174.009    30554.013    30554.011    30800.001
    75:    30902.003    30907.023    30907.021    30921.001    30969.003
    80:    31391.005    31817.009    32308.013    32308.011    32587.001
    85:    32704.003    32709.023    32709.021    32736.001    32754.003
    90:    32757.001    32808.003    33140.005    33330.009    34410.013
    95:    34410.011    34610.001    34723.003    34728.023    34728.021
   100:    35206.005    35220.009    35235.005    35428.009    36629.013
   105:    36629.011    36819.001    36921.003    36926.023    36926.021
   110:    38027.013    38027.011    38348.001    38404.003    38409.023
   115:    38409.021    38442.001    38562.003    38692.005    38939.009
   120:    39810.013    39810.011    40226.001    40476.018    40521.003
   125:    40527.016    40577.026    41186.001    41436.018    41731.003
   130:    41737.016    41787.026    42043.005    42831.009    43394.001
   135:    43644.018    43832.003    43838.016    43888.026    43890.017
   140:    43902.001    43930.003    43935.023    43935.021    44181.005
   145:    44865.009    45936.013    45936.011    46117.001    46417.018
   150:    47357.003    47363.016    47413.026    47619.005    47942.009
   155:    49056.001    49142.003    49147.023    49147.021    49577.005
   160:    50165.009    50948.013    50948.011    52144.001    52229.003
   165:    52234.023    52234.021    52680.005    53105.009    53235.013
   170:    53235.011    53602.001    53672.003    53677.023    53677.021
   175:    54343.005    54784.009    54878.013    54878.011    55079.001
   180:    55123.003    55128.023    55128.021    55824.005    56105.009
   185:    56429.013    56429.011    56977.001    57079.003    57084.023
   190:    57084.021    57106.001    57438.003    58585.013    58585.011
   195:    58780.001    58830.003    58835.023    58835.021    58900.001
   200:    59012.003    59398.005    59584.009    60436.013    60436.011
   205:    60540.001    60563.003    60568.023    60568.021    60870.005
   210:    61109.009    62269.013    62269.011    62620.001    62659.003
   215:    62664.023    62664.021    63416.005    63628.009    64565.013
   220:    64565.011    66567.001    66704.003    66709.023    66709.021
   225:    67049.005    67407.009    68010.013    68010.011    68314.001
   230:    68456.003    68461.023    68461.021    68519.001    68621.003
   235:    69862.013    69862.011    70180.001    70278.003    70283.023
   240:    70283.021    70576.005    70939.009    71464.005    71593.009
   245:    71784.013    71784.011    75187.005    75265.009    75752.001
   250:    75823.003    75828.023    75828.021    77529.013    77529.011
   255:    77899.001    78199.018    78256.003    78262.016    78267.001
   260:    78312.026    78366.003    78371.023    78371.021    78886.005
   265:    79567.009    79572.013    79572.011    79707.005    80088.009
   270:    80916.001    81198.003    81203.023    81203.021    81605.005
   275:    82173.009    83104.013    83104.011    83423.001    83476.003
   280:    83481.023    83481.021    83941.005    84219.009    85482.013
   285:    85482.011    85766.001    85963.003    85968.023    85968.021
   290:    86378.005    86745.009    86969.013    86969.011    87164.001
   295:    87229.003    87234.023    87234.021    88335.013    88335.011
   300:    88732.001    88854.003    88859.023    88859.021    88872.001
   305:    88936.003    89377.005    89595.009    89661.005    90460.013
   310:    90460.011    90814.009    90848.005    90906.009    91821.005
   315:    91845.009    93245.001    93323.003    93328.023    93328.021
   320:    93557.005    93794.009    95129.013    95129.011    96376.001
   325:    96431.003    96436.023    96436.021    96844.005    97019.009
   330:    97637.013    97637.011    98335.001    98425.003    98430.023
   335:    98430.021    98741.005    98920.009   100131.013   100131.011
   340:   101037.001   101175.003   101180.023   101180.021   101207.001
   345:   101273.003   102181.013   102181.011   102433.001   102683.003
   350:   102688.023   102688.021   102691.001   102730.003   103213.005
   355:   103437.009   104189.013   104189.011   104457.001   104757.018
   360:   105131.003   105137.016   105187.026   105253.001   105553.018
   365:   105919.003   105925.016   105975.001   105975.026   105996.003
   370:   106001.023   106001.021   106014.001   106072.003   106103.001
   375:   106133.003   106406.005   106961.009   107014.005   107121.009
   380:   107602.013   107602.011   108337.001   108388.003   108393.023
   385:   108393.021   108407.001   108489.003   109327.005   109877.009
   390:   110194.013   110194.011   110445.001   110480.003   110485.023
   395:   110485.021   110486.001   110638.003   111746.005   111951.009
   400:   112386.013   112386.011   113414.005   113657.009   114726.001
   405:   114774.003   114779.023   114779.021   114782.001   114835.003
   410:   116080.013   116080.011   116648.005   116846.009   117600.001
   415:   117695.003   117700.023   117700.021   118362.005   118653.009
   420:   119101.013   119101.011   119396.001   119666.003   119671.023
   425:   119671.021   120202.005   120441.009   121672.013   121672.011
   430:   121888.001   122095.003   122100.023   122100.021   122612.005
   435:   122825.009   123201.013   123201.011   123373.001   123615.003
   440:   123620.023   123620.021   123667.001   123694.003   124241.005
   445:   124576.009   124753.005   124774.009   125321.013   125321.011
   450:   125613.001   125898.003   125903.023   125903.021   125908.001
   455:   125983.003   126306.005   126893.009   126902.005   126992.009
   460:   127704.013   127704.011   127917.001   127954.003   127959.023
   465:   127959.021   128219.005   128566.009   129060.013   129060.011
   470:   129415.001   129461.003   129466.023   129466.021   129807.005
   475:   130033.009   130210.005   130284.009   130667.013   130667.011
   480:   134452.001   134496.003   134500.001   134501.023   134501.021
   485:   134741.003   135561.005   135672.009   135902.013   135902.011
   490:   136206.001   136463.003   136468.023   136468.021   136482.001
   495:   136605.003   137469.013   137469.011   137493.005   137582.009
   500:   137648.005   137856.009   138085.001   138128.003   138133.023
   505:   138133.021   138154.001   138268.003   138867.005   139094.009
   510:   139734.013   139734.011   140191.001   140220.003   140222.001
   515:   140225.023   140225.021   140418.003   142126.013   142126.011
   520:   142319.001   142486.003   142491.023   142491.021   143123.005
   525:   143376.009   143792.013   143792.011   149622.001   149722.003
   530:   149727.023   149727.021   149733.001   149826.003   150329.005
   535:   150470.009   151728.013   151728.011   155470.005   155494.009
   540:   155496.005   155578.009   160026.001   160303.003   160308.023
   545:   160308.021   160944.005   161144.009   161155.005   161487.009
   550:   161809.013   161809.011   161985.001   162033.003   162037.001
   555:   162038.023   162038.021   162107.003   162580.005   162772.009
   560:   163339.013   163339.011   163533.001   163663.003   163668.023
   565:   163668.021   164097.005   164327.009   165069.013   165069.011
   570:   165354.001   165580.003   165585.023   165585.021   167056.005
   575:   167186.013   167186.011   167197.009   167725.001   167826.003
   580:   167831.023   167831.021   168566.005   168948.009   168980.005
   585:   169098.009   169332.013   169332.011   173203.005   173224.009
   590:   177736.001   177808.003   177813.023   177813.021   178243.005
   595:   178421.009   178814.013   178814.011   179038.001   179182.003
   600:   179187.023   179187.021   180726.005   180888.013   180888.011
   605:   181290.009   182775.001   182908.003   182913.023   182913.021
   610:   182924.001   183073.003   183403.005   184010.009   184714.013
   615:   184714.011   185017.001   185153.003   185158.023   185158.021
   620:   187059.013   187059.011   189495.001   189534.003   189538.001
   625:   189539.023   189539.021   190021.003   190640.013   190640.011
   630:   190832.001   191030.003   191035.023   191035.021   192236.013
   635:   192236.011   192435.001   192518.003   192523.023   192523.021
   640:   192563.001   192622.003   194524.013   194524.011   195456.005
   645:   195691.009   197816.001   197884.003   197889.023   197889.021
   650:   198890.013   198890.011   199202.001   199282.003   199287.023
   655:   199287.021   199936.005   200231.009   200988.013   200988.011
   660:   201337.001   201606.003   201611.023   201611.021   202152.005
   665:   202169.009   202186.005   202366.009   202712.013   202712.011
   670:   202951.001   203138.003   203143.023   203143.021   204544.013
   675:   204544.011   204778.001   204928.003   204933.023   204933.021
   680:   206534.013   206534.011   206807.001   206851.003   206856.001
   685:   206856.023   206856.021   206939.003   207505.005   207721.009
   690:   208657.013   208657.011   209512.001   209715.003   209720.023
   695:   209720.021   209742.001   209808.003   210483.005   210497.009
   700:   210510.005   210625.009   211621.013   211621.011   212568.001
   705:   212734.003   212739.023   212739.021   212750.001   213043.003
   710:   213722.005   214040.013   214040.011   214306.009   214319.005
   715:   214798.009   218619.005   218634.009   218641.005   218725.009
   720:   227455.001   227755.018   227852.003   227858.016   227877.001
   725:   227908.026   228212.018   228244.003   228250.016   228300.026
   730:   228674.001   228735.003   228739.001   228740.023   228740.021
   735:   228870.003   229925.005   229946.009   229953.005   230741.013
   740:   230741.011   231128.009   231284.005   231299.009   231300.005
   745:   232046.009   232628.005   232646.009   232647.005   232695.009
   750:   232775.005   232855.009   232999.005   233014.009   233026.005
   755:   233259.009   233675.005   233688.009   233752.005   234753.009
   760:   235551.001   235734.003   235739.023   235739.021   235746.001
   765:   235879.003   237240.013   237240.011   237627.001   237663.003
   770:   237668.023   237668.021   237686.001   238013.003   238869.013
   775:   238869.011   238903.005   239711.009   240058.001   240130.003
   780:   240135.023   240135.021   242136.013   242136.011   242513.005
   785:   243041.009   247366.005   247386.009   247389.005   247833.009
   790:   248459.001   248759.018   249143.003   249149.016   249199.026
   795:   249749.005   250344.009   251277.005   251317.009   251324.005
   800:   251356.009   252675.005   253309.009   253940.001   254169.003
   805:   254174.023   254174.021   254206.001   254307.003   255047.005
   810:   255475.013   255475.011   256116.009   258908.005   258919.009
   815:   259042.005   259363.009   259884.001   260155.003   260160.023
   820:   260160.021   260718.005   261085.009   261561.013   261561.011
   825:   261966.001   261991.003   261996.023   261996.021   262863.005
   830:   263065.009   263497.013   263497.011   263664.001   263945.003
   835:   263950.023   263950.021   264578.005   264906.009   265751.013
   840:   265751.011   265915.001   266059.003   266064.023   266064.021
   845:   266745.005   267026.009   267265.013   267265.011   267415.001
   850:   267620.003   267625.023   267625.021   268366.005   268462.009
   855:   268489.005   268679.009   269526.013   269526.011   269666.001
   860:   269877.003   269882.023   269882.021   269895.001   270067.003
   865:   270230.005   270739.009   270883.013   270883.011   271188.001
   870:   271306.003   271311.023   271311.021   271954.005   272276.009
   875:   273012.013   273012.011   273213.001   273408.003   273413.023
   880:   273413.021   274514.013   274514.011   274696.001   274838.003
   885:   274843.023   274843.021   276322.005   276444.013   276444.011
   890:   276950.009   277117.005   277245.009   277936.001   278236.018
   895:   279069.003   279075.016   279125.026   279304.001   279351.003
   900:   279356.023   279356.021   280008.005   280657.013   280657.011
   905:   280658.061   280659.061   280660.061   280661.061   280662.061
B:
     0:        0.000      137.000        0.000      137.000        0.000
     5:      120.000        0.000        0.000        0.000      119.000
    10:        0.000       90.000        0.000       90.000        0.000
    15:        0.000       11.000        1.000       11.000        0.000
    20:        0.000       89.000        0.000       89.000        0.000
    25:        0.000       11.000        0.000        0.000        0.000
    30:        0.000
D:
     0:   341116.000   341070.000   341117.000
E:
     0:      250.000      300.000
P:
     0:        2.000        2.200        2.400        2.600        2.800
     5:        3.000        3.200        3.400        3.600        3.800
    10:        4.000
T:
     0:        0.000        0.000        0.000        0.000
W:
     0:        0.000        2.000        0.000
