File: C:\MED-PC IV\Data\Reyes\BD\BD0117.999


Start Date: 03/30/26
End Date: 03/30/26
Subject: 117
Experiment: BD
Group: ERROR_M
Box: 1
Start Time: 11:15:10
End Time: 12:05:10
MSN: autoshapeRecordingLeverPresses
C:       0.000
F:      42.000
G:       0.000
H:       0.000
I:       0.000
J:       0.000
K:       0.000
L:       0.000
M:       0.000
N:       0.000
O:       0.000
P:       0.000
Q:       0.000
R:       0.000
U:  106375.000
V:       0.000
X:       0.000
Y:    1202.000
Z:       0.000
A:
     0:    15000.013    15000.011    28524.005    28573.009    28755.005
     5:    28807.009    30288.005    30301.009    62807.001    62808.018
    10:    64891.003    64897.016    64947.026    65262.001    65263.018
    15:    65568.003    65574.016    65624.026    76991.005    77015.009
    20:    77233.005    77252.009    77562.005    77613.009    77809.005
    25:    79136.009    88905.005    88953.009    89033.005    89054.009
    30:    89174.005    89727.009    89861.005    89876.009   101689.005
    35:   102637.009   102842.005   102892.009   102955.005   102986.009
    40:   103171.005   104606.009   106060.005   106080.009   106097.005
    45:   106203.009   106233.005   106605.009   109675.005   109799.009
    50:   109851.005   109870.009   137383.005   137461.009   137993.005
    55:   138013.009   258378.005   258419.009   258525.005   259027.009
    60:   260036.005   260134.009   260152.005   260178.009   260372.005
    65:   260481.009   260626.005   260635.009   260797.005   263991.009
    70:   266014.005   266809.009   266908.005   266973.009   267084.005
    75:   267758.009   268094.005   268110.009   268131.005   268408.009
    80:   268484.005   269422.009   270656.005   272423.009   272538.005
    85:   273011.009   273074.005   273947.009   274734.005   274743.009
    90:   274787.005   274800.009   287963.005   288152.009   288589.005
    95:   288609.009   288766.005   289674.009   305748.005   306606.009
   100:   306644.005   306705.009   307050.005   307299.009   310014.001
   105:   310015.018   310596.003   310602.016   310652.026   311258.001
   110:   311259.018   312095.003   312101.016   312151.026   312934.005
   115:   313018.009   342404.005   342442.009   342507.005   343003.009
   120:   343745.005   343759.009   343773.005   346591.009   347687.005
   125:   348086.009   348241.005   348357.009   348855.005   348864.009
   130:   348953.005   349948.009   350125.005   350493.009   350742.005
   135:   351067.009   351078.005   352062.009   352912.005   353136.009
   140:   353920.005   353933.009   353968.005   355423.009   355938.005
   145:   356152.009   356836.005   357098.009   359241.005   359266.009
   150:   359276.005   360365.009   360436.005   361247.009   362168.005
   155:   362340.009   384560.005   384672.009   384760.005   385155.009
   160:   385163.005   385187.009   385372.005   385749.009   386036.005
   165:   386256.009   386645.005   387159.009   387251.005   387837.009
   170:   388612.005   388665.009   412696.005   412721.009   412979.005
   175:   413304.009   413537.005   413914.009   415522.001   415523.018
   180:   416589.003   416595.016   416645.026   474595.005   475544.009
   185:   476387.005   476415.009   476424.005   477648.009   477731.005
   190:   477750.009   477772.005   478254.009   479707.005   480337.009
   195:   484320.005   484347.009   484488.005   485417.009   485617.005
   200:   486014.009   500320.005   500979.009   501053.005   501606.009
   205:   501619.005   501628.009   501661.005   502637.009   502783.005
   210:   502812.009   503086.005   503525.009   504197.005   506714.009
   215:   506726.005   507089.009   507090.005   507977.009   508133.005
   220:   510197.009   510531.005   510852.009   511183.005   511838.009
   225:   512460.005   512515.009   512523.005   512562.009   512571.005
   230:   512668.009   512772.005   512798.009   512907.005   512923.009
   235:   512959.005   513028.009   513032.005   513043.009   513230.005
   240:   513258.009   513288.005   513324.009   513939.005   513994.009
   245:   514072.005   514360.009   515094.005   515121.009   515175.005
   250:   515236.009   515268.005   515892.009   516048.005   516075.009
   255:   516078.005   516674.009   516776.005   516804.009   517062.005
   260:   517321.009   539935.005   540257.009   540302.005   540550.009
   265:   540654.005   541973.009   562170.001   562171.018   563271.003
   270:   563277.016   563327.026   568544.005   568894.009   570189.005
   275:   570230.009   570413.005   570759.009   570843.005   571207.009
   280:   573165.005   573541.009   573692.005   573955.009   574302.005
   285:   574339.009   575925.005   577399.009   577411.005   577930.009
   290:   580410.005   580655.009   585591.005   586596.009   602499.005
   295:   602807.009   603126.005   603329.009   614060.005   614085.009
   300:   614101.005   614699.009   614851.005   614867.009   627788.001
   305:   627789.018   627951.003   627957.016   628007.026   628391.005
   310:   628786.009   630260.005   630368.009   630540.005   631441.009
   315:   631443.005   631623.009   631897.005   631910.009   631917.005
   320:   632755.009   633053.005   633384.009   633733.005   633818.009
   325:   633906.005   635622.009   635647.005   635670.009   635685.005
   330:   635930.009   637248.001   637249.018   638425.003   638431.016
   335:   638481.026   638905.005   639038.009   639308.005   639372.009
   340:   639504.005   639925.009   641321.005   641999.009   645941.005
   345:   646415.009   646436.005   647479.009   648948.005   649393.009
   350:   649943.005   650189.009   653723.005   653740.009   653753.005
   355:   654164.009   654241.005   655302.009   657254.005   658180.009
   360:   658312.005   658499.009   658779.005   658793.009   658824.005
   365:   659022.009   660114.001   660115.018   661797.003   661803.016
   370:   661853.026   662103.001   662104.018   662586.003   662592.016
   375:   662642.026   663334.005   663771.009   664380.005   665368.009
   380:   666026.005   666920.009   668208.005   668224.009   668239.005
   385:   668296.009   668328.005   668339.009   668347.005   668447.009
   390:   669353.005   670037.009   670212.005   670469.009   670623.005
   395:   670880.009   671377.005   671677.009   673418.005   673606.009
   400:   673627.005   673989.009   674403.005   674687.009   679696.005
   405:   679705.009   679710.005   680035.009   680162.005   680215.009
   410:   681428.005   681639.009   681651.005   682047.009   682305.005
   415:   682405.009   683151.005   683731.009   683891.005   683933.009
   420:   684237.005   684316.009   684898.005   684994.009   685548.005
   425:   686134.009   686186.005   686779.009   687324.005   687341.009
   430:   687607.005   688216.009   689290.005   689342.009   689534.005
   435:   689645.009   689863.005   690577.009   691055.005   691461.009
   440:   695886.005   696169.009   696455.005   696667.009   697455.005
   445:   697843.009   702137.005   702148.009   702367.005   702389.009
   450:   702409.005   702612.009   702801.005   703127.009   703281.005
   455:   703768.009   707736.005   707857.009   707911.005   708525.009
   460:   708568.005   708758.009   737298.005   737665.009   737689.005
   465:   737697.009   737728.005   738169.009   739338.005   739963.009
   470:   740010.005   740124.009   740167.005   740223.009   740245.005
   475:   740864.009   742747.005   742759.009   742775.005   743061.009
   480:   743245.005   743271.009   744063.005   744533.009   744589.005
   485:   744648.009   744676.005   745067.009   745198.005   745235.009
   490:   772369.005   773094.009   774045.005   774484.009   776391.001
   495:   776392.018   776962.003   776968.016   777018.026   777421.005
   500:   778145.009   778208.005   778690.009   778782.005   779318.009
   505:   780167.005   780607.009   780951.005   781402.009   782115.005
   510:   782584.009   782708.005   782898.009   785992.005   786761.009
   515:   801372.005   801375.009   801391.005   801860.009   802066.005
   520:   802241.009   802608.005   802714.009   802910.005   803171.009
   525:   810193.005   810657.009   810899.005   811856.009   814059.005
   530:   814303.009   814315.005   814652.009   830806.005   831191.009
   535:   831276.005   831738.009   832992.005   833498.009   833534.005
   540:   834591.009   834602.005   835139.009   835370.005   835391.009
   545:   835670.005   835888.009   837016.005   837032.009   837061.005
   550:   837250.009   841905.005   842178.009   842345.005   842378.009
   555:   844753.005   845855.009   858625.005   859406.009   861252.005
   560:   861431.009   862261.005   863790.009   864975.005   865043.009
   565:   865082.005   865577.009   865632.005   865755.009   865817.005
   570:   866054.009   870236.005   870667.009   870765.005   870778.009
   575:   871048.005   871296.009   896559.005   897022.009   897037.005
   580:   897114.009   897142.005   898080.009   898195.005   898525.009
   585:   899227.005   899692.009   901685.005   901772.009   901809.005
   590:   902587.009   904486.005   904502.009   904518.005   905193.009
   595:   934771.005   934790.009   934812.005   935284.009   935323.005
   600:   935332.009   935553.005   936876.009   938615.001   938616.018
   605:   938784.003   938790.016   938840.026   939415.005   940864.009
   610:   941323.005   941735.009   941816.005   942377.009   942738.005
   615:   942771.009   943538.005   943653.009   944848.005   945175.009
   620:   946402.005   946541.009   948700.005   948980.009   949148.005
   625:   949756.009   954941.005   954952.009   954981.005   955010.009
   630:   955084.005   955099.009   955135.005   955381.009   955395.005
   635:   955447.009   955550.005   955804.009   956076.005   956131.009
   640:   961821.005   961893.009   961924.005   961941.009   961988.005
   645:   962476.009   962487.005   962970.009   964905.005   965418.009
   650:   980344.005   980723.009   980810.005   980904.009   981015.005
   655:   981135.009   982985.005   983243.009   983518.005   983793.009
   660:   995209.005   995619.009   995710.005   995852.009   995952.005
   665:   996428.009   997717.001   997718.018   998508.003   998514.016
   670:   998564.026   999188.005   999779.009   999913.005   999931.009
   675:   999934.005  1000318.009  1000847.005  1001097.009  1001168.005
   680:  1001838.009  1002023.005  1002494.009  1003572.005  1003748.009
   685:  1003766.005  1003774.009  1005611.001  1005612.018  1005642.003
   690:  1005648.016  1005698.026  1006412.005  1007043.009  1007277.005
   695:  1007763.009  1007843.005  1008298.009  1009473.005  1009967.009
   700:  1010055.005  1010272.009  1011248.001  1011249.018  1013360.003
   705:  1013366.016  1013416.026  1013803.005  1014427.009  1014464.005
   710:  1016001.009  1017494.005  1017503.009  1017663.005  1018070.009
   715:  1018252.005  1018259.009  1018269.005  1018327.009  1018833.005
   720:  1018995.009  1019755.005  1020581.009  1020803.005  1020839.009
   725:  1021941.005  1022175.009  1022328.005  1022558.009  1023843.005
   730:  1024348.009  1025113.005  1025211.009  1027186.005  1027794.009
   735:  1027835.005  1027932.009  1029440.005  1029522.009  1029597.005
   740:  1030304.009  1030409.005  1030715.009  1033311.005  1033872.009
   745:  1034215.005  1034442.009  1034536.005  1034743.009  1034749.005
   750:  1034776.009  1034852.005  1034864.009  1035729.001  1035730.018
   755:  1036327.003  1036333.016  1036383.026  1038254.005  1038325.009
   760:  1038451.005  1039274.009  1039314.005  1039592.009  1039713.005
   765:  1040244.009  1040270.005  1040815.009  1041163.005  1041177.009
   770:  1042982.005  1043254.009  1043446.005  1043643.009  1044876.001
   775:  1044877.018  1045115.003  1045121.016  1045171.026  1045368.001
   780:  1045369.018  1045897.003  1045903.016  1045952.001  1045953.026
   785:  1045956.018  1046026.003  1046032.016  1046082.026  1046108.001
   790:  1046109.018  1046550.003  1046556.016  1046606.001  1046606.026
   795:  1046609.018  1046779.003  1046785.016  1046835.026  1047378.005
   800:  1049532.009  1055836.005  1057050.009  1057064.005  1057083.009
   805:  1058305.005  1058547.009  1058575.005  1058583.009  1059033.005
   810:  1059847.009  1059927.005  1059936.009  1059982.005  1060212.009
   815:  1062177.005  1062692.009  1062755.005  1063384.009  1063385.005
   820:  1063428.009  1063672.005  1063820.009  1063888.005  1064061.009
   825:  1065153.005  1065326.009  1065396.005  1065412.009  1065434.005
   830:  1065476.009  1065497.005  1065532.009  1065561.005  1065591.009
   835:  1066643.005  1066949.009  1072863.005  1073706.009  1073757.005
   840:  1074600.009  1074801.005  1074815.009  1076308.001  1076309.018
   845:  1076518.003  1076524.016  1076568.001  1076574.026  1076577.018
   850:  1076604.003  1076610.016  1076647.001  1076660.026  1076663.018
   855:  1076732.005  1076763.009  1077183.003  1077189.016  1077239.026
   860:  1077828.005  1079805.009  1081000.005  1081507.009  1081654.005
   865:  1081668.009  1081688.005  1081916.009  1082030.005  1082233.009
   870:  1084106.005  1084212.009  1084247.005  1084623.009  1084684.005
   875:  1084741.009  1088041.005  1088530.009  1090777.005  1090865.009
   880:  1090911.005  1091644.009  1094037.005  1094128.009  1094640.005
   885:  1095031.009  1095304.005  1095359.009  1105407.005  1105429.009
   890:  1105449.005  1105879.009  1107243.005  1107406.009  1110160.005
   895:  1110549.009  1111184.005  1111207.009  1111250.005  1111478.009
   900:  1111525.005  1111733.009  1113574.001  1113575.018  1114025.003
   905:  1114031.016  1114081.026  1114343.005  1115806.009  1115810.005
   910:  1115830.009  1120928.005  1121304.009  1132852.005  1133326.009
   915:  1145462.005  1145724.009  1145760.005  1146043.009  1151550.005
   920:  1152047.009  1154673.005  1155145.009  1155149.005  1155418.009
   925:  1156085.005  1156696.009  1168500.005  1168879.009  1169019.005
   930:  1169132.009  1170564.005  1170933.009  1183038.005  1183061.009
   935:  1183070.005  1183784.009  1185322.005  1185360.009  1189023.005
   940:  1189045.009  1189124.005  1189487.009  1189921.005  1190004.009
   945:  1190014.005  1190741.009  1191366.005  1191640.009  1192451.001
   950:  1192452.018  1193254.003  1193260.016  1193310.026  1193813.005
   955:  1193870.009  1193943.005  1194564.009  1194744.005  1194757.009
   960:  1194777.005  1195084.009  1195091.005  1195503.009  1197665.005
   965:  1197990.009  1199011.001  1199012.018  1199869.003  1199875.016
   970:  1199925.026  1200873.005  1201738.009  1205349.005  1205754.009
   975:  1216518.005  1216877.009  1220696.005  1220908.009  1233465.005
   980:  1233826.009  1233958.005  1233974.009  1235523.001  1235524.018
   985:  1235618.003  1235624.016  1235673.001  1235674.026  1235677.018
   990:  1236389.003  1236395.016  1236445.026  1236660.005  1237844.009
   995:  1238932.005  1238943.009  1238972.005  1239008.009  1239022.005
  1000:  1239573.009  1239667.005  1239678.009  1239709.005  1239741.009
  1005:  1239749.005  1239813.009  1239820.005  1239916.009  1240007.005
  1010:  1240037.009  1241329.005  1241843.009  1242269.005  1242375.009
  1015:  1243231.005  1243257.009  1244715.005  1244898.009  1244912.005
  1020:  1245302.009  1245321.005  1245808.009  1247769.005  1248055.009
  1025:  1248193.005  1248339.009  1251177.005  1251272.009  1251374.005
  1030:  1251580.009  1253762.005  1253796.009  1253811.005  1253936.009
  1035:  1254172.005  1254280.009  1263375.005  1263395.009  1263411.005
  1040:  1263610.009  1285172.005  1285386.009  1285416.005  1285673.009
  1045:  1288251.001  1288252.018  1289021.003  1289027.016  1289077.026
  1050:  1289455.005  1289509.009  1289524.005  1289589.009  1289603.005
  1055:  1289677.009  1289679.005  1290776.009  1291507.005  1291557.009
  1060:  1293138.001  1293139.018  1293966.003  1293972.016  1294022.026
  1065:  1294380.005  1294455.009  1294457.005  1295627.009  1297095.005
  1070:  1297112.009  1297142.005  1297232.009  1303299.005  1303377.009
  1075:  1348967.001  1348968.018  1349973.003  1349979.016  1350029.026
  1080:  1350377.005  1351868.009  1352668.005  1352683.009  1355007.005
  1085:  1355355.009  1356128.001  1356129.018  1356817.003  1356823.016
  1090:  1356858.001  1356873.026  1356876.018  1356901.003  1356907.016
  1095:  1356957.026  1357164.005  1358940.009  1363799.005  1364198.009
  1100:  1365195.001  1365196.018  1366115.003  1366121.016  1366171.026
  1105:  1366471.005  1367348.009  1373280.005  1373670.009  1376253.005
  1110:  1376736.009  1380281.005  1380570.009  1380694.005  1381001.009
  1115:  1386271.001  1386272.018  1386705.003  1386711.016  1386761.026
  1120:  1386773.001  1386774.018  1386936.003  1386942.016  1386992.026
  1125:  1387106.005  1387655.009  1387741.005  1387764.009  1387794.005
  1130:  1387879.009  1388528.005  1388953.009  1393834.005  1394411.009
  1135:  1398197.005  1398346.009  1418166.005  1418594.009  1418598.005
  1140:  1418730.009  1419654.001  1419655.018  1419922.003  1419928.016
  1145:  1419978.026  1420017.001  1420018.018  1420056.003  1420062.016
  1150:  1420112.026  1420275.005  1420657.009  1421545.005  1421947.009
  1155:  1424147.001  1424148.018  1425268.003  1425274.016  1425324.026
  1160:  1425549.005  1425560.009  1425565.005  1426205.009  1428221.005
  1165:  1428296.009  1428321.005  1428339.009  1428348.005  1428390.009
  1170:  1428503.005  1429108.009  1453885.005  1453973.009  1453992.005
  1175:  1454017.009  1456388.005  1456398.009  1456425.005  1456601.009
  1180:  1483310.001  1483311.018  1483514.003  1483520.016  1483570.026
  1185:  1483902.005  1484599.009  1484677.005  1484778.009  1485777.005
  1190:  1485931.009  1487139.001  1487140.018  1487985.003  1487991.016
  1195:  1488041.026  1488280.005  1488340.009  1488446.005  1488623.009
  1200:  1489025.005  1489557.009
B:
     0:        0.000       42.000        0.000       42.000        0.000
     5:      495.000        0.000        0.000        0.000      495.000
    10:        0.000        1.000        0.000        1.000        0.000
    15:        0.000       42.000        0.000       42.000        0.000
    20:        0.000        0.000        0.000        0.000        0.000
    25:        0.000       42.000        0.000        0.000        0.000
    30:        0.000
D:
     0:  1594359.000  1593514.000  1594360.000
E:
     0:        0.000        0.000
S:
     0:        0.000        1.000
T:
     0:        0.000        0.000        0.000        0.000
W:
     0:        0.000        0.000        0.000
