File: C:\MED-PC IV\Data\Reyes\BD\BD0117.999


Start Date: 03/31/26
End Date: 03/31/26
Subject: 117
Experiment: BD
Group: ERROR_M
Box: 1
Start Time: 11:13:14
End Time: 11:36:48
MSN: autoshapeRecordingLeverPresses
C:       0.000
F:      60.000
G:       0.000
H:       0.000
I:       0.000
J:       0.000
K:       0.000
L:       0.000
M:       0.000
N:       0.000
O:       0.000
P:       0.000
Q:       0.000
R:       0.000
U:    4743.000
V:       0.000
X:       0.000
Y:     614.000
Z:       0.000
A:
     0:     5555.005     5824.009     5832.005     5848.009     5982.005
     5:     6373.009     6477.005     7061.009     7484.005     7619.009
    10:    14212.005    14911.009    15000.013    15000.011    15079.005
    15:    15297.009    16028.001    16029.018    16685.003    16691.016
    20:    16741.026    17179.005    17467.009    17562.005    18774.009
    25:    18942.005    19091.009    19647.005    19722.009    28147.001
    30:    28148.018    28546.003    28552.016    28602.026    29304.005
    35:    29916.009    30010.005    30198.009    30303.005    30318.009
    40:    30341.005    30526.009    30919.001    30920.018    31088.003
    45:    31094.016    31144.026    31355.001    31356.018    31467.003
    50:    31473.016    31523.026    31824.005    32773.009    32831.005
    55:    33029.009    33087.005    33346.009    33731.005    33917.009
    60:    33928.005    33939.009    36072.001    36073.018    36211.003
    65:    36217.016    36267.026    36555.005    36741.009    36832.005
    70:    37160.009    37214.005    37228.009    37230.005    38241.009
    75:    43334.005    43556.009    43685.005    43703.009    43705.005
    80:    43748.009    43809.005    43821.009    45074.005    45493.009
    85:    47208.005    47322.009    47528.005    47787.009    47856.005
    90:    47949.009    47961.005    47979.009    59640.005    59978.009
    95:    60060.005    60074.009    60443.001    60444.018    60562.003
   100:    60568.016    60618.026    61358.005    61600.009    61781.005
   105:    62480.009    62541.005    62561.009    62578.005    62732.009
   110:    63031.001    63032.018    64371.003    64377.016    64427.026
   115:    64657.005    65206.009    65700.005    65735.009    65760.005
   120:    65773.009    65799.005    65867.009    65873.005    65897.009
   125:    66013.005    66022.009    66614.005    66932.009    67768.001
   130:    67769.018    68352.003    68358.016    68408.026    68706.005
   135:    69275.009    69447.005    69490.009    69702.005    70055.009
   140:    72289.005    72551.009    73868.001    73869.018    74442.003
   145:    74448.016    74498.026    74617.001    74618.018    74710.003
   150:    74716.016    74766.026    74941.005    75823.009    76271.005
   155:    76276.009    76518.001    76519.018    76742.003    76748.016
   160:    76798.026    77489.005    78635.009    78713.005    78725.009
   165:    78736.005    78778.009    79116.001    79117.018    80645.003
   170:    80651.016    80701.026    80852.005    81821.009    82084.005
   175:    82098.009    83471.001    83472.018    83695.003    83701.016
   180:    83715.001    83751.026    83754.018    83803.003    83809.016
   185:    83859.026    83915.005    85075.009    85096.005    85280.009
   190:    87089.005    87334.009    87441.005    87722.009    88795.001
   195:    88796.018    89011.003    89017.016    89067.026    89289.005
   200:    90091.009    90212.005    90555.009   101129.005   101297.009
   205:   101505.001   101506.018   101745.003   101751.016   101801.026
   210:   102035.005   102619.009   103269.001   103270.018   103416.003
   215:   103422.016   103472.026   103759.005   104167.009   104191.005
   220:   104341.009   104607.001   104608.018   105244.003   105250.016
   225:   105300.026   106617.005   107210.009   112123.005   112658.009
   230:   112712.005   112720.009   113006.001   113007.018   113208.003
   235:   113214.016   113264.026   113422.005   113435.009   113604.005
   240:   114073.009   114283.005   114419.009   115156.001   115157.018
   245:   115364.003   115370.016   115420.026   115563.005   116484.009
   250:   117294.001   117295.018   117543.003   117549.016   117599.026
   255:   117793.005   118197.009   118236.005   118453.009   118960.001
   260:   118961.018   119930.003   119936.016   119986.026   120036.005
   265:   120180.009   120379.005   120833.009   121081.005   121245.009
   270:   127361.001   127362.018   127439.003   127445.016   127495.026
   275:   127655.005   128297.009   129543.005   130042.009   133289.005
   280:   133425.009   137820.005   137949.009   137969.005   138052.009
   285:   138655.001   138656.018   138927.003   138933.001   138933.016
   290:   138983.026   138986.018   139124.003   139130.016   139152.005
   295:   139180.026   140191.009   140383.005   140639.009   140719.005
   300:   141176.009   141572.005   141582.009   141618.005   142031.009
   305:   142147.005   142164.009   142181.005   142221.009   142273.005
   310:   142470.009   142699.005   142922.009   143440.001   143441.018
   315:   143952.003   143958.016   144008.026   144010.005   144852.009
   320:   146202.005   146391.009   147088.001   147089.018   147590.003
   325:   147596.016   147646.026   147692.001   147693.018   147717.003
   330:   147723.016   147773.026   147930.005   149063.009   149321.005
   335:   149340.009   149364.005   149393.009   149402.005   149508.009
   340:   151370.005   152072.009   152951.001   152952.018   153343.003
   345:   153349.016   153399.026   153557.005   154049.009   154198.005
   350:   154219.009   154421.005   154432.009   154469.005   154549.009
   355:   154607.005   154743.009   155229.001   155230.018   155864.003
   360:   155870.016   155920.026   156227.005   156868.009   157675.001
   365:   157676.018   158750.003   158756.016   158806.026   159027.005
   370:   159423.009   161143.005   161397.009   161446.005   161454.009
   375:   163124.001   163125.018   163640.003   163646.016   163696.026
   380:   163849.005   164470.009   164728.005   164853.009   170396.005
   385:   170419.009   178521.005   178749.009   179246.001   179247.018
   390:   179486.003   179492.016   179542.026   179852.005   180310.009
   395:   180668.001   180669.018   181165.003   181171.016   181221.026
   400:   181309.001   181310.018   181422.003   181428.016   181478.026
   405:   181605.005   181960.009   183121.005   183517.009   186791.005
   410:   187062.009   187064.005   187268.009   189043.005   189367.009
   415:   189721.001   189722.018   190864.003   190870.016   190920.026
   420:   191081.005   191094.009   191109.005   191448.009   192277.005
   425:   192474.009   194258.005   194419.009   194653.001   194654.018
   430:   194963.003   194969.016   195019.026   195362.005   196174.009
   435:   197104.005   197181.009   212803.005   212962.009   214625.001
   440:   214626.018   215394.005   215412.003   215418.016   215468.026
   445:   215904.009   215935.005   215953.009   217158.005   217369.009
   450:   217511.005   217751.009   217871.005   219547.009   220578.005
   455:   220970.009   221877.001   221878.018   222297.003   222303.016
   460:   222353.026   222537.005   223083.009   223089.005   223098.009
   465:   265599.001   265600.018   266024.003   266030.016   266080.026
   470:   266238.005   266268.009   266382.005   266499.009   285898.001
   475:   285899.018   286128.003   286134.016   286183.001   286184.026
   480:   286187.018   286376.003   286382.016   286432.026   286628.005
   485:   286748.009   287470.001   287471.018   287704.003   287710.016
   490:   287760.026   288309.001   288310.018   288483.003   288489.016
   495:   288539.026   288753.005   289918.009   301220.001   301221.018
   500:   301470.003   301476.016   301526.026   301586.001   301587.018
   505:   301731.003   301737.016   301787.026   302068.005   302164.009
   510:   341226.005   341441.009   341504.005   342563.009   343124.001
   515:   343125.018   343301.003   343307.016   343357.026   343506.005
   520:   343723.009   392354.001   392355.018   395302.003   395308.016
   525:   395358.026   396303.001   396304.018   397400.003   397406.016
   530:   397441.001   397456.026   397459.018   397695.003   397701.016
   535:   397751.026   438865.001   438866.018   440125.003   440131.016
   540:   440181.026   440401.005   440421.009   440456.005   440481.009
   545:   548253.001   548254.018   551386.003   551392.016   551442.026
   550:   551479.005   552300.009   560547.005   560911.009   648586.001
   555:   648587.018   648835.003   648841.016   648879.001   648891.026
   560:   648894.018   649125.003   649131.016   649181.026   649422.005
   565:   649425.009   650918.001   650919.018   651153.003   651159.016
   570:   651209.026   686549.005   686706.009   691467.001   691468.018
   575:   691832.003   691838.016   691888.026   692269.005   692500.009
   580:   692826.001   692827.018   694036.003   694042.016   694092.026
   585:   694981.001   694982.018   695827.003   695833.016   695876.001
   590:   695883.026   695886.018   695962.003   695968.016   696018.026
   595:   696337.005   696633.009   696650.005   696856.009   697768.005
   600:   697790.009   697820.005   698755.009   702839.005   702859.009
   605:   702883.005   702922.009   702930.005   703195.009   704400.001
   610:   704401.018   706487.003   706493.016   706543.026
B:
     0:        0.000       60.000        0.000       60.000        0.000
     5:      156.000        0.000        0.000        0.000      156.000
    10:        0.000        1.000        0.000        1.000        0.000
    15:        0.000       60.000        0.000       60.000        0.000
    20:        0.000        0.000        0.000        0.000        0.000
    25:        0.000       60.000        0.000        0.000        0.000
    30:        0.000
D:
     0:   711229.000   709143.000   711230.000
E:
     0:        0.000        0.000
S:
     0:        0.000        1.000
T:
     0:        0.000        0.000        0.000        0.000
W:
     0:        0.000        0.000        0.000
