File: C:\MED-PC IV\Data\Reyes\BD\BD2120.999


Start Date: 04/08/26
End Date: 04/08/26
Subject: 120
Experiment: BD
Group: ERROR_M
Box: 4
Start Time: 11:38:10
End Time: 12:28:10
MSN: DRRD_lin_nosepoke
C:       0.000
F:       0.000
G:       0.000
H:       0.000
I:       0.000
J:       0.000
K:    2000.000
L:       0.000
M:       0.000
N:       1.000
O:       0.000
P:       0.000
Q:       0.000
R:       0.000
S:       0.000
U:  303139.000
V:       0.000
X:       0.000
Y:    1849.000
Z:       0.000
A:
     0:      215.005      638.009     5943.005     5988.009     6776.005
     5:     6777.009     6786.005     6980.009    15000.013    15000.011
    10:    15337.001    15674.003    15805.001    16104.003    16215.005
    15:    16352.009    16788.001    17229.003    17348.005    17454.009
    20:    17743.001    18391.003    18489.005    18641.009    18927.001
    25:    19682.003    19760.005    19909.009    20377.001    21377.018
    30:    21818.003    21892.005    21893.016    21943.026    22463.009
    35:    22937.001    22958.003    23000.001    23294.003    23319.001
    40:    23414.003    23432.001    24845.003    24934.005    25217.009
    45:    25808.001    26808.018    26962.003    27035.005    27036.016
    50:    27086.026    27484.009    27945.001    28945.018    29222.003
    55:    29305.005    29306.016    29356.026    29718.009    30058.001
    60:    31058.018    32029.003    32108.005    32109.016    32159.026
    65:    32703.009    33419.001    34419.018    35071.003    35142.005
    70:    35143.016    35193.026    35601.009    36166.001    37166.018
    75:    37978.003    38067.005    38068.016    38118.026    38582.009
    80:    39754.001    40754.018    40884.003    40965.005    40966.016
    85:    41016.026    41388.009    41861.001    42861.018    43913.003
    90:    43994.005    43995.016    44045.026    44617.009    45181.001
    95:    46181.018    46559.003    46641.005    46642.016    46692.026
   100:    47618.009    48351.001    49351.018    49538.003    49624.005
   105:    49625.016    49675.026    50019.009    52918.001    53375.003
   110:    53389.001    54278.003    54371.005    54533.009    54882.001
   115:    55882.018    56256.003    56349.005    56350.016    56400.026
   120:    56846.009    57386.001    57408.003    57452.001    57533.003
   125:    57672.001    58884.003    58960.005    59165.009    59831.001
   130:    59875.003    59904.001    60969.003    61046.005    61220.009
   135:    61642.001    61682.003    61708.001    61824.003    61843.001
   140:    62718.003    62802.005    62966.009    64484.001    65443.003
   145:    65521.005    65669.009    66071.001    66820.003    66864.001
   150:    67015.003    67104.001    68222.003    68298.005    68444.009
   155:    69339.001    70339.018    70727.003    70802.005    70803.016
   160:    70853.026    71189.009    71417.001    72417.018    73229.003
   165:    73309.005    73310.016    73360.026    73650.009    74013.001
   170:    74166.003    74208.001    74276.003    74318.001    75698.003
   175:    75790.005    75988.009    76309.001    77309.018    77703.003
   180:    77772.005    77773.016    77823.026    78209.009    78219.005
   185:    78269.009    78652.001    79652.018    80559.003    80620.005
   190:    80621.016    80671.026    81041.009    82333.001    83333.018
   195:    83574.003    83651.005    83652.016    83702.026    84145.009
   200:    84503.001    85503.018    85800.003    85925.005    85926.016
   205:    85976.026    86447.009    86886.001    87886.018    88176.003
   210:    88216.001    88871.003    88960.005    88961.016    89011.026
   215:    89550.009    90374.001    91108.003    91133.001    91869.003
   220:    91953.005    92167.009    92683.001    93683.018    94399.003
   225:    94478.005    94479.016    94529.026    94965.009    96277.001
   230:    97277.018    97875.003    97966.005    97967.016    98017.026
   235:    98398.009    98872.001    99872.018   101253.003   101347.005
   240:   101348.016   101398.026   102201.009   104189.001   105189.018
   245:   105216.003   105293.005   105294.016   105344.026   106253.009
   250:   108909.001   109909.018   110160.003   110233.005   110234.016
   255:   110284.026   110744.009   111851.001   112851.018   113338.003
   260:   113441.005   113442.016   113492.026   113847.009   116652.005
   265:   116680.009   116985.001   117967.003   118062.005   118244.009
   270:   118731.001   119731.018   120056.003   120162.005   120163.016
   275:   120213.026   120545.009   121764.001   122764.018   123296.003
   280:   123379.005   123380.016   123430.026   123879.009   125947.001
   285:   126947.018   127379.003   127463.005   127464.016   127514.026
   290:   128030.009   129716.001   130716.018   130999.003   131096.005
   295:   131097.016   131147.026   131616.009   133364.001   133418.003
   300:   133465.001   133930.003   134001.001   134125.003   134258.005
   305:   134416.009   136743.001   137338.003   137384.001   137990.003
   310:   138092.005   138257.009   139048.001   139564.003   139587.001
   315:   140292.003   140381.005   140557.009   161462.005   161915.009
   320:   163983.005   164043.009   169494.005   169613.009   176806.005
   325:   176956.009   177381.005   177631.009   181734.005   181822.009
   330:   182122.001   183122.018   183588.003   183689.005   183690.016
   335:   183740.026   184142.009   184179.005   184199.009   184474.005
   340:   185293.009   186027.001   187027.018   187391.003   187489.005
   345:   187490.016   187540.026   188584.009   189186.001   190186.018
   350:   190507.003   190593.005   190594.016   190644.026   191039.009
   355:   191055.005   191338.009   192752.001   192987.003   193020.001
   360:   194415.003   194504.005   194777.009   195229.001   195726.003
   365:   195812.001   196825.003   196926.005   197094.009   231672.005
   370:   231756.009   236445.005   236835.009   241499.005   241688.009
   375:   242062.001   243062.018   243669.003   243733.005   243734.016
   380:   243784.026   244253.009   244274.005   244279.009   244302.005
   385:   244484.009   244534.005   244575.009   245659.001   246659.018
   390:   247538.003   247642.005   247643.016   247693.026   248397.009
   395:   248423.005   248432.009   248474.005   248476.009   248498.005
   400:   248509.009   248552.005   248554.009   249888.001   250888.018
   405:   251487.003   251579.005   251580.016   251630.026   252622.009
   410:   252642.005   252646.009   252648.005   252658.009   254037.001
   415:   255037.018   255955.003   256039.005   256040.016   256090.026
   420:   256546.009   256689.005   256792.009   256821.005   256920.009
   425:   259478.001   260478.018   260812.003   260912.005   260913.016
   430:   260963.026   261698.009   263379.001   264379.018   265142.003
   435:   265213.005   265214.016   265264.026   266321.009   268245.001
   440:   269245.018   269624.003   269724.005   269725.016   269775.026
   445:   270152.009   272548.001   273548.018   273967.003   274045.005
   450:   274046.016   274096.026   274553.009   276537.001   277537.018
   455:   277997.003   278090.005   278091.016   278141.026   278635.009
   460:   280272.001   281272.018   281575.003   281648.005   281649.016
   465:   281699.026   282074.009   284348.001   285348.018   285614.003
   470:   285693.005   285694.016   285744.026   286345.009   286368.005
   475:   286374.009   286406.005   286414.009   286529.005   286548.009
   480:   288345.001   289345.018   289433.003   289522.005   289523.016
   485:   289573.026   289980.009   292219.001   293219.018   293651.003
   490:   293741.005   293742.016   293792.026   294348.009   295898.001
   495:   296898.018   297301.003   297378.005   297379.016   297429.026
   500:   297856.009   299941.001   300941.018   301352.003   301421.005
   505:   301422.016   301472.026   301842.009   306074.001   306197.003
   510:   306246.001   307624.003   307702.005   307889.009   308304.001
   515:   309304.018   310227.003   310305.005   310306.016   310356.026
   520:   310767.009   310773.005   310788.009   311886.001   312886.018
   525:   313831.003   313918.005   313919.016   313969.026   314542.009
   530:   314562.005   314597.009   314611.005   314613.009   314638.005
   535:   314645.009   314690.005   314693.009   316037.001   317037.018
   540:   317337.003   317417.005   317418.016   317468.026   318048.009
   545:   319530.001   320530.018   321022.003   321125.005   321126.016
   550:   321176.026   322270.009   323198.001   324198.018   324862.003
   555:   324951.005   324952.016   325002.026   326103.009   327398.001
   560:   328398.018   328684.003   328781.005   328782.016   328832.026
   565:   329572.009   330730.001   331730.018   332253.003   332353.005
   570:   332354.016   332404.026   332824.009   335329.001   336329.018
   575:   336936.003   337007.005   337008.016   337058.026   337437.009
   580:   339405.001   340405.018   341346.003   341444.005   341445.016
   585:   341495.026   341889.009   343323.001   344323.018   344936.003
   590:   345020.005   345021.016   345071.026   345502.009   347077.001
   595:   348077.018   348691.003   348766.005   348767.016   348817.026
   600:   349342.009   351124.001   352124.018   352479.003   352601.005
   605:   352602.016   352652.026   353264.009   354021.005   354116.009
   610:   358899.001   359887.003   359982.005   360189.009   360268.005
   615:   360559.009   361173.001   362173.018   362901.003   362986.005
   620:   362987.016   363037.026   363686.009   366791.001   366883.003
   625:   366966.001   368066.003   368176.005   368354.009   369128.001
   630:   370128.018   370960.003   371049.005   371050.016   371100.026
   635:   371577.009   372601.001   373601.018   373992.003   374699.001
   640:   375728.003   375821.005   375822.016   375872.026   376631.009
   645:   376687.005   376719.009   378241.001   379241.018   379820.003
   650:   379935.005   379936.016   379986.026   381051.009   381075.005
   655:   381083.009   381209.005   381211.009   381235.005   381244.009
   660:   383434.001   384434.018   384507.003   384616.005   384617.016
   665:   384667.026   385095.009   385143.005   385162.009   387902.001
   670:   388691.003   388707.001   389200.003   389319.005   389541.009
   675:   390123.001   391123.018   392137.003   392187.005   392188.016
   680:   392238.026   393001.009   393039.005   393076.009   394468.001
   685:   395468.018   396466.003   396573.005   396574.016   396624.026
   690:   397097.009   398535.001   399535.018   400578.003   400681.005
   695:   400682.016   400732.026   401237.009   401319.005   401367.009
   700:   403172.001   404172.018   404705.003   404794.005   404795.016
   705:   404845.026   405330.009   405538.005   405761.009   407258.001
   710:   408258.018   409351.003   409451.005   409452.016   409502.026
   715:   410568.009   410772.005   410789.009   414075.001   414161.003
   720:   414306.001   414356.003   414677.005   414793.009   415079.001
   725:   416079.018   416533.003   416651.005   416652.016   416702.026
   730:   417570.009   425786.005   425990.009   426349.001   427349.018
   735:   428033.003   428196.005   428197.016   428247.026   428746.009
   740:   428788.005   428797.009   429934.001   430934.018   431680.003
   745:   431709.005   431710.016   431760.026   432475.009   434362.001
   750:   435362.018   436278.003   436369.005   436370.016   436420.026
   755:   436863.009   438520.001   439520.018   440520.003   440596.005
   760:   440597.016   440647.026   441487.009   441699.005   441739.009
   765:   444890.001   445890.018   446558.003   446640.005   446641.016
   770:   446691.026   447293.009   447305.005   447312.009   447323.005
   775:   447343.009   447510.005   447522.009   448709.001   449709.018
   780:   450605.003   450714.005   450715.016   450765.026   451109.009
   785:   451175.005   451184.009   451278.005   451325.009   453278.001
   790:   454278.018   454763.003   454819.005   454820.016   454870.026
   795:   455329.009   455339.005   455342.009   455353.005   455401.009
   800:   457816.001   458816.018   459407.003   459499.005   459500.016
   805:   459550.026   460755.009   460770.005   460783.009   462131.001
   810:   463131.018   464142.003   464224.005   464225.016   464275.026
   815:   464706.009   466362.001   467362.018   469232.003   469344.005
   820:   469345.016   469395.026   469773.009   469805.005   469814.009
   825:   472039.001   473039.018   474255.003   474328.005   474329.016
   830:   474379.026   476446.009   476502.005   476504.009   477631.001
   835:   478631.018   479754.003   479844.005   479845.016   479895.026
   840:   480323.009   480368.005   480378.009   480476.005   480480.009
   845:   481656.001   482656.018   483699.003   483800.005   483801.016
   850:   483851.026   484215.009   484314.005   484336.009   486247.001
   855:   487247.018   488075.003   488188.005   488189.016   488239.026
   860:   488516.009   502610.005   502944.009   531376.001   531791.003
   865:   549266.005   549443.009   549892.001   550133.003   550233.001
   870:   551387.003   551462.005   551632.009   552046.001   553046.018
   875:   553662.003   553711.005   553712.016   553762.026   554432.009
   880:   554554.005   554562.009   555299.001   556299.018   557226.003
   885:   557295.001   557344.003   557368.005   557369.016   557419.026
   890:   557783.009   557794.005   557832.009   559424.001   560424.018
   895:   561186.003   561260.005   561261.016   561311.026   561753.009
   900:   561778.005   561827.009   562930.001   563930.018   564520.003
   905:   564586.005   564587.016   564637.026   565259.009   566634.001
   910:   566694.003   566859.001   568168.003   568242.005   569060.009
   915:   569626.001   570481.003   570486.001   571560.003   571617.005
   920:   572108.009   573654.001   574654.018   575002.003   575081.005
   925:   575082.016   575132.026   575620.009   576383.001   577383.018
   930:   577852.003   577891.001   578398.003   578475.005   578476.016
   935:   578526.026   578924.009   579067.005   579086.009   579137.005
   940:   579146.009   580619.001   581619.018   581917.003   582000.005
   945:   582001.016   582051.026   582450.009   584333.001   585333.018
   950:   586282.003   586366.005   586367.016   586417.026   587291.009
   955:   587323.005   587326.009   587345.005   587349.009   589299.001
   960:   590299.018   590930.003   591013.005   591014.016   591064.026
   965:   591529.009   591864.005   591996.009   592047.005   592073.009
   970:   593765.001   594765.018   595981.003   595988.005   595989.016
   975:   596039.026   597307.009   597339.005   597348.009   597379.005
   980:   597384.009   597395.005   597426.009   599870.001   600870.018
   985:   601536.003   601618.005   601619.016   601669.026   602104.009
   990:   602153.005   602165.009   603544.001   604544.018   605628.003
   995:   605665.005   605666.016   605716.026   606164.009   608270.001
  1000:   609270.018   610773.003   610797.005   610798.016   610848.026
  1005:   611478.009   614300.001   615300.018   615932.003   615983.005
  1010:   615984.016   616034.026   616720.009   616747.005   616761.009
  1015:   618496.001   619496.018   620205.003   620266.005   620267.016
  1020:   620317.026   620884.009   623951.001   624951.018   625674.003
  1025:   625690.005   625691.016   625741.026   626421.009   626452.005
  1030:   626475.009   626487.005   626496.009   626571.005   626576.009
  1035:   626586.005   626596.009   629319.001   630319.018   631201.003
  1040:   631261.005   631262.016   631312.026   631705.009   631771.005
  1045:   631774.009   632122.005   632131.009   632303.005   632369.009
  1050:   636904.001   637904.018   638076.003   638177.005   638178.016
  1055:   638228.026   638662.009   638702.005   638733.009   638898.005
  1060:   639025.009   639034.005   639063.009   640732.001   641732.018
  1065:   642233.003   642330.005   642331.016   642381.026   642982.009
  1070:   643037.005   643047.009   643178.005   643238.009   643253.005
  1075:   643266.009   643295.005   643442.009   644728.001   645728.018
  1080:   646772.003   646866.005   646867.016   646917.026   647286.009
  1085:   648513.001   648656.003   648671.001   650827.003   650830.005
  1090:   651101.009   651972.001   652972.018   653825.005   653856.003
  1095:   653858.016   653908.026   654616.009   654826.005   654833.009
  1100:   655845.001   656845.018   657609.003   657711.005   657712.016
  1105:   657762.026   658583.009   660253.001   661253.018   662211.003
  1110:   662306.005   662307.016   662357.026   662892.009   663002.005
  1115:   663009.009   663204.005   663215.009   664265.001   665265.018
  1120:   666359.003   666447.005   666448.016   666498.026   667480.009
  1125:   667481.005   667488.009   669474.001   670474.018   671199.003
  1130:   671228.005   671229.016   671279.026   672161.009   674350.001
  1135:   675350.018   676568.003   676613.005   676614.016   676664.026
  1140:   678119.009   678136.005   678145.009   678168.005   678175.009
  1145:   679521.001   680521.018   681031.003   681133.005   681134.016
  1150:   681184.026   682073.009   682107.005   682111.009   682124.005
  1155:   682129.009   682303.005   682363.009   684255.001   685255.018
  1160:   686087.003   686146.005   686147.016   686197.026   686747.009
  1165:   688592.001   689592.018   690262.003   690365.005   690366.016
  1170:   690416.026   690783.009   690808.005   690817.009   690844.005
  1175:   690850.009   690921.005   690945.009   690960.005   691880.009
  1180:   693884.001   694884.018   695367.003   695454.005   695455.016
  1185:   695505.026   695933.009   698251.001   699251.018   699752.003
  1190:   699837.005   699838.016   699888.026   700300.009   700303.005
  1195:   700553.009   700622.005   700645.009   700713.005   700721.009
  1200:   701493.001   701798.003   703101.001   704528.003   704528.005
  1205:   705349.009   705979.001   706979.018   707044.003   707057.001
  1210:   707419.003   707494.005   707495.016   707545.026   707995.009
  1215:   708035.005   708045.009   708091.005   708094.009   708130.005
  1220:   708143.009   710693.001   711693.018   712235.003   712318.005
  1225:   712319.016   712369.026   712912.009   714541.001   715541.018
  1230:   716327.003   716422.005   716423.016   716473.026   717413.009
  1235:   717481.005   717490.009   719219.001   720219.018   720465.003
  1240:   720551.005   720552.016   720602.026   721350.009   721414.005
  1245:   721425.009   721527.005   721531.009   721546.005   721567.009
  1250:   723475.001   724475.018   725473.003   725539.005   725540.016
  1255:   725590.026   726016.009   726324.005   726414.009   728012.001
  1260:   729012.018   729897.003   729966.005   729967.016   730017.026
  1265:   730479.009   733036.005   733109.009   733186.005   733189.009
  1270:   734306.001   735306.018   735913.003   735937.005   735938.016
  1275:   735988.026   736556.009   736603.005   737004.009   737016.005
  1280:   737043.009   738302.001   739302.018   740141.003   740208.005
  1285:   740209.016   740259.026   740730.009   740789.005   740797.009
  1290:   741133.005   741257.009   743013.001   743115.003   743316.001
  1295:   744406.003   744500.005   745161.009   745205.005   745218.009
  1300:   745988.001   746988.018   747923.003   748020.005   748021.016
  1305:   748071.026   748475.009   748531.005   748537.009   748671.005
  1310:   748830.009   749444.001   750444.018   751891.003   751947.005
  1315:   751948.016   751998.026   752375.009   754451.001   755451.018
  1320:   755951.003   756069.005   756070.016   756120.026   756510.009
  1325:   756548.005   756565.009   756607.005   756615.009   756636.005
  1330:   756647.009   758922.001   759922.018   760334.003   760418.005
  1335:   760419.016   760469.026   760876.009   762783.001   763783.018
  1340:   764560.003   764620.005   764621.016   764671.026   765561.009
  1345:   765596.005   765600.009   765666.005   765667.009   765685.005
  1350:   765693.009   765741.005   765744.009   765757.005   765771.009
  1355:   767396.001   768396.018   769118.003   769131.005   769132.016
  1360:   769182.026   770291.009   770307.005   770347.009   771428.001
  1365:   772428.018   773447.003   773534.005   773535.016   773585.026
  1370:   774296.009   774313.005   774334.009   774454.005   774533.009
  1375:   774621.005   774629.009   776439.001   777439.018   778172.003
  1380:   778203.005   778204.016   778254.026   778631.009   778641.005
  1385:   778665.009   778688.005   778695.009   780650.001   781650.018
  1390:   782409.003   782480.005   782481.016   782531.026   782989.009
  1395:   783007.005   783021.009   783060.005   783065.009   783081.005
  1400:   783091.009   783405.005   783684.009   783736.005   783742.009
  1405:   784139.005   784172.009   784264.005   784666.009   786303.001
  1410:   787303.018   787798.003   787862.005   787863.016   787913.026
  1415:   788346.009   790570.001   791570.018   792117.003   792213.005
  1420:   792214.016   792264.026   792669.009   792739.005   792752.009
  1425:   795836.001   796836.018   797385.003   797447.005   797448.016
  1430:   797498.026   797939.009   797975.005   797989.009   798189.005
  1435:   798263.009   798370.005   798393.009   800641.001   801641.018
  1440:   801853.003   801880.005   801881.016   801931.026   802763.009
  1445:   802769.005   802826.009   802882.005   802905.009   805064.001
  1450:   806064.018   806197.003   806232.005   806233.016   806283.026
  1455:   806843.009   808379.001   809379.018   810068.003   810097.005
  1460:   810098.016   810148.026   810738.009   810760.005   810781.009
  1465:   810882.005   810931.009   813397.001   814397.018   814823.003
  1470:   814869.005   814870.016   814920.026   815316.009   818312.001
  1475:   819312.018   819530.003   819612.005   819613.016   819663.026
  1480:   820100.009   820165.005   820200.009   820235.005   820274.009
  1485:   821380.005   821452.009   823161.001   824161.018   824654.003
  1490:   824677.005   824678.016   824728.026   825962.009   828110.001
  1495:   829110.018   830106.005   830124.003   830126.016   830176.026
  1500:   830666.009   830730.005   830742.009   830871.005   830974.009
  1505:   831011.005   831174.009   831263.005   831271.009   831483.005
  1510:   831497.009   831658.005   831689.009   831780.005   831824.009
  1515:   831831.005   831883.009   831921.005   832122.009   833271.001
  1520:   834271.018   834593.003   834689.005   834690.016   834740.026
  1525:   835696.009   835857.005   835897.009   835916.005   836003.009
  1530:   836522.005   836571.009   836716.005   836720.009   837511.001
  1535:   838511.018   838992.003   839049.005   839050.016   839100.026
  1540:   839583.009   839670.005   839675.009   840170.005   840323.009
  1545:   840498.005   841093.009   841769.001   842769.018   843276.005
  1550:   843278.003   843280.016   843330.026   844555.009   846501.001
  1555:   847501.018   848034.005   848092.003   848094.016   848144.026
  1560:   848575.009   848695.005   848710.009   849154.005   849192.009
  1565:   850588.001   851588.018   852281.003   852336.005   852337.016
  1570:   852387.026   853481.009   853629.005   853638.009   853644.005
  1575:   853650.009   853651.005   853715.009   853731.005   853851.009
  1580:   855068.005   855208.009   855676.001   856676.018   857439.003
  1585:   857470.005   857471.016   857521.026   857997.009   858039.005
  1590:   858065.009   858481.005   858549.009   858623.005   859224.009
  1595:   861172.001   862172.018   862891.003   862941.005   862942.016
  1600:   862992.026   863374.009   863423.005   863435.009   863648.005
  1605:   863875.009   863932.005   863962.009   863992.005   864077.009
  1610:   865708.001   866708.018   867279.003   867368.005   867369.016
  1615:   867419.026   867882.009   869745.001   870745.018   872193.003
  1620:   872234.005   872235.016   872285.026   872659.009   872716.005
  1625:   872734.009   872804.005   873057.009   875294.001   876294.018
  1630:   876863.003   876887.005   876888.016   876938.026   877317.009
  1635:   877437.005   877466.009   879869.001   880869.018   881345.003
  1640:   881354.005   881355.016   881405.026   881728.009   883567.001
  1645:   884567.018   884975.003   885047.005   885048.016   885098.026
  1650:   885911.009   886000.005   886079.009   887008.001   887030.003
  1655:   887114.001   887802.003   887833.005   888249.009   888394.005
  1660:   888452.009   888479.005   888489.009   889149.001   890149.018
  1665:   890753.003   890830.005   890831.016   890881.026   891270.009
  1670:   891297.005   891307.009   891416.005   891421.009   893180.001
  1675:   894180.018   894588.003   894616.005   894617.016   894667.026
  1680:   895331.009   895363.005   895373.009   897061.001   898061.018
  1685:   898804.003   898835.005   898836.016   898886.026   899597.009
  1690:   899662.005   899666.009   900869.001   901869.018   902873.003
  1695:   902910.005   902911.016   902961.026   903328.009   903397.005
  1700:   903405.009   905484.001   906484.018   906936.003   906971.005
  1705:   906972.016   907022.026   907476.009   907542.005   907544.009
  1710:   907844.005   907951.009   908116.005   908153.009   909657.001
  1715:   910657.018   911600.003   911618.005   911619.016   911669.026
  1720:   912215.009   912257.005   912265.009   913800.001   914800.018
  1725:   915147.003   915230.005   915231.016   915281.026   915834.009
  1730:   915876.005   915889.009   916861.005   916917.009   916935.005
  1735:   917052.009   917864.001   918864.018   919570.003   919660.005
  1740:   919661.016   919711.026   920390.009   920435.005   920458.009
  1745:   920757.005   921026.009   921179.005   921249.009   921307.005
  1750:   921398.009   921800.005   921801.009   921819.005   921853.009
  1755:   921977.005   922048.009   922147.005   922158.009   923346.001
  1760:   924346.018   924453.003   924516.005   924517.016   924567.026
  1765:   924963.009   925024.005   925037.009   925077.005   925326.009
  1770:   926545.001   927545.018   928258.003   928347.005   928348.016
  1775:   928398.026   929375.009   929399.005   929403.009   929418.005
  1780:   929436.009   931131.001   932131.018   932805.003   932884.005
  1785:   932885.016   932935.026   933736.009   933746.005   933849.009
  1790:   934046.005   934104.009   934156.005   934230.009   934266.005
  1795:   934305.009   936254.001   937254.018   937674.003   937769.005
  1800:   937770.016   937820.026   938677.009   938706.005   938709.009
  1805:   938720.005   938728.009   939023.005   939026.009   940704.001
  1810:   941704.018   942228.003   942288.005   942289.016   942339.026
  1815:   943299.009   943344.005   943348.009   943373.005   943387.009
  1820:   943528.005   944171.009   944184.005   944278.009   944313.005
  1825:   944453.009   945316.001   946316.018   946630.003   946682.005
  1830:   946683.016   946733.026   947127.009  1021011.005  1021144.009
  1835:  1077351.005  1077401.009  1257234.005  1257289.009  1258162.001
  1840:  1258701.003  1258871.005  1259704.009  1274488.001  1274527.003
  1845:  1279370.005  1279381.009  1279393.005  1280093.009
B:
     0:        0.000      238.000        0.000      238.000        0.000
     5:      435.000        0.000        0.000        0.000      435.000
    10:        0.000        1.000        0.000        1.000        0.000
    15:        0.000      167.000        0.000      167.000        0.000
    20:        0.000        0.000        0.000        0.000        0.000
    25:        0.000      167.000        0.000        0.000        0.000
    30:        0.000
D:
     0:  1577665.000  1577627.000  1577666.000
E:
     0:     1000.000     1000.000
T:
     0:        0.000        0.000        0.000        0.000
W:
     0:        0.000        0.000        0.000
