File: C:\MED-PC IV\Data\Reyes\BD\BD2121.999


Start Date: 04/08/26
End Date: 04/08/26
Subject: 121
Experiment: BD
Group: ERROR_M
Box: 5
Start Time: 11:38:10
End Time: 12:28:10
MSN: DRRD_lin_nosepoke
C:       0.000
F:       0.000
G:       0.000
H:       0.000
I:       0.000
J:       0.000
K:    1500.000
L:       0.000
M:       0.000
N:       1.000
O:       0.000
P:       0.000
Q:       0.000
R:       0.000
S:       0.000
U:  303139.000
V:       0.000
X:       0.000
Y:    3840.000
Z:       0.000
A:
     0:   302892.005   302896.009   302906.005   303032.009   303036.005
     5:   303049.009     6288.005     6531.009     6538.005     6551.009
    10:     6553.005     6605.009     6626.005     6635.009     6638.005
    15:     6643.009    10906.005    11047.009    11057.005    11065.009
    20:    15000.013    15000.011    15367.001    15440.003    15632.001
    25:    15652.003    15680.001    15802.003    16136.005    16326.009
    30:    16439.005    16441.009    16459.005    16533.009    16736.001
    35:    17486.018    18061.003    18191.005    18192.016    18242.026
    40:    19101.009    19129.005    19136.009    19449.005    19523.009
    45:    20038.001    20213.003    20236.001    20685.003    20788.005
    50:    21285.009    21654.001    22229.003    22350.005    22848.009
    55:    22994.005    23126.009    23460.001    23528.003    23581.001
    60:    23673.003    25723.001    25809.003    25828.001    25886.003
    65:    25975.005    26135.009    32406.001    32602.003    32616.001
    70:    32648.003    32846.005    33136.009    33385.005    33513.009
    75:    33827.001    33901.003    33975.001    34455.003    34554.005
    80:    34974.009    35242.001    35448.003    35463.001    35982.003
    85:    36080.005    36481.009    36698.005    36699.009    36702.005
    90:    36795.009    37039.001    37107.003    37120.001    37985.003
    95:    38064.005    38495.009    38828.005    38831.009    39157.001
   100:    39288.003    39301.001    39427.003    39469.001    40246.003
   105:    40334.005    40543.009    40933.001    41092.003    41482.001
   110:    42419.003    42508.005    42664.009    42848.005    42849.009
   115:    42856.005    42859.009    42861.005    42939.009    45082.005
   120:    45220.009    45427.001    45546.003    45560.001    46112.003
   125:    46184.005    46347.009    47687.001    47777.003    47996.005
   130:    48118.009    48276.001    48310.003    48385.001    48559.003
   135:    48636.001    48748.003    52431.005    52466.009    52498.005
   140:    52503.009    53226.001    53480.003    53543.005    54002.009
   145:    54007.005    54010.009    54178.001    54477.003    54499.001
   150:    54608.003    54681.005    54928.009    54945.005    54948.009
   155:    54961.005    54962.009    55530.001    55694.003    55703.001
   160:    55727.003    55747.001    56178.003    56267.005    56554.009
   165:    56764.001    57514.018    57797.003    57908.005    57909.016
   170:    57959.026    58940.009    58983.005    58987.009    59526.005
   175:    59529.009    59542.005    59601.009    59606.005    59612.009
   180:    63992.005    64118.009    64122.005    64130.009    64344.001
   185:    64428.003    73646.005    73805.009    73806.005    73814.009
   190:    73822.005    73827.009    73830.005    73834.009    74033.001
   195:    74114.003    74153.001    74248.003    74320.001    74402.003
   200:    74432.005    74575.009    74739.001    74881.003    74895.001
   205:    75130.003    75147.001    75361.003    75572.005    75984.009
   210:    76189.001    76708.003    76718.001    77284.003    77301.001
   215:    77349.003    77447.005    77652.009    77853.001    78121.003
   220:    78129.001    78615.003    78723.005    78926.009    79121.005
   225:    79125.009    79138.005    79569.009    80013.001    80053.003
   230:    80067.001    80340.003    80346.001    80864.003    80953.005
   235:    81418.009    81439.005    81442.009    81695.001    81726.003
   240:    81796.001    81911.003    81922.001    82034.003    82048.001
   245:    82744.003    82918.005    83077.009    85198.005    85354.009
   250:    85546.001    85756.003    85803.001    86093.003    86132.001
   255:    86196.003    86263.005    86390.009    86557.001    86903.003
   260:    86922.001    87388.003    87493.005    87730.009    89334.001
   265:    89390.003    89728.005    89941.009    90194.001    90235.003
   270:    90254.001    90898.003    91086.005    91259.009    91469.005
   275:    91471.009    91476.005    91479.009    91545.005    91550.009
   280:    91551.005    91762.009    92529.001    92559.003    92581.001
   285:    92902.003    92995.005    93297.009    93489.001    94239.018
   290:    94362.003    94457.005    94458.016    94508.026    95904.009
   295:    96188.005    96392.009    96939.001    96998.003    97025.001
   300:    97241.003    97259.001    97916.003    98022.005    98448.009
   305:    98916.001    98928.003    98939.001    99774.003    99891.005
   310:   100103.009   100110.005   100114.009   100119.005   100121.009
   315:   100416.005   100474.009   100800.001   100850.003   101452.001
   320:   101511.003   101528.001   101629.003   101649.001   101753.003
   325:   101770.001   102308.003   102409.005   102594.009   102600.005
   330:   102609.009   102822.005   102875.009   103612.001   103625.003
   335:   103678.001   104539.003   104638.005   104897.009   105251.001
   340:   105317.003   105380.001   105473.003   105612.001   105718.003
   345:   105734.001   106294.003   106340.001   106399.003   106510.005
   350:   106774.009   107937.005   108109.009   109366.001   109856.003
   355:   110536.001   111357.003   111490.005   111897.009   111976.005
   360:   111980.009   111991.005   112061.009   112265.001   112283.003
   365:   112473.001   112514.003   112563.001   112643.003   112669.001
   370:   113451.003   113570.005   114058.009   114078.005   114081.009
   375:   114268.001   114308.003   114327.001   114420.003   114458.001
   380:   115498.003   115607.005   115786.009   117463.001   117853.003
   385:   117961.005   118138.009   119307.005   119488.009   119648.001
   390:   119687.003   119703.001   120239.003   120326.005   120609.009
   395:   120662.005   120667.009   121784.001   121846.003   121857.001
   400:   122140.003   122230.005   122517.009   122520.005   122535.009
   405:   122543.005   122545.009   124680.001   124757.003   124836.005
   410:   124992.009   126767.001   127074.003   127197.001   127277.003
   415:   127322.001   127500.003   127917.005   128079.009   129690.005
   420:   133827.009   133852.005   133865.009   133968.005   133986.009
   425:   133995.005   134209.009   134215.005   134487.009   134580.005
   430:   134595.009   134713.005   135149.009   135181.005   135183.009
   435:   136349.001   136723.003   137055.001   137372.003   137496.005
   440:   138408.009   138425.005   138833.009   138852.005   138866.009
   445:   139002.005   139003.009   139006.005   139008.009   139435.001
   450:   139555.003   139630.005   139763.009   140303.005   140310.009
   455:   140338.005   140390.009   140480.005   140717.009   140862.005
   460:   141059.009   141075.005   141124.009   141136.005   141156.009
   465:   141452.001   141784.003   141797.001   142019.003   142068.005
   470:   142257.009   142264.005   142268.009   142283.005   142289.009
   475:   142363.005   142371.009   142571.005   142574.009   142808.001
   480:   142887.003   142937.001   143194.003   143213.001   143464.003
   485:   143581.005   143745.009   143747.005   143752.009   144221.005
   490:   144244.009   146874.005   146878.009   146895.005   147066.009
   495:   155659.005   155917.009   162028.005   162249.009   162508.001
   500:   162633.003   162654.001   162745.003   162788.001   162954.003
   505:   162988.001   163103.003   163171.005   166049.009   166087.005
   510:   166121.009   166133.005   166179.009   166183.005   166188.009
   515:   166213.005   166216.009   166243.005   166264.009   166265.005
   520:   166272.009   166277.005   166314.009   166331.005   166608.009
   525:   166642.005   166652.009   166661.005   166688.009   166691.005
   530:   166693.009   166705.005   166706.009   166774.005   166778.009
   535:   166779.005   166781.009   166785.005   167526.009   167529.005
   540:   167618.009   167632.005   169408.009   169416.005   169439.009
   545:   169471.005   169484.009   170481.005   170483.009   170486.005
   550:   170487.009   170491.005   170942.009   171042.005   171047.009
   555:   171101.005   171106.009   171646.005   172137.009   172284.005
   560:   172339.009   172347.005   172357.009   172392.005   172403.009
   565:   172414.005   172474.009   172495.005   172497.009   172566.005
   570:   172578.009   172605.005   172625.009   172634.005   172646.009
   575:   172664.005   172679.009   172717.005   172719.009   172723.005
   580:   172778.009   172789.005   172902.009   173424.005   173646.009
   585:   173651.005   173652.009   173658.005   173663.009   173800.005
   590:   173965.009   173976.005   174039.009   174041.005   174051.009
   595:   174081.005   174110.009   174123.005   175857.009   176879.005
   600:   176887.009   177103.005   177114.009   177919.005   178003.009
   605:   178452.001   178503.003   178549.001   178608.003   178776.001
   610:   178845.003   178865.001   179376.003   179448.005   180240.009
   615:   181070.001   181599.003   181690.005   181893.009   182182.001
   620:   182222.003   182233.001   182983.003   183111.005   183371.009
   625:   183596.005   184714.009   184750.005   184752.009   185022.001
   630:   185761.003   185879.005   186320.009   186879.001   186973.003
   635:   186989.001   187829.003   187961.005   188146.009   188357.005
   640:   188363.009   188383.005   188556.009   188564.005   188566.009
   645:   189839.005   190174.009   190182.005   190186.009   190507.001
   650:   190603.003   190621.001   191209.003   191247.001   191527.003
   655:   191769.005   191985.009   192255.001   192303.003   192318.001
   660:   193193.003   193315.005   193557.009   194633.001   194658.003
   665:   194679.001   195126.003   195390.005   195770.009   196557.001
   670:   196575.003   196599.001   197260.003   197371.005   197645.009
   675:   197824.005   197974.009   198552.001   198579.003   198618.001
   680:   198722.003   198737.001   199278.003   199397.005   199874.009
   685:   200124.001   200396.003   200413.001   201051.003   201189.005
   690:   201328.009   201571.005   201778.009   204101.005   204552.009
   695:   207013.005   207265.009   207266.005   207269.009   208870.005
   700:   209019.009   209035.005   209039.009   209045.005   209047.009
   705:   209337.001   209404.003   209439.001   209477.003   209867.001
   710:   209929.003   209943.001   210100.003   210113.001   210510.003
   715:   210610.005   210794.009   210811.005   210825.009   211033.001
   720:   211092.003   211103.001   211954.003   212073.005   212279.009
   725:   212439.005   212588.009   212747.005   212750.009   212768.005
   730:   213206.009   213537.001   213617.003   213649.001   214698.003
   735:   214824.005   215058.009   215253.005   215381.009   215770.001
   740:   215870.003   215996.001   216651.003   216664.001   217130.003
   745:   217155.001   217419.003   217612.005   217775.009   217972.005
   750:   218103.009   219374.001   219462.003   219519.001   219682.003
   755:   219780.005   220066.009   220257.001   220360.003   220389.001
   760:   221547.003   221677.005   221847.009   222099.005   222245.009
   765:   231471.005   231776.009   232011.001   232325.003   232402.001
   770:   232889.003   233067.005   233747.009   235976.005   236186.009
   775:   237807.005   238228.009   238237.005   238239.009   238622.001
   780:   239202.003   239295.005   239678.009   239965.001   240697.003
   785:   240796.005   241083.009   241328.001   241366.003   241402.001
   790:   241993.003   242063.001   242534.003   242661.005   243412.009
   795:   244462.005   244470.009   244487.005   244509.009   244521.005
   800:   244525.009   244565.005   244762.009   247996.005   248149.009
   805:   249055.005   249233.009   257754.005   258241.009   258250.005
   810:   258252.009   258259.005   258267.009   258482.001   259142.003
   815:   259247.005   259814.009   260233.001   260421.003   260431.001
   820:   260825.003   260906.005   261155.009   261158.005   261165.009
   825:   261172.005   261182.009   261495.005   261525.009   261765.005
   830:   262723.009   264885.001   265230.003   265395.005   265528.009
   835:   265532.005   265537.009   265877.001   266627.018   266910.003
   840:   266987.005   266988.016   267038.026   269043.009   269087.005
   845:   269091.009   270234.005   270238.009   270254.005   270258.009
   850:   270292.005   270443.009   272037.001   272522.003   272653.005
   855:   273071.009   273254.005   273257.009   273275.005   273377.009
   860:   280943.005   281159.009   290257.001   290341.003   291895.005
   865:   292373.009   292722.001   292767.003   292790.001   292891.003
   870:   292906.001   293568.003   293690.005   294201.009   294204.005
   875:   294208.009   294563.001   294692.003   294723.001   294835.003
   880:   294862.001   295370.003   295501.005   295733.009   295988.001
   885:   296046.003   296059.001   296168.003   296181.001   297166.003
   890:   297280.005   298425.009   298496.005   298507.009   298518.005
   895:   298521.009   298978.001   299017.003   299042.001   300040.003
   900:   300165.005   300510.009   300767.001   301517.018   301897.003
   905:   302066.005   302067.016   302117.026   303200.009   303205.005
   910:   303214.009   303271.005   303275.009   304709.005   305441.009
   915:   305686.001   305914.003   305933.001   306506.003   306705.005
   920:   306848.009   307345.005   307468.009   307872.001   308150.003
   925:   308212.001   309179.003   309301.005   309449.009   309715.005
   930:   310150.009   310412.001   310511.003   310538.001   311193.003
   935:   311231.001   311436.003   311611.005   312299.009   312632.001
   940:   312665.003   312685.001   313749.003   314304.005   314875.009
   945:   314976.005   315096.009   315481.001   315502.003   315523.001
   950:   316151.003   316169.001   316501.003   316515.001   316838.003
   955:   317008.005   317243.009   317396.005   317399.009   317407.005
   960:   317409.009   317413.005   317734.009   318073.001   318124.003
   965:   318162.001   318958.003   319117.005   319625.009   320185.001
   970:   320310.003   320346.001   320840.003   320988.005   321464.009
   975:   322209.005   322212.009   322248.005   322256.009   322263.005
   980:   322280.009   322292.005   322303.009   323383.001   323453.003
   985:   323549.001   324354.003   324470.005   324680.009   324819.005
   990:   324824.009   324825.005   324834.009   324919.005   324923.009
   995:   324925.005   325642.009   325654.005   325745.009   326565.001
  1000:   326611.003   326635.001   326719.003   326735.001   327266.003
  1005:   327286.001   327406.003   327546.005   327945.009   328263.001
  1010:   328338.003   328359.001   329132.003   329256.005   329438.009
  1015:   329633.005   329634.009   329652.005   329809.009   330422.001
  1020:   331172.018   331176.003   331287.005   331288.016   331338.026
  1025:   332751.009   332963.005   332966.009   333482.005   333587.009
  1030:   333838.001   333865.003   333882.001   334581.003   334602.001
  1035:   334668.003   334772.005   335014.009   335369.001   336119.018
  1040:   336141.003   336236.005   336237.016   336287.026   337094.009
  1045:   337106.005   337114.009   338424.005   338623.009   338921.001
  1050:   339671.018   339827.003   339845.001   339989.003   340139.005
  1055:   340140.016   340190.026   341301.009   341307.005   341309.009
  1060:   341362.005   341367.009   341714.005   341716.009   341735.005
  1065:   341752.009   341769.005   341858.009   341861.005   341863.009
  1070:   342131.005   342568.009   343107.001   343222.003   343240.001
  1075:   343490.003   343523.001   343993.003   344102.005   344766.009
  1080:   345010.001   345043.003   345066.001   345788.003   345929.005
  1085:   346505.009   346741.001   346846.003   346859.001   347462.003
  1090:   347616.005   347912.009   348071.005   348095.009   358234.005
  1095:   358604.009   359219.001   359455.003   359628.001   360131.003
  1100:   360298.005   360579.009   361177.005   361328.009   361650.001
  1105:   361787.003   361846.001   361919.003   361958.001   362382.003
  1110:   362492.005   363635.009   363989.001   364076.003   364088.001
  1115:   364677.003   364724.001   365092.003   365230.005   365719.009
  1120:   365962.001   366049.003   366068.001   366766.003   366882.005
  1125:   367180.009   367222.005   367231.009   367490.005   367669.009
  1130:   368011.001   368043.003   368060.001   368158.003   368178.001
  1135:   369212.003   369371.005   370256.009   377891.005   378249.009
  1140:   378252.005   378255.009   378268.005   378282.009   378285.005
  1145:   378299.009   378526.001   378657.003   379749.001   379818.003
  1150:   380008.005   380556.009   380760.001   381510.018   381525.003
  1155:   381660.005   381661.016   381711.026   382533.009   382596.005
  1160:   382613.009   383003.005   383310.009   385040.005   385043.009
  1165:   385070.005   385414.009   385816.001   385889.003   385961.001
  1170:   386193.003   386265.001   386296.003   386464.005   386801.009
  1175:   387240.001   387297.003   387311.001   387931.003   388037.005
  1180:   388639.009   388983.005   388997.009   388999.005   389015.009
  1185:   389032.005   389047.009   389141.005   389153.009   389159.005
  1190:   389165.009   389170.005   389221.009   389229.005   389372.009
  1195:   389758.001   389804.003   389878.001   390632.003   390746.005
  1200:   391042.009   391712.005   391713.009   391743.005   391838.009
  1205:   393855.005   394083.009   394089.005   394094.009   394097.005
  1210:   394105.009   394117.005   394133.009   394166.005   394170.009
  1215:   394408.001   395158.018   395243.003   395420.005   395421.016
  1220:   395471.026   396838.009   397974.005   398214.009   398632.001
  1225:   399382.018   400393.003   400607.005   400608.016   400658.026
  1230:   402472.009   402477.005   402576.009   402596.005   402630.009
  1235:   402663.005   402668.009   403583.005   404067.009   404076.005
  1240:   404197.009   404471.001   404566.003   404608.001   405043.003
  1245:   405205.005   405699.009   406197.005   406405.009   407278.005
  1250:   407282.009   407290.005   407297.009   407313.005   407339.009
  1255:   407824.001   407938.003   407946.001   408107.003   408156.001
  1260:   408812.003   408944.005   409109.009   409354.005   409357.009
  1265:   409404.005   409623.009   410166.001   410667.003   411174.005
  1270:   411339.009   413175.005   413310.009   413767.001   414517.018
  1275:   414617.003   414786.005   414787.016   414837.026   415772.009
  1280:   417478.005   418017.009   418322.001   418362.003   418376.001
  1285:   418957.003   418977.001   419060.003   419253.005   419978.009
  1290:   420138.005   420186.009   420729.001   421313.003   421470.005
  1295:   422046.009   422379.005   422569.009   423001.001   423751.018
  1300:   423772.003   423949.005   423950.016   424000.026   424848.009
  1305:   424854.005   424858.009   424891.005   424896.009   425529.005
  1310:   425532.009   425572.005   425587.009   425669.005   425970.009
  1315:   426633.001   426916.003   427166.005   427565.009   427577.005
  1320:   427585.009   427955.001   428510.003   428656.005   428846.009
  1325:   429075.005   429078.009   429103.005   429259.009   430058.005
  1330:   430173.009   430650.001   431400.018   431404.003   431572.005
  1335:   431573.016   431623.026   433262.009   433275.005   433283.009
  1340:   433289.005   433304.009   433501.005   435337.009   435964.005
  1345:   436158.009   436973.001   437053.003   437118.001   438091.003
  1350:   438315.005   438850.009   439106.005   439107.009   439127.005
  1355:   439131.009   439166.005   439286.009   439949.001   440051.003
  1360:   440066.001   440143.003   440258.001   440629.003   440749.005
  1365:   441003.009   441169.005   441416.009   441816.001   442539.003
  1370:   442698.005   443555.009   443929.001   444498.003   444617.005
  1375:   445181.009   445184.005   445187.009   445222.005   445223.009
  1380:   451575.005   451988.009   452278.001   452888.003   452903.001
  1385:   453179.003   453322.005   453527.009   454154.005   454625.009
  1390:   454873.001   455454.003   455588.005   456076.009   456408.005
  1395:   456506.009   456591.005   456693.009   457006.001   457194.003
  1400:   457217.001   457659.003   457751.005   458268.009   458349.005
  1405:   458631.009   458925.001   458993.003   459010.001   459510.003
  1410:   459645.005   460101.009   462186.005   462190.009   462195.005
  1415:   462438.009   462861.001   463611.018   463955.003   464148.005
  1420:   464149.016   464199.026   464981.009   465615.005   466389.009
  1425:   466519.005   466587.009   466981.005   467320.009   467335.005
  1430:   467339.009   467350.005   467377.009   467844.001   467891.003
  1435:   467917.001   468196.003   468209.001   468353.003   468401.001
  1440:   468577.003   468745.005   469371.009   469809.001   469913.003
  1445:   469933.001   470045.003   470057.001   470534.003   470674.005
  1450:   470985.009   470993.005   471014.009   471378.001   472128.018
  1455:   472135.003   472306.005   472307.016   472357.026   475055.009
  1460:   475433.005   475447.009   475454.005   475689.009   475780.005
  1465:   475846.009   476542.001   476988.003   477067.001   477215.003
  1470:   477358.005   477736.009   478885.005   479385.009   479644.001
  1475:   479974.003   480001.001   480294.003   480437.005   480871.009
  1480:   481185.001   481253.003   481288.001   481998.003   482125.005
  1485:   483039.009   483253.005   485486.009   486452.005   486647.009
  1490:   486650.005   486653.009   486657.005   486658.009   486694.005
  1495:   486787.009   487094.001   487827.003   487976.005   488493.009
  1500:   488839.001   489589.018   489601.003   489721.005   489722.016
  1505:   489772.026   491192.009   491254.005   491258.009   491312.005
  1510:   491317.009   493147.005   493150.009   500554.005   500815.009
  1515:   500816.005   500820.009   501053.001   501672.003   501703.005
  1520:   502067.009   502398.001   502457.003   502479.001   502864.003
  1525:   502974.005   503480.009   503742.001   503877.003   503891.001
  1530:   504380.003   504486.005   504725.009   505272.005   505447.009
  1535:   506239.001   506315.003   506347.001   506954.003   507090.005
  1540:   507501.009   510868.005   510946.009   511737.005   511907.009
  1545:   511958.005   511959.009   512249.001   512328.003   512370.001
  1550:   513450.003   513567.005   513910.009   514330.005   514403.009
  1555:   514718.005   514738.009   515085.001   515748.003   515898.005
  1560:   517093.009   517798.001   517898.003   518089.001   518137.003
  1565:   518161.001   518185.003   518352.001   518830.003   518934.005
  1570:   519298.009   520173.001   520771.003   520954.005   521486.009
  1575:   522110.005   522212.009   522758.001   522786.003   522806.001
  1580:   523401.003   523523.005   524115.009   524444.001   525092.003
  1585:   525190.005   525678.009   525696.005   525709.009   525735.005
  1590:   526207.009   528048.005   528247.009   528603.001   529252.003
  1595:   529278.001   529348.003   529481.005   529667.009   529875.005
  1600:   530034.009   530550.001   531224.003   531337.005   531661.009
  1605:   533300.005   533451.009   534091.001   534744.003   534851.005
  1610:   535323.009   536110.001   536166.003   536178.001   536800.003
  1615:   536899.005   537147.009   543124.005   543356.009   543561.001
  1620:   544099.003   544218.005   544465.009   544750.001   544941.003
  1625:   544994.001   545158.003   545230.001   545335.003   545348.001
  1630:   545667.003   545854.005   546092.009   546488.005   546492.009
  1635:   546517.005   546628.009   546969.001   547623.003   547643.001
  1640:   547827.003   547955.005   548348.009   548875.005   549001.009
  1645:   549530.001   550182.003   550315.005   550632.009   551312.005
  1650:   551315.009   551363.005   551401.009   551862.001   552537.003
  1655:   552672.005   552905.009   552945.005   552948.009   553735.005
  1660:   553741.009   553751.005   554110.009   554508.001   555258.018
  1665:   555393.003   555538.005   555539.016   555589.026   556705.009
  1670:   556950.005   556953.009   556972.005   557771.009   558309.001
  1675:   558964.003   559065.005   559649.009   559967.001   560717.018
  1680:   560837.003   560970.005   560971.016   561021.026   562056.009
  1685:   563920.005   563932.009   563970.005   564180.009   564754.001
  1690:   565350.003   565485.005   566004.009   566587.001   566690.003
  1695:   566728.001   567221.003   567421.005   567818.009   573082.005
  1700:   573423.009   573428.005   573658.009   574050.001   574174.003
  1705:   574193.001   574327.003   574343.001   574831.003   574996.005
  1710:   575690.009   576547.005   576641.009   577066.001   577097.003
  1715:   577112.001   577313.003   577328.001   577566.003   577681.005
  1720:   578212.009   578220.005   578239.009   578588.001   578669.003
  1725:   578678.001   579282.003   579457.005   579754.009   580858.005
  1730:   580866.009   580916.005   581337.009   581811.001   581857.003
  1735:   581887.001   582661.003   582823.005   583103.009   583392.005
  1740:   583395.009   583401.005   583586.009   583958.001   584007.003
  1745:   584026.001   584768.003   584865.005   585267.009   586455.001
  1750:   586980.003   587085.005   587506.009   587830.005   587880.009
  1755:   587898.005   587944.009   588341.001   588434.003   588446.001
  1760:   589094.003   589193.005   589492.009   589554.005   589558.009
  1765:   589570.005   589584.009   591367.005   591812.009   592260.001
  1770:   593010.018   593022.003   593154.005   593155.016   593205.026
  1775:   594836.009   596728.005   596740.009   596752.005   597168.009
  1780:   597447.001   598197.018   598209.003   598340.005   598341.016
  1785:   598391.026   600532.009   600979.005   601087.009   604336.005
  1790:   604787.009   605038.001   605594.003   605801.005   606358.009
  1795:   606370.005   606374.009   606375.005   606408.009   606772.001
  1800:   607449.003   607515.005   607732.009   608574.005   608706.009
  1805:   609373.001   609452.003   609471.001   610000.003   610118.005
  1810:   610535.009   610872.001   610941.003   610969.001   611703.003
  1815:   611826.005   612382.009   613539.005   613712.009   614356.001
  1820:   614393.003   614425.001   615229.003   615377.005   616379.009
  1825:   617183.005   617185.009   617194.005   617333.009   617778.001
  1830:   617891.003   617906.001   618472.003   618588.005   619151.009
  1835:   619473.001   619521.003   619537.001   620190.003   620266.005
  1840:   620630.009   622555.005   622560.009   622570.005   623253.009
  1845:   623569.001   624295.003   624374.005   624615.009   624845.001
  1850:   624876.003   624893.001   625515.003   625621.005   626330.009
  1855:   626895.001   627152.003   627161.001   627679.003   627789.005
  1860:   627982.009   628281.005   628283.009   628327.005   628519.009
  1865:   629120.001   629154.003   629177.001   629275.003   629289.001
  1870:   629679.003   629715.001   629892.003   630039.005   631111.009
  1875:   632017.005   632135.009   632573.001   632607.003   632631.001
  1880:   633292.003   633413.005   633752.009   634457.001   635056.003
  1885:   635160.005   635468.009   637563.005   637881.009   638229.001
  1890:   638884.003   639003.005   639389.009   639422.005   639427.009
  1895:   639555.005   639561.009   639572.005   639645.009   640308.001
  1900:   640788.003   640966.005   641065.009   641385.005   641757.009
  1905:   642531.005   642534.009   642544.005   642706.009   643205.001
  1910:   643279.003   643297.001   643912.003   644062.005   644254.009
  1915:   644526.005   644695.009   644697.005   644701.009   644961.001
  1920:   645237.003   645264.001   645867.003   646009.005   646338.009
  1925:   647171.005   647179.009   647204.005   647386.009   657148.005
  1930:   657843.009   678603.005   678939.009   679393.001   679536.003
  1935:   679557.001   679933.003   680091.005   680319.009   680817.005
  1940:   680822.009   680834.005   680927.009   681259.001   681338.003
  1945:   681353.001   681794.003   681902.005   682157.009   682435.001
  1950:   683148.003   683254.005   683607.009   683924.001   684018.003
  1955:   684030.001   684144.003   684274.001   684311.003   684355.001
  1960:   684997.003   685118.005   685288.009   688554.005   688884.009
  1965:   689079.001   689366.003   689529.001   689665.003   689696.001
  1970:   689787.003   689802.001   689918.003   690132.005   690541.009
  1975:   690763.001   691230.003   691271.001   691540.003   691701.005
  1980:   691868.009   692120.005   692318.009   692617.001   692653.003
  1985:   692702.001   692959.003   692979.001   693592.003   693720.005
  1990:   694006.009   695221.005   695879.009   696092.001   696842.018
  1995:   696874.003   696953.005   696954.016   697004.026   697953.009
  2000:   697956.005   697958.009   699733.005   700451.009   700694.001
  2005:   700781.003   700801.001   701221.003   701419.005   701846.009
  2010:   702131.001   702265.003   702280.001   702671.003   702783.005
  2015:   703026.009   703027.005   703028.009   707256.005   707441.009
  2020:   707784.001   708534.018   708591.003   708714.005   708715.016
  2025:   708765.026   710117.009   710126.005   710127.009   711120.005
  2030:   711690.009   712118.001   712239.003   712258.001   712638.003
  2035:   712741.005   713330.009   713708.001   714158.003   714262.005
  2040:   714562.009   714872.001   714917.003   714938.001   715682.003
  2045:   715784.005   715942.009   716242.005   716478.009   716529.005
  2050:   716531.009   716561.005   716574.009   716885.001   716930.003
  2055:   716950.001   717749.003   717855.005   718396.009   718858.001
  2060:   719608.018   719836.003   720023.005   720024.016   720074.026
  2065:   721184.009   721210.005   721215.009   722377.005   723024.009
  2070:   723038.005   723044.009   723493.001   724243.018   724283.003
  2075:   724454.005   724455.016   724505.026   725415.009   725995.005
  2080:   726337.009   727169.005   727586.009   727982.001   728067.003
  2085:   728087.001   728690.003   728873.005   729204.009   729516.005
  2090:   729618.009   739336.005   739581.009   740118.001   740224.003
  2095:   740266.001   740393.003   740452.001   740641.003   740763.005
  2100:   741081.009   741480.001   741574.003   741599.001   741985.003
  2105:   742019.001   742114.003   742237.005   742493.009   742509.005
  2110:   742560.009   743236.001   743313.003   743336.001   743624.003
  2115:   743652.001   744086.003   744233.005   744472.009   745314.005
  2120:   745317.009   745320.005   745322.009   745332.005   745417.009
  2125:   745784.001   745847.003   745864.001   746636.003   746760.005
  2130:   747039.009   747308.005   747312.009   747335.005   747442.009
  2135:   747824.001   748435.003   748557.005   749019.009   749477.001
  2140:   750227.018   750297.003   750423.005   750424.016   750474.026
  2145:   751478.009   751480.005   751484.009   752603.005   752607.009
  2150:   752630.005   753067.009   753538.001   754288.018   754347.003
  2155:   754467.005   754468.016   754518.026   756693.009   756700.005
  2160:   756710.009   756719.005   756733.009   757119.005   757128.009
  2165:   757135.005   757196.009   757760.001   758389.003   758547.005
  2170:   758972.009   759236.001   759331.003   759352.001   759850.003
  2175:   759973.005   760223.009   760459.005   760753.009   761131.001
  2180:   761881.018   761981.003   762117.005   762118.016   762168.026
  2185:   763396.009   764272.005   764280.009   764311.005   764566.009
  2190:   764918.001   764966.003   764993.001   765527.003   765626.001
  2195:   765671.003   765997.001   766079.003   766123.001   766223.003
  2200:   766483.005   766841.009   767270.001   767405.003   767426.001
  2205:   768003.003   768141.005   768530.009   769069.001   769686.003
  2210:   769803.005   770265.009   770570.001   770658.003   770674.001
  2215:   770789.003   770800.001   771414.003   771558.005   771962.009
  2220:   772440.001   773130.003   773247.005   773934.009   774182.001
  2225:   774203.003   774225.001   774330.003   774347.001   775031.003
  2230:   775181.005   775606.009   775899.005   776117.009   776414.001
  2235:   776505.003   776528.001   777368.003   777557.005   777843.009
  2240:   778546.005   778783.009   779448.001   780070.003   780242.005
  2245:   780647.009   780703.005   780706.009   780720.005   780729.009
  2250:   781000.001   781750.018   781806.003   781939.005   781940.016
  2255:   781990.026   782607.009   782645.005   783556.009   783901.005
  2260:   787637.009   788934.005   789113.009   789126.005   789146.009
  2265:   789524.001   790274.018   790281.003   790458.005   790459.016
  2270:   790509.026   791975.009   792175.005   792176.009   792183.005
  2275:   792186.009   792236.005   792678.009   792951.001   793543.003
  2280:   793693.005   794036.009   794452.001   795125.003   795272.005
  2285:   795485.009   800107.005   800446.009   800954.001   800975.003
  2290:   800986.001   801090.003   801105.001   801678.003   801782.005
  2295:   802223.009   802519.001   802621.003   802632.001   803441.003
  2300:   803578.005   803725.009   803995.005   804190.009   805856.005
  2305:   806012.009   807358.001   808014.003   808113.005   808549.009
  2310:   808825.001   809575.018   809719.003   809893.005   809894.016
  2315:   809944.026   811226.009   811258.005   811270.009   811308.005
  2320:   811312.009   811538.005   811558.009   811565.005   811968.009
  2325:   812672.001   813092.003   813197.005   813599.009   813903.001
  2330:   814448.003   814461.001   814676.003   814798.005   815344.009
  2335:   815548.005   815553.009   815568.005   815687.009   816161.001
  2340:   816265.003   816278.001   816867.003   816983.005   817358.009
  2345:   817364.005   817387.009   817543.005   817556.009   817572.005
  2350:   817692.009   818099.001   818828.003   818953.005   819273.009
  2355:   819359.005   819561.009   819831.001   820581.018   820607.003
  2360:   820701.005   820702.016   820752.026   822089.009   823556.005
  2365:   823687.009   824166.001   824304.003   824332.001   824878.003
  2370:   824929.001   824998.003   825144.005   825461.009   825777.001
  2375:   825803.003   825839.001   826469.003   826760.005   826958.009
  2380:   827164.005   827167.009   827188.005   827451.009   827934.001
  2385:   828045.003   828056.001   828870.003   829016.005   829293.009
  2390:   829605.005   829611.009   830348.005   830352.009   830372.005
  2395:   830402.009   830407.005   830469.009   834314.005   834568.009
  2400:   834852.001   835425.003   835536.005   836082.009   836360.001
  2405:   837110.018   837111.003   837203.005   837204.016   837254.026
  2410:   838003.009   838941.005   839603.009   839944.001   840007.003
  2415:   840044.001   840145.003   840166.001   840596.003   840619.001
  2420:   840718.003   840823.005   841250.009   841606.001   841718.003
  2425:   841733.001   842171.003   842284.005   842609.009   842636.005
  2430:   842639.009   842747.005   842753.009   842783.005   842908.009
  2435:   843205.001   843239.003   843252.001   843972.003   844096.005
  2440:   844430.009   844645.005   844822.009   845259.001   846009.018
  2445:   846093.003   846238.005   846239.016   846289.026   847071.009
  2450:   847087.005   847088.009   848190.005   848448.009   854776.005
  2455:   855091.009   855307.001   855453.003   855470.001   856298.003
  2460:   856450.005   856840.009   857103.001   857746.003   857891.005
  2465:   858195.009   858866.001   858908.003   858929.001   859710.003
  2470:   859848.005   860108.009   860815.005   860819.009   860829.005
  2475:   860938.009   860957.005   861050.009   861550.001   862300.018
  2480:   862408.003   862567.005   862568.016   862618.026   863753.009
  2485:   863762.005   864383.009   864826.001   864902.003   864945.001
  2490:   865025.003   865037.001   865430.003   865568.005   865930.009
  2495:   866291.001   866957.003   867389.005   868006.009   868444.001
  2500:   868915.003   868959.001   869051.003   869174.005   869600.009
  2505:   869609.005   869616.009   869754.005   869780.009   870481.001
  2510:   870507.003   870569.001   870633.003   870649.001   870909.003
  2515:   870933.001   871058.003   871204.005   871528.009   871536.005
  2520:   871539.009   871545.005   871549.009   871854.005   872098.009
  2525:   872492.001   872582.003   872603.001   873037.003   873261.005
  2530:   873651.009   873823.005   873826.009   873840.005   873980.009
  2535:   874256.001   874295.003   874314.001   874425.003   874438.001
  2540:   875094.003   875206.005   875752.009   876386.001   876486.003
  2545:   876506.001   877142.003   877262.005   877599.009   878071.005
  2550:   878298.009   878572.001   879283.003   879419.005   879828.009
  2555:   880130.001   880179.003   880194.001   880994.003   881110.005
  2560:   881113.009   881117.005   881516.009   881902.005   882028.009
  2565:   882519.001   882540.003   882562.001   883459.003   883599.005
  2570:   884074.009   884342.001   884401.003   884438.001   885169.003
  2575:   885218.001   885264.003   885385.005   885671.009   885919.005
  2580:   886280.009   886574.001   886607.003   886632.001   887770.003
  2585:   887972.005   888769.009   888825.005   888829.009   888834.005
  2590:   888881.009   890912.005   891224.009   891871.001   892621.018
  2595:   892675.003   892835.005   892836.016   892886.026   893657.009
  2600:   893663.005   893668.009   896322.005   896331.009   896361.005
  2605:   896655.009   896958.001   897491.003   897627.005   897992.009
  2610:   898279.001   898328.003   898348.001   898930.003   899027.005
  2615:   899291.009   899993.001   900567.003   900687.005   900988.009
  2620:   901291.005   901798.009   902122.001   902153.003   902206.001
  2625:   902279.003   902293.001   903092.003   903200.005   903567.009
  2630:   904107.001   904216.003   904235.001   904356.003   904372.001
  2635:   904836.003   904869.001   904974.003   905119.005   905424.009
  2640:   905776.005   905780.009   905789.005   905921.009   906380.001
  2645:   906435.003   906461.001   906563.003   906578.001   907274.003
  2650:   907411.005   907743.009   908024.005   908172.009   908489.001
  2655:   909239.018   909479.003   909638.005   909639.016   909689.026
  2660:   911290.009   911727.005   911730.009   911741.005   911744.009
  2665:   911749.005   911751.009   911759.005   911969.009   912413.001
  2670:   912630.003   912674.001   913207.003   913343.005   913729.009
  2675:   914278.001   914385.003   914392.001   914919.003   915068.005
  2680:   915623.009   915866.001   915961.003   915980.001   916838.003
  2685:   916946.005   917172.009   918433.005   918665.009   919209.005
  2690:   919458.009   920342.001   920931.003   921102.005   921430.009
  2695:   921568.005   921688.009   922011.005   922015.009   922386.001
  2700:   922449.003   922469.001   923212.003   923352.005   923690.009
  2705:   923696.005   923701.009   924200.005   924204.009   924213.005
  2710:   924227.009   924536.001   924592.003   924600.001   925115.003
  2715:   925145.001   925447.003   925614.005   926052.009   926340.001
  2720:   926390.003   926404.001   927200.003   927324.005   927531.009
  2725:   927601.005   927615.009   927905.001   928012.003   928059.001
  2730:   928528.003   928686.001   928764.003   928985.005   929352.009
  2735:   929671.005   929818.009   930039.001   930789.018   930939.003
  2740:   931058.005   931059.016   931109.026   932076.009   932126.005
  2745:   932132.009   932134.005   932138.009   933637.005   933641.009
  2750:   933656.005   934364.009   934371.005   934376.009   934606.001
  2755:   935289.003   936234.005   936486.009   936496.005   936498.009
  2760:   936823.001   936910.003   936932.001   937476.003   937528.001
  2765:   937574.003   937729.005   938173.009   939225.005   939302.009
  2770:   939797.001   939878.003   939897.001   941126.003   941259.005
  2775:   941603.009   942105.005   942108.009   942127.005   942192.009
  2780:   942547.001   942593.003   942607.001   943280.003   943411.005
  2785:   943663.009   943913.001   944663.018   944850.003   944976.005
  2790:   944977.016   945027.026   947254.009   947482.005   947494.009
  2795:   949192.005   950441.009   950713.001   951413.003   951561.005
  2800:   951937.009   951949.005   951957.009   952238.001   952284.003
  2805:   952300.001   952411.003   952424.001   952831.003   952944.005
  2810:   953196.009   953501.001   954242.003   954535.005   954893.009
  2815:   954897.005   954907.009   955294.001   955406.003   955415.001
  2820:   956150.003   956276.005   956728.009   957154.001   957904.018
  2825:   958169.003   958276.005   958277.016   958327.026   959399.009
  2830:   959881.005   959887.009   959951.005   960218.009   960221.005
  2835:   960224.009   960750.001   961216.003   961302.001   961587.003
  2840:   961759.005   962346.009   962916.001   963666.018   963772.003
  2845:   963899.005   963900.016   963950.026   965653.009   966848.005
  2850:   967296.009   967813.001   968046.003   968105.001   968295.003
  2855:   968407.005   968786.009   969143.001   969893.018   969965.003
  2860:   970351.005   970352.016   970402.026   970983.009   971013.005
  2865:   971014.009   971962.005   971966.009   971987.005   972187.009
  2870:   972672.001   972722.003   972743.001   973471.003   973587.005
  2875:   973919.009   974302.005   974397.009   974801.001   975551.018
  2880:   975617.003   975745.005   975746.016   975796.026   976690.009
  2885:   977309.005   977329.009   977359.005   977826.009   978247.001
  2890:   978461.003   978482.001   979262.003   979363.005   979760.009
  2895:   980330.001   980982.003   981142.005   981535.009   981849.001
  2900:   982525.003   982657.005   983073.009   983648.001   984397.003
  2905:   984531.005   985021.009   985487.001   986237.018   986274.003
  2910:   986389.005   986390.016   986440.026   987758.009   987792.005
  2915:   987805.009   988453.005   988456.009   988553.005   988774.009
  2920:   989447.005   989539.009   989556.005   989564.009   989903.001
  2925:   990099.003   990171.001   990747.003   990860.005   991300.009
  2930:   991826.001   992576.018   992660.003   992774.005   992775.016
  2935:   992825.026   993543.009   993544.005   993556.009   993565.005
  2940:   993575.009   993590.005   993593.009   993602.005   993615.009
  2945:   994117.005   994137.009   994148.005   994153.009   994162.005
  2950:   994483.009   994488.005   994678.009   995061.001   995811.018
  2955:   996035.003   996181.005   996182.016   996232.026   998628.009
  2960:   999085.001   999765.003   999932.005  1000359.009  1000761.001
  2965:  1001511.018  1001619.003  1001739.005  1001740.016  1001790.026
  2970:  1003651.009  1003686.005  1003689.009  1005732.005  1005735.009
  2975:  1005789.005  1005801.009  1005831.005  1005968.009  1006348.005
  2980:  1006654.009  1007217.005  1007388.009  1007827.001  1008302.003
  2985:  1008415.005  1008775.009  1009116.001  1009142.003  1009199.001
  2990:  1009285.003  1009320.001  1009688.003  1009732.001  1009752.003
  2995:  1009943.005  1010143.009  1018931.005  1019387.009  1019392.005
  3000:  1019394.009  1019708.001  1020137.003  1020160.001  1020311.003
  3005:  1020404.005  1020621.009  1020851.001  1020901.003  1020919.001
  3010:  1021036.003  1021059.001  1021522.003  1021636.005  1021910.009
  3015:  1022182.001  1022486.003  1022530.001  1022831.003  1022954.005
  3020:  1023389.009  1023931.005  1024018.009  1024318.001  1024808.003
  3025:  1024824.001  1025351.003  1025507.005  1025784.009  1026097.005
  3030:  1026225.009  1026264.005  1026307.009  1026617.001  1027367.018
  3035:  1027428.003  1027713.005  1027714.016  1027764.026  1028607.009
  3040:  1029109.005  1029120.009  1029141.005  1029402.009  1029970.001
  3045:  1030437.003  1030574.005  1031120.009  1031401.001  1031439.003
  3050:  1031460.001  1031557.003  1031577.001  1032066.003  1032186.005
  3055:  1032456.009  1032777.001  1032804.003  1032841.001  1033470.003
  3060:  1033498.001  1033612.003  1033770.005  1034087.009  1034427.005
  3065:  1034435.009  1034437.005  1034537.009  1034958.001  1035078.003
  3070:  1035095.001  1035494.003  1035509.001  1035827.003  1035946.005
  3075:  1036372.009  1037145.001  1037618.003  1037749.005  1038185.009
  3080:  1038582.001  1038706.003  1038723.001  1039470.003  1039622.005
  3085:  1039995.009  1040478.005  1040615.009  1041221.001  1041865.003
  3090:  1042018.005  1042212.009  1042518.005  1042653.009  1043146.005
  3095:  1043160.009  1043169.005  1043212.009  1050230.005  1050635.009
  3100:  1052900.001  1053163.003  1053219.001  1053243.003  1053357.005
  3105:  1053579.009  1053584.005  1053586.009  1054078.001  1054194.003
  3110:  1054207.001  1054270.003  1054282.001  1054966.003  1055079.005
  3115:  1055460.009  1057172.001  1057264.003  1057294.001  1057581.003
  3120:  1057715.005  1057951.009  1058528.005  1058873.009  1081134.005
  3125:  1081534.009  1081880.001  1082333.003  1082410.005  1082687.009
  3130:  1082876.001  1083529.003  1083629.005  1083912.009  1083914.005
  3135:  1083917.009  1083925.005  1083933.009  1084391.001  1084475.003
  3140:  1084533.001  1084914.003  1085222.005  1085541.009  1099857.005
  3145:  1100021.009  1103399.005  1103533.009  1103751.001  1104312.003
  3150:  1104408.005  1104682.009  1105128.001  1105856.003  1106009.005
  3155:  1106337.009  1106662.005  1106802.009  1107207.001  1107885.003
  3160:  1108209.005  1108504.009  1108995.005  1108996.009  1109040.005
  3165:  1109319.009  1109756.001  1109785.003  1109807.001  1110458.003
  3170:  1110574.005  1111026.009  1111331.005  1111497.009  1111757.001
  3175:  1112507.018  1112557.003  1112669.005  1112670.016  1112720.026
  3180:  1113732.009  1113739.005  1113746.009  1115535.005  1115994.009
  3185:  1116249.001  1116583.003  1116606.001  1116968.003  1117078.005
  3190:  1117527.009  1117869.001  1118384.003  1118424.001  1118468.003
  3195:  1118577.005  1118952.009  1119272.001  1119879.003  1119985.005
  3200:  1120360.009  1120578.005  1120704.009  1120919.001  1120952.003
  3205:  1120978.001  1121880.003  1122016.005  1122563.009  1122569.005
  3210:  1122583.009  1122963.001  1123017.003  1123063.001  1123160.003
  3215:  1123182.001  1123672.003  1123820.005  1124264.009  1125435.005
  3220:  1125591.009  1125887.001  1126637.018  1126779.003  1126931.005
  3225:  1126932.016  1126982.026  1128147.009  1128160.005  1128162.009
  3230:  1133783.005  1134175.009  1134696.005  1134846.009  1145251.005
  3235:  1145621.009  1145635.005  1145639.009  1145881.001  1146236.003
  3240:  1146253.001  1146517.003  1146643.005  1147098.009  1147483.001
  3245:  1148069.003  1148225.005  1148684.009  1148962.001  1149021.003
  3250:  1149032.001  1149714.003  1149848.005  1150316.009  1150738.001
  3255:  1150845.003  1150864.001  1151428.003  1151549.005  1151891.009
  3260:  1151946.005  1152034.009  1152263.001  1152352.003  1152371.001
  3265:  1153176.003  1153290.005  1153624.009  1154113.005  1154270.009
  3270:  1156918.005  1157258.009  1157460.001  1158210.018  1158443.003
  3275:  1158627.005  1158628.016  1158678.026  1160118.009  1160150.005
  3280:  1160464.009  1160729.005  1160741.009  1160756.005  1160759.009
  3285:  1160778.005  1161361.009  1161727.001  1162364.003  1162514.005
  3290:  1162832.009  1162843.005  1162890.009  1163269.001  1164019.018
  3295:  1164078.003  1164205.005  1164206.016  1164256.026  1165295.009
  3300:  1165316.005  1165319.009  1165939.005  1166114.009  1166670.001
  3305:  1166717.003  1166738.001  1166994.003  1167006.001  1167582.003
  3310:  1167703.005  1168180.009  1168487.005  1168499.009  1168506.005
  3315:  1168581.009  1168927.001  1169663.003  1169720.001  1169808.003
  3320:  1169923.005  1170258.009  1170634.001  1170684.003  1170709.001
  3325:  1170854.003  1170866.001  1171743.003  1171834.005  1172199.009
  3330:  1172451.005  1172671.009  1173170.001  1173898.003  1174174.005
  3335:  1174383.009  1174530.005  1174533.009  1174569.005  1174706.009
  3340:  1175440.005  1175640.009  1176198.001  1176292.003  1176312.001
  3345:  1177075.003  1177220.005  1177538.009  1177884.001  1177954.003
  3350:  1177972.001  1178881.003  1179022.005  1179183.009  1179416.005
  3355:  1179681.009  1180048.001  1180798.018  1180909.003  1180992.005
  3360:  1180993.016  1181043.026  1182130.009  1184711.005  1184724.009
  3365:  1184755.005  1185234.009  1185617.001  1186367.018  1186467.003
  3370:  1186546.005  1186547.016  1186597.026  1187585.009  1188039.005
  3375:  1188041.009  1188048.005  1188051.009  1188080.005  1188203.009
  3380:  1188640.001  1189390.018  1189475.003  1189544.005  1189545.016
  3385:  1189595.026  1189597.017  1190623.009  1191216.005  1191218.009
  3390:  1191230.005  1191234.009  1191236.005  1191239.009  1191270.005
  3395:  1191458.009  1191571.005  1191679.009  1192092.001  1192556.003
  3400:  1192623.005  1192975.009  1192991.005  1192994.009  1193267.001
  3405:  1193805.003  1193860.001  1194521.003  1194659.005  1195000.009
  3410:  1195207.005  1195377.009  1195756.001  1196756.018  1196996.003
  3415:  1197054.005  1197055.016  1197105.026  1198073.009  1198998.005
  3420:  1199011.009  1199040.005  1199393.009  1199920.001  1200008.003
  3425:  1200025.001  1200840.003  1200933.005  1201436.009  1201796.001
  3430:  1202705.003  1202930.005  1203605.009  1204302.005  1204307.009
  3435:  1204340.005  1204751.009  1205116.001  1206056.003  1206191.005
  3440:  1206868.009  1207128.001  1207583.003  1207606.001  1207813.003
  3445:  1207938.005  1208368.009  1208610.005  1208624.009  1208629.005
  3450:  1208632.009  1208643.005  1208790.009  1209246.001  1210056.003
  3455:  1210179.005  1210442.009  1210688.005  1210700.009  1210734.005
  3460:  1210939.009  1211437.001  1212199.003  1212318.005  1212643.009
  3465:  1212960.005  1212964.009  1212992.005  1213030.009  1213565.001
  3470:  1213606.003  1213673.001  1214179.003  1214297.005  1214850.009
  3475:  1215046.005  1215053.009  1215054.005  1215250.009  1215489.001
  3480:  1215558.003  1215596.001  1216145.003  1216387.005  1217236.009
  3485:  1217498.001  1217559.003  1217637.001  1218308.003  1218446.005
  3490:  1218934.009  1218943.005  1218945.009  1219798.005  1219957.009
  3495:  1220306.001  1220436.003  1220494.001  1220844.003  1220888.001
  3500:  1220986.003  1221122.005  1221413.009  1221676.005  1222118.009
  3505:  1222430.001  1223128.003  1223163.001  1223216.003  1223348.005
  3510:  1223816.009  1224296.001  1224997.003  1225163.005  1225441.009
  3515:  1225578.005  1225668.009  1225915.005  1225924.009  1225931.005
  3520:  1225936.009  1225941.005  1226084.009  1226505.001  1227302.003
  3525:  1227600.005  1227730.009  1227864.005  1228220.009  1228683.001
  3530:  1229379.003  1229522.005  1229993.009  1230589.001  1230739.003
  3535:  1230752.001  1231445.003  1231613.005  1231853.009  1232317.005
  3540:  1232420.009  1232895.001  1233731.003  1233915.005  1234208.009
  3545:  1234556.001  1235330.003  1235539.005  1235904.009  1240186.005
  3550:  1240191.009  1240204.005  1240207.009  1240220.005  1241902.009
  3555:  1242140.005  1242144.009  1242167.005  1242191.009  1242747.001
  3560:  1243256.003  1243264.001  1243488.003  1243600.005  1244216.009
  3565:  1244525.001  1245255.003  1245389.005  1245867.009  1246298.001
  3570:  1246382.003  1246401.001  1247000.003  1247125.005  1247444.009
  3575:  1247785.001  1248582.003  1248659.005  1249014.009  1249466.001
  3580:  1249517.003  1249543.001  1249754.003  1249786.001  1249908.003
  3585:  1250522.001  1250615.003  1250634.001  1251166.003  1251383.005
  3590:  1251586.009  1253706.005  1254123.009  1254126.005  1254129.009
  3595:  1254343.001  1254749.003  1254760.001  1255068.003  1255223.005
  3600:  1255903.009  1257589.005  1257593.009  1257641.005  1257649.009
  3605:  1257653.005  1257731.009  1272490.005  1272778.009  1272780.005
  3610:  1272793.009  1272806.005  1272809.009  1273073.001  1273701.003
  3615:  1273808.005  1274292.009  1274572.001  1275208.003  1275368.005
  3620:  1275859.009  1279489.005  1279526.009  1282078.005  1282087.009
  3625:  1282093.005  1282613.009  1282665.005  1282676.009  1282680.005
  3630:  1282703.009  1282727.005  1282736.009  1282932.001  1283458.003
  3635:  1283552.005  1284011.009  1284233.001  1284945.003  1285090.005
  3640:  1285550.009  1285955.001  1286630.003  1286804.005  1287148.009
  3645:  1287199.005  1287202.009  1287711.005  1287874.009  1287894.005
  3650:  1287906.009  1288180.001  1288269.003  1288295.001  1289179.003
  3655:  1289258.005  1289610.009  1290036.001  1290605.003  1290727.005
  3660:  1291012.009  1291626.001  1292361.003  1292529.005  1293028.009
  3665:  1293029.005  1293033.009  1293371.001  1294182.003  1294300.005
  3670:  1294536.009  1295215.005  1295220.009  1295224.005  1295370.009
  3675:  1295780.001  1295882.003  1295900.001  1296021.003  1296033.001
  3680:  1296763.003  1296890.005  1297334.009  1297667.001  1298626.003
  3685:  1298765.005  1299366.009  1305175.005  1305313.009  1305834.001
  3690:  1306821.003  1307575.005  1307935.009  1321797.005  1321802.009
  3695:  1322245.001  1322782.003  1322885.005  1323224.009  1323474.001
  3700:  1324159.003  1324248.005  1324768.009  1325206.005  1325396.009
  3705:  1325714.001  1326443.003  1326591.005  1327038.009  1327349.001
  3710:  1328199.003  1328337.005  1328828.009  1382242.005  1382937.009
  3715:  1384461.005  1384766.009  1384777.005  1384782.009  1384989.001
  3720:  1385863.003  1386021.005  1386383.009  1395792.005  1395992.009
  3725:  1396246.001  1396738.003  1396914.005  1397226.009  1397467.001
  3730:  1397544.003  1397581.001  1397990.003  1398112.005  1398519.009
  3735:  1398521.005  1398523.009  1399454.001  1399923.003  1400058.005
  3740:  1400487.009  1400876.001  1400922.003  1400936.001  1401658.003
  3745:  1401763.005  1402232.009  1404002.005  1404286.009  1404913.001
  3750:  1405496.003  1405608.005  1405801.009  1406304.005  1406445.009
  3755:  1406825.001  1407451.003  1407535.001  1407543.003  1407614.005
  3760:  1408063.009  1408447.005  1408572.009  1410357.005  1410713.009
  3765:  1411168.001  1411312.003  1411329.001  1412349.003  1412487.001
  3770:  1412844.003  1413154.005  1413472.009  1414381.005  1414779.009
  3775:  1415009.001  1415061.003  1415094.001  1415868.003  1416002.005
  3780:  1416506.009  1416748.001  1417748.018  1417967.003  1418106.005
  3785:  1418107.016  1418157.026  1419375.009  1420448.005  1421214.009
  3790:  1421502.001  1421740.003  1421758.001  1422173.003  1422310.005
  3795:  1422945.009  1423229.001  1423390.003  1423411.001  1423949.003
  3800:  1424087.005  1424777.009  1425035.005  1425038.009  1425063.005
  3805:  1425072.009  1425079.005  1425175.009  1425536.001  1425620.003
  3810:  1425647.001  1425810.003  1425820.001  1426332.003  1426426.005
  3815:  1426839.009  1427185.001  1427257.003  1427280.001  1427830.003
  3820:  1427942.005  1428246.009  1428632.005  1428641.009  1428645.005
  3825:  1428745.009  1429153.001  1429188.003  1429208.001  1430147.003
  3830:  1430292.005  1430741.009  1431433.001  1432111.003  1432236.005
  3835:  1432605.009  1433666.005  1433669.009  1433695.005  1434156.009
B:
     0:        0.000      764.000        0.000      764.000        0.000
     5:     1069.000        0.000        0.000        0.000     1069.000
    10:        0.000        1.000        0.000        1.000        0.000
    15:        0.000       57.000        1.000       57.000        0.000
    20:        0.000        0.000        0.000        0.000        0.000
    25:        0.000       57.000        0.000        0.000        0.000
    30:        0.000
D:
     0:  1735249.000  1734572.000  1735250.000
E:
     0:      750.000     1000.000
T:
     0:        0.000        0.000        0.000        0.000
W:
     0:        0.000        0.000        0.000
