File: C:\MED-PC IV\Data\Reyes\BD\BD2119.999


Start Date: 04/08/26
End Date: 04/08/26
Subject: 119
Experiment: BD
Group: ERROR_M
Box: 3
Start Time: 11:38:10
End Time: 12:28:10
MSN: DRRD_lin_nosepoke
C:       0.000
F:       1.000
G:       0.000
H:       0.000
I:       0.000
J:       0.000
K:    2000.000
L:       0.000
M:       0.000
N:       1.000
O:       0.000
P:       0.000
Q:       0.000
R:       0.000
S:       0.000
U:  303139.000
V:       0.000
X:       0.000
Y:    2692.000
Z:       0.000
A:
     0:     1015.005     1023.009     1031.005     1218.009     9199.005
     5:     9237.009    10951.005    11125.009    15000.013    15000.011
    10:    15108.001    15171.003    15340.001    15361.003    15386.001
    15:    15527.003    15768.001    16199.003    16240.001    16450.003
    20:    16580.005    16767.009    17021.001    17878.003    17979.001
    25:    18047.003    18117.001    18540.003    18679.005    18956.009
    30:    18964.005    18971.009    19188.001    20140.003    20249.005
    35:    20522.009    20565.005    20573.009    20767.001    21249.003
    40:    21392.001    22437.003    22551.005    22693.009    23034.001
    45:    23710.003    23727.001    24474.003    24612.001    24641.003
    50:    24739.005    24831.009    24921.005    24945.009    24962.005
    55:    25114.009    25689.001    26170.003    26204.001    26680.003
    60:    27002.005    27121.009    30037.005    30054.009    30361.001
    65:    30389.003    30460.001    31260.003    31378.005    31506.009
    70:    31821.001    32821.018    33016.003    33166.005    33167.016
    75:    33217.026    34289.009    34705.005    34889.009    35154.001
    80:    36154.018    36231.003    36320.005    36321.016    36371.026
    85:    36832.009    37315.001    37876.003    37989.005    38342.009
    90:    38528.001    39462.003    39533.005    39719.009    39913.001
    95:    40913.018    40956.003    41023.005    41024.016    41074.026
   100:    41607.009    41795.001    42795.018    43025.003    43094.005
   105:    43095.016    43145.026    43709.009    43921.001    44780.003
   110:    44891.005    45042.009    47277.005    47340.009    47573.001
   115:    47889.003    48070.001    48788.003    48867.005    49008.009
   120:    49196.001    49908.003    50021.005    50165.009    50535.001
   125:    50598.003    50639.001    50841.003    50919.001    52141.003
   130:    52226.005    52396.009    55615.001    55801.003    55826.001
   135:    56594.003    56669.005    56811.009    56936.001    57936.018
   140:    58247.003    58389.005    58390.016    58440.026    59055.009
   145:    59424.001    60090.003    60190.005    60327.009    63191.001
   150:    63764.003    63802.001    64172.003    64250.005    64395.009
   155:    64594.001    65594.018    65818.003    65895.005    65896.016
   160:    65946.026    66368.009    66559.001    67309.003    67406.005
   165:    67533.009    67566.005    67657.009    67868.001    68868.018
   170:    68927.003    68989.005    68990.016    69040.026    69556.009
   175:    69797.001    70797.018    70846.003    70940.005    70941.016
   180:    70991.026    72424.009    72791.001    73791.018    74016.003
   185:    74088.005    74089.016    74139.026    75166.009    75592.001
   190:    76547.003    76625.005    76775.009    76815.005    76821.009
   195:    76995.001    77995.018    78080.003    78155.005    78156.016
   200:    78206.026    79020.009    79243.001    80243.018    80891.003
   205:    80964.005    80965.016    81015.026    81465.009    81691.001
   210:    82691.018    83209.003    83294.005    83295.016    83345.026
   215:    83774.009    84284.001    85284.018    85745.003    85820.005
   220:    85821.016    85871.026    86344.009    86680.001    87680.018
   225:    88423.003    88531.005    88532.016    88582.026    89162.009
   230:    89538.001    90538.018    91441.003    91526.005    91527.016
   235:    91577.026    91960.009    92165.001    93164.003    93246.005
   240:    93375.009    93587.001    94587.018    94604.003    94683.005
   245:    94684.016    94734.026    95332.009    95559.001    96559.018
   250:    97136.003    97232.005    97233.016    97283.026    97578.009
   255:    97896.001    98184.003    98222.001    99122.003    99211.005
   260:    99342.009    99358.005    99366.009    99688.001    99756.003
   265:    99798.001   100082.003   100456.001   101023.003   101109.005
   270:   101248.009   103335.001   103498.003   103574.001   103666.003
   275:   104557.005   104737.009   104955.001   105837.003   105939.005
   280:   106150.009   106303.001   106886.003   106931.001   107377.003
   285:   107477.005   107606.009   107798.001   108798.018   109272.003
   290:   109370.005   109371.016   109421.026   109837.009   110024.001
   295:   110933.003   111025.005   111190.009   111460.001   112451.003
   300:   112525.005   112698.009   112857.001   113212.003   118168.001
   305:   118355.003   118481.001   119258.003   119345.005   119487.009
   310:   119752.001   119825.003   120510.005   120670.009   120839.001
   315:   121839.018   122373.003   122456.005   122457.016   122507.026
   320:   122668.009   122687.005   122696.009   122907.001   122991.003
   325:   123032.001   123070.003   123093.001   124683.003   124849.005
   330:   124993.009   125211.001   126211.018   127535.003   127667.005
   335:   127668.016   127718.026   128573.009   128760.001   129760.018
   340:   129761.003   129832.005   129833.016   129883.026   130622.009
   345:   130804.001   131435.003   131522.005   131663.009   131872.001
   350:   132872.018   132963.003   133075.005   133076.016   133126.026
   355:   133901.009   133902.005   133924.009   136401.005   136509.009
   360:   136960.001   137658.003   137712.005   137834.009   138012.001
   365:   138573.003   138604.001   139228.003   139329.005   139471.009
   370:   139744.001   140744.018   141496.003   141608.005   141609.016
   375:   141659.026   142238.009   142465.001   143465.018   143471.003
   380:   143554.005   143555.016   143605.026   144091.009   144817.001
   385:   145817.018   145928.003   146052.005   146053.016   146103.026
   390:   146505.009   146933.001   147933.018   148047.003   148135.005
   395:   148136.016   148186.026   148765.009   149283.001   150168.003
   400:   150246.005   150434.009   150785.001   151537.003   151733.001
   405:   152010.003   152020.001   152159.003   152240.005   152379.009
   410:   152409.005   152419.009   152733.001   153733.018   153843.003
   415:   153930.005   153931.016   153981.026   154741.009   155182.001
   420:   156111.003   156198.005   156395.009   156636.001   156888.003
   425:   156914.001   157672.003   157778.005   157869.009   159763.001
   430:   159966.003   160230.001   160479.003   160717.005   160862.009
   435:   160881.005   160984.009   161281.001   162281.018   162774.003
   440:   163030.005   163031.016   163081.026   163603.009   164711.001
   445:   165711.018   166256.003   166435.005   166436.016   166486.026
   450:   166702.009   166881.001   167881.018   168111.003   168248.005
   455:   168249.016   168299.026   168776.009   169325.001   170275.003
   460:   170390.005   170554.009   170808.001   171436.003   171610.001
   465:   172073.003   172191.005   172416.009   173522.001   173821.003
   470:   173886.001   173920.003   179278.005   179286.009   179293.005
   475:   179502.009   179823.001   180050.003   180289.005   180438.009
   480:   181032.001   181196.003   181280.001   181326.003   181519.005
   485:   181674.009   182051.001   182075.003   182117.001   182745.003
   490:   182814.005   182947.009   183203.001   183262.003   183285.001
   495:   184088.003   184148.005   184314.009   184552.001   185552.018
   500:   185667.003   185708.001   185765.003   185893.005   185894.016
   505:   185944.026   186404.009   186583.001   186861.003   186898.001
   510:   188159.003   188231.005   188365.009   188666.001   189333.003
   515:   189475.001   189961.003   190123.005   190280.009   190540.001
   520:   191090.003   191135.001   192107.003   192235.005   192510.009
   525:   192853.001   193853.018   194375.003   194500.005   194501.016
   530:   194551.026   195334.009   195880.001   196137.003   196243.005
   535:   196421.009   196620.001   197620.018   197818.003   197919.005
   540:   197920.016   197970.026   198480.009   198952.001   199619.003
   545:   199712.005   199863.009   199871.005   199905.009   200115.001
   550:   201066.003   201171.005   201553.009   201770.001   202489.003
   555:   202492.001   203271.003   203364.005   203532.009   203831.001
   560:   204831.018   205221.003   205317.005   205318.016   205368.026
   565:   205770.009   205967.001   206967.018   207180.003   207277.005
   570:   207278.016   207328.026   208046.009   208699.001   209699.018
   575:   209865.003   209997.005   209998.016   210048.026   210357.009
   580:   210572.001   211572.018   211699.003   211786.005   211787.016
   585:   211837.026   212340.009   213187.001   214187.018   214289.003
   590:   214390.005   214391.016   214441.026   214610.009   214833.001
   595:   215833.018   216343.003   216427.005   216428.016   216478.026
   600:   216741.009   216959.001   217959.018   218100.003   218173.005
   605:   218174.016   218224.026   218857.009   219048.001   220048.018
   610:   220545.003   220651.005   220652.016   220702.026   221320.009
   615:   221643.001   222643.018   222808.003   222906.005   222907.016
   620:   222957.026   223564.009   224045.001   225045.018   225048.003
   625:   225131.005   225132.016   225182.026   225869.009   226677.001
   630:   227160.003   227284.005   227455.009   227851.001   228851.018
   635:   228971.003   229081.005   229082.016   229132.026   229523.009
   640:   229529.005   229545.009   229853.001   230853.018   231740.003
   645:   231818.005   231819.016   231869.026   232121.009   232364.001
   650:   233356.003   233451.005   233634.009   233635.005   233645.009
   655:   233855.001   234655.003   234696.001   234816.003   234853.001
   660:   235433.003   235568.005   235897.009   236158.001   237158.018
   665:   237207.003   237316.005   237317.016   237367.026   238395.009
   670:   238399.005   238513.009   239022.001   239828.003   239946.005
   675:   240078.009   240404.005   240443.009   240444.005   240451.009
   680:   243704.005   243734.009   244102.001   245102.018   245241.003
   685:   245329.005   245330.016   245380.026   246136.009   246589.001
   690:   247264.003   247368.005   247544.009   247700.001   248634.003
   695:   248728.005   248868.009   249106.001   250106.018   250330.003
   700:   250462.005   250463.016   250513.026   250782.009   251011.001
   705:   252011.018   252128.003   252269.001   253203.003   253269.005
   710:   253270.016   253320.026   253606.009   253787.001   254787.018
   715:   255236.003   255310.005   255311.016   255361.026   255646.009
   720:   255839.001   256839.018   257217.003   257290.005   257291.016
   725:   257341.026   257749.009   257940.001   258940.018   259222.003
   730:   259310.005   259311.016   259361.026   259672.009   259852.001
   735:   260852.018   261117.003   261195.005   261196.016   261246.026
   740:   261802.009   261959.001   262959.018   263423.003   263516.005
   745:   263517.016   263567.026   263966.009   264172.001   265172.018
   750:   265577.003   265675.005   265676.016   265726.026   266340.009
   755:   266344.005   266415.009   269167.001   269718.003   269877.001
   760:   270095.003   270198.001   270431.003   270601.005   270746.009
   765:   270998.001   271998.018   273058.003   273151.005   273152.016
   770:   273202.026   273719.009   273989.001   274150.003   274561.001
   775:   275584.003   275705.005   275891.009   275893.005   275971.009
   780:   276694.001   277694.018   277799.003   277888.005   277889.016
   785:   277939.026   278331.009   278519.001   279519.018   280050.003
   790:   280135.005   280136.016   280186.026   280649.009   280866.001
   795:   280917.003   280963.001   282236.003   282259.005   282480.009
   800:   282683.001   283683.018   283976.003   284023.005   284024.016
   805:   284074.026   284620.009   284628.005   284689.009   284973.001
   810:   285973.018   286365.003   286447.005   286448.016   286498.026
   815:   287054.009   287388.001   288388.018   288898.003   288970.005
   820:   288971.016   289021.026   289424.009   289775.001   290775.018
   825:   291409.003   291483.005   291484.016   291534.026   291979.009
   830:   292425.001   293425.018   293865.003   293938.005   293939.016
   835:   293989.026   294401.009   294706.001   295706.018   296031.003
   840:   296134.005   296135.016   296185.026   296863.009   297495.001
   845:   298495.018   298553.003   298677.005   298678.016   298728.026
   850:   299340.009   299750.001   300750.018   301619.003   301740.005
   855:   301741.016   301791.026   302216.009   304318.005   304764.009
   860:   304810.005   304972.009   305401.001   306401.018   306407.003
   865:   306512.005   306513.016   306563.026   307046.009   307784.001
   870:   308784.018   308817.003   308925.005   308926.016   308976.026
   875:   309494.009   309693.001   310197.003   310245.001   310275.003
   880:   310297.001   310960.003   311055.005   311193.009   311444.001
   885:   312444.018   312621.003   312694.005   312695.016   312745.026
   890:   313352.009   313995.001   314995.018   315162.003   315273.005
   895:   315274.016   315324.026   315992.009   316757.001   317596.003
   900:   317699.005   317832.009   318041.001   319041.018   319155.003
   905:   319226.005   319227.016   319277.026   319841.009   320211.001
   910:   321211.018   322029.003   322114.005   322115.016   322165.026
   915:   322772.009   323564.001   324391.003   324485.005   324662.009
   920:   324913.001   325913.018   326395.003   326489.005   326490.016
   925:   326540.026   327118.009   328703.005   328915.009   329228.001
   930:   330228.018   330444.003   330527.005   330528.016   330578.026
   935:   331497.009   331882.001   332882.018   333335.003   333403.005
   940:   333404.016   333454.026   333984.009   334474.001   335474.018
   945:   335507.003   335577.005   335578.016   335628.026   336135.009
   950:   336758.001   337718.003   337800.005   338011.009   338228.001
   955:   339228.018   339279.003   339343.005   339344.016   339394.026
   960:   339953.009   340661.001   341661.018   341867.003   341948.005
   965:   341949.016   341999.026   342371.009   342383.005   342386.009
   970:   342388.005   342394.009   342621.001   343621.018   343907.003
   975:   343996.005   343997.016   344047.026   344207.009   344225.005
   980:   344249.009   352152.005   352230.009   352282.005   352575.009
   985:   352990.001   353097.003   353493.001   353605.003   363218.001
   990:   364205.003   364322.005   364703.009   365196.001   365828.003
   995:   365865.001   366092.003   366371.005   366500.009   366744.001
  1000:   367744.018   367819.003   367930.005   367931.016   367981.026
  1005:   368268.009   368442.001   369442.003   369545.005   369546.016
  1010:   369596.026   370047.009   370228.001   371228.018   371265.003
  1015:   371343.005   371344.016   371394.026   371801.009   371835.005
  1020:   371867.009   371872.005   371958.009   371973.005   372641.009
  1025:   372862.001   373862.018   374031.003   374130.005   374131.016
  1030:   374181.026   374706.009   374942.001   375942.018   376318.003
  1035:   376409.005   376410.016   376460.026   377158.009   377368.001
  1040:   378368.018   378509.003   378599.005   378600.016   378650.026
  1045:   379058.009   379888.001   380636.003   380750.005   380759.009
  1050:   380762.005   380964.009   383691.005   383717.009   383970.001
  1055:   384970.018   385314.003   385395.005   385396.016   385446.026
  1060:   385859.009   386691.001   387691.018   388098.003   388184.005
  1065:   388185.016   388235.026   388957.009   389617.001   390436.003
  1070:   390536.005   390685.009   390934.001   391833.003   391921.005
  1075:   392083.009   392410.001   393410.018   393526.003   393610.005
  1080:   393611.016   393661.026   394106.009   394546.001   395546.018
  1085:   395836.003   395933.005   395934.016   395984.026   396360.009
  1090:   396930.001   397930.018   398463.003   398573.005   398574.016
  1095:   398624.026   399272.009   400135.001   401135.018   401545.003
  1100:   401673.005   401674.016   401724.026   402281.009   402833.005
  1105:   403129.009   405128.005   405151.009   405157.005   405199.009
  1110:   405518.001   406518.018   407037.003   407121.005   407122.016
  1115:   407172.026   407958.009   408612.001   409612.018   409939.003
  1120:   410024.005   410025.016   410075.026   410583.009   410998.001
  1125:   411998.018   412566.003   412656.005   412657.016   412707.026
  1130:   413239.009   414038.005   414495.009   415077.001   416077.018
  1135:   416628.003   416727.005   416728.016   416778.026   417215.009
  1140:   418302.001   419302.018   419437.003   419533.005   419534.016
  1145:   419584.026   420215.009   420620.001   421620.018   421700.003
  1150:   421792.005   421793.016   421843.026   422458.009   422919.001
  1155:   423919.018   424919.003   425038.005   425039.016   425089.026
  1160:   425620.009   425630.005   425758.009   426468.001   427468.018
  1165:   427590.003   427709.005   427710.016   427760.026   428304.009
  1170:   428976.001   429976.018   430264.003   430375.005   430376.016
  1175:   430426.026   431720.009   432961.005   432977.009   433343.001
  1180:   434241.003   434325.005   434532.009   434728.005   434760.009
  1185:   434774.005   434796.009   435067.001   436067.018   436289.003
  1190:   436379.005   436380.016   436430.026   437661.009   437682.005
  1195:   437898.009   438383.001   439383.018   439699.003   439788.005
  1200:   439789.016   439839.026   440399.009   441503.001   442503.018
  1205:   443106.003   443216.005   443217.016   443267.026   443720.009
  1210:   445272.001   446272.018   446405.003   446490.005   446491.016
  1215:   446541.026   447093.009   447202.005   447446.009   448675.001
  1220:   449675.018   449762.003   449855.005   449856.016   449906.026
  1225:   450655.009   453570.005   453694.009   454012.001   455012.018
  1230:   455178.003   455244.005   455245.016   455295.026   456201.009
  1235:   456834.001   457834.018   458169.003   458263.005   458264.016
  1240:   458314.026   459896.009   460575.001   461575.018   461600.003
  1245:   461733.005   461734.016   461784.026   463301.009   463938.001
  1250:   464677.003   464796.005   465324.009   465846.001   465958.003
  1255:   465986.001   467003.003   467088.005   467357.009   467600.001
  1260:   468600.018   468668.003   468764.005   468765.016   468815.026
  1265:   469390.009   469947.001   470947.018   471010.003   471100.005
  1270:   471101.016   471151.026   471560.009   472548.001   473084.003
  1275:   473196.005   473423.009   473749.001   474668.003   474758.005
  1280:   475003.009   475299.001   476299.018   476690.003   476766.005
  1285:   476767.016   476817.026   477381.009   478396.001   479396.018
  1290:   479500.003   479601.005   479602.016   479652.026   481766.009
  1295:   481769.005   481818.009   484176.001   484639.003   484745.005
  1300:   485405.009   486076.001   487006.003   487096.005   487508.009
  1305:   487803.001   488803.018   488991.003   489085.005   489086.016
  1310:   489136.026   489584.009   489687.005   489895.009   491263.001
  1315:   492135.003   492227.005   492600.009   493152.001   494152.018
  1320:   495054.003   495162.005   495163.016   495213.026   495856.009
  1325:   496713.001   497713.018   498557.003   498643.005   498644.016
  1330:   498694.026   499279.009   499553.001   500553.018   500808.003
  1335:   500886.005   500887.016   500937.026   501605.009   503182.001
  1340:   503744.003   503845.005   504019.009   504051.005   504087.009
  1345:   504487.001   505487.018   505668.003   505753.005   505754.016
  1350:   505804.026   506173.009   506425.001   507425.018   507519.003
  1355:   507593.005   507594.016   507644.026   508513.009   508516.005
  1360:   508532.009   508835.001   509835.018   510648.003   510725.005
  1365:   510726.016   510776.026   511567.009   512465.001   513465.018
  1370:   514751.003   514845.005   514846.016   514896.026   515309.009
  1375:   516509.005   516830.009   517066.001   518066.018   518162.003
  1380:   518230.005   518231.016   518281.026   519192.009   519491.001
  1385:   520491.018   520985.003   521056.005   521057.016   521107.026
  1390:   521567.009   521821.001   522763.003   522834.005   523012.009
  1395:   523263.001   524263.018   524497.003   524571.005   524572.016
  1400:   524622.026   525114.009   525158.005   525167.009   526244.005
  1405:   526302.009   526363.005   526411.009   526417.005   526590.009
  1410:   526776.001   527776.018   527975.003   528047.005   528048.016
  1415:   528098.026   528669.009   528789.005   528859.009   528941.005
  1420:   529025.009   529033.005   529204.009   529272.005   529484.009
  1425:   529709.001   530709.018   532015.003   532116.005   532117.016
  1430:   532167.026   533049.009   533620.005   533948.009   534146.001
  1435:   535046.003   535135.005   535323.009   537083.005   537232.009
  1440:   537539.001   538315.003   553963.005   553980.009   572078.005
  1445:   572268.009   572598.001   572882.003   581900.001   581940.003
  1450:   611932.001   612260.003   612608.005   612637.009   612640.005
  1455:   612818.009   617931.005   618117.009   618424.001   619203.003
  1460:   619287.005   619620.009   619830.001   620715.003   620804.005
  1465:   621043.009   621054.005   621256.009   621455.001   622455.018
  1470:   622671.003   622752.005   622753.016   622803.026   623705.009
  1475:   624099.001   625099.018   625414.003   625491.005   625492.016
  1480:   625542.026   626003.009   626430.001   627371.003   627461.005
  1485:   628138.009   628389.001   629389.018   629394.003   629506.005
  1490:   629507.016   629557.026   630020.009   630854.001   631854.018
  1495:   631875.003   631986.005   631987.016   632037.026   632632.009
  1500:   633732.001   634732.018   634801.003   634931.005   634932.016
  1505:   634982.026   635428.009   635447.005   635471.009   636263.001
  1510:   636377.003   636563.001   637267.003   637372.005   637790.009
  1515:   638161.001   639023.003   639115.005   639354.009   639588.001
  1520:   640588.018   640691.003   640794.005   640795.016   640845.026
  1525:   641358.009   641720.001   642720.018   642777.003   642866.005
  1530:   642867.016   642917.026   643691.009   644435.001   645227.003
  1535:   645348.005   645553.009   645836.001   646746.003   646865.005
  1540:   647033.009   647367.001   648367.018   648819.003   648926.005
  1545:   648927.016   648977.026   649718.009   650107.001   651107.018
  1550:   651426.003   651515.005   651516.016   651566.026   652028.009
  1555:   652406.005   652454.009   665358.005   665422.009   681494.001
  1560:   682375.003   682823.005   682992.009   683204.001   684204.018
  1565:   684263.003   684352.005   684353.016   684403.026   684638.009
  1570:   684877.001   685877.018   685922.003   686027.005   686028.016
  1575:   686078.026   686394.009   686648.001   687648.018   687760.003
  1580:   687852.005   687853.016   687903.026   688350.009   688544.001
  1585:   689544.018   690113.003   690221.005   690222.016   690272.026
  1590:   690894.009   691264.001   692264.018   692651.003   692750.005
  1595:   692751.016   692801.026   693356.009   693785.001   694785.018
  1600:   695678.003   695765.005   695766.016   695816.026   696576.009
  1605:   696620.005   696646.009   697337.001   698337.018   698478.003
  1610:   698594.005   698595.016   698645.026   699287.009   699292.005
  1615:   699317.009   699332.005   699345.009   699356.005   699390.009
  1620:   699508.005   699611.009   699762.005   699959.009   701701.001
  1625:   702121.003   702235.005   702482.009   702809.001   703809.018
  1630:   703858.003   703964.005   703965.016   704015.026   704435.009
  1635:   704442.005   704500.009   706643.001   706679.003   706886.001
  1640:   707610.003   707747.005   708000.009   708425.001   709425.018
  1645:   709788.003   709879.005   709880.016   709930.026   710720.009
  1650:   711517.001   712517.018   714000.003   714129.005   714130.016
  1655:   714180.026   715068.009   715071.005   715088.009   717354.005
  1660:   717596.009   717601.005   717612.009   718841.001   719841.018
  1665:   720899.003   720989.005   720990.016   721040.026   721669.009
  1670:   721698.005   721750.009   722234.005   722320.009   726240.005
  1675:   726407.009   743207.001   743799.003   781084.001   781372.003
  1680:   781604.005   781807.009   793672.005   793839.009   813633.005
  1685:   813682.009   815809.001   816250.003   816286.005   816419.009
  1690:   816651.001   817578.003   817697.005   817932.009   818165.001
  1695:   819159.003   819236.005   819400.009   819430.005   819701.009
  1700:   819903.001   820903.018   821046.003   821176.005   821177.016
  1705:   821227.026   822205.009   822450.001   823450.018   824413.003
  1710:   824519.005   824520.016   824570.026   824985.009   825008.005
  1715:   825063.009   826289.001   826602.003   826723.005   826904.009
  1720:   827222.001   828222.018   828537.003   828668.005   828669.016
  1725:   828719.026   829505.009   829809.001   830809.018   831821.003
  1730:   831918.005   831919.016   831969.026   832357.009   832364.005
  1735:   832432.009   836801.001   837684.003   837946.005   838024.009
  1740:   838328.001   839328.018   839480.003   839589.005   839590.016
  1745:   839640.026   840223.009   840414.005   840600.009   840642.005
  1750:   840676.009   840729.005   840826.009   841163.001   842163.018
  1755:   842851.003   842930.005   842931.016   842981.026   843538.009
  1760:   843834.001   844834.018   845557.003   845663.005   845664.016
  1765:   845714.026   846085.009   847125.005   847164.009   847193.005
  1770:   847800.009   847801.005   847816.009   848152.001   849152.018
  1775:   849747.003   849824.005   849825.016   849875.026   850251.009
  1780:   853435.005   853626.009   855288.005   855315.009   856206.001
  1785:   857136.003   857239.005   858015.009   858264.001   858508.003
  1790:   858558.001   859329.003   859381.001   859629.003   859699.005
  1795:   859863.009   860223.001   861223.018   861390.003   861463.005
  1800:   861464.016   861514.026   862107.009   863296.001   863813.003
  1805:   863945.005   864398.009   864664.001   865664.018   866302.003
  1810:   866404.005   866405.016   866455.026   867718.009   868440.001
  1815:   869440.018   870303.003   870426.005   870427.016   870477.026
  1820:   870908.009   873282.001   873710.003   873831.005   874045.009
  1825:   874355.001   875355.018   875383.003   875469.005   875470.016
  1830:   875520.026   876068.009   876656.001   877656.018   878322.003
  1835:   878430.005   878431.016   878481.026   879294.009   879877.001
  1840:   880877.018   881109.003   881236.005   881237.016   881287.026
  1845:   882745.009   883089.001   884089.018   884818.003   884912.005
  1850:   884913.016   884963.026   885869.009   886737.001   887514.003
  1855:   887622.005   887798.009   887851.005   887871.009   888151.001
  1860:   889130.003   889205.005   889370.009   889644.001   890644.018
  1865:   890743.003   890822.005   890823.016   890873.026   891329.009
  1870:   891580.001   892580.018   893214.003   893325.005   893326.016
  1875:   893376.026   893843.009   894848.001   895090.003   895147.001
  1880:   896107.003   896233.005   896755.009   896835.005   897074.009
  1885:   919388.005   919420.009   920502.001   921411.003   921580.005
  1890:   921777.009   922282.001   923282.018   923660.003   923835.005
  1895:   923836.016   923886.026   924786.009   924960.005   924986.009
  1900:   925244.005   925370.009   926081.005   926151.009   926513.001
  1905:   926573.003   926596.001   927687.003   927778.005   928029.009
  1910:   928391.001   929391.018   929636.003   929751.005   929752.016
  1915:   929802.026   930306.009   930920.001   931920.018   933245.003
  1920:   933341.005   933342.016   933392.026   934321.009   934476.005
  1925:   934497.009   934498.005   934526.009   934534.005   934665.009
  1930:   935340.001   936340.018   936991.003   937098.005   937099.016
  1935:   937149.026   937516.009   946184.001   947184.018   947401.003
  1940:   947482.005   947483.016   947533.026   948302.009   948512.005
  1945:   948969.009   948977.005   948997.009   949006.005   949017.009
  1950:   949106.005   949145.009   949179.005   949264.009   949431.005
  1955:   949486.009   949512.005   949560.009   950067.005   950105.009
  1960:   950128.005   950309.009   950317.005   951045.009   951659.001
  1965:   952484.003   952605.005   952932.009   953365.001   954365.018
  1970:   954799.003   954910.005   954911.016   954961.026   956745.009
  1975:   957979.001   958833.003   958953.005   959210.009   959879.001
  1980:   960770.003   960867.005   961042.009   961083.005   961104.009
  1985:   961512.001   962512.018   962672.003   962793.005   962794.016
  1990:   962844.026   964101.009   966283.001   967059.003   967184.005
  1995:   967642.009   967719.005   967830.009   968340.001   969340.018
  2000:   969438.003   969540.005   969541.016   969591.026   970065.009
  2005:   970180.005   970197.009   971910.001   972556.003   972680.005
  2010:   972973.009   973349.001   974332.003   974430.005   974612.009
  2015:   974617.005   974631.009  1042696.005  1042958.009  1109671.005
  2020:  1109842.009  1110375.001  1110898.003  1110909.001  1111300.003
  2025:  1111453.001  1111550.003  1111727.005  1111737.009  1111739.005
  2030:  1111905.009  1112903.005  1113058.009  1113195.005  1113325.009
  2035:  1113772.001  1114772.018  1114929.003  1115106.005  1115107.016
  2040:  1115157.026  1117564.009  1122214.005  1122224.009  1122518.001
  2045:  1123518.018  1123662.003  1123766.005  1123767.016  1123817.026
  2050:  1124675.009  1124676.005  1124702.009  1124739.005  1125381.009
  2055:  1125933.001  1126916.003  1127016.005  1127359.009  1127732.001
  2060:  1128242.003  1128276.001  1128824.003  1128927.005  1129206.009
  2065:  1129521.001  1130521.018  1130666.003  1130746.005  1130747.016
  2070:  1130797.026  1131346.009  1132061.001  1133061.018  1133371.003
  2075:  1133464.005  1133465.016  1133515.026  1134378.009  1134925.001
  2080:  1135925.018  1136173.003  1136261.005  1136262.016  1136312.026
  2085:  1137084.009  1138357.001  1138627.003  1138712.005  1138921.009
  2090:  1139241.001  1140241.018  1140311.003  1140426.005  1140427.016
  2095:  1140477.026  1141133.009  1141169.005  1141204.009  1146653.005
  2100:  1146761.009  1147178.001  1148178.018  1148216.003  1148334.005
  2105:  1148335.016  1148385.026  1148841.009  1148991.005  1149793.009
  2110:  1149820.005  1149851.009  1150756.001  1151756.018  1152040.003
  2115:  1152154.005  1152155.016  1152205.026  1152769.009  1152803.005
  2120:  1152850.009  1152872.005  1152931.009  1154255.001  1155207.003
  2125:  1155348.005  1155587.009  1156082.001  1157016.003  1157112.005
  2130:  1157426.009  1157434.005  1157466.009  1157855.001  1158855.018
  2135:  1158932.003  1159014.005  1159015.016  1159065.026  1159583.009
  2140:  1159972.001  1160972.018  1161760.003  1161869.005  1161870.016
  2145:  1161920.026  1162206.009  1162537.001  1163537.018  1163618.003
  2150:  1163710.005  1163711.016  1163761.026  1163985.009  1164067.005
  2155:  1164119.009  1175615.001  1176615.018  1176638.003  1203464.001
  2160:  1204223.003  1204374.005  1204375.016  1204425.026  1205083.009
  2165:  1205305.001  1206229.003  1206332.005  1206572.009  1206580.005
  2170:  1206609.009  1206853.001  1207853.018  1207873.003  1207985.005
  2175:  1207986.016  1208036.026  1208282.009  1208739.001  1209739.018
  2180:  1209766.003  1209860.005  1209861.016  1209911.026  1210307.009
  2185:  1210626.001  1211626.018  1211863.003  1211939.005  1211940.016
  2190:  1211990.026  1212217.009  1212566.001  1213566.018  1213933.003
  2195:  1214005.005  1214006.016  1214056.026  1214203.009  1214209.005
  2200:  1214244.009  1214967.001  1215967.018  1216428.003  1216525.005
  2205:  1216526.016  1216576.026  1216883.009  1217280.001  1218280.018
  2210:  1218537.003  1218631.005  1218632.016  1218682.026  1219108.009
  2215:  1219361.001  1220361.018  1221534.003  1221643.005  1221644.016
  2220:  1221694.026  1222018.009  1222080.005  1222094.009  1222310.001
  2225:  1223310.018  1224485.003  1224548.005  1224549.016  1224599.026
  2230:  1224886.009  1225290.001  1226290.018  1227314.003  1227404.005
  2235:  1227405.016  1227455.026  1228306.009  1228331.005  1228415.009
  2240:  1228780.001  1229780.018  1229941.003  1230046.005  1230047.016
  2245:  1230097.026  1230877.009  1230898.005  1230914.009  1231509.001
  2250:  1232509.018  1233101.003  1233182.005  1233183.016  1233233.026
  2255:  1233914.009  1234157.001  1235157.018  1235647.003  1235734.005
  2260:  1235735.016  1235785.026  1237048.009  1237297.001  1238297.018
  2265:  1238921.003  1238985.005  1238986.016  1239036.026  1239643.009
  2270:  1239916.001  1240916.018  1241617.003  1241628.005  1241629.016
  2275:  1241679.026  1242146.009  1242406.001  1243406.018  1243665.003
  2280:  1243766.005  1243767.016  1243817.026  1244535.009  1244690.005
  2285:  1244707.009  1245235.001  1246235.018  1246792.003  1246857.005
  2290:  1246858.016  1246908.026  1247308.009  1247576.001  1248576.018
  2295:  1248743.003  1248826.005  1248827.016  1248877.026  1249569.009
  2300:  1249600.005  1249631.009  1250110.005  1250496.009  1251014.001
  2305:  1252014.018  1252429.003  1252532.005  1252533.016  1252583.026
  2310:  1253389.009  1253467.005  1253479.009  1254575.001  1255349.003
  2315:  1255472.005  1255683.009  1256315.005  1256350.009  1256366.005
  2320:  1256423.009  1256794.001  1257194.003  1276605.005  1276655.009
  2325:  1276728.005  1277189.009  1277623.001  1278251.003  1278295.001
  2330:  1278534.003  1278602.001  1278820.003  1278954.005  1279148.009
  2335:  1279620.001  1280620.018  1280765.003  1280882.005  1280883.016
  2340:  1280933.026  1281557.009  1282225.001  1283225.018  1283389.003
  2345:  1283420.005  1283421.016  1283471.026  1283929.009  1284362.001
  2350:  1285362.018  1285534.003  1285634.005  1285635.016  1285685.026
  2355:  1286382.009  1286386.005  1286419.009  1287192.001  1287885.003
  2360:  1287963.005  1288377.009  1288648.001  1289648.018  1289829.003
  2365:  1289906.005  1289907.016  1289957.026  1290461.009  1291224.005
  2370:  1291599.009  1291928.001  1292052.003  1292121.001  1293187.003
  2375:  1293291.005  1293553.009  1293909.001  1294909.018  1295110.003
  2380:  1295198.005  1295199.016  1295249.026  1295777.009  1296348.001
  2385:  1297348.018  1298667.003  1298757.005  1298758.016  1298808.026
  2390:  1299236.009  1300559.005  1300642.009  1301262.001  1302262.018
  2395:  1302666.003  1302776.005  1302777.016  1302783.009  1302787.005
  2400:  1302827.026  1303482.009  1304812.001  1305465.003  1305559.005
  2405:  1305834.009  1306364.001  1307364.018  1307969.003  1308064.005
  2410:  1308065.016  1308115.026  1308677.009  1309941.001  1310941.018
  2415:  1311207.003  1311338.005  1311339.016  1311389.026  1311922.009
  2420:  1312187.005  1312336.009  1312393.005  1312425.009  1312992.001
  2425:  1313992.018  1314118.003  1314207.005  1314208.016  1314258.026
  2430:  1314654.009  1314797.005  1314884.009  1316690.005  1316838.009
  2435:  1316859.005  1316893.009  1316965.005  1317203.009  1317856.001
  2440:  1318742.003  1318846.005  1319105.009  1319722.001  1320708.003
  2445:  1320778.005  1320955.009  1321312.001  1322312.018  1322451.003
  2450:  1322528.005  1322529.016  1322579.026  1323178.009  1323429.005
  2455:  1323791.009  1324831.001  1325831.018  1326108.003  1326216.005
  2460:  1326217.016  1326267.026  1326721.009  1330509.005  1330553.009
  2465:  1333328.005  1333371.009  1333379.005  1333392.009  1333610.005
  2470:  1333656.009  1334183.001  1335183.018  1335341.003  1335433.005
  2475:  1335434.016  1335484.026  1335877.009  1340951.005  1340979.009
  2480:  1341300.001  1342300.018  1342365.003  1342450.005  1342451.016
  2485:  1342501.026  1343167.009  1344014.001  1344880.003  1344969.005
  2490:  1345356.009  1345595.001  1346595.018  1346666.003  1346762.005
  2495:  1346763.016  1346813.026  1347496.009  1349154.001  1350154.018
  2500:  1350178.003  1350270.005  1350271.016  1350321.026  1350825.009
  2505:  1351121.001  1352121.018  1352473.003  1352586.005  1352587.016
  2510:  1352637.026  1353028.009  1355775.001  1356775.018  1357007.003
  2515:  1357145.005  1357146.016  1357196.026  1357519.009  1358712.005
  2520:  1359218.009  1359710.001  1360710.018  1360762.003  1360864.005
  2525:  1360865.016  1360915.026  1361301.009  1361435.005  1361445.009
  2530:  1361448.005  1361583.009  1362712.005  1362864.009  1363575.001
  2535:  1364444.003  1364562.005  1365189.009  1365464.001  1366464.018
  2540:  1366573.003  1366680.005  1366681.016  1366731.026  1367389.009
  2545:  1367865.001  1368865.018  1369041.003  1369135.005  1369136.016
  2550:  1369186.026  1369697.009  1376230.001  1377071.003  1377142.005
  2555:  1377350.009  1378040.001  1379040.018  1379225.003  1379302.005
  2560:  1379303.016  1379353.026  1379906.009  1380467.001  1381467.018
  2565:  1381621.003  1381709.005  1381710.016  1381760.026  1382158.009
  2570:  1382775.005  1383137.009  1383572.001  1384572.018  1384795.003
  2575:  1384904.005  1384905.016  1384955.026  1385274.009  1385438.005
  2580:  1385546.009  1386904.005  1387005.009  1387718.001  1388718.018
  2585:  1388749.003  1388841.005  1388842.016  1388892.026  1389382.009
  2590:  1389500.005  1389600.009  1390393.005  1390773.009  1391167.001
  2595:  1391226.003  1391264.001  1391948.003  1392044.005  1392248.009
  2600:  1392508.001  1393390.003  1393473.005  1393833.009  1394128.001
  2605:  1395128.018  1395269.003  1395372.005  1395373.016  1395423.026
  2610:  1396156.009  1396819.001  1397326.003  1397409.005  1397585.009
  2615:  1397601.005  1397649.009  1397894.001  1398894.018  1399333.003
  2620:  1399412.005  1399413.016  1399463.026  1399911.009  1400392.001
  2625:  1401392.018  1401700.003  1401782.005  1401783.016  1401833.026
  2630:  1402341.009  1402600.001  1403600.018  1403747.003  1403834.005
  2635:  1403835.016  1403885.026  1404230.009  1406419.001  1407409.003
  2640:  1407507.005  1407716.009  1408087.001  1409087.018  1409103.003
  2645:  1409199.005  1409200.016  1409250.026  1409580.009  1411229.005
  2650:  1411272.009  1411808.001  1412808.018  1413149.003  1413275.005
  2655:  1413276.016  1413326.026  1413763.009  1415141.005  1415305.009
  2660:  1415722.001  1416712.003  1416810.005  1417011.009  1422897.005
  2665:  1423219.009  1424363.001  1425363.018  1425386.003  1425521.005
  2670:  1425522.016  1425572.026  1426135.009  1427040.005  1427061.009
  2675:  1427426.001  1428292.003  1428433.005  1428684.009  1429020.001
  2680:  1430020.018  1430208.003  1430309.005  1430310.016  1430360.026
  2685:  1430729.009  1433086.005  1433105.009  1433127.005  1433143.009
  2690:  1433154.005  1433175.009
B:
     0:        0.000      440.000        0.000      440.000        0.000
     5:      556.000        0.000        0.000        0.000      556.000
    10:        0.000        1.000        0.000        1.000        0.000
    15:        0.000      233.000        0.000      232.000        0.000
    20:        0.000        0.000        0.000        0.000        0.000
    25:        0.000      233.000        0.000        0.000        0.000
    30:        0.000
D:
     0:  1733346.000  1732159.000  1733347.000
E:
     0:     1000.000     1000.000
T:
     0:        0.000        0.000        0.000        0.000
W:
     0:        0.000        0.000        0.000
