File: C:\MED-PC IV\Data\Reyes\BD\BD2120.999


Start Date: 04/07/26
End Date: 04/07/26
Subject: 120
Experiment: BD
Group: ERROR_M
Box: 4
Start Time: 11:15:54
End Time: 12:05:54
MSN: DRRD_lin_nosepoke
C:       0.000
F:       2.000
G:       0.000
H:       0.000
I:       0.000
J:       0.000
K:    2000.000
L:       0.000
M:       0.000
N:       1.000
O:       0.000
P:       0.000
Q:       0.000
R:       0.000
S:       0.000
U:  154884.000
V:       0.000
X:       0.000
Y:    1901.000
Z:       0.000
A:
     0:     7713.005     8005.009     8094.005     8338.009    15000.013
     5:    15000.011    15778.001    15992.003    16115.005    16284.009
    10:    16645.001    17508.003    17592.005    17854.009    18177.001
    15:    19177.018    19319.003    19414.005    19415.016    19465.026
    20:    20419.009    20967.001    21646.003    21733.005    21989.009
    25:    22264.001    23264.018    23444.003    23519.005    23520.016
    30:    23570.026    23976.009    24271.001    25075.003    25171.005
    35:    25456.009    25783.001    25851.003    25867.001    26867.003
    40:    26940.005    27166.009    27444.001    27706.003    27760.001
    45:    28472.003    28687.001    29432.003    29496.005    29807.009
    50:    30185.001    31185.018    31369.003    31448.005    31449.016
    55:    31499.026    32066.009    32311.001    32341.003    32370.001
    60:    33037.003    33114.005    33348.009    33802.001    34802.018
    65:    34941.003    35030.005    35031.016    35081.026    35859.009
    70:    36350.001    36919.003    37008.005    37162.009    37907.001
    75:    38907.018    39008.003    39081.005    39082.016    39132.026
    80:    39571.009    39883.001    40883.018    41000.003    41086.005
    85:    41087.016    41137.026    41559.009    42277.001    43199.003
    90:    43294.005    43502.009    45964.001    46692.003    46721.005
    95:    46867.009    47142.001    48142.018    48381.003    48446.005
   100:    48447.016    48497.026    49022.009    49253.001    50089.003
   105:    50117.005    50345.009    50677.001    51677.018    51693.003
   110:    51773.005    51774.016    51824.026    52474.009    52790.001
   115:    52846.003    52867.001    53535.003    53614.005    53747.009
   120:    54046.001    55046.018    55297.003    55358.005    55359.016
   125:    55409.026    55805.009    56017.001    56792.003    56860.005
   130:    57197.009    57591.001    57939.003    57983.001    58297.003
   135:    58352.001    58560.003    58642.005    58833.009    59195.001
   140:    60164.003    60227.005    60405.009    61504.001    62340.003
   145:    62424.005    62566.009    62903.001    63856.003    63942.005
   150:    64252.009    64735.001    65735.018    66050.003    66130.005
   155:    66131.016    66181.026    66879.009    67271.001    67796.003
   160:    68317.001    68432.003    68529.005    68757.009    69153.001
   165:    69969.003    70043.005    70214.009    70600.001    70658.003
   170:    70697.001    71135.003    71604.001    72163.003    72266.005
   175:    72399.009    72616.001    72872.003    73048.001    73933.003
   180:    74015.005    74292.009    74314.005    74499.009    74769.001
   185:    75148.003    75284.001    75767.003    75845.005    76246.009
   190:    93696.001    94324.003    94457.005    94722.009    95236.001
   195:    95908.003    95932.005    96215.009    96548.001    97548.018
   200:    97627.003    97712.005    97713.016    97763.026    98145.009
   205:    98817.001    99526.003    99614.005    99710.009   100091.005
   210:   100154.009   100420.001   101246.003   101351.005   101509.009
   215:   102393.001   103285.003   103333.005   103637.009   103935.001
   220:   104816.003   117414.001   117901.003   117957.005   118121.009
   225:   118601.001   119128.003   119209.005   119515.009   119844.001
   230:   120730.003   120799.005   121047.009   125308.001   125880.003
   235:   125956.005   126210.009   126846.001   127023.003   127051.001
   240:   127636.003   127723.005   128024.009   128427.001   129427.018
   245:   129607.003   129677.005   129678.016   129728.026   130142.009
   250:   130215.005   130237.009   130619.001   131562.003   131730.005
   255:   131914.009   131992.005   132121.009   132389.001   133389.018
   260:   133507.003   133581.005   133582.016   133632.026   134641.009
   265:   136167.001   137037.003   137075.005   137302.009   137360.005
   270:   137423.009   137743.001   138479.003   138551.005   138834.009
   275:   139272.001   140272.018   140322.003   140438.005   140439.016
   280:   140489.026   141167.009   141734.001   142734.018   143134.003
   285:   143226.005   143227.016   143277.026   143803.009   144140.001
   290:   145140.018   145578.003   145622.005   145623.016   145673.026
   295:   146994.009   147368.001   147823.003   147840.001   148563.003
   300:   148619.005   148892.009   150071.001   150349.003   150439.001
   305:   150472.003   150506.001   151109.003   151174.005   151435.009
   310:   151516.005   151521.009   151895.001   152895.018   153327.003
   315:   153356.005   153357.016   153407.026   153846.009   154501.001
   320:   154573.003   154884.001   156093.003   156193.005   156364.009
   325:   156785.001   157352.003   157415.001   157427.003   157456.001
   330:   157744.003   157777.001   158101.003   158226.005   158395.009
   335:   158760.001   159579.003   159607.005   159772.009   160546.001
   340:   161308.003   161393.005   161663.009   162186.001   163186.018
   345:   163327.003   163417.005   163418.016   163468.026   164171.009
   350:   169865.001   170265.003   170379.005   170515.009   170957.001
   355:   171807.003   171894.005   172096.009   172798.001   173798.018
   360:   174180.003   174269.005   174270.016   174320.026   174949.009
   365:   175636.001   176564.003   176656.005   176855.009   177234.001
   370:   177280.003   177427.001   178336.003   178424.005   178625.009
   375:   179049.001   180049.018   180126.003   180170.005   180171.016
   380:   180221.026   180630.009   181229.001   182229.018   182526.003
   385:   182611.005   182612.016   182662.026   183151.009   187094.001
   390:   187767.003   187859.005   187996.009   188365.001   189365.018
   395:   189540.003   189573.005   189574.016   189624.026   190418.009
   400:   190856.001   191856.018   192378.003   192456.005   192457.016
   405:   192507.026   193316.009   194981.001   195867.003   195964.005
   410:   196069.009   196784.001   197784.018   197808.003   197906.005
   415:   197907.016   197957.026   198364.009   198404.005   198410.009
   420:   199205.001   200093.003   200156.005   200447.009   200769.001
   425:   201769.018   202179.003   202277.005   202278.016   202328.026
   430:   202849.009   203552.001   204552.018   204714.003   204795.005
   435:   204796.016   204846.026   205171.009   208219.001   208776.003
   440:   208879.005   209039.009   209766.001   210498.003   210597.005
   445:   210807.009   211718.001   212044.003   212072.001   212882.003
   450:   212948.005   213167.009   219271.001   220271.018   220578.003
   455:   220648.005   220649.016   220699.026   221669.009   221693.005
   460:   221712.009   221729.005   221840.009   222562.001   223344.003
   465:   223426.005   223558.009   223636.005   223778.009   224178.001
   470:   224300.003   224335.001   225122.003   225201.005   225459.009
   475:   225874.001   226874.018   226986.003   227024.005   227025.016
   480:   227075.026   227661.009   228492.001   229492.018   229534.003
   485:   229621.005   229622.016   229672.026   230381.009   231652.001
   490:   232348.003   232426.005   232608.009   233114.001   233961.003
   495:   234049.005   234225.009   234343.005   234397.009   234772.001
   500:   235772.018   236304.003   236398.005   236399.016   236449.026
   505:   237177.009   238323.001   239077.003   239162.005   239339.009
   510:   239373.005   239512.009   239933.001   240872.003   240959.005
   515:   241152.009   241537.001   242537.018   242645.003   242730.005
   520:   242731.016   242781.026   243223.009   243239.005   243258.009
   525:   244240.001   245240.018   245400.003   245490.005   245491.016
   530:   245541.026   245939.009   246924.001   247924.018   247974.003
   535:   248064.005   248065.016   248115.026   248827.009   249033.005
   540:   249166.009   250075.001   250999.003   251091.005   251217.009
   545:   251956.001   252956.018   253731.003   253795.005   253796.016
   550:   253846.026   254301.009   255239.001   256011.003   256115.005
   555:   256228.009   256700.001   256727.003   256782.001   257480.003
   560:   257575.005   257883.009   258254.001   259254.018   259389.003
   565:   259479.005   259480.016   259530.026   260278.009   260379.005
   570:   260399.009   260412.005   260715.009   260736.005   260987.009
   575:   261601.001   262514.003   262603.005   262778.009   263193.001
   580:   264193.018   264308.003   264400.005   264401.016   264451.026
   585:   264984.009   265784.001   266626.003   266712.005   266870.009
   590:   267352.001   268352.018   268436.003   268516.005   268517.016
   595:   268567.026   269425.009   270204.001   271204.018   271321.003
   600:   271377.005   271378.016   271428.026   272127.009   273049.001
   605:   273859.003   273941.005   274206.009   275035.001   276004.003
   610:   276084.005   276395.009   276984.001   277053.003   277082.001
   615:   277803.003   277898.005   278068.009   278739.001   279739.018
   620:   280233.003   280313.005   280314.016   280364.026   280827.009
   625:   281346.001   282346.018   282507.003   282596.005   282597.016
   630:   282647.026   283258.009   284133.001   284981.003   285080.005
   635:   285297.009   286201.001   287024.003   287130.005   287398.009
   640:   290889.001   291889.018   291991.003   292058.005   292059.016
   645:   292109.026   292542.009   293689.001   294573.003   294661.005
   650:   294835.009   295230.001   296026.003   296125.005   296258.009
   655:   296734.001   297734.018   298154.003   298267.005   298268.016
   660:   298318.026   298760.009   299356.001   300356.018   300694.003
   665:   300791.005   300792.016   300842.026   301410.009   302211.001
   670:   303211.018   303501.003   303578.005   303579.016   303629.026
   675:   304063.009   304947.001   305795.003   305879.005   306016.009
   680:   306077.005   306255.009   306766.001   307565.003   307608.001
   685:   308670.003   308766.005   309015.009   309395.001   309889.003
   690:   309987.005   310179.009   310523.001   311479.003   311575.005
   695:   311756.009   312473.001   312518.003   312568.001   312642.003
   700:   312678.001   313077.003   313201.005   313279.009   315295.001
   705:   315454.003   315575.001   316424.003   316541.005   316738.009
   710:   317049.001   318049.018   318303.003   318403.005   318404.016
   715:   318454.026   318890.009   319508.001   320508.018   320868.003
   720:   320977.005   320978.016   321028.026   321565.009   322599.001
   725:   323535.003   323616.005   323824.009   324213.001   325042.003
   730:   325134.005   325268.009   325393.005   325703.009   326074.001
   735:   327074.018   327196.003   327295.005   327296.016   327346.026
   740:   328137.009   328241.005   328313.009   328781.001   329781.018
   745:   330305.003   330384.005   330385.016   330435.026   331321.009
   750:   335208.001   335779.003   335871.005   336043.009   336775.001
   755:   337764.003   337877.005   338092.009   338525.001   339525.018
   760:   339842.003   339905.005   339906.016   339956.026   340434.009
   765:   340456.005   340463.009   340886.001   341886.018   342426.003
   770:   342527.005   342528.016   342578.026   343120.009   344272.001
   775:   345272.018   345396.003   345502.005   345503.016   345553.026
   780:   345945.009   346065.005   346099.009   347122.001   348090.003
   785:   348208.005   348459.009   349452.001   350452.018   350894.003
   790:   350982.005   350983.016   351033.026   351439.009   352608.001
   795:   353608.018   353687.003   353781.005   353782.016   353832.026
   800:   354526.009   355672.001   356501.003   356610.005   356796.009
   805:   357953.001   358918.003   359023.005   359187.009   359291.005
   810:   359314.009   359811.001   360811.018   361110.003   361180.005
   815:   361181.016   361231.026   361703.009   363683.001   364605.003
   820:   364711.005   365042.009   365901.001   366652.003   366733.005
   825:   366922.009   373441.001   373550.003   373742.005   373877.009
   830:   374652.001   375652.018   375656.003   375758.005   375759.016
   835:   375809.026   376891.009   378274.001   378958.003   379043.005
   840:   379237.009   379340.005   379452.009   379867.001   380867.018
   845:   381009.003   381099.005   381100.016   381150.026   381751.009
   850:   382989.001   383887.003   383988.005   384179.009   384228.005
   855:   384301.009   384724.001   385724.018   385842.003   385935.005
   860:   385936.016   385986.026   386472.009   387586.001   388429.003
   865:   388533.005   388652.009   389164.001   390148.003   390249.005
   870:   390494.009   390916.001   391254.003   391289.001   392331.003
   875:   392436.005   392630.009   393019.001   393180.003   393220.001
   880:   394364.003   394457.005   394592.009   398037.001   399037.018
   885:   399106.003   399210.005   399211.016   399261.026   399795.009
   890:   400722.001   401692.003   401791.005   401984.009   402610.001
   895:   403610.018   403672.003   403753.005   403754.016   403804.026
   900:   404232.009   405219.001   406144.003   406221.005   406406.009
   905:   406770.001   407770.018   408034.003   408124.005   408125.016
   910:   408175.026   408973.009   410313.001   411282.003   411373.005
   915:   411567.009   411688.005   411704.009   412105.001   413105.018
   920:   413340.003   413423.005   413424.016   413474.026   414402.009
   925:   415382.001   416221.003   416520.005   416692.009   417074.001
   930:   417655.003   417676.001   417927.003   418027.005   418173.009
   935:   418207.005   418390.009   418839.001   419839.018   420346.003
   940:   420470.005   420471.016   420521.026   421315.009   421339.005
   945:   421399.009   422252.001   423104.003   423211.005   423334.009
   950:   423456.005   423489.009   423916.001   424916.018   425434.003
   955:   425549.005   425550.016   425600.026   426006.009   426706.001
   960:   427706.018   427864.003   427965.005   427966.016   428016.026
   965:   428806.009   429546.001   430291.003   430397.005   430773.009
   970:   431219.001   432219.018   432424.003   432545.005   432546.016
   975:   432596.026   433188.009   434433.001   435433.018   435913.003
   980:   435998.005   435999.016   436049.026   436473.009   436527.005
   985:   436904.009   438042.001   438692.003   438727.001   438915.003
   990:   438975.001   439261.003   439397.005   439580.009   440051.001
   995:   440665.003   440797.005   441141.009   441587.001   442587.018
  1000:   442775.003   442876.005   442877.016   442927.026   443714.009
  1005:   444907.001   445786.003   445884.005   446117.009   447371.001
  1010:   448149.003   448216.005   448380.009   486768.001   487277.003
  1015:   487395.005   487541.009   487912.001   488912.018   489060.003
  1020:   489155.005   489156.016   489206.026   489830.009   489885.005
  1025:   489893.009   490905.001   491905.018   492083.003   492207.005
  1030:   492208.016   492258.026   493110.009   493770.001   493891.003
  1035:   493943.001   495054.003   495139.005   495419.009   495819.001
  1040:   496819.018   497138.003   497235.005   497236.016   497286.026
  1045:   498061.009   498113.005   498116.009   498138.005   498149.009
  1050:   498185.005   498189.009   498896.001   499896.018   500133.003
  1055:   500225.005   500226.016   500276.026   500640.009   500680.005
  1060:   500774.009   501774.001   502774.018   503259.003   503370.005
  1065:   503371.016   503421.026   503981.009   504036.005   504046.009
  1070:   504965.001   505965.018   506106.003   506194.005   506195.016
  1075:   506245.026   507121.009   508183.001   509183.018   509487.003
  1080:   509594.005   509595.016   509645.026   510340.009   511381.001
  1085:   512381.018   512636.003   512718.005   512719.016   512769.026
  1090:   513615.009   513647.005   513648.009   513670.005   513678.009
  1095:   514812.001   515812.018   515971.003   516073.005   516074.016
  1100:   516124.026   516937.009   516970.005   516975.009   516999.005
  1105:   517016.009   518259.001   519259.018   519371.003   519425.005
  1110:   519426.016   519476.026   520102.009   520962.001   521962.018
  1115:   521975.003   522071.005   522072.016   522122.026   522654.009
  1120:   522686.005   522695.009   522701.005   522852.009   524195.001
  1125:   525079.003   525140.005   525462.009   526039.001   527039.018
  1130:   527215.003   527264.005   527265.016   527315.026   527730.009
  1135:   529198.001   530198.018   530209.003   530302.005   530303.016
  1140:   530353.026   530900.009   532519.001   533197.003   533284.005
  1145:   533512.009   533863.001   534863.018   535086.003   535184.005
  1150:   535185.016   535235.026   535576.009   535595.005   535601.009
  1155:   535656.005   535672.009   536590.001   537590.018   538039.003
  1160:   538132.005   538133.016   538183.026   538916.009   538948.005
  1165:   538963.009   540169.001   541169.018   541597.003   541724.005
  1170:   541725.016   541775.026   542294.009   543155.001   543931.003
  1175:   544028.005   544185.009   544670.001   545670.018   545802.003
  1180:   545897.005   545898.016   545948.026   546584.009   546593.005
  1185:   546610.009   546644.005   546647.009   546665.005   546674.009
  1190:   547583.001   548338.003   548396.001   548811.003   548906.005
  1195:   549255.009   549581.001   549858.003   549914.001   550878.003
  1200:   550996.005   551143.009   551691.001   552691.018   552866.003
  1205:   552997.005   552998.016   553048.026   553515.009   553566.005
  1210:   553580.009   554602.001   555559.003   555679.005   555858.009
  1215:   556320.001   557320.018   557537.003   557645.005   557646.016
  1220:   557696.026   558096.009   558185.005   558197.009   599731.001
  1225:   600294.003   638976.001   639056.003   639103.001   640119.003
  1230:   640230.005   640414.009   640745.001   641548.003   641667.005
  1235:   641863.009   642163.001   643163.018   643280.003   643384.005
  1240:   643385.016   643435.026   643968.009   644849.001   645849.018
  1245:   646141.003   646246.005   646247.016   646297.026   646743.009
  1250:   647491.001   648491.018   648922.003   649020.005   649021.016
  1255:   649071.026   649584.009   650166.001   651166.018   651743.003
  1260:   651844.005   651845.016   651895.026   652628.009   653758.001
  1265:   654027.003   654104.001   654162.003   654246.001   655184.003
  1270:   655276.005   655509.009   655902.001   656902.018   657127.003
  1275:   657237.005   657238.016   657288.026   657709.009   658783.001
  1280:   659498.003   659533.001   660163.003   660256.005   660505.009
  1285:   661046.001   662046.018   662246.003   662339.005   662340.016
  1290:   662390.026   663336.009   664925.001   665902.003   665998.005
  1295:   666213.009   666643.001   667010.003   667027.001   667831.003
  1300:   667962.005   668184.009   668733.001   669733.018   669806.003
  1305:   669902.005   669903.016   669953.026   670962.009   676457.001
  1310:   676500.003   676522.001   677349.003   677436.005   677612.009
  1315:   677640.005   677829.009   678097.001   679097.018   679163.003
  1320:   679242.005   679243.016   679293.026   680013.009   680033.005
  1325:   680039.009   680051.005   680056.009   680915.001   681915.018
  1330:   682021.003   682060.005   682061.016   682111.026   682995.009
  1335:   683604.001   684604.018   685457.003   685553.005   685554.016
  1340:   685604.026   686134.009   687322.001   688279.003   688372.005
  1345:   688517.009   688574.005   688588.009   688916.001   689916.018
  1350:   690394.003   690481.005   690482.016   690532.026   691314.009
  1355:   692236.001   693236.018   693358.003   693447.005   693448.016
  1360:   693498.026   693896.009   694777.001   695777.018   696040.003
  1365:   696120.005   696121.016   696171.026   696727.009   698196.001
  1370:   699192.003   699308.005   699533.009   700777.001   701716.003
  1375:   701807.005   702027.009   702425.001   703425.018   703641.003
  1380:   703725.005   703726.016   703776.026   704276.009   705541.001
  1385:   706541.018   706944.003   707051.005   707052.016   707102.026
  1390:   707556.009   708689.001   709689.018   709692.003   709810.005
  1395:   709811.016   709861.026   711320.009   713432.001   713470.003
  1400:   713526.001   714418.003   714524.005   714911.009   715269.001
  1405:   716269.018   716639.003   716749.005   716750.016   716800.026
  1410:   717658.009   718667.001   719667.018   719785.003   719876.005
  1415:   719877.016   719927.026   720347.009   721290.001   722290.018
  1420:   722457.003   722543.005   722544.016   722594.026   723186.009
  1425:   724349.001   725349.018   725634.003   725725.005   725726.016
  1430:   725776.026   726443.009   726465.005   726473.009   726483.005
  1435:   726489.009   727681.001   727750.003   727783.001   728447.003
  1440:   728460.001   729034.003   729138.005   729339.009   729779.001
  1445:   730779.018   730876.003   730966.005   730967.016   731017.026
  1450:   731415.009   732517.001   733517.018   734162.003   734267.005
  1455:   734268.016   734318.026   735399.009   736177.001   737177.018
  1460:   737370.003   737469.005   737470.016   737520.026   737920.009
  1465:   738962.001   739962.018   740047.003   740138.005   740139.016
  1470:   740189.026   741418.009   741464.005   742271.009   742330.005
  1475:   742459.009   743398.001   744275.003   744374.005   744592.009
  1480:   745030.001   746030.018   746037.003   746123.005   746124.016
  1485:   746174.026   746659.009   746669.005   746795.009   747989.001
  1490:   748989.018   749235.003   749311.005   749312.016   749362.026
  1495:   749782.009   751163.001   752163.018   752479.003   752573.005
  1500:   752574.016   752624.026   753051.009   753165.005   753188.009
  1505:   754383.001   755228.003   755339.005   755586.009   755634.005
  1510:   755689.009   756071.001   757071.018   757194.003   757300.005
  1515:   757301.016   757351.026   757788.009   758740.001   759740.018
  1520:   760530.003   760613.005   760614.016   760664.026   761124.009
  1525:   763029.001   764029.018   764079.003   764176.005   764177.016
  1530:   764227.026   765012.009   766356.001   767356.018   767376.003
  1535:   767485.005   767486.016   767536.026   768419.009   769759.001
  1540:   770461.003   770566.005   770820.009   771351.001   772351.018
  1545:   772618.003   772724.005   772725.016   772775.026   773319.009
  1550:   774889.001   775889.018   776020.003   776033.001   776345.003
  1555:   776453.005   776454.016   776504.026   777110.009   778528.001
  1560:   779528.018   780191.003   780285.005   780286.016   780336.026
  1565:   780842.009   780909.005   780933.009   782384.001   783384.018
  1570:   783440.003   783554.005   783555.016   783605.026   784189.009
  1575:   785828.001   786828.018   787094.003   787198.005   787199.016
  1580:   787249.026   787813.009   787822.005   787851.009   789519.001
  1585:   790321.003   790398.005   790755.009   791263.001   792263.018
  1590:   792424.003   792524.005   792525.016   792575.026   793514.009
  1595:   793543.005   793545.009   820436.005   820643.009   823768.001
  1600:   824081.003   862204.001   863316.003   863391.005   863591.009
  1605:   863847.001   864847.018   865088.003   865174.005   865175.016
  1610:   865225.026   865689.009   866656.001   867656.018   867939.003
  1615:   868033.005   868034.016   868084.026   869388.009   870400.001
  1620:   871400.018   871618.003   871730.005   871731.016   871781.026
  1625:   872319.009   873266.001   874266.018   874475.003   874552.005
  1630:   874553.016   874603.026   875520.009   877100.001   878032.003
  1635:   878112.005   878332.009   878719.001   879719.018   879976.003
  1640:   880035.005   880036.016   880086.026   880925.009   881030.005
  1645:   881124.009   882277.001   883277.018   883437.003   883527.005
  1650:   883528.016   883578.026   884111.009   885802.001   886802.018
  1655:   887022.003   887119.005   887120.016   887170.026   887858.009
  1660:   888816.001   889816.018   890194.003   890285.005   890286.016
  1665:   890336.026   892481.009   893454.001   894454.018   894479.003
  1670:   894549.005   894550.016   894600.026   895677.009   895712.005
  1675:   895715.009   895741.005   895745.009   896990.001   897228.003
  1680:   897252.001   897850.003   897953.005   898105.009   898106.005
  1685:   898137.009   898821.001   899821.018   899912.003   899965.005
  1690:   899966.016   900016.026   900478.009   901773.001   902773.018
  1695:   902899.003   902982.005   902983.016   903033.026   903495.009
  1700:   904914.001   905914.018   905985.003   906084.005   906085.016
  1705:   906135.026   906550.009   906612.005   906620.009   906629.005
  1710:   906782.009   907819.001   908819.018   909113.003   909217.005
  1715:   909218.016   909268.026   910158.009   910188.005   910192.009
  1720:   910212.005   910217.009   910231.005   910245.009   910302.005
  1725:   910309.009   911612.001   911747.003   911792.001   912860.003
  1730:   912905.005   913086.009   913144.005   913185.009   913193.005
  1735:   913201.009   913236.005   913264.009   913659.001   914659.018
  1740:   914964.003   915027.005   915028.016   915078.026   915835.009
  1745:   917616.001   917666.003   917688.001   918953.003   919015.005
  1750:   919255.009   919694.001   920694.018   920889.003   921024.005
  1755:   921025.016   921075.026   921822.009   923105.001   923143.003
  1760:   923199.001   924492.003   924526.005   924893.009   925308.001
  1765:   926308.018   926461.003   926580.005   926581.016   926631.026
  1770:   927063.009   927111.005   927123.009   928233.001   929233.018
  1775:   929475.003   929586.005   929587.016   929637.026   930144.009
  1780:   930177.005   930190.009   930254.005   930261.009   931525.001
  1785:   932525.018   932980.003   933045.005   933046.016   933096.026
  1790:   933716.009   935070.001   936070.018   936410.003   936498.005
  1795:   936499.016   936549.026   937044.009   938532.001   939532.018
  1800:   939652.003   939734.005   939735.016   939785.026   940253.009
  1805:   942979.001   943833.003   943883.005   944083.009   944123.005
  1810:   944148.009   944178.005   944210.009   944859.001   945859.018
  1815:   945988.003   946105.005   946106.016   946156.026   946620.009
  1820:  1191719.005  1192025.009  1198943.001  1199573.003  1199698.005
  1825:  1199932.009  1222052.005  1222322.009  1227741.005  1227760.009
  1830:  1228424.005  1228896.009  1229433.001  1230388.003  1230486.005
  1835:  1230971.009  1232156.001  1233080.003  1233165.005  1233339.009
  1840:  1233363.005  1233404.009  1233804.001  1234804.018  1235143.003
  1845:  1235204.005  1235205.016  1235255.026  1235732.009  1235751.005
  1850:  1235768.009  1235770.005  1235852.009  1235859.005  1235885.009
  1855:  1235910.005  1236122.009  1236199.005  1236247.009  1237905.001
  1860:  1238774.003  1238863.005  1239098.009  1239409.001  1239561.003
  1865:  1239633.001  1241041.003  1241111.005  1241399.009  1241491.005
  1870:  1241590.009  1241959.001  1242956.003  1243027.005  1243243.009
  1875:  1243283.005  1243305.009  1243630.001  1244610.003  1244644.005
  1880:  1244897.009  1244953.005  1245097.009  1245622.001  1246622.018
  1885:  1246903.003  1246996.005  1246997.016  1247047.026  1247794.009
  1890:  1249411.001  1250411.018  1250516.003  1250595.005  1250596.016
  1895:  1250646.026  1251803.009  1251808.005  1251814.009  1251826.005
  1900:  1251867.009
B:
     0:        0.000      342.000        0.000      342.000        0.000
     5:      387.000        0.000        0.000        0.000      387.000
    10:        0.000        1.000        0.000        1.000        0.000
    15:        0.000      147.000        0.000      147.000        0.000
    20:        0.000        0.000        0.000        0.000        0.000
    25:        0.000      147.000        0.000        0.000        0.000
    30:        0.000
D:
     0:  1405399.000  1404295.000  1405400.000
E:
     0:     1000.000     1000.000
T:
     0:        0.000        0.000        0.000        0.000
W:
     0:        0.000        0.000        0.000
