File: C:\MED-PC IV\Data\Reyes\BD\BD4118.999


Start Date: 04/13/26
End Date: 04/13/26
Subject: 118
Experiment: BD
Group: ERROR_M
Box: 2
Start Time: 10:45:54
End Time: 11:35:55
MSN: DRRD_precisao
C:       0.000
F:       2.000
G:       0.000
H:       0.000
I:       0.000
J:       0.000
K:    2000.000
L:       0.000
M:       0.000
N:       1.000
O:       0.000
Q:       0.000
R:       0.000
S:    3000.000
U:    2089.000
V:       0.000
X:    2000.000
Y:    2009.000
Z:       0.000
A:
     0:     1961.005     1985.009      241.005      253.009      256.005
     5:      260.009     1322.005     1331.009    10891.005    10901.009
    10:    11003.005    11009.009    15000.013    15000.011    15349.001
    15:    15874.003    15874.023    15876.001    16243.003    16425.005
    20:    16622.009    20428.013    20680.001    21680.018    21705.005
    25:    21713.003    21713.023    21715.016    21765.026    22374.009
    30:    22376.005    22442.009    22462.005    22486.009    22918.013
    35:    23455.001    24276.003    24276.023    24333.005    24646.009
    40:    25636.013    25828.001    26828.018    26954.003    26954.023
    45:    26984.005    26985.016    27035.026    27814.009    30538.013
    50:    30784.001    31784.018    31852.003    31852.023    31914.005
    55:    31915.016    31965.026    32428.009    35118.013    35404.001
    60:    35440.003    35440.023    35455.001    35688.003    36036.005
    65:    36061.009    37539.013    37685.001    38656.003    38656.023
    70:    38720.005    39337.009    40723.013    40921.001    41890.003
    75:    41890.023    41948.005    42250.009    45751.013    45989.001
    80:    46450.003    46450.023    46459.001    46938.003    51555.005
    85:    51651.009    53208.013    53395.001    54395.018    54702.003
    90:    54702.023    54749.005    54750.016    54800.026    55681.009
    95:    56541.001    56566.003    58453.013    58649.001    59649.018
   100:    59766.003    59766.023    59825.005    59826.016    59876.026
   105:    60332.009    63179.013    63361.001    64360.003    64360.023
   110:    64415.005    64767.009    66568.013    66838.001    67838.018
   115:    67936.003    67936.023    68021.005    68022.016    68072.026
   120:    68561.009    71075.013    71286.001    72286.018    72489.003
   125:    72489.023    72544.005    72545.016    72595.026    73055.009
   130:    73598.013    74196.001    75196.018    75246.003    75246.023
   135:    75304.005    75305.016    75355.026    76235.009    77158.013
   140:    77710.001    78710.018    78942.003    78942.023    79087.005
   145:    79088.016    79138.026    79669.009    81441.013    81633.001
   150:    82633.018    82686.003    82686.023    82762.005    82763.016
   155:    82813.026    83279.009    85316.013    85636.001    85905.003
   160:    85905.023    85915.001    86215.003    92767.005    92799.009
   165:    92819.005    92827.009    95420.013    95678.001    96633.003
   170:    96633.023    96822.005    97039.009    99625.013    99972.001
   175:   100972.018   101031.003   101031.023   101111.005   101112.016
   180:   101162.026   101868.009   102965.013   103231.001   104231.018
   185:   104344.003   104344.023   104393.005   104394.016   104444.026
   190:   105025.009   107097.013   107302.001   108302.018   108467.003
   195:   108467.023   108558.005   108559.016   108609.026   109037.009
   200:   111612.013   111850.001   112850.018   112942.003   112942.023
   205:   113023.005   113024.016   113074.026   113512.009   116577.013
   210:   117097.001   118097.018   118341.003   118341.023   118374.005
   215:   118375.016   118425.026   119099.009   122078.013   122261.001
   220:   123261.018   123291.003   123291.023   123359.005   123360.016
   225:   123410.026   123884.009   125413.013   125609.001   126609.018
   230:   126963.003   126963.023   127041.005   127042.016   127092.026
   235:   127589.009   128745.013   128981.001   129981.018   130302.003
   240:   130302.023   130384.005   130385.016   130435.026   130863.009
   245:   134238.013   134514.001   135514.018   135750.003   135750.023
   250:   135850.005   135851.016   135901.026   136358.009   136904.013
   255:   137686.001   138686.018   138779.003   138779.023   138867.005
   260:   138868.016   138918.026   139636.009   142071.013   142765.001
   265:   143765.018   143783.003   143783.023   143891.005   143892.016
   270:   143942.026   144494.009   147245.013   147448.001   148448.018
   275:   148537.003   148537.023   148599.005   148600.016   148650.026
   280:   149050.009   152653.013   152853.001   153853.018   153936.003
   285:   153936.023   154018.005   154019.016   154069.026   154809.009
   290:   155222.013   156033.001   156074.003   156074.023   156085.001
   295:   156397.003   156676.005   156678.009   156699.005   156735.009
   300:   157979.013   158469.001   159469.018   159520.003   159520.023
   305:   159551.005   159552.016   159602.026   160035.009   161755.013
   310:   162144.001   163144.018   163583.003   163583.023   163658.005
   315:   163659.016   163709.026   164206.009   166012.013   166223.001
   320:   166288.003   166288.023   166340.001   166406.003   167919.005
   325:   167954.009   167973.005   167985.009   169422.013   169707.001
   330:   170456.003   170456.023   170506.005   170964.009   173009.013
   335:   173377.001   174348.003   174348.023   174421.005   174589.009
   340:   177224.013   177488.001   178488.018   178590.003   178590.023
   345:   178665.005   178666.016   178716.026   179209.009   182719.013
   350:   182944.001   183944.018   184050.003   184050.023   184132.005
   355:   184133.016   184183.026   184723.009   187836.013   188165.001
   360:   188203.003   188203.023   188228.001   188525.003   190139.005
   365:   190263.009   191142.013   191348.001   192348.018   192547.003
   370:   192547.023   192620.005   192621.016   192671.026   193086.009
   375:   195824.013   196021.001   197021.018   197183.003   197183.023
   380:   197248.005   197249.016   197299.026   197715.009   200602.013
   385:   200944.001   201944.018   202277.003   202277.023   202359.005
   390:   202360.016   202410.026   202851.009   203913.013   204467.001
   395:   204535.003   204535.023   204550.001   204966.003   205165.005
   400:   205554.009   205839.005   205905.009   207168.013   207406.001
   405:   208406.018   208859.003   208859.023   208925.005   208926.016
   410:   208976.026   209454.009   210279.013   211376.001   211453.003
   415:   211453.023   211486.001   211568.003   211991.005   212067.009
   420:   214994.013   215667.001   216667.018   216856.003   216856.023
   425:   216932.005   216933.016   216983.026   217434.009   218297.005
   430:   218636.013   218705.009   220368.001   221368.018   221619.003
   435:   221619.023   221668.005   221669.016   221719.026   222459.009
   440:   225522.013   225694.001   226694.018   226889.003   226889.023
   445:   226951.005   226952.016   227002.026   228097.009   228155.013
   450:   228966.001   229966.018   230208.003   230208.023   230284.005
   455:   230285.016   230335.026   231044.009   232138.013   232671.001
   460:   233562.003   233562.023   233648.005   233869.009   235951.013
   465:   236158.001   237158.018   237423.003   237423.023   237493.005
   470:   237494.016   237544.026   238955.009   240197.013   242023.001
   475:   242948.003   242948.023   243036.005   243276.009   245539.013
   480:   245775.001   246775.018   247012.003   247012.023   247088.005
   485:   247089.016   247139.026   247780.009   249942.013   250159.001
   490:   251159.018   251320.003   251320.023   251417.005   251418.016
   495:   251468.026   251860.009   253621.013   253996.001   254041.003
   500:   254041.023   254055.001   254454.003   254617.005   254866.009
   505:   258120.013   258365.001   259365.018   259620.003   259620.023
   510:   259698.005   259699.016   259749.026   260553.009   261552.013
   515:   261778.001   262778.018   263064.003   263064.023   263162.005
   520:   263163.016   263213.026   263792.009   265716.013   265947.001
   525:   266947.018   267154.003   267154.023   267257.005   267258.016
   530:   267308.026   267868.009   267882.005   267906.009   270111.013
   535:   270370.001   271370.018   271909.003   271909.023   272010.005
   540:   272274.009   275013.013   275373.001   275550.003   275550.023
   545:   275570.001   275899.003   276116.005   276205.009   277514.005
   550:   277594.009   277619.013   278140.001   279130.003   279130.023
   555:   279203.005   279389.009   280856.013   281027.001   282027.018
   560:   282362.003   282362.023   282444.005   282445.016   282495.026
   565:   283077.009   284798.013   284968.001   285968.018   286066.003
   570:   286066.023   286158.005   286159.016   286209.026   286608.009
   575:   288862.013   289076.001   290076.018   290387.003   290387.023
   580:   290462.005   290463.016   290513.026   291260.009   292516.013
   585:   293203.001   294203.018   294222.003   294222.023   294320.005
   590:   294321.016   294371.026   295309.009   295374.013   296671.001
   595:   297658.003   297658.023   297739.005   297954.009   298892.013
   600:   299064.001   300064.018   300567.003   300567.023   300629.005
   605:   300837.009   303782.013   303951.001   304951.018   305094.003
   610:   305094.023   305163.005   305164.016   305214.026   306014.009
   615:   307367.013   307521.001   308521.018   308854.003   308854.023
   620:   308935.005   308936.016   308986.026   309759.009   309878.005
   625:   309897.009   310092.005   310109.009   310117.005   310127.009
   630:   310289.013   310506.005   310716.009   311166.001   312166.018
   635:   312345.003   312345.023   312413.005   312414.016   312464.026
   640:   312923.009   315079.001   315120.003   315767.013   316035.001
   645:   317035.018   317279.003   317279.023   317366.005   317367.016
   650:   317417.026   318013.009   320920.013   321455.001   322455.018
   655:   322599.003   322599.023   322676.005   322677.016   322727.026
   660:   323584.009   326380.013   326555.001   327523.003   327523.023
   665:   327579.005   327981.009   331382.013   331764.001   332686.003
   670:   332686.023   332741.005   332919.009   336313.005   336409.009
   675:   336744.013   336909.001   336918.003   336918.023   336980.001
   680:   337038.003   346208.005   346261.009   348390.005   348398.009
   685:   350011.013   350297.005   350301.009   350313.005   350346.009
   690:   350365.005   350497.009   350877.001   351877.018   351943.003
   695:   351943.023   351981.005   351982.016   352032.026   352707.009
   700:   352719.005   352897.009   352916.005   352988.009   353001.005
   705:   353037.009   354535.013   354693.001   355693.018   355956.003
   710:   355956.023   356029.005   356030.016   356080.026   356609.009
   715:   357233.013   357682.001   358682.018   358915.003   358915.023
   720:   359008.005   359009.016   359059.026   359459.009   360062.013
   725:   360556.001   361556.018   362012.003   362012.023   362177.005
   730:   362178.016   362228.026   362901.009   364881.013   365082.001
   735:   366082.018   366542.003   366542.023   366607.005   366608.016
   740:   366658.026   367357.009   369661.013   369852.001   370852.018
   745:   371098.003   371098.023   371199.005   371200.016   371250.026
   750:   371563.009   372553.013   372677.001   373677.018   374125.003
   755:   374125.023   374218.005   374219.016   374269.026   376072.013
   760:   376081.009   376987.001   377987.018   378091.003   378091.023
   765:   378246.005   378247.016   378297.026   379585.009   381600.013
   770:   381809.001   382809.018   383175.003   383175.023   383246.005
   775:   383247.016   383297.026   384326.009   386100.013   386322.001
   780:   387322.018   387496.003   387496.023   387544.005   387545.016
   785:   387595.026   388394.009   388400.005   388408.009   390324.005
   790:   390410.009   390411.005   390416.009   391248.013   391402.001
   795:   392402.018   392475.003   392475.023   392498.005   392499.016
   800:   392549.026   393178.009   394852.013   394952.001   394989.003
   805:   394989.023   395026.001   395117.003   397461.005   397496.009
   810:   397514.005   397519.009   399659.005   399667.009   399676.005
   815:   399851.009   400019.005   400105.009   400876.005   400908.009
   820:   400925.005   400949.009   400966.005   401464.013   401872.009
   825:   401886.005   401900.009   402337.001   403337.018   403391.003
   830:   403391.023   403435.005   403436.016   403486.026   404461.009
   835:   404499.005   404505.009   404534.005   404628.009   404630.005
   840:   404646.009   404989.013   405368.001   406368.018   406458.003
   845:   406458.023   406523.005   406524.016   406574.026   407202.009
   850:   408577.013   408774.001   409774.018   409958.003   409958.023
   855:   410060.005   410061.016   410111.026   411764.013   411815.009
   860:   411848.005   412165.009   413239.001   414239.018   414373.003
   865:   414373.023   414460.005   414461.016   414511.026   415143.009
   870:   417664.013   417835.001   418835.018   418947.003   418947.023
   875:   419046.005   419047.016   419097.026   419896.009   422600.013
   880:   424185.001   425185.018   425298.003   425298.023   425353.005
   885:   425354.016   425404.026   425990.009   427557.013   427920.001
   890:   428920.018   429048.003   429048.023   429113.005   429114.016
   895:   429164.026   430056.009   430317.013   431335.001   432335.018
   900:   432399.003   432399.023   432481.005   432482.016   432532.026
   905:   433201.009   434300.005   434685.013   434729.009   435329.001
   910:   436329.018   436657.003   436657.023   436755.005   436756.016
   915:   436806.026   437207.009   440109.013   440314.001   441314.018
   920:   441519.003   441519.023   441632.005   441633.016   441683.026
   925:   442423.009   444186.013   444341.001   445341.018   445373.003
   930:   445373.023   445472.005   445473.016   445523.026   445916.009
   935:   447826.013   447991.001   448991.018   449101.003   449101.023
   940:   449187.005   449188.016   449238.026   449784.009   452241.013
   945:   452409.001   453409.018   453629.003   453629.023   453695.005
   950:   453696.016   453746.026   454533.009   457399.013   457640.001
   955:   458591.003   458591.023   458662.005   459111.009   460165.013
   960:   460337.001   461337.018   461643.003   461643.023   461714.005
   965:   461715.016   461765.026   462225.009   464183.005   464321.009
   970:   464462.005   464475.009   464568.013   464622.005   464638.009
   975:   465211.001   466211.018   466447.003   466447.023   466494.005
   980:   466495.016   466545.026   467261.009   467848.013   468331.001
   985:   468457.003   468457.023   468466.001   468921.003   474147.005
   990:   474415.009   475950.013   476142.001   476985.005   476994.003
   995:   476994.023   477346.009   479648.013   479927.001   480809.003
  1000:   480809.023   480855.005   481077.009   484008.013   484272.001
  1005:   485272.018   485401.003   485401.023   485489.005   485490.016
  1010:   485540.026   486128.009   489043.013   489204.001   490204.018
  1015:   490615.003   490615.023   490705.005   490706.016   490756.026
  1020:   491541.009   494559.013   494750.001   495584.003   495584.023
  1025:   495674.005   496117.009   499677.013   499882.001   500008.003
  1030:   500008.023   500033.001   500328.003   514132.005   514176.009
  1035:   516135.013   516853.001   517824.003   517824.023   517896.005
  1040:   518563.009   519549.013   519772.001   520772.018   520850.003
  1045:   520850.023   520941.005   520942.016   520992.026   521995.013
  1050:   522174.009   522192.005   522211.009   523228.001   524228.018
  1055:   524391.003   524391.023   524487.005   524488.016   524538.026
  1060:   525313.009   526191.013   526785.001   527727.003   527727.023
  1065:   527831.005   528039.009   529834.013   530089.001   531089.018
  1070:   531360.003   531360.023   531457.005   531458.016   531508.026
  1075:   531975.009   532811.013   533766.001   534766.018   534944.003
  1080:   534944.023   535013.005   535014.016   535064.026   535689.009
  1085:   537717.013   537892.001   538892.018   539457.003   539457.023
  1090:   539525.005   539840.009   542528.013   542823.005   542964.009
  1095:   543647.001   544647.018   544861.003   544861.023   544879.005
  1100:   544880.016   544930.026   545974.009   545976.005   546064.009
  1105:   547233.013   547660.001   548660.018   548673.003   548673.023
  1110:   548770.005   548771.016   548821.026   549555.009   550974.013
  1115:   551466.001   552455.003   552455.023   552540.005   553279.009
  1120:   555343.013   555514.001   556514.018   556775.003   556775.023
  1125:   556851.005   556852.016   556902.026   558362.009   560055.013
  1130:   560873.005   560954.009   560964.005   561104.009   561802.001
  1135:   562802.018   563057.003   563057.023   563132.005   563133.016
  1140:   563183.026   564216.009   566686.013   566824.001   567824.018
  1145:   567951.003   567951.023   568042.005   568043.016   568093.026
  1150:   568833.009   571746.013   571897.001   572847.003   572847.023
  1155:   572934.005   573176.009   576937.013   577099.001   578082.003
  1160:   578082.023   578149.005   578624.009   579302.013   579621.001
  1165:   580621.018   580690.003   580690.023   580781.005   580782.016
  1170:   580832.026   581311.009   584135.013   584277.001   585277.018
  1175:   585279.003   585279.023   585390.005   585391.016   585441.026
  1180:   586350.009   589244.013   589400.001   590353.003   590353.023
  1185:   590451.005   590716.009   591954.013   592089.001   593089.018
  1190:   593166.003   593166.023   593267.005   593268.016   593318.026
  1195:   594471.009   595121.013   597213.005   597225.009   597253.005
  1200:   597259.009   599428.001   600341.003   600341.023   600416.005
  1205:   601381.009   602919.013   603064.001   604064.018   604096.003
  1210:   604096.023   604164.005   604165.016   604215.026   605218.013
  1215:   605608.009   606202.001   607202.018   607382.003   607382.023
  1220:   607473.005   607474.016   607524.026   608063.009   608527.013
  1225:   609546.001   610280.003   610280.023   610364.005   610800.009
  1230:   612017.013   612183.001   613183.018   613422.003   613422.023
  1235:   613526.005   613527.016   613577.026   613941.009   615380.013
  1240:   618282.005   618626.009   619134.001   619154.003   619154.023
  1245:   619174.001   619555.003   623725.005   623916.009   624022.005
  1250:   624045.009   624878.013   625197.001   626150.003   626150.023
  1255:   626199.005   626477.009   627502.013   627644.001   627737.003
  1260:   627737.023   627752.001   628417.003   634708.005   634756.009
  1265:   637211.013   638302.005   638434.009   638961.001   639961.018
  1270:   639969.003   639969.023   640009.005   640010.016   640060.026
  1275:   640781.009   640793.005   640827.009   640852.005   640860.009
  1280:   640914.005   640918.009   642863.013   643027.001   643922.003
  1285:   643922.023   643958.005   644236.009   644256.005   644264.009
  1290:   644329.005   644334.009   644335.005   644340.009   644390.005
  1295:   644711.009   644715.005   644720.009   646111.013   646297.001
  1300:   647297.018   647471.003   647471.023   647531.005   647532.016
  1305:   647582.026   648086.009   648096.005   648102.009   650235.013
  1310:   650389.001   651389.018   651398.003   651398.023   651479.005
  1315:   651480.016   651530.026   652341.009   654833.013   657545.001
  1320:   658545.018   658772.003   658772.023   658830.005   658831.016
  1325:   658881.026   659597.009   662384.013   715264.001   716096.003
  1330:   716096.023   716185.005   716401.009   717688.013   718072.001
  1335:   719072.018   719133.003   719133.023   719215.005   719216.016
  1340:   719266.026   720030.009   722919.013   724336.001   725302.003
  1345:   725302.023   725383.005   725630.009   727386.013   727522.001
  1350:   728522.018   728711.003   728711.023   728791.005   728792.016
  1355:   728842.026   729309.009   731845.013   732007.001   732903.003
  1360:   732903.023   732969.005   733180.009   736772.013   736915.001
  1365:   737915.018   737921.003   737921.023   737986.005   737987.016
  1370:   738037.026   738758.009   742040.013   742181.001   743176.003
  1375:   743176.023   743255.005   743545.009   743576.005   743581.009
  1380:   745558.013   745915.001   746829.003   746829.023   746910.005
  1385:   747156.009   747217.005   747410.009   750063.013   750490.001
  1390:   751394.003   751394.023   751459.005   751670.009   751737.005
  1395:   751879.009   753612.013   753937.001   754937.018   755168.003
  1400:   755168.023   755247.005   755248.016   755298.026   755692.009
  1405:   759101.013   759403.001   760403.018   760572.003   760572.023
  1410:   760658.005   760659.016   760709.026   762012.013   762416.009
  1415:   763310.001   764295.003   764295.023   764383.005   764671.009
  1420:   766386.013   766562.001   767562.018   767710.003   767710.023
  1425:   767807.005   767808.016   767858.026   768531.009   768861.013
  1430:   770676.001   771676.018   771978.003   771978.023   772065.005
  1435:   772066.016   772116.026   772840.009   775119.013   777282.005
  1440:   777331.009   778096.001   779096.018   779226.003   779226.023
  1445:   779271.005   779272.016   779322.026   779868.009   780916.005
  1450:   781803.009   782825.013   788537.005   788604.009   788707.005
  1455:   789154.009   789718.001   790718.018   790779.003   790779.023
  1460:   790836.005   790837.016   790887.026   791222.009   791342.005
  1465:   791532.009   794040.013   794265.001   795265.018   795275.003
  1470:   795275.023   795368.005   795369.016   795419.026   796495.009
  1475:   796922.013   797853.001   798755.003   798755.023   798820.005
  1480:   798999.009   799973.013   800106.001   801106.018   801280.003
  1485:   801280.023   801372.005   801373.016   801423.026   802091.009
  1490:   804226.013   804342.001   805342.018   805527.003   805527.023
  1495:   805624.005   805625.016   805675.026   806282.009   808178.013
  1500:   808465.001   809465.018   809629.003   809629.023   809724.005
  1505:   809725.016   809775.026   810511.009   811715.005   812170.009
  1510:   813078.013   813224.001   814224.018   814299.003   814299.023
  1515:   814389.005   814390.016   814440.026   815421.009   818093.013
  1520:   818457.001   819413.003   819413.023   819494.005   819761.009
  1525:   823497.013   823655.001   824655.018   824919.003   824919.023
  1530:   825001.005   825002.016   825052.026   825595.009   827705.013
  1535:   827900.005   827910.009   828617.001   829617.018   829674.003
  1540:   829674.023   829702.005   829703.016   829753.026   830555.009
  1545:   831406.013   832193.001   833186.003   833186.023   833254.005
  1550:   833502.009   835057.013   835435.001   836425.003   836425.023
  1555:   836524.005   836744.009   837458.005   837568.009   838827.013
  1560:   839133.001   840133.018   840292.003   840292.023   840387.005
  1565:   840388.016   840438.026   841063.009   841441.013   843382.001
  1570:   844382.018   844577.003   844577.023   844682.005   844683.016
  1575:   844733.026   845243.009   846886.013   847240.001   848240.018
  1580:   848478.003   848478.023   848553.005   848554.016   848604.026
  1585:   848909.009   850407.013   850541.001   851541.018   851691.003
  1590:   851691.023   851787.005   851788.016   851838.026   852123.009
  1595:   854491.013   854709.001   855709.018   855974.003   855974.023
  1600:   856046.005   856047.016   856097.026   856968.009   857600.013
  1605:   858945.001   859945.018   860154.003   860154.023   860278.005
  1610:   860279.016   860329.026   861020.009   861033.005   861051.009
  1615:   863332.013   863608.001   864390.003   864390.023   864485.005
  1620:   864665.009   865027.005   865182.009   867788.013   867940.001
  1625:   868940.018   869254.003   869254.023   869317.005   869318.016
  1630:   869368.026   870324.009   872171.013   873049.005   873095.009
  1635:   873138.005   873408.009   874004.001   875004.018   875257.003
  1640:   875257.023   875309.005   875310.016   875360.026   875772.009
  1645:   878513.013   878666.001   879666.018   879836.003   879836.023
  1650:   879928.005   879929.016   879979.026   880732.009   883632.013
  1655:   883810.001   884810.018   884996.003   884996.023   885107.005
  1660:   885108.016   885158.026   885762.009   888961.013   889121.001
  1665:   890121.018   890276.003   890276.023   890404.005   890405.016
  1670:   890455.026   891194.009   891265.005   891517.009   894458.013
  1675:   894590.001   895590.018   895794.003   895794.023   895900.005
  1680:   895901.016   895951.026   896803.009   899454.013   905214.005
  1685:   905301.009   905303.005   905307.009   906014.001   907014.018
  1690:   907282.003   907282.023   907350.005   907351.016   907401.026
  1695:   908069.009   909054.013   909650.001   910650.018   910856.003
  1700:   910856.023   910913.005   910914.016   910964.026   911412.009
  1705:   912267.013   948521.001   949521.018   949876.003   949876.023
  1710:   950033.005   950034.016   950084.026   950819.009   952387.013
  1715:   952691.001   953632.003   953632.023   953742.005   954173.009
  1720:   954182.005   954184.009   954185.005   954199.009   954208.005
  1725:   954245.009   954895.013   955035.001   955127.003   955127.023
  1730:   955140.001   957913.003  1001329.005  1001492.009  1001948.005
  1735:  1002454.009  1003832.013  1003971.001  1004971.018  1005143.003
  1740:  1005143.023  1005206.005  1005207.016  1005257.026  1005976.009
  1745:  1007260.013  1007581.001  1008581.018  1008796.003  1008796.023
  1750:  1008876.005  1008877.016  1008927.026  1009690.009  1009692.005
  1755:  1009702.009  1009705.005  1009720.009  1009739.005  1009767.009
  1760:  1009776.005  1009930.013  1010317.009  1010827.001  1011827.018
  1765:  1012001.003  1012001.023  1012074.005  1012075.016  1012125.026
  1770:  1013023.009  1014128.013  1015043.005  1016123.009  1019142.005
  1775:  1020950.009  1021520.001  1022520.018  1022877.003  1022877.023
  1780:  1022944.005  1022945.016  1022995.026  1024169.009  1025798.013
  1785:  1027736.005  1028644.009  1029187.001  1029340.003  1029340.023
  1790:  1029376.001  1029871.003  1030147.005  1030475.009  1031950.013
  1795:  1035529.005  1035619.009  1036420.001  1037420.018  1037432.003
  1800:  1037432.023  1037511.005  1037512.016  1037562.026  1038966.009
  1805:  1039049.005  1039166.009  1039347.005  1039379.009  1040565.013
  1810:  1040848.005  1040983.009  1041437.001  1042437.018  1042574.003
  1815:  1042574.023  1042639.005  1042640.016  1042690.026  1043706.009
  1820:  1044993.013  1045377.001  1045430.003  1045430.023  1045446.001
  1825:  1046163.003  1046310.005  1046446.009  1047463.013  1052848.005
  1830:  1053018.009  1053686.001  1054686.018  1054810.003  1054810.023
  1835:  1054883.005  1054884.016  1054934.026  1055849.009  1058087.013
  1840:  1058226.001  1059226.018  1059335.003  1059335.023  1059395.005
  1845:  1059396.016  1059446.026  1060170.009  1062949.013  1063281.005
  1850:  1063442.009  1064162.001  1065162.018  1065231.003  1065231.023
  1855:  1065318.005  1065319.016  1065369.026  1066097.009  1067522.013
  1860:  1068539.001  1069539.018  1069574.003  1069574.023  1069653.005
  1865:  1069654.016  1069704.026  1070909.009  1071007.013  1073033.001
  1870:  1074033.018  1074186.003  1074186.023  1074248.005  1074249.016
  1875:  1074299.026  1075385.009  1077952.013  1082863.005  1082872.009
  1880:  1083420.001  1083618.003  1083618.023  1083638.001  1084031.003
  1885:  1198630.005  1199006.009  1199630.005  1199634.009  1202433.013
  1890:  1202658.001  1203150.003  1203150.023  1203200.005  1203517.009
  1895:  1207203.013  1207418.001  1208418.018  1208462.003  1208462.023
  1900:  1208543.005  1208544.016  1208594.026  1209987.009  1210006.005
  1905:  1210014.009  1210092.005  1210097.013  1210156.009  1210987.001
  1910:  1211987.018  1212029.003  1212029.023  1212101.005  1212102.016
  1915:  1212152.026  1212918.009  1214805.013  1214984.001  1215984.018
  1920:  1216295.003  1216295.023  1216359.005  1216360.016  1216410.026
  1925:  1217323.009  1219713.013  1223027.005  1223388.009  1224023.001
  1930:  1225023.018  1225045.003  1225045.023  1225096.005  1225097.016
  1935:  1225147.026  1226164.009  1226189.005  1226221.009  1226800.013
  1940:  1227430.001  1228430.018  1228503.003  1228503.023  1228609.005
  1945:  1228610.016  1228660.026  1229732.009  1231163.013  1234746.005
  1950:  1234782.009  1235342.001  1236186.003  1236186.023  1236277.005
  1955:  1236560.009  1237280.013  1237456.001  1238456.018  1238643.003
  1960:  1238643.023  1238703.005  1238704.016  1238754.026  1239448.009
  1965:  1242407.013  1242550.001  1243550.018  1243746.003  1243746.023
  1970:  1243836.005  1243837.016  1243887.026  1246576.009  1247690.013
  1975:  1248304.005  1248407.009  1249170.001  1249271.003  1249271.023
  1980:  1249287.001  1249896.003  1259510.005  1259579.009  1261013.013
  1985:  1261510.001  1262510.018  1262783.003  1262783.023  1262853.005
  1990:  1262854.016  1262904.026  1263977.009  1264707.013  1265812.001
  1995:  1266812.018  1267014.003  1267014.023  1267079.005  1267080.016
  2000:  1267130.026  1268401.009  1268440.005  1268468.009  1268565.005
  2005:  1268726.009  1269133.013  1395773.005  1395863.009
B:
     0:        0.000      239.000        0.000      239.000        0.000
     5:      326.000        0.000        0.000        0.000      326.000
    10:        0.000        1.000        0.000      216.000        0.000
    15:        0.000      148.000        0.000      151.000        0.000
    20:        0.000        0.000        0.000      215.000        0.000
    25:        0.000      148.000        0.000        0.000        0.000
    30:        0.000
D:
     0:  1269102.000  1267901.000  1269103.000
E:
     0:     1000.000     1000.000     1500.000
P:
     0:        2.000        2.300        2.600        3.000        3.300
     5:        3.600        4.000        4.300        4.600        5.000
    10:        5.300        5.600        6.000        6.300        6.600
    15:        7.000        7.300        7.600        8.000
T:
     0:        0.000        0.000        0.000        0.000
W:
     0:        0.000        0.000        0.000
