File: C:\MED-PC IV\Data\Reyes\BD\BD4121.999


Start Date: 04/20/26
End Date: 04/20/26
Subject: 121
Experiment: BD
Group: ERROR_M
Box: 5
Start Time: 11:31:24
End Time: 12:21:24
MSN: DRRD_precisao
C:       0.000
F:       0.000
G:       0.000
H:       0.000
I:       0.000
J:       0.000
K:    2000.000
L:       0.000
M:       0.000
N:       1.000
O:       0.000
Q:       0.000
R:       0.000
S:    3000.000
U:  103811.000
V:       0.000
X:    3800.000
Y:    2575.000
Z:       0.000
A:
     0:      479.005     1774.009    11190.005    11290.009    15000.013
     5:    15000.011    15603.001    16603.018    17455.003    17455.023
    10:    17525.001    17567.003    17719.005    18186.009    20372.013
    15:    20498.001    21498.018    21624.003    21624.023    21685.001
    20:    21728.003    21884.005    21885.016    21935.026    22271.009
    25:    25438.013    25535.001    26477.003    26477.023    26488.001
    30:    26583.003    26767.005    26920.009    26933.005    26935.009
    35:    28420.013    28520.001    29520.018    29681.003    29681.023
    40:    29751.001    29785.003    29999.005    30000.016    30050.026
    45:    30455.009    33053.013    33393.001    34393.018    34679.003
    50:    34679.023    34740.001    34780.003    34978.005    34979.016
    55:    35029.026    35433.009    35439.005    35442.009    38332.013
    60:    38430.001    39361.003    39361.023    39722.005    40045.009
    65:    43375.013    43622.001    44596.003    44596.023    44673.001
    70:    44695.003    44940.005    45245.009    45266.005    45269.009
    75:    48743.013    48886.001    49886.018    49911.003    49911.023
    80:    50287.005    50288.016    50338.026    50862.009    50914.005
    85:    50916.009    51113.005    51323.009    51329.005    51332.009
    90:    51841.013    51936.001    52936.018    53027.003    53027.023
    95:    53345.005    53346.016    53396.026    53744.009    57399.013
   100:    57507.001    58346.003    58346.023    58730.005    58940.009
   105:    58942.005    58945.009    60533.013    60645.001    61645.018
   110:    61694.003    61694.023    62046.005    62047.016    62097.026
   115:    62466.009    62557.005    62842.009    62846.005    62848.009
   120:    64900.013    65011.001    66011.018    66169.003    66169.023
   125:    66523.005    66524.016    66574.026    66902.009    67727.013
   130:    67839.005    67841.009    67844.005    67847.009    68185.001
   135:    69185.018    69523.003    69523.023    69596.001    69635.003
   140:    69870.005    69871.016    69921.026    70266.009    70531.005
   145:    70570.009    72074.013    72355.001    73247.003    73247.023
   150:    73604.005    73741.009    76757.013    77247.001    78247.018
   155:    78312.003    78312.023    78650.005    78651.016    78701.026
   160:    79100.009    79207.005    79294.009    79300.005    79324.009
   165:    79327.005    79331.009    79704.013    79834.001    79928.003
   170:    79928.023    79935.001    80040.003    90788.005    90926.009
   175:    92091.013    92426.001    93426.018    93438.003    93438.023
   180:    93799.005    93800.016    93850.026    94188.009    94375.005
   185:    94378.009    95853.013    96181.001    97181.018    97285.003
   190:    97285.023    97364.001    97396.003    97803.005    97804.016
   195:    97854.026    98197.009    98240.005    98242.009    98287.005
   200:    98291.009    98315.005    98631.009   100157.013   100447.001
   205:   101414.003   101414.023   101828.005   102178.009   102180.005
   210:   102182.009   104331.013   104588.001   105588.018   105622.003
   215:   105622.023   105994.005   105995.016   106045.026   106471.009
   220:   106497.005   106598.009   109698.013   109821.001   109838.003
   225:   109838.023   110182.005   110241.009   110862.005   111031.009
   230:   111985.013   112228.001   113228.018   113406.003   113406.023
   235:   113771.005   113772.016   113822.026   114215.009   114220.005
   240:   114268.009   114272.005   114276.009   117825.013   117916.001
   245:   118862.003   118862.023   119259.005   119458.009   123062.013
   250:   123162.001   124162.018   124280.003   124280.023   124628.005
   255:   124629.016   124679.026   125224.009   126832.013   127145.001
   260:   127960.003   127960.023   128042.001   128066.003   128326.005
   265:   128494.009   131479.013   131708.001   132698.003   132698.023
   270:   133071.005   133230.009   133241.005   133258.009   134074.013
   275:   134194.001   135194.018   135197.003   135197.023   135575.005
   280:   135576.016   135626.026   135928.009   135986.005   135987.009
   285:   136020.005   136315.009   137129.013   137230.001   138230.018
   290:   138787.003   138787.023   138802.001   138887.003   139194.005
   295:   139686.009   140847.013   141083.001   142083.018   142120.003
   300:   142120.023   142536.005   142537.016   142587.026   143049.009
   305:   143099.005   143121.009   145390.013   145700.001   146670.003
   310:   146670.023   147093.005   147275.009   148396.013   148626.001
   315:   149626.018   149653.003   149653.023   150024.005   150025.016
   320:   150075.026   150449.009   150455.005   150466.009   152078.013
   325:   152359.001   153167.003   153167.023   153619.005   154006.009
   330:   154019.005   154022.009   154029.005   154030.009   156272.013
   335:   156725.001   157725.018   158094.003   158094.023   158147.001
   340:   158204.003   158514.005   158515.016   158565.026   159339.009
   345:   159700.005   159734.009   161568.013   162337.001   163313.003
   350:   163313.023   163798.005   164304.009   164549.005   164562.009
   355:   164566.005   164604.009   164608.005   164613.009   164619.005
   360:   164621.009   167101.013   167206.001   168206.018   168334.003
   365:   168334.023   168373.001   168444.003   168764.005   168765.016
   370:   168815.026   169189.009   169232.005   169238.009   169255.005
   375:   169365.009   169374.005   169379.009   172318.013   172562.001
   380:   173562.018   173596.003   173596.023   173647.001   173704.003
   385:   174030.005   174031.016   174081.026   174378.009   176384.013
   390:   176620.001   177481.003   177481.023   177882.005   178040.009
   395:   179035.013   179269.001   180245.003   180245.023   180602.005
   400:   180747.009   183105.013   183339.001   184307.003   184307.023
   405:   184670.005   184812.009   187473.013   189172.005   189173.009
   410:   189430.001   190225.003   190225.023   190293.001   190330.003
   415:   190594.005   190790.009   190793.005   190798.009   190807.005
   420:   190850.009   193897.013   194009.001   194964.003   194964.023
   425:   195032.001   195075.003   195368.005   195532.009   198521.013
   430:   198842.001   199826.003   199826.023   200205.005   200429.009
   435:   201156.005   201160.009   201162.005   201229.009   201237.005
   440:   201238.009   203708.013   204073.001   204971.003   204971.023
   445:   205034.001   205081.003   205401.005   205694.009   205697.005
   450:   205701.009   205711.005   205712.009   205720.005   205722.009
   455:   209054.013   209303.001   210287.003   210287.023   210765.005
   460:   211070.009   211400.005   211416.009   214568.013   214668.001
   465:   215596.003   215596.023   215995.005   216169.009   219998.013
   470:   220507.001   221507.018   221880.003   221880.023   221940.001
   475:   221983.003   222238.005   222239.016   222289.026   222643.009
   480:   222651.005   222654.009   222665.005   223031.009   224092.013
   485:   224185.001   225185.018   225188.003   225188.023   225233.001
   490:   225289.003   225573.005   225574.016   225624.026   225975.009
   495:   225984.005   225999.009   226024.005   226027.009   228627.013
   500:   228876.001   229876.003   229876.023   229931.001   229980.003
   505:   230333.005   230334.016   230384.026   231375.009   233037.013
   510:   233289.001   234198.003   234198.023   234262.001   234309.003
   515:   234889.005   235122.009   235283.005   235285.009   236542.013
   520:   236797.001   237441.003   237441.023   237518.001   237556.003
   525:   237782.005   238017.009   238935.013   239043.001   240043.018
   530:   240138.003   240138.023   240501.005   240502.016   240552.026
   535:   241179.009   241524.005   241773.009   242055.013   242203.001
   540:   243203.018   243361.003   243361.023   243422.001   243472.003
   545:   243727.005   243728.016   243778.026   244781.013   245090.009
   550:   245098.005   245102.009   245423.001   246423.018   246440.003
   555:   246440.023   246508.001   246553.003   246813.005   246814.016
   560:   246864.026   247866.009   248167.013   248278.001   249278.018
   565:   249351.003   249351.023   249422.001   249450.003   249710.005
   570:   249711.016   249761.026   250272.009   250352.005   250367.009
   575:   251914.013   252208.001   253208.018   253386.003   253386.023
   580:   253883.005   253884.016   253934.026   254730.009   254778.005
   585:   254804.009   255937.013   256045.001   257045.018   257233.003
   590:   257233.023   257613.005   257614.016   257664.026   258039.009
   595:   258058.005   258075.009   258079.005   258093.009   258124.005
   600:   258138.009   258150.005   258154.009   259967.013   260401.001
   605:   261401.018   261535.003   261535.023   261600.001   261646.003
   610:   261962.005   261963.016   262013.026   262891.009   262898.005
   615:   262899.009   263221.005   263357.009   263366.005   263369.009
   620:   264516.013   264939.001   265939.018   266271.003   266271.023
   625:   266339.001   266381.003   266606.005   266607.016   266657.026
   630:   267895.009   268160.013   268270.001   269270.018   269312.003
   635:   269312.023   269383.001   269413.003   269687.005   269688.016
   640:   269738.026   270280.009   270285.005   270286.009   270741.013
   645:   270983.001   271163.003   271163.023   271177.001   271274.003
   650:   278673.005   278788.009   279826.013   280044.001   281044.018
   655:   281227.003   281227.023   281611.005   281612.016   281662.026
   660:   282000.009   282216.005   282219.009   282221.005   282420.009
   665:   283315.013   283526.001   284463.003   284463.023   284514.001
   670:   284562.003   284858.005   285857.009   285865.005   285870.009
   675:   287661.013   288009.001   289009.018   289054.003   289054.023
   680:   289536.005   289537.016   289587.026   290145.009   292890.013
   685:   293156.001   294156.018   294635.003   294635.023   294685.001
   690:   294740.003   295021.005   295022.016   295072.026   295545.009
   695:   295562.005   295595.009   298575.013   298904.001   299904.018
   700:   299917.003   299917.023   299992.001   300018.003   300310.005
   705:   300311.016   300361.026   301134.009   304014.013   304144.001
   710:   305144.018   305464.003   305464.023   305536.001   305567.003
   715:   305934.005   305935.016   305985.026   306509.009   309788.013
   720:   309855.001   309902.003   309902.023   310298.005   310465.009
   725:   311271.005   311496.009   314301.013   314585.001   315585.018
   730:   315665.003   315665.023   315742.001   315776.003   316074.005
   735:   316075.016   316125.026   316559.009   317022.005   317140.009
   740:   318128.013   318263.001   319263.018   319810.003   319810.023
   745:   319874.001   319892.003   320201.005   320937.009   320953.005
   750:   320966.009   322354.013   322452.001   323452.018   323623.003
   755:   323623.023   323657.001   323723.003   324012.005   324013.016
   760:   324063.026   324511.009   324672.005   324677.009   327066.013
   765:   327353.001   328353.018   328914.003   328914.023   329319.005
   770:   329525.009   331122.013   331239.001   332239.018   332379.003
   775:   332379.023   332721.005   332722.016   332772.026   333116.009
   780:   333152.005   333153.009   333447.005   333652.009   333655.005
   785:   333658.009   335925.013   336023.001   337023.018   337185.003
   790:   337185.023   337223.001   337290.003   337603.005   337604.016
   795:   337654.026   338199.009   339957.013   340062.001   341062.018
   800:   341147.003   341147.023   341562.005   341563.016   341613.026
   805:   342391.009   344116.013   344254.001   345254.018   345290.003
   810:   345290.023   345721.005   345722.016   345772.026   346309.009
   815:   346330.005   346339.009   346340.005   346344.009   348425.013
   820:   348682.001   349682.018   350066.003   350066.023   350123.001
   825:   350168.003   350462.005   350463.016   350513.026   350961.009
   830:   351816.013   351919.001   352919.018   352984.003   352984.023
   835:   353435.005   353436.016   353486.026   353984.009   354007.005
   840:   354012.009   356289.013   356391.001   357301.003   357301.023
   845:   357721.005   357961.009   358300.005   358506.009   358724.013
   850:   358813.001   359813.018   360243.003   360243.023   360305.001
   855:   360343.003   360625.005   360626.016   360676.026   361167.009
   860:   361979.013   362084.001   363084.018   363254.003   363254.023
   865:   363614.005   363615.016   363665.026   364915.009   364922.005
   870:   364924.009   364945.005   364946.009   365127.005   365157.009
   875:   365158.005   365163.009   366318.013   366570.001   367570.018
   880:   368259.003   368259.023   368638.005   368852.009   371791.013
   885:   371885.001   372885.018   373209.003   373209.023   373592.005
   890:   373593.016   373643.026   373931.009   373964.005   373965.009
   895:   374498.005   374564.009   374579.005   374659.009   375146.013
   900:   375243.001   376243.018   376607.003   376607.023   376655.001
   905:   376710.003   376981.005   376982.016   377032.026   377772.009
   910:   379535.013   379673.001   380673.018   380749.003   380749.023
   915:   380836.001   380855.003   381155.005   381156.016   381206.026
   920:   381648.009   384209.013   384341.001   385341.018   385603.003
   925:   385603.023   385642.001   385730.003   385932.005   385933.016
   930:   385983.026   386614.009   389486.013   389774.001   390774.018
   935:   390911.003   390911.023   391307.005   391308.016   391358.026
   940:   391931.009   392514.005   392558.009   392586.005   392595.009
   945:   395011.013   395114.001   396114.018   396423.003   396423.023
   950:   396437.001   396530.003   396805.005   396806.016   396856.026
   955:   397223.009   397273.005   397275.009   397288.005   397369.009
   960:   397376.005   397379.009   400659.013   400930.001   401930.018
   965:   402291.003   402291.023   402339.001   402375.003   402698.005
   970:   402699.016   402749.026   403200.009   404036.005   404120.009
   975:   404902.013   405151.001   406151.018   406486.003   406486.023
   980:   406532.001   406577.003   406886.005   406887.016   406937.026
   985:   407272.009   407817.005   407979.009   410240.013   410493.001
   990:   411493.018   411893.003   411893.023   412280.005   412281.016
   995:   412331.026   412783.009   413204.005   413227.009   414134.013
  1000:   414229.001   415229.018   415332.003   415332.023   415401.001
  1005:   415444.003   415719.005   415720.016   415770.026   416304.009
  1010:   416307.005   416312.009   416315.005   416462.009   419773.013
  1015:   420105.001   421105.018   421217.003   421217.023   421284.001
  1020:   421324.003   421603.005   421604.016   421654.026   422183.009
  1025:   422807.013   422912.001   423760.003   423760.023   424215.005
  1030:   424763.009   426218.013   426337.001   427337.018   427558.003
  1035:   427558.023   427944.005   427945.016   427995.026   428686.009
  1040:   429648.013   429767.001   430767.018   430889.003   430889.023
  1045:   430973.001   430992.003   431291.005   431292.016   431342.026
  1050:   431773.009   431779.005   431789.009   431808.005   431816.009
  1055:   431858.005   431861.009   433645.013   433770.001   434770.018
  1060:   434972.003   434972.023   434985.001   435085.003   435442.005
  1065:   435443.016   435493.026   435964.009   437296.013   437388.001
  1070:   438388.018   438841.003   438841.023   439255.005   439256.016
  1075:   439306.026   439828.009   439882.005   439887.009   439905.005
  1080:   439966.009   442809.013   442899.001   443747.003   443747.023
  1085:   443811.001   443857.003   444213.005   444885.009   447866.013
  1090:   447975.001   448975.018   449355.003   449355.023   449418.001
  1095:   449465.003   449771.005   449772.016   449822.026   450180.009
  1100:   450757.005   450871.009   451325.013   451447.001   452447.018
  1105:   453017.003   453017.023   453063.001   453126.003   453483.005
  1110:   453745.009   456786.013   457075.001   458045.003   458045.023
  1115:   458095.001   458152.003   458459.005   458691.009   458999.005
  1120:   459060.009   462262.013   462758.001   463610.003   463610.023
  1125:   463678.001   463719.003   464025.005   464267.009   468028.013
  1130:   468443.001   469273.003   469273.023   469646.005   470027.009
  1135:   471299.013   471527.001   472394.003   472394.023   472422.001
  1140:   472495.003   472790.005   472979.009   472989.005   472990.009
  1145:   475293.013   475462.001   476462.018   476879.003   476879.023
  1150:   476935.001   476991.003   477262.005   477263.016   477313.026
  1155:   477893.009   477919.005   477922.009   477942.005   477945.009
  1160:   478616.013   478822.001   479822.018   480365.003   480365.023
  1165:   480421.001   480462.003   480778.005   481137.009   483781.013
  1170:   484213.001   485125.003   485125.023   485157.001   485232.003
  1175:   485523.005   485724.009   485988.005   486136.009   487676.013
  1180:   487772.001   488728.003   488728.023   488785.001   488834.003
  1185:   489124.005   489420.009   490277.013   495041.001   495609.003
  1190:   495609.023   495669.001   495714.003   495921.005   496118.009
  1195:   498574.013   498682.001   499682.018   499862.003   499862.023
  1200:   499910.001   499962.003   500217.005   500218.016   500268.026
  1205:   500922.009   502271.013   502520.001   503448.003   503448.023
  1210:   503491.001   503560.003   503862.005   504057.009   504063.005
  1215:   504105.009   506665.013   506817.001   507803.003   507803.023
  1220:   507872.001   507912.003   508211.005   508382.009   509214.013
  1225:   509435.001   510390.003   510390.023   510447.001   510500.003
  1230:   510763.005   510932.009   513916.013   514378.001   515378.018
  1235:   515595.003   515595.023   515647.001   515697.003   515979.005
  1240:   515980.016   516030.026   516419.009   518333.013   518424.001
  1245:   519424.018   519477.003   519477.023   519541.001   519571.003
  1250:   519892.005   519893.016   519943.026   520447.009   521096.013
  1255:   521205.001   521328.003   521328.023   521335.001   521441.003
  1260:   538226.005   538251.009   538475.005   538928.009   541879.013
  1265:   541966.001   542949.003   542949.023   543031.001   543053.003
  1270:   543336.005   543570.009   543844.005   543907.009   544839.013
  1275:   546352.001   547284.003   547284.023   547332.001   547389.003
  1280:   547672.005   547850.009   549475.013   549576.001   550576.018
  1285:   550637.003   550637.023   551018.005   551019.016   551069.026
  1290:   552512.009   552722.013   552859.001   553686.003   553686.023
  1295:   553736.001   553794.003   554047.005   554251.009   555494.005
  1300:   555898.009   556350.013   556473.001   557473.018   557708.003
  1305:   557708.023   557763.001   557812.003   558071.005   558072.016
  1310:   558122.026   558716.009   558799.005   559055.009   560275.013
  1315:   560373.001   561266.003   561266.023   561323.001   561366.003
  1320:   561664.005   561955.009   561958.005   561962.009   564317.013
  1325:   564419.001   565224.003   565224.023   565298.001   565334.003
  1330:   565604.005   565806.009   566349.005   566484.009   566489.005
  1335:   566503.009   566513.005   566607.013   566662.009   566900.001
  1340:   567520.003   567520.023   567589.001   567632.003   567877.005
  1345:   568072.009   570336.005   570361.009   570395.005   570396.009
  1350:   570572.005   570680.013   571039.009   571064.005   571066.009
  1355:   571427.001   572427.018   572542.003   572542.023   572591.001
  1360:   572647.003   572891.005   572892.016   572942.026   574016.009
  1365:   574506.005   574765.009   575945.013   576045.001   577045.018
  1370:   577148.003   577148.023   577169.001   577248.003   577504.005
  1375:   577505.016   577555.026   578748.009   578902.005   579600.009
  1380:   579626.005   579632.009   580708.013   580801.001   581801.018
  1385:   581838.003   581838.023   582216.005   582217.016   582267.026
  1390:   583497.009   585570.013   585863.001   586863.018   586941.003
  1395:   586941.023   587351.005   587352.016   587402.026   588340.009
  1400:   588348.005   588351.009   590905.013   590992.001   591992.018
  1405:   592105.003   592105.023   592512.005   592513.016   592563.026
  1410:   593007.009   593039.005   593431.009   596366.013   596466.001
  1415:   597463.003   597463.023   597540.001   597562.003   597896.005
  1420:   598382.009   599899.013   600078.001   601063.003   601063.023
  1425:   601490.005   601707.009   602793.013   602918.001   603918.018
  1430:   604001.003   604001.023   604058.001   604105.003   604410.005
  1435:   604411.016   604461.026   604818.009   604828.005   604829.009
  1440:   605223.005   605562.009   608464.013   608722.001   609722.018
  1445:   609755.003   609755.023   609814.001   609857.003   610147.005
  1450:   610148.016   610198.026   610521.009   610567.005   610568.009
  1455:   611264.005   611320.009   611328.005   611351.009   612701.013
  1460:   612799.001   612946.003   612946.023   612957.001   613058.003
  1465:   613883.005   613997.009   613998.005   614292.009   614319.005
  1470:   614575.009   614579.005   614587.009   614590.005   614596.009
  1475:   614628.005   614633.009   614634.005   614636.009   614714.005
  1480:   614722.009   615386.013   615491.001   616491.018   616629.003
  1485:   616629.023   616692.001   616710.003   617004.005   617005.016
  1490:   617055.026   617501.009   618228.005   618230.009   618297.005
  1495:   618321.009   619208.013   619301.001   620301.018   620482.003
  1500:   620482.023   620523.001   620583.003   620879.005   620880.016
  1505:   620930.026   622113.009   623233.013   623509.001   624332.003
  1510:   624332.023   624393.001   624432.003   624735.005   625187.009
  1515:   627738.013   627845.001   628832.003   628832.023   629239.005
  1520:   629474.009   629480.005   629519.009   629524.005   629527.009
  1525:   629528.005   629538.009   632892.013   633595.001   634470.003
  1530:   634470.023   634544.001   634579.003   634854.005   635079.009
  1535:   635311.005   635314.009   635629.005   635857.013   635985.009
  1540:   636228.001   636970.003   636970.023   637056.001   637074.003
  1545:   637313.005   637611.009   640116.013   640426.001   641426.018
  1550:   641649.003   641649.023   642041.005   642042.016   642092.026
  1555:   642846.009   642888.005   642997.009   645245.013   645342.001
  1560:   646146.003   646146.023   646564.005   646830.009   648367.013
  1565:   653944.005   653981.009   654401.001   654774.003   654774.023
  1570:   655123.005   655319.009   655372.005   655375.009   657126.013
  1575:   662166.001   663030.003   663030.023   663087.001   663129.003
  1580:   663385.005   663603.009   667188.013   668989.001   669478.003
  1585:   669478.023   669831.005   670205.009   670227.005   670233.009
  1590:   671484.013   671752.001   672480.003   672480.023   672534.001
  1595:   672578.003   672877.005   673139.009   673642.005   673736.009
  1600:   674180.013   674276.001   675276.018   675523.003   675523.023
  1605:   675576.001   675624.003   675899.005   675900.016   675950.026
  1610:   677035.009   677038.005   677042.009   679953.013   680221.001
  1615:   681129.003   681129.023   681194.001   681227.003   681500.005
  1620:   681922.009   685003.013   685261.001   686261.018   686432.003
  1625:   686432.023   686488.001   686532.003   686832.005   686833.016
  1630:   686883.026   687193.009   689536.013   689902.001   690899.003
  1635:   690899.023   691325.005   691574.009   691589.005   691625.009
  1640:   691626.005   691633.009   693828.013   694088.001   695088.018
  1645:   695724.003   695724.023   695771.001   695813.003   696139.005
  1650:   696326.009   696340.005   696354.009   696359.005   696364.009
  1655:   696370.005   696627.009   699442.013   699586.001   700586.018
  1660:   700613.003   700613.023   700683.001   700723.003   701016.005
  1665:   701017.016   701067.026   701484.009   702220.013   702524.005
  1670:   702658.009   702664.005   702683.009   703047.001   703875.003
  1675:   703875.023   704272.005   704519.009   704526.005   704609.009
  1680:   707275.013   707542.001   708542.018   708952.003   708952.023
  1685:   708995.001   709058.003   709381.005   709382.016   709432.026
  1690:   709776.009   710735.013   711257.005   711553.009   711860.001
  1695:   712860.018   713049.003   713049.023   713453.005   713454.016
  1700:   713504.026   714603.009   715657.013   716024.005   716103.009
  1705:   716240.005   716245.009   716274.005   717047.009   717424.001
  1710:   718211.003   718211.023   718253.001   718276.003   718288.001
  1715:   718313.003   718569.005   718764.009   718774.005   718784.009
  1720:   718791.005   718794.009   719644.005   719737.009   720072.013
  1725:   720282.001   720457.003   720457.023   720474.001   720562.003
  1730:   752129.005   752139.009   752144.005   752288.009   754632.013
  1735:   756624.001   757332.003   757332.023   757723.005   757930.009
  1740:   760376.013   803943.005   803962.009   803963.005   804090.009
  1745:   804091.005   804100.009   840056.005   840226.009   840930.001
  1750:   841378.003   841378.023   841423.001   841473.003   841713.005
  1755:   842177.009   842178.005   842196.009   842866.013   889881.005
  1760:   890017.009   904801.005   904908.009   905392.005   905429.009
  1765:   905592.005   905629.009   905640.005   905788.009   905796.005
  1770:   905812.009   905818.005   905823.009   905902.005   905941.009
  1775:   905959.005   905965.009   906180.005   906184.009   906951.001
  1780:   907193.003   907193.023   910481.005   910485.009   912284.013
  1785:   993255.005   993545.009   993840.005   993866.009   994178.001
  1790:   995174.003   995174.023   995236.001   995269.003   995510.005
  1795:   996731.009   996986.005   997055.009   998663.013   999059.001
  1800:   999928.003   999928.023   999992.001  1000027.003  1000281.005
  1805:  1000698.009  1000703.005  1000709.009  1003584.013  1003688.001
  1810:  1003925.003  1003925.023  1004322.005  1004584.009  1004886.005
  1815:  1005112.009  1005325.013  1005496.001  1006496.018  1006860.003
  1820:  1006860.023  1007230.005  1007231.016  1007281.026  1007774.009
  1825:  1009284.013  1010067.005  1010237.009  1010660.001  1011660.018
  1830:  1011981.003  1011981.023  1012050.001  1012091.003  1012360.005
  1835:  1012361.016  1012364.009  1012369.005  1012411.026  1012877.009
  1840:  1014545.005  1014851.009  1015214.013  1015350.001  1016350.018
  1845:  1016918.003  1016918.023  1016965.001  1017012.003  1017277.005
  1850:  1018201.009  1018206.005  1018231.009  1020780.013  1020900.001
  1855:  1021087.003  1021087.023  1021527.005  1022026.009  1025180.013
  1860:  1025290.001  1026290.018  1026583.003  1026583.023  1026653.001
  1865:  1026683.003  1026920.005  1026921.016  1026971.026  1027317.009
  1870:  1027333.005  1027335.009  1027344.005  1027350.009  1027367.005
  1875:  1027370.009  1027841.005  1027849.009  1029680.005  1030206.009
  1880:  1030774.013  1030915.001  1031915.018  1032473.003  1032473.023
  1885:  1032517.001  1032568.003  1032850.005  1033496.009  1035153.013
  1890:  1035280.001  1035336.003  1035336.023  1038628.005  1038802.009
  1895:  1038815.005  1038825.009  1038829.005  1039426.009  1039435.005
  1900:  1039440.009  1039448.005  1039457.009  1039754.005  1039758.009
  1905:  1039839.005  1039860.009  1039905.005  1039913.009  1039928.005
  1910:  1040583.009  1042631.013  1042901.001  1043901.018  1044444.003
  1915:  1044444.023  1044526.001  1044549.003  1044796.005  1045149.009
  1920:  1046449.013  1047116.005  1047310.009  1047683.001  1048683.018
  1925:  1048767.003  1048767.023  1048820.001  1048879.003  1049107.005
  1930:  1049108.016  1049158.026  1049654.009  1049688.005  1049690.009
  1935:  1052055.005  1052056.009  1053161.013  1053265.001  1054265.018
  1940:  1054296.003  1054296.023  1054350.001  1054389.003  1054678.005
  1945:  1054679.016  1054729.026  1055292.009  1055305.005  1055471.009
  1950:  1056032.013  1056351.005  1056650.009  1057055.001  1058046.003
  1955:  1058046.023  1058497.005  1058954.009  1058960.005  1058971.009
  1960:  1058974.005  1059063.009  1060300.013  1060605.001  1061605.018
  1965:  1062099.003  1062099.023  1062161.001  1062205.003  1062502.005
  1970:  1062503.016  1062553.026  1063100.009  1064056.013  1064611.001
  1975:  1065611.018  1065793.003  1065793.023  1066187.005  1066188.016
  1980:  1066238.026  1066986.009  1067648.005  1067652.009  1067664.005
  1985:  1067810.009  1068541.013  1068657.001  1069647.003  1069647.023
  1990:  1069687.001  1069748.003  1070177.005  1071638.009  1071644.005
  1995:  1071650.009  1072680.013  1072936.001  1073936.018  1074033.003
  2000:  1074033.023  1074083.001  1074128.003  1074434.005  1074435.016
  2005:  1074485.026  1075186.009  1075202.005  1075212.009  1075280.005
  2010:  1075290.009  1077488.013  1077841.001  1078841.018  1078872.003
  2015:  1078872.023  1078932.001  1078979.003  1079259.005  1079260.016
  2020:  1079310.026  1079694.009  1079750.005  1079757.009  1082113.013
  2025:  1082818.001  1083809.003  1083809.023  1084219.005  1084488.009
  2030:  1084525.005  1084566.009  1084571.005  1084581.009  1084586.005
  2035:  1084594.009  1084611.005  1084616.009  1084621.005  1084681.009
  2040:  1086372.013  1086467.001  1087467.018  1088269.003  1088269.023
  2045:  1088323.001  1088373.003  1088717.005  1089201.009  1089334.005
  2050:  1089347.009  1089354.005  1089371.009  1091870.013  1092237.001
  2055:  1093237.018  1093939.003  1093939.023  1094368.005  1094560.009
  2060:  1095103.005  1095251.009  1097671.013  1097989.001  1098989.018
  2065:  1099067.003  1099067.023  1099473.005  1099474.016  1099524.026
  2070:  1099982.009  1100052.005  1100055.009  1101177.005  1101587.009
  2075:  1101615.005  1101640.009  1103027.013  1103130.001  1104130.018
  2080:  1104162.003  1104162.023  1104238.001  1104266.003  1104576.005
  2085:  1104577.016  1104627.026  1105630.013  1106226.009  1106619.001
  2090:  1107424.003  1107424.023  1107478.001  1107522.003  1107943.005
  2095:  1107949.009  1107951.005  1108228.009  1108261.005  1108272.009
  2100:  1108280.005  1108298.009  1109946.013  1110230.001  1110424.003
  2105:  1110424.023  1110436.001  1110526.003  1111202.005  1111315.009
  2110:  1112855.013  1140249.005  1140683.009  1146602.001  1147602.018
  2115:  1147825.003  1147825.023  1148143.005  1148144.016  1148194.026
  2120:  1148830.009  1150221.005  1150847.013  1151846.009  1151858.005
  2125:  1151862.009  1151903.005  1151907.009  1151921.005  1151980.009
  2130:  1151986.005  1152135.009  1152703.001  1153411.003  1153411.023
  2135:  1153871.005  1153878.009  1153887.005  1154819.009  1155024.013
  2140:  1155362.001  1156362.018  1156519.003  1156519.023  1156586.001
  2145:  1156625.003  1157010.005  1157011.016  1157061.026  1157465.009
  2150:  1159530.005  1159758.009  1159778.005  1159877.009  1159895.005
  2155:  1159897.009  1160225.005  1160229.009  1160234.005  1160410.009
  2160:  1160864.013  1161008.001  1162008.018  1162789.003  1162789.023
  2165:  1163194.005  1163199.009  1163204.005  1163878.009  1166847.013
  2170:  1166940.001  1167940.018  1168503.003  1168503.023  1168545.001
  2175:  1168595.003  1168868.005  1169120.009  1169128.005  1169333.009
  2180:  1169335.005  1169340.009  1171871.013  1171978.001  1172978.018
  2185:  1173655.003  1173655.023  1173710.001  1173761.003  1174048.005
  2190:  1174522.009  1174524.005  1174527.009  1175418.005  1175701.013
  2195:  1175770.009  1175779.005  1175782.009  1176062.001  1177062.018
  2200:  1177681.003  1177681.023  1178059.005  1178313.009  1178341.005
  2205:  1178492.009  1178513.005  1178566.009  1181212.013  1183200.001
  2210:  1184133.003  1184133.023  1184482.005  1184829.009  1185285.005
  2215:  1185431.009  1185785.013  1185909.001  1186909.018  1187300.003
  2220:  1187300.023  1187356.001  1187392.003  1187669.005  1187670.016
  2225:  1187720.026  1188173.009  1190045.005  1190051.009  1190054.005
  2230:  1190223.013  1190320.009  1190789.001  1191715.003  1191715.023
  2235:  1192153.005  1192519.009  1192574.005  1193002.009  1195656.013
  2240:  1196028.001  1197028.018  1197747.003  1197747.023  1198158.005
  2245:  1198726.009  1198728.005  1198738.009  1198789.005  1198795.009
  2250:  1199961.013  1200094.001  1201094.018  1201683.003  1201683.023
  2255:  1201754.001  1201793.003  1202081.005  1202685.009  1204734.013
  2260:  1204842.001  1205842.018  1206275.003  1206275.023  1206345.001
  2265:  1206374.003  1206646.005  1206647.016  1206697.026  1207142.009
  2270:  1207167.005  1207170.009  1207185.005  1207188.009  1209762.005
  2275:  1210000.013  1210110.009  1210445.001  1211322.003  1211322.023
  2280:  1211700.005  1212293.009  1212303.005  1212306.009  1212307.005
  2285:  1212311.009  1212391.005  1212448.009  1212452.005  1212460.009
  2290:  1212853.013  1213025.001  1214025.018  1214115.003  1214115.023
  2295:  1214177.001  1214205.003  1214499.005  1214500.016  1214550.026
  2300:  1215125.009  1215553.013  1216714.005  1216952.009  1216979.005
  2305:  1216997.009  1217004.005  1217007.009  1217515.001  1218515.018
  2310:  1218722.003  1218722.023  1218792.001  1218822.003  1219161.005
  2315:  1219162.016  1219212.026  1220022.009  1220025.005  1220027.009
  2320:  1220040.005  1220041.009  1221141.005  1221215.013  1221406.009
  2325:  1221411.005  1221629.009  1221981.001  1222981.018  1223021.003
  2330:  1223021.023  1223426.005  1223427.016  1223477.026  1226366.009
  2335:  1226369.005  1226380.009  1226400.005  1226409.009  1226410.005
  2340:  1226415.009  1227130.013  1227256.001  1228256.018  1228347.003
  2345:  1228347.023  1228413.001  1228445.003  1228765.005  1228766.016
  2350:  1228816.026  1229477.009  1230659.005  1230780.009  1232619.013
  2355:  1233045.001  1234045.018  1234377.003  1234377.023  1234429.001
  2360:  1234489.003  1234794.005  1234795.016  1234801.009  1234812.005
  2365:  1234845.026  1235809.009  1237148.013  1237249.001  1238249.018
  2370:  1238385.003  1238385.023  1238451.001  1238485.003  1238779.005
  2375:  1238780.016  1238830.026  1239431.009  1240194.005  1240609.009
  2380:  1240682.005  1240687.009  1242833.013  1242946.001  1243946.018
  2385:  1244463.003  1244463.023  1244520.001  1244573.003  1244854.005
  2390:  1245182.009  1245185.005  1245193.009  1245212.005  1245238.009
  2395:  1245295.005  1245309.009  1245362.005  1245392.009  1245393.005
  2400:  1245410.009  1245441.005  1245450.009  1247007.013  1247075.001
  2405:  1247136.003  1247136.023  1247172.001  1247244.003  1248113.005
  2410:  1248236.009  1248809.005  1248958.009  1250916.013  1251249.001
  2415:  1252249.018  1252987.003  1252987.023  1253380.005  1254078.009
  2420:  1254883.013  1255041.001  1256041.018  1256278.003  1256278.023
  2425:  1256357.001  1256387.003  1256695.005  1256696.016  1256746.026
  2430:  1257201.009  1258614.005  1258912.009  1258919.005  1258983.009
  2435:  1259249.013  1259430.001  1260214.003  1260214.023  1260594.005
  2440:  1260871.009  1260875.005  1261034.009  1261037.005  1261056.009
  2445:  1262747.013  1262844.001  1263844.018  1264002.003  1264002.023
  2450:  1264088.001  1264102.003  1264386.005  1264387.016  1264437.026
  2455:  1265362.009  1266240.013  1266428.001  1267428.018  1267572.003
  2460:  1267572.023  1267932.005  1267933.016  1267983.026  1268399.009
  2465:  1269681.005  1270015.009  1270018.005  1270169.009  1270286.013
  2470:  1270520.001  1271520.018  1271663.003  1271663.023  1272052.005
  2475:  1272053.016  1272103.026  1272811.009  1274106.013  1274342.005
  2480:  1274681.009  1275452.005  1275532.009  1276219.001  1277180.003
  2485:  1277180.023  1277673.005  1278375.009  1280976.013  1281323.001
  2490:  1282323.018  1282559.003  1282559.023  1282973.005  1282974.016
  2495:  1283024.026  1283593.009  1284965.005  1285246.009  1285266.005
  2500:  1285480.009  1285496.005  1285909.009  1285937.005  1285939.009
  2505:  1286527.013  1286765.001  1287765.018  1288211.003  1288211.023
  2510:  1288576.005  1288577.016  1288627.026  1289189.009  1289780.013
  2515:  1290058.005  1290266.009  1290314.005  1290498.009  1290983.001
  2520:  1291904.003  1291904.023  1292318.005  1292911.009  1292920.005
  2525:  1292936.009  1295121.013  1295224.001  1296224.018  1296322.003
  2530:  1296322.023  1296697.005  1296698.016  1296748.026  1297117.009
  2535:  1298886.005  1298935.009  1299165.005  1299177.009  1299188.005
  2540:  1299307.009  1300401.013  1300517.001  1301517.018  1301733.003
  2545:  1301733.023  1302092.005  1302093.016  1302143.026  1302642.009
  2550:  1303146.013  1304581.005  1305031.009  1305471.001  1306019.003
  2555:  1306019.023  1306477.005  1306827.009  1306837.005  1306838.009
  2560:  1306841.005  1306862.009  1306903.005  1306999.009  1307005.005
  2565:  1307007.009  1310280.013  1473194.005  1474313.009  1474388.005
  2570:  1474633.009  1474641.005  1474977.009  1475128.005  1475138.009
B:
     0:        0.000      350.000        0.000      350.000        0.000
     5:      536.000        0.000        0.000        0.000      536.000
    10:        0.000        1.000        0.000      222.000        0.000
    15:        0.000      113.000        0.000      133.000        0.000
    20:        0.000        0.000        0.000      221.000        0.000
    25:        0.000      113.000        0.000        0.000        0.000
    30:        0.000
D:
     0:  1409829.000  1409282.000  1409830.000
E:
     0:     1000.000     1000.000     1500.000
P:
     0:        2.000        2.300        2.600        3.000        3.300
     5:        3.600        4.000        4.300        4.600        5.000
    10:        5.300        5.600        6.000        6.300        6.600
    15:        7.000        7.300        7.600        8.000
T:
     0:        0.000        0.000        0.000        0.000
W:
     0:        0.000        0.000        0.000
