File: C:\MED-PC IV\Data\Reyes\BD\BD4121.999


Start Date: 04/16/26
End Date: 04/16/26
Subject: 121
Experiment: BD
Group: ERROR_M
Box: 5
Start Time: 11:56:40
End Time: 12:46:40
MSN: DRRD_precisao
C:       0.000
F:       2.000
G:       0.000
H:       0.000
I:       0.000
J:       0.000
K:    2000.000
L:       0.000
M:       0.000
N:       1.000
O:       0.000
Q:       0.000
R:       0.000
S:    3000.000
U:  263897.000
V:       0.000
X:    2300.000
Y:    2315.000
Z:       0.000
A:
     0:     4182.005     4256.009     4259.005     4263.009     4276.005
     5:     4280.009     4307.005     4310.009    10360.005    10785.009
    10:    10792.005    10795.009    10897.005    10899.009    10911.005
    15:    10927.009    10943.005    10987.009    10994.005    11029.009
    20:    11045.005    11048.009    11990.005    11993.009    11997.005
    25:    12001.009    15000.013    15000.011    15138.001    16062.003
    30:    16062.023    16373.005    16547.009    19526.013    19629.001
    35:    20423.003    20423.023    20753.005    21099.009    22256.013
    40:    22356.001    22447.003    22447.023    22460.001    22583.003
    45:    23690.005    23692.009    23698.005    23750.009    23950.005
    50:    23960.009    23997.005    24004.009    27193.013    27316.001
    55:    28175.003    28175.023    28543.005    29366.009    32196.013
    60:    32414.001    33264.003    33264.023    33325.001    33363.003
    65:    33609.005    33769.009    37612.013    37960.001    38960.018
    70:    40599.003    40599.023    40974.005    41094.009    41343.005
    75:    41431.009    43977.013    44079.001    45079.018    45239.003
    80:    45239.023    45560.005    45561.016    45611.026    46042.009
    85:    46057.005    46066.009    49414.013    49716.001    50716.018
    90:    50800.003    50800.023    50878.001    50911.003    51087.005
    95:    51088.016    51138.026    51493.009    51734.005    51826.009
   100:    54441.013    54711.001    55482.003    55482.023    55828.005
   105:    56150.009    58631.013    58746.001    59746.018    60025.003
   110:    60025.023    60073.001    60112.003    60358.005    60359.016
   115:    60409.026    61132.009    61412.013    61505.001    62505.018
   120:    62674.003    62674.023    63025.005    63026.016    63076.026
   125:    63349.009    65079.013    65204.001    66204.018    66310.003
   130:    66310.023    66698.005    66699.016    66749.026    67213.009
   135:    68402.013    68511.001    69511.018    69693.003    69693.023
   140:    70015.005    70016.016    70066.026    70395.009    72219.013
   145:    72327.001    73177.003    73177.023    73498.005    73694.009
   150:    75801.013    75928.001    76928.018    77034.003    77034.023
   155:    77381.005    77382.016    77432.026    77834.009    78585.013
   160:    78960.001    79960.018    80079.003    80079.023    80392.005
   165:    80393.016    80443.026    80795.009    82946.013    83066.001
   170:    83895.003    83895.023    84258.005    84454.009    86061.013
   175:    86202.001    87202.018    87330.003    87330.023    87655.005
   180:    87656.016    87706.026    88015.009    89009.013    89133.001
   185:    90112.003    90112.023    90474.005    90644.009    93127.013
   190:    93270.001    94270.018    94335.003    94335.023    94717.005
   195:    94718.016    94768.026    95060.009    97771.013    98064.001
   200:    99037.003    99037.023    99372.005    99536.009   102525.013
   205:   102736.001   103640.003   103640.023   103982.005   104130.009
   210:   107285.013   107443.001   108394.003   108394.023   108745.005
   215:   108900.009   112248.013   112922.001   113922.018   114185.003
   220:   114185.023   114241.001   114284.003   114486.005   114487.016
   225:   114537.026   115382.009   115433.005   115708.009   118190.013
   230:   118307.001   119307.018   119431.003   119431.023   119518.001
   235:   119541.003   119786.005   119787.016   119837.026   120188.009
   240:   120783.005   120917.009   123640.013   123963.001   124845.003
   245:   124845.023   125171.005   125325.009   129174.013   129325.001
   250:   130325.018   130544.003   130544.023   130612.001   130670.003
   255:   130896.005   130897.016   130947.026   131464.009   131950.013
   260:   132392.001   133317.003   133317.023   133592.005   133777.009
   265:   134745.013   134867.001   135867.018   136038.003   136038.023
   270:   136402.005   136403.016   136453.026   137134.009   138606.013
   275:   138711.001   139623.003   139623.023   140337.005   140615.009
   280:   142640.013   142755.001   143755.018   144285.003   144285.023
   285:   144603.005   144725.009   145047.005   145160.009   146606.013
   290:   146772.001   147723.003   147723.023   148084.005   148250.009
   295:   149737.013   149884.001   150604.003   150604.023   150967.005
   300:   151133.009   153470.013   153648.001   154583.003   154583.023
   305:   154950.005   155096.009   155354.005   155489.009   157603.013
   310:   157759.001   158753.003   158753.023   158810.001   158860.003
   315:   159119.005   159322.009   160622.013   161210.001   161926.003
   320:   161926.023   162272.005   162425.009   165075.013   165366.001
   325:   166098.003   166098.023   166445.005   166714.009   167748.013
   330:   168677.001   169664.003   169664.023   169679.001   169759.003
   335:   169935.005   170078.009   171738.013   172291.001   173291.018
   340:   173369.003   173369.023   173714.005   173715.016   173765.026
   345:   174488.009   174728.005   174773.009   176768.013   176881.001
   350:   177881.018   177899.003   177899.023   177976.001   177998.003
   355:   178259.005   178260.016   178310.026   178695.009   178737.005
   360:   178741.009   179463.013   180643.001   181558.003   181558.023
   365:   181903.005   182063.009   185556.013   188770.001   189770.018
   370:   189835.003   189835.023   190114.005   190115.016   190165.026
   375:   190486.009   190956.005   191267.009   194168.013   194292.001
   380:   195100.003   195100.023   195448.005   195686.009   197451.013
   385:   197559.001   198156.003   198156.023   198527.005   198754.009
   390:   200330.013   200452.001   201452.018   201526.003   201526.023
   395:   201879.005   201880.016   201930.026   202328.009   202643.005
   400:   202644.009   203468.005   203555.009   203559.005   203564.009
   405:   204733.013   204851.001   205661.003   205661.023   206000.005
   410:   206187.009   209153.013   209814.001   210568.003   210568.023
   415:   210642.001   210678.003   210908.005   211096.009   211690.005
   420:   211830.009   211840.005   211843.009   211911.013   212041.001
   425:   213041.018   213058.003   213058.023   213383.005   213384.016
   430:   213434.026   213805.009   214665.005   214679.009   215087.013
   435:   215192.001   216192.018   216214.003   216214.023   216540.005
   440:   216541.016   216591.026   216945.009   220094.013   220272.001
   445:   220633.003   220633.023   221012.005   221166.009   223315.013
   450:   227597.001   228588.003   228588.023   228668.001   228700.003
   455:   228897.005   229096.009   230400.013   230669.001   231419.003
   460:   231419.023   231761.005   231951.009   233064.013   233208.001
   465:   233995.003   233995.023   234335.005   234521.009   238138.013
   470:   238265.001   239191.003   239191.023   239282.001   239301.003
   475:   239571.005   239709.009   240681.005   240771.009   242224.013
   480:   242381.001   243248.003   243248.023   243586.005   243789.009
   485:   245739.013   245857.001   246708.003   246708.023   247074.005
   490:   247249.009   249577.013   249708.001   250708.018   250733.003
   495:   250733.023   251096.005   251097.016   251147.026   251435.009
   500:   251788.005   251907.009   254450.013   254605.001   255605.018
   505:   255664.003   255664.023   255996.005   255997.016   256047.026
   510:   256390.009   257160.005   257254.009   257700.013   257826.001
   515:   258764.003   258764.023   258826.001   258875.003   259090.005
   520:   259290.009   261743.013   261885.001   262885.018   263098.003
   525:   263098.023   263177.001   263208.003   263469.005   263470.016
   530:   263520.026   263886.009   263890.005   264061.009   266523.013
   535:   266643.001   267643.018   267906.003   267906.023   268239.005
   540:   268240.016   268290.026   268649.009   269336.005   269380.009
   545:   271593.013   271695.001   272578.003   272578.023   272967.005
   550:   273285.009   276470.013   276609.001   277609.018   277939.003
   555:   277939.023   278298.005   278299.016   278349.026   279490.009
   560:   279962.005   279998.009   281502.013   281626.001   282626.018
   565:   282834.003   282834.023   282927.001   282944.003   283216.005
   570:   283217.016   283267.026   283791.009   284770.013   284930.001
   575:   285930.018   286166.003   286166.023   286502.005   286503.016
   580:   286553.026   287014.009   287643.005   287888.009   288856.013
   585:   288963.001   289963.018   290249.003   290249.023   290613.005
   590:   290614.016   290664.026   291059.009   293167.013   293336.001
   595:   294336.018   294527.003   294527.023   294535.001   294641.003
   600:   294921.005   294922.016   294972.026   295504.009   295956.005
   605:   296103.009   296275.013   296387.001   297387.018   297967.003
   610:   297967.023   298041.001   298080.003   298366.005   298591.009
   615:   300169.013   300368.001   301368.018   301751.003   301751.023
   620:   302117.005   302118.016   302168.026   302486.009   302493.005
   625:   302496.009   302816.005   302868.009   304321.013   304454.001
   630:   305454.018   305596.003   305596.023   305976.005   305977.016
   635:   306027.026   306761.009   308830.013   308998.001   309528.003
   640:   309528.023   309545.001   309627.003   332144.005   332342.009
   645:   335797.013   335928.001   336917.003   336917.023   337001.001
   650:   337027.003   337297.005   337464.009   341100.013   341250.001
   655:   342250.018   342315.003   342315.023   342691.005   342692.016
   660:   342742.026   343215.009   344401.005   344495.009   346745.013
   665:   346844.001   347844.018   348061.003   348061.023   348424.005
   670:   348425.016   348475.026   348833.009   349338.005   349364.009
   675:   349628.013   349782.001   350782.018   351019.003   351019.023
   680:   351424.005   351425.016   351475.026   352378.009   352478.013
   685:   352690.005   352919.009   353270.001   354270.018   354806.003
   690:   354806.023   355136.005   355382.009   357139.013   357236.001
   695:   358236.018   358367.003   358367.023   358766.005   358767.016
   700:   358817.026   359173.009   359634.005   359709.009   359820.013
   705:   360347.001   361347.018   362020.003   362020.023   362384.005
   710:   362597.009   363887.013   363999.001   364917.003   364917.023
   715:   365302.005   365489.009   365547.005   365553.009   365585.005
   720:   365673.009   367455.013   367587.001   368587.018   369408.003
   725:   369408.023   369792.005   370014.009   372445.013   372575.001
   730:   373575.018   373758.003   373758.023   374158.005   374159.016
   735:   374209.026   374527.009   375452.005   375553.009   377012.013
   740:   377124.001   378124.018   378369.003   378369.023   378765.005
   745:   378766.016   378816.026   379349.009   382319.013   382465.001
   750:   383465.018   384182.003   384182.023   384600.005   384834.009
   755:   385903.013   386005.001   387005.018   387013.003   387013.023
   760:   387396.005   387397.016   387447.026   388094.009   388132.005
   765:   388139.009   391100.013   391526.001   392526.018   392954.003
   770:   392954.023   393339.005   393340.016   393390.026   394392.009
   775:   395043.013   395507.001   396507.018   396901.003   396901.023
   780:   397261.005   397262.016   397312.026   398234.009   398465.013
   785:   398573.001   399573.018   399607.003   399607.023   399993.005
   790:   399994.016   400044.026   400380.009   401847.013   401957.001
   795:   402779.003   402779.023   403198.005   403402.009   405501.013
   800:   405799.001   406799.018   406868.003   406868.023   407246.005
   805:   407247.016   407297.026   407797.009   409800.013   425796.001
   810:   426796.018   426903.003   426903.023   427328.005   427329.016
   815:   427379.026   427977.009   429010.005   429176.009   430382.013
   820:   430808.001   431808.018   432088.003   432088.023   432417.005
   825:   432418.016   432468.026   432831.009   435775.005   435846.009
   830:   436271.013   446905.001   447586.003   447586.023   447963.005
   835:   448132.009   451966.013   454007.001   454617.003   454617.023
   840:   454693.001   454718.003   454995.005   455201.009   458298.013
   845:   461074.005   461440.009   461772.001   461825.003   461825.023
   850:   461842.001   461931.003   476479.005   476587.009   476854.005
   855:   477022.009   478482.013   478596.001   479443.003   479443.023
   860:   479843.005   480073.009   482996.013   483093.001   483686.003
   865:   483686.023   484048.005   485272.009   485278.005   485282.009
   870:   486551.013   486655.001   487527.003   487527.023   487921.005
   875:   488103.009   488306.005   488408.009   490924.013   491048.001
   880:   492048.018   492109.003   492109.023   492489.005   492490.016
   885:   492540.026   493843.009   493847.005   493864.009   495343.013
   890:   495473.001   496473.018   496684.003   496684.023   496765.001
   895:   496791.003   497099.005   497100.016   497150.026   497505.009
   900:   498448.005   498459.009   498484.005   498502.009   498594.005
   905:   498600.009   499803.013   500034.001   500122.003   500122.023
   910:   500134.001   500229.003   511591.005   511693.009   511705.005
   915:   511710.009   514744.013   515055.001   516055.018   516107.003
   920:   516107.023   516488.005   516489.016   516539.026   517138.009
   925:   519842.013   519983.001   520983.018   521275.003   521275.023
   930:   521661.005   521662.016   521712.026   522251.009   523365.013
   935:   523560.001   524560.018   525154.003   525154.023   525586.005
   940:   525927.009   526889.013   526980.001   527980.018   528414.003
   945:   528414.023   528803.005   528804.016   528854.026   529239.009
   950:   532357.013   532468.001   533468.018   533708.003   533708.023
   955:   534095.005   534096.016   534146.026   534819.009   537799.013
   960:   537906.001   538906.018   538958.003   538958.023   539046.001
   965:   539067.003   539401.005   539402.016   539452.026   539795.009
   970:   540127.005   540135.009   540170.005   540210.009   540286.005
   975:   540289.009   543455.013   543760.001   544760.018   545014.003
   980:   545014.023   545441.005   545442.016   545492.026   545777.009
   985:   547295.013   547670.001   548670.018   548815.003   548815.023
   990:   549199.005   549200.016   549250.026   550081.009   550403.013
   995:   550963.005   550969.009   550973.005   550976.009   551378.001
  1000:   552378.018   552643.003   552643.023   552712.001   552761.003
  1005:   553026.005   553027.016   553077.026   553521.009   554080.013
  1010:   554782.001   555782.018   555898.003   555898.023   556257.005
  1015:   556258.016   556308.026   557349.009   558461.013   558599.001
  1020:   559599.018   559791.003   559791.023   560204.005   560205.016
  1025:   560255.026   560742.009   562258.013   562357.001   563357.018
  1030:   563802.003   563802.023   564243.005   564244.016   564294.026
  1035:   564720.009   568097.013   568427.001   569427.018   569806.003
  1040:   569806.023   570196.005   570197.016   570247.026   570557.009
  1045:   571179.005   571327.009   571750.013   571912.001   572912.018
  1050:   573705.003   573705.023   574112.005   574343.009   576415.013
  1055:   577170.001   578170.018   578301.003   578301.023   578684.005
  1060:   578685.016   578735.026   579162.009   580238.013   581067.001
  1065:   582067.018   582449.003   582449.023   582800.005   582801.016
  1070:   582851.026   583279.009   585154.013   585306.001   586306.018
  1075:   586491.003   586491.023   586907.005   586908.016   586958.026
  1080:   587329.009   588185.005   588195.009   589611.013   589760.001
  1085:   590760.018   591506.003   591506.023   591909.005   592112.009
  1090:   595212.013   595595.001   596587.003   596587.023   596941.005
  1095:   597182.009   600944.013   601230.001   602230.018   602768.003
  1100:   602768.023   603147.005   603328.009   606150.013   606494.001
  1105:   607494.018   607650.003   607650.023   608058.005   608059.016
  1110:   608109.026   608427.009   609344.005   609437.009   611912.013
  1115:   612204.001   613204.018   613271.003   613271.023   613661.005
  1120:   613662.016   613712.026   614047.009   616215.013   616322.001
  1125:   617322.018   617362.003   617362.023   617781.005   617782.016
  1130:   617832.026   618223.009   621485.013   621582.001   622582.018
  1135:   622587.003   622587.023   623003.005   623004.016   623054.026
  1140:   623611.009   624057.013   624640.001   624727.003   624727.023
  1145:   624738.001   624827.003   638913.005   638947.009   640066.013
  1150:   640206.001   641206.018   641355.003   641355.023   641724.005
  1155:   641725.016   641775.026   642339.009   642367.005   642368.009
  1160:   643078.013   644218.001   645218.018   645880.003   645880.023
  1165:   646255.005   646515.009   648408.013   648523.001   649501.003
  1170:   649501.023   649924.005   650135.009   652727.013   653211.001
  1175:   654211.018   654525.003   654525.023   654897.005   654898.016
  1180:   654948.026   655308.009   658101.013   658425.001   659425.018
  1185:   659673.003   659673.023   659765.001   659778.003   660093.005
  1190:   660094.016   660144.026   660577.009   660597.005   661162.009
  1195:   661797.013   661922.001   662922.018   663338.003   663338.023
  1200:   663414.001   663436.003   663777.005   663778.016   663828.026
  1205:   664646.009   665831.013   666041.001   667041.018   667292.003
  1210:   667292.023   667720.005   667721.016   667771.026   668204.009
  1215:   671274.013   671559.001   672559.018   673318.003   673318.023
  1220:   673731.005   673973.009   675534.013   675654.001   676654.018
  1225:   677480.003   677480.023   677888.005   678142.009   680891.013
  1230:   681443.001   682443.018   682955.003   682955.023   683382.005
  1235:   683576.009   685885.013   702944.001   703944.018   704249.003
  1240:   704249.023   704335.001   704359.003   704636.005   704637.016
  1245:   704687.026   705029.009   708490.013   709980.001   710300.003
  1250:   710300.023   710669.005   710785.009   711822.013   731250.001
  1255:   732250.018   733280.003   733280.023   733631.005   733806.009
  1260:   737634.013   737921.001   738921.018   739998.003   739998.023
  1265:   740341.005   740562.009   741994.013   742204.001   743080.003
  1270:   743080.023   743463.005   743645.009   744466.013   745078.001
  1275:   746078.018   746174.003   746174.023   746530.005   746531.016
  1280:   746581.026   746917.009   748164.005   748400.009   748734.013
  1285:   748857.001   749857.018   750184.003   750184.023   750275.001
  1290:   750296.003   750539.005   750540.016   750590.026   750938.009
  1295:   751893.013   751927.005   751969.009   752301.001   753301.018
  1300:   753802.003   753802.023   754168.005   754405.009   755671.013
  1305:   755798.001   756798.018   757214.003   757214.023   757592.005
  1310:   757593.016   757643.026   758115.009   758848.005   758898.009
  1315:   758924.005   758959.009   759946.013   760070.001   761070.018
  1320:   761466.003   761466.023   761877.005   761878.016   761928.026
  1325:   762481.009   762494.005   762499.009   764581.013   764702.001
  1330:   765702.018   765917.003   765917.023   766316.005   766317.016
  1335:   766367.026   766809.009   769170.013   769323.001   770323.018
  1340:   770636.003   770636.023   771041.005   771042.016   771092.026
  1345:   771785.009   772487.005   772603.009   774245.013   774550.001
  1350:   775550.018   776031.003   776031.023   776397.005   776398.016
  1355:   776448.026   777489.009   779751.013   779980.001   780815.003
  1360:   780815.023   781188.005   781447.009   781466.005   781468.009
  1365:   783191.013   783300.001   784300.018   784485.003   784485.023
  1370:   784894.005   784895.016   784945.026   785439.009   786635.005
  1375:   786748.013   786816.009   787212.001   788212.018   788264.003
  1380:   788264.023   788662.005   788663.016   788713.026   789879.009
  1385:   790315.005   790418.009   792216.013   792539.001   793539.018
  1390:   793797.003   793797.023   794181.005   794182.016   794232.026
  1395:   795080.009   797885.013   798049.001   798749.003   798749.023
  1400:   799184.005   800129.009   802337.013   802619.001   803619.018
  1405:   803826.003   803826.023   804234.005   804235.016   804285.026
  1410:   804735.009   807938.013   808073.001   809073.018   809221.003
  1415:   809221.023   809311.001   809331.003   809647.005   809648.016
  1420:   809698.026   810481.009   810701.013   811546.001   811591.003
  1425:   811591.023   811609.001   811697.003   812083.005   812186.009
  1430:   814386.013   819661.001   820661.018   820757.003   820757.023
  1435:   821090.005   821091.016   821141.026   821674.009   822724.005
  1440:   822850.009   822853.005   822858.009   823794.013   823975.001
  1445:   824975.018   825135.003   825135.023   825470.005   825471.016
  1450:   825521.026   826012.009   827050.005   827236.009   827524.013
  1455:   827645.001   828645.018   828840.003   828840.023   829189.005
  1460:   829190.016   829240.026   829648.009   831393.013   831644.005
  1465:   831744.009   832127.001   833127.018   833926.003   833926.023
  1470:   833995.001   834037.003   834316.005   834703.009   834704.005
  1475:   834708.009   838119.013   838232.001   839232.018   839749.003
  1480:   839749.023   839839.001   839858.003   840183.005   840463.009
  1485:   844186.013   844300.001   845300.018   845720.003   845720.023
  1490:   846123.005   846124.016   846174.026   846643.009   846696.005
  1495:   846703.009   847327.013   847796.005   848025.009   848027.005
  1500:   848030.009   848980.001   849980.018   850456.003   850456.023
  1505:   850548.001   850566.003   850877.005   850878.016   850928.026
  1510:   851494.009   851851.005   851932.009   852581.013   852729.001
  1515:   853729.018   853915.003   853915.023   854306.005   854307.016
  1520:   854357.026   854789.009   856160.013   856475.005   856546.009
  1525:   856554.005   856560.009   857148.001   858148.018   858935.003
  1530:   858935.023   859347.005   859580.009   859612.005   859841.009
  1535:   860650.013   860757.001   861616.003   861616.023   861693.001
  1540:   861713.003   862047.005   862249.009   863550.013   863640.001
  1545:   864640.018   864816.003   864816.023   865208.005   865209.016
  1550:   865259.026   865776.009   867588.005   867741.009   868062.013
  1555:   868260.001   869113.003   869113.023   869477.005   869699.009
  1560:   872480.013   872624.001   873624.018   874232.003   874232.023
  1565:   874316.001   874343.003   874646.005   874905.009   877949.013
  1570:   878153.001   879081.003   879081.023   879577.005   879832.009
  1575:   882080.013   987369.005   987773.009   988649.001   989649.018
  1580:   989800.003   989800.023   990064.005   990065.016   990115.026
  1585:   990527.009   990570.005   990572.009   990970.005   990979.009
  1590:   993618.013   994026.005   994516.009   994831.001   995831.018
  1595:   996549.003   996549.023   996725.005   997195.009   999299.005
  1600:   999728.013   999824.009  1000185.001  1001050.003  1001050.023
  1605:  1001486.005  1002035.009  1002639.013  1004189.001  1004783.003
  1610:  1004783.023  1015321.005  1015569.009  1016824.013  1025483.005
  1615:  1025613.009  1025969.001  1026969.018  1027734.003  1027734.023
  1620:  1028059.005  1028688.009  1029127.005  1029259.009  1031362.013
  1625:  1031501.001  1032501.018  1032504.003  1032504.023  1032880.005
  1630:  1032881.016  1032931.026  1033727.009  1036084.013  1038353.005
  1635:  1038710.009  1039038.001  1039648.003  1039648.023  1039716.001
  1640:  1039740.003  1039946.005  1040590.009  1043449.013  1043630.001
  1645:  1044630.018  1044693.003  1044693.023  1045076.005  1045077.016
  1650:  1045127.026  1045665.009  1047138.005  1047145.009  1048318.005
  1655:  1048805.009  1048930.013  1049230.001  1050230.018  1051097.003
  1660:  1051097.023  1051166.001  1051208.003  1051439.005  1051729.009
  1665:  1051738.005  1051743.009  1053092.013  1053226.001  1053253.003
  1670:  1053253.023  1053272.001  1053353.003  1063549.005  1063685.009
  1675:  1064790.005  1064795.009  1064818.005  1065098.009  1065702.013
  1680:  1065838.001  1066838.018  1067198.003  1067198.023  1067549.005
  1685:  1067550.016  1067600.026  1067969.009  1067976.005  1067981.009
  1690:  1068603.013  1068880.005  1069017.009  1069029.005  1069079.009
  1695:  1069087.005  1069091.009  1069469.001  1070469.018  1071387.003
  1700:  1071387.023  1071457.001  1071487.003  1071756.005  1071996.009
  1705:  1071999.005  1072005.009  1072048.005  1072053.009  1073059.013
  1710:  1073357.001  1074357.018  1074762.003  1074762.023  1075153.005
  1715:  1075154.016  1075204.026  1075786.009  1076973.005  1077207.013
  1720:  1077284.009  1077289.005  1077304.009  1077701.001  1078701.018
  1725:  1079625.003  1079625.023  1079696.001  1079730.003  1080010.005
  1730:  1080276.009  1080303.005  1080389.009  1080395.005  1080400.009
  1735:  1080401.005  1080414.009  1080415.005  1080425.009  1080435.005
  1740:  1080445.009  1080848.005  1080850.009  1083663.013  1083786.001
  1745:  1083796.003  1083796.023  1083811.001  1083901.003  1198467.005
  1750:  1198501.009  1202470.013  1203136.001  1204136.018  1204532.003
  1755:  1204532.023  1204889.005  1204890.016  1204940.026  1205427.009
  1760:  1206743.013  1207006.005  1207322.009  1207846.001  1208846.018
  1765:  1209414.003  1209414.023  1209489.001  1209509.003  1209780.005
  1770:  1210026.009  1212083.013  1212311.001  1213311.018  1213613.003
  1775:  1213613.023  1214024.005  1214025.016  1214075.026  1214415.009
  1780:  1216578.013  1217683.005  1217921.009  1218282.001  1219282.018
  1785:  1219836.003  1219836.023  1220163.005  1220610.009  1222966.013
  1790:  1223168.001  1224168.018  1224609.003  1224609.023  1225002.005
  1795:  1225003.016  1225053.026  1225502.009  1225503.005  1225512.009
  1800:  1226333.005  1226704.009  1227706.013  1227834.001  1228834.018
  1805:  1229408.003  1229408.023  1229828.005  1230254.009  1233631.013
  1810:  1233728.001  1234728.018  1235328.003  1235328.023  1235708.005
  1815:  1236098.009  1239711.013  1239822.001  1240822.018  1240896.003
  1820:  1240896.023  1241386.005  1241387.016  1241437.026  1241891.009
  1825:  1242739.005  1242917.009  1243590.013  1243702.001  1244702.018
  1830:  1244856.003  1244856.023  1245230.005  1245231.016  1245281.026
  1835:  1246112.009  1246115.005  1246118.009  1247084.013  1247184.001
  1840:  1248184.018  1248753.003  1248753.023  1249153.005  1249535.009
  1845:  1251806.013  1251963.001  1252963.018  1253355.003  1253355.023
  1850:  1253740.005  1253741.016  1253791.026  1254297.009  1254944.013
  1855:  1255895.001  1255959.003  1255959.023  1255971.001  1256059.003
  1860:  1256464.005  1256745.009  1259467.013  1259629.001  1260629.018
  1865:  1261075.003  1261075.023  1261482.005  1261483.016  1261533.026
  1870:  1262101.009  1262160.005  1262162.009  1263906.005  1264196.009
  1875:  1264336.013  1264909.001  1265909.018  1266758.003  1266758.023
  1880:  1267140.005  1267368.009  1267373.005  1267431.009  1268643.013
  1885:  1268951.001  1269951.018  1270321.003  1270321.023  1270411.001
  1890:  1270431.003  1270734.005  1270735.016  1270785.026  1272088.013
  1895:  1272892.009  1273533.001  1274533.018  1275042.003  1275042.023
  1900:  1275444.005  1275704.009  1277947.013  1278045.001  1279045.018
  1905:  1279444.003  1279444.023  1279846.005  1279847.016  1279897.026
  1910:  1280260.009  1281508.005  1281609.009  1283200.013  1283318.001
  1915:  1284318.018  1285937.003  1285937.023  1286331.005  1286547.009
  1920:  1287984.013  1290744.005  1290801.009  1290903.005  1290972.009
  1925:  1291383.001  1292383.018  1292898.003  1292898.023  1293243.005
  1930:  1293567.009  1295246.013  1313299.005  1313335.009  1313340.005
  1935:  1313345.009  1313409.005  1313425.009  1313808.001  1314808.018
  1940:  1315344.003  1315344.023  1315662.005  1315854.009  1316838.005
  1945:  1316954.009  1317965.013  1318264.001  1318349.003  1318349.023
  1950:  1318363.001  1318449.003  1325896.005  1326093.009  1326899.013
  1955:  1327225.001  1328225.018  1328517.003  1328517.023  1328887.005
  1960:  1328888.016  1328938.026  1329254.009  1332091.013  1332441.005
  1965:  1332547.009  1332578.005  1332584.009  1332908.001  1333908.018
  1970:  1334189.003  1334189.023  1334502.005  1334503.016  1334553.026
  1975:  1334959.009  1336554.005  1336582.009  1336587.005  1336971.009
  1980:  1337058.005  1337076.009  1337079.005  1337084.009  1337089.005
  1985:  1337132.009  1337135.005  1337138.009  1337149.005  1337153.009
  1990:  1337162.005  1338056.013  1339440.009  1339494.005  1339497.009
  1995:  1339512.005  1339514.009  1340421.001  1341421.018  1341913.003
  2000:  1341913.023  1342006.001  1342025.003  1342251.005  1342252.016
  2005:  1342302.026  1342944.009  1344312.005  1344315.009  1344321.005
  2010:  1345199.009  1345260.005  1345263.009  1345955.013  1346068.001
  2015:  1347068.018  1348054.003  1348054.023  1348112.001  1348160.003
  2020:  1348493.005  1349789.009  1350996.013  1351112.001  1352112.018
  2025:  1352518.003  1352518.023  1352883.005  1352884.016  1352934.026
  2030:  1353812.009  1354447.005  1354453.009  1355937.013  1356452.005
  2035:  1356699.009  1357142.001  1358142.018  1358555.003  1358555.023
  2040:  1358623.001  1358652.003  1358927.005  1358928.016  1358978.026
  2045:  1359845.009  1359981.013  1361587.005  1362049.009  1362050.005
  2050:  1362056.009  1362418.001  1363418.018  1364022.003  1364022.023
  2055:  1364413.005  1365144.009  1367716.013  1368065.001  1369065.018
  2060:  1369690.003  1369690.023  1370079.005  1370227.009  1372732.013
  2065:  1372828.001  1373828.018  1374008.003  1374008.023  1374442.005
  2070:  1374443.016  1374493.026  1374851.009  1377480.005  1377651.009
  2075:  1377655.005  1377657.009  1377996.013  1378142.001  1379142.018
  2080:  1379244.003  1379244.023  1379590.005  1379591.016  1379641.026
  2085:  1380836.009  1381644.013  1381834.005  1382017.009  1382722.001
  2090:  1383722.018  1384181.003  1384181.023  1384558.005  1384559.016
  2095:  1384609.026  1385145.009  1385669.005  1385670.009  1385912.013
  2100:  1387009.005  1387123.009  1387126.005  1387128.009  1387763.001
  2105:  1388763.018  1389082.003  1389082.023  1389458.005  1389459.016
  2110:  1389509.026  1389868.009  1390850.005  1391384.009  1391662.013
  2115:  1391777.001  1392777.018  1393658.003  1393658.023  1393750.001
  2120:  1393766.003  1394055.005  1394322.009  1395858.013  1395965.001
  2125:  1396965.018  1397053.003  1397053.023  1397440.005  1397441.016
  2130:  1397491.026  1397834.009  1398511.005  1398517.009  1398644.013
  2135:  1406158.005  1406327.009  1406386.005  1406401.009  1407152.001
  2140:  1408152.018  1408167.003  1408167.023  1408565.005  1408566.016
  2145:  1408616.026  1408971.009  1410016.005  1410019.009  1411414.005
  2150:  1411908.009  1412269.013  1412416.001  1413416.018  1413731.003
  2155:  1413731.023  1413748.001  1413832.003  1414067.005  1414068.016
  2160:  1414118.026  1414624.009  1414629.005  1414630.009  1414642.005
  2165:  1414644.009  1415837.005  1415844.009  1416792.005  1417081.009
  2170:  1417921.013  1418035.001  1419035.018  1419542.003  1419542.023
  2175:  1419933.005  1420177.009  1421226.005  1421303.009  1421586.013
  2180:  1421687.001  1422030.003  1422030.023  1422043.001  1422111.003
  2185:  1422421.005  1422765.009  1423343.005  1423412.009  1425574.013
  2190:  1442902.005  1442909.009  1442937.005  1442948.009  1443565.001
  2195:  1444565.018  1444757.003  1444757.023  1445053.005  1445054.016
  2200:  1445104.026  1445506.009  1447736.005  1447947.009  1447953.005
  2205:  1448192.009  1449107.013  1449443.001  1450443.018  1450744.003
  2210:  1450744.023  1451093.005  1451094.016  1451144.026  1453058.009
  2215:  1453947.013  1454551.005  1454702.009  1454758.005  1454760.009
  2220:  1455089.001  1456089.018  1456470.003  1456470.023  1456839.005
  2225:  1456840.016  1456890.026  1457245.009  1458393.013  1462936.001
  2230:  1463936.018  1464680.003  1464680.023  1465030.005  1465687.009
  2235:  1467333.013  1467464.001  1468464.018  1468873.003  1468873.023
  2240:  1469251.005  1469252.016  1469302.026  1469771.009  1471305.013
  2245:  1471569.005  1471995.009  1472380.001  1473380.018  1474007.003
  2250:  1474007.023  1474098.001  1474119.003  1474374.005  1474609.009
  2255:  1474625.005  1474730.009  1474733.005  1474741.009  1476877.013
  2260:  1477067.001  1478067.018  1478099.003  1478099.023  1478525.005
  2265:  1478526.016  1478576.026  1479028.009  1480729.005  1481164.009
  2270:  1481379.013  1481495.001  1482495.018  1484094.003  1484094.023
  2275:  1484447.005  1485563.009  1487450.013  1487556.001  1488482.003
  2280:  1488482.023  1488871.005  1489049.009  1490174.013  1491028.005
  2285:  1491540.009  1491879.001  1492879.018  1493020.003  1493020.023
  2290:  1493106.001  1493132.003  1493365.005  1493366.016  1493416.026
  2295:  1493899.009  1496230.005  1496355.009  1496364.005  1496391.009
  2300:  1496395.005  1496401.009  1496719.013  1496845.001  1497845.018
  2305:  1498258.003  1498258.023  1498660.005  1498661.016  1498711.026
  2310:  1499041.009  1499042.005  1499046.009  1499072.005  1499074.009
B:
     0:        0.000      291.000        0.000      291.000        0.000
     5:      424.000        0.000        0.000        0.000      424.000
    10:        0.000        1.000        0.000      235.000        0.000
    15:        0.000      123.000        0.000      168.000        0.000
    20:        0.000        0.000        0.000      235.000        0.000
    25:        0.000      123.000        0.000        0.000        0.000
    30:        0.000
D:
     0:  1762154.000  1760742.000  1762155.000
E:
     0:     1000.000     1000.000     1500.000
P:
     0:        2.000        2.300        2.600        3.000        3.300
     5:        3.600        4.000        4.300        4.600        5.000
    10:        5.300        5.600        6.000        6.300        6.600
    15:        7.000        7.300        7.600        8.000
T:
     0:        0.000        0.000        0.000        0.000
W:
     0:        0.000        0.000        0.000
