File: C:\MED-PC IV\Data\Reyes\BD\BD4119.999


Start Date: 04/15/26
End Date: 04/15/26
Subject: 119
Experiment: BD
Group: ERROR_M
Box: 3
Start Time: 11:10:33
End Time: 12:00:34
MSN: DRRD_precisao
C:       0.000
F:       1.000
G:       0.000
H:       0.000
I:       0.000
J:       0.000
K:    2000.000
L:       0.000
M:       0.000
N:       0.000
O:       0.000
Q:       0.000
R:       0.000
S:    3000.000
U:   85651.000
V:       0.000
X:    1500.000
Y:    2037.000
Z:       0.000
A:
     0:     9976.005     9988.009     9990.005    10195.009    15000.013
     5:    15000.011    15306.001    15897.003    15897.023    15944.005
    10:    16420.009    18947.013    19053.001    19638.003    19638.023
    15:    19686.005    19922.009    22839.013    22980.001    23977.003
    20:    23977.023    24013.005    24306.009    26016.013    26133.001
    25:    27133.018    27219.003    27219.023    27259.005    27260.016
    30:    27310.026    27797.009    29613.013    29760.001    30760.018
    35:    30917.003    30917.023    30950.005    30951.016    31001.026
    40:    31325.009    34304.013    34384.001    35384.018    35476.003
    45:    35476.023    35515.005    35516.016    35566.026    35783.009
    50:    37369.013    37493.001    38493.018    38495.003    38495.023
    55:    38528.005    38529.016    38579.026    38905.009    42382.013
    60:    42501.001    43394.003    43394.023    43437.005    43725.009
    65:    45940.013    46099.001    46856.003    46856.023    46903.005
    70:    47152.009    50556.013    50740.001    51740.018    51850.003
    75:    51850.023    51889.005    51890.016    51940.026    52633.009
    80:    55943.013    56100.001    57100.018    57119.003    57119.023
    85:    57166.005    57167.016    57217.026    57823.009    58720.013
    90:    58911.001    59911.018    60103.003    60103.023    60148.005
    95:    60149.016    60199.026    60767.009    61202.013    61453.001
   100:    62453.018    62794.003    62794.023    62837.005    62838.016
   105:    62888.026    63345.009    64541.013    64906.001    65906.018
   110:    66035.003    66035.023    66093.005    66094.016    66144.026
   115:    67152.009    68297.013    68408.001    69292.003    69292.023
   120:    69334.005    69647.009    72837.013    72988.001    73871.003
   125:    73871.023    73926.005    74212.009    75229.013    75473.001
   130:    76414.003    76414.023    76465.005    76699.009    79268.013
   135:    79386.001    80341.003    80341.023    80411.005    80645.009
   140:    83064.013    83211.001    84039.003    84039.023    84096.005
   145:    84406.009    85249.013    85376.001    86264.003    86264.023
   150:    86303.005    86538.009    88606.013    88716.001    89716.018
   155:    89783.003    89783.023    89819.005    89820.016    89870.026
   160:    90281.009    91373.013    91507.001    92349.003    92349.023
   165:    92396.005    92720.009    94899.013    95010.001    95992.003
   170:    95992.023    96024.005    96325.009    97327.013    97440.001
   175:    98440.018    98630.003    98630.023    98680.005    98681.016
   180:    98731.026    99199.009   100534.013   100632.001   101537.003
   185:   101537.023   101589.005   101865.009   103742.013   103854.001
   190:   104854.018   104885.003   104885.023   104931.005   104932.016
   195:   104982.026   105491.009   106985.013   107097.001   108097.018
   200:   108115.003   108115.023   108153.005   108154.016   108204.026
   205:   108666.009   111007.013   111124.001   112037.003   112037.023
   210:   112077.005   112302.009   115380.013   115493.001   116447.003
   215:   116447.023   116496.005   116815.009   117499.013   117786.001
   220:   118675.003   118675.023   118722.005   118905.009   120375.013
   225:   120477.001   121477.018   121576.003   121576.023   121616.005
   230:   121617.016   121667.026   122098.009   124670.013   124778.001
   235:   125778.018   125797.003   125797.023   125841.005   125842.016
   240:   125892.026   126096.009   128545.013   128713.001   129713.018
   245:   129857.003   129857.023   129916.005   129917.016   129967.026
   250:   130626.009   133120.013   133212.001   134212.018   134265.003
   255:   134265.023   134316.005   134317.016   134367.026   134739.009
   260:   138020.013   138166.001   139063.003   139063.023   139105.005
   265:   139371.009   143108.013   143289.001   143420.003   143420.023
   270:   152329.005   152371.009   152388.005   152402.009   156132.013
   275:   156247.001   157247.018   157466.003   157466.023   157515.005
   280:   157516.016   157566.026   157810.009   161069.013   161447.001
   285:   162163.003   162163.023   162217.005   162391.009   162409.005
   290:   162414.009   163370.013   163493.001   164456.003   164456.023
   295:   164503.005   164718.009   167156.013   167272.001   168272.018
   300:   168364.003   168364.023   168413.005   168414.016   168464.026
   305:   169005.009   170267.013   170404.001   171329.003   171329.023
   310:   171368.005   171605.009   175171.013   175357.001   176357.018
   315:   176374.003   176374.023   176438.005   176439.016   176489.026
   320:   176755.009   179992.013   180118.001   181118.018   181241.003
   325:   181241.023   181286.005   181287.016   181337.026   181737.009
   330:   184140.013   184265.001   185212.003   185212.023   185269.005
   335:   185488.009   185774.005   185830.009   187572.013   187705.001
   340:   188705.018   189938.003   189938.023   189979.005   190198.009
   345:   193132.013   193252.001   194252.018   194608.003   194608.023
   350:   194661.005   194662.016   194712.026   194954.009   196015.013
   355:   196159.001   197159.018   197313.003   197313.023   197358.005
   360:   197359.016   197409.026   198015.009   201412.013   201532.001
   365:   202528.003   202528.023   202587.005   202593.009   202611.005
   370:   202968.009   203740.013   203857.001   204857.018   205083.003
   375:   205083.023   205118.005   205119.016   205169.026   205731.009
   380:   207172.013   207362.001   208240.003   208240.023   208291.005
   385:   208547.009   209944.013   210102.001   211102.018   211120.003
   390:   211120.023   211179.005   211180.016   211230.026   212039.009
   395:   214233.013   214359.001   215359.018   215364.003   215364.023
   400:   215419.005   215420.016   215427.009   215432.005   215470.026
   405:   215698.009   216473.013   216573.001   217493.003   217493.023
   410:   217551.005   217729.009   217998.005   218066.009   220054.013
   415:   220197.001   221197.018   221352.003   221352.023   221414.005
   420:   221415.016   221465.026   221904.009   225118.013   225225.001
   425:   226225.018   226468.003   226468.023   226544.005   226545.016
   430:   226595.026   227069.009   229898.013   230034.001   231034.018
   435:   231142.003   231142.023   231211.005   231212.016   231262.026
   440:   231743.009   232765.013   232992.001   233882.003   233882.023
   445:   233933.005   234286.009   236086.013   236191.001   237191.018
   450:   237262.003   237262.023   237318.005   237319.016   237369.026
   455:   237919.009   238872.013   239161.001   240161.018   240315.003
   460:   240315.023   240367.005   240368.016   240418.026   240789.009
   465:   244071.013   244175.001   245175.018   245343.003   245343.023
   470:   245396.005   245397.016   245447.026   245959.009   249250.013
   475:   249355.001   250355.018   250560.003   250560.023   250611.005
   480:   250612.016   250662.026   251223.009   251436.005   252113.009
   485:   254665.013   254772.001   255772.018   255915.003   255915.023
   490:   255972.005   255973.016   256023.026   256983.009   257326.013
   495:   257623.001   258623.018   258708.003   258708.023   258764.005
   500:   258765.016   258815.026   259193.009   260968.013   261261.001
   505:   262261.018   262399.003   262399.023   262454.005   262455.016
   510:   262505.026   262899.009   263658.013   263946.001   264946.018
   515:   265000.003   265000.023   265060.005   265061.016   265111.026
   520:   265477.009   267914.013   268025.001   269025.018   269340.003
   525:   269340.023   269406.005   269407.016   269457.026   269998.009
   530:   272760.013   272870.001   273764.003   273764.023   273835.005
   535:   274078.009   276138.013   276271.001   277188.003   277188.023
   540:   277252.005   277583.009   278255.013   278416.001   279357.003
   545:   279357.023   279418.005   279623.009   281921.013   282076.001
   550:   283076.018   283101.003   283101.023   283156.005   283157.016
   555:   283207.026   283772.009   285860.013   285986.001   286986.018
   560:   287153.003   287153.023   287206.005   287207.016   287257.026
   565:   287564.009   289260.013   289424.001   290246.003   290246.023
   570:   290295.005   290579.009   293298.013   293441.001   294441.018
   575:   294469.003   294469.023   294515.005   294516.016   294566.026
   580:   295049.009   296219.013   296501.001   297501.018   297742.003
   585:   297742.023   297789.005   297790.016   297840.026   298458.009
   590:   300993.013   301097.001   302097.018   302125.003   302125.023
   595:   302186.005   302187.016   302237.026   302697.009   305740.013
   600:   305861.001   306688.003   306688.023   306745.005   306973.009
   605:   308548.013   308668.001   309668.018   309683.003   309683.023
   610:   309740.005   309741.016   309791.026   310117.009   311094.013
   615:   311388.001   312340.003   312340.023   312394.005   312801.009
   620:   314397.013   314519.001   315519.018   315790.003   315790.023
   625:   315852.005   315853.016   315903.026   316115.009   319556.013
   630:   319671.001   320671.018   320898.003   320898.023   320957.005
   635:   320958.016   321008.026   321579.009   322011.013   322284.001
   640:   323284.018   323463.003   323463.023   323523.005   323524.016
   645:   323574.026   324199.009   325877.013   326132.001   327132.018
   650:   327730.003   327730.023   327785.005   328108.009   331088.013
   655:   331227.001   332161.003   332161.023   332215.005   332620.009
   660:   334368.013   334510.001   335382.003   335382.023   335437.005
   665:   335625.009   337940.013   338059.001   339059.018   339137.003
   670:   339137.023   339194.005   339195.016   339245.026   339605.009
   675:   340830.005   341049.009   342748.013   342860.001   343812.003
   680:   343812.023   343875.005   344066.009   344078.005   344142.009
   685:   345378.013   345495.001   346495.018   346567.003   346567.023
   690:   346614.005   346615.016   346665.026   347327.009   350468.013
   695:   350580.001   351392.003   351392.023   351449.005   351749.009
   700:   355452.013   355575.001   356575.018   356589.003   356589.023
   705:   356647.005   356648.016   356698.026   357169.009   357851.013
   710:   358167.001   359167.018   359252.003   359252.023   359311.005
   715:   359312.016   359362.026   359757.009   362365.013   362517.001
   720:   363334.003   363334.023   375126.005   375267.009   377779.013
   725:   377882.001   378882.018   379094.003   379094.023   379139.005
   730:   379140.016   379190.026   379511.009   380993.013   381129.001
   735:   382129.018   382848.003   382848.023   382906.005   383120.009
   740:   385709.013   385857.001   386857.018   387062.003   387062.023
   745:   387114.005   387115.016   387165.026   387744.009   388818.013
   750:   389015.001   390015.018   390095.003   390095.023   390143.005
   755:   390144.016   390194.026   390640.009   393347.013   393451.001
   760:   394451.018   394517.003   394517.023   394594.005   394595.016
   765:   394645.026   395389.009   395390.005   395398.009   397448.013
   770:   397870.001   398870.003   398870.023   398912.005   398913.016
   775:   398963.026   399475.009   402966.013   403105.001   404105.018
   780:   404242.003   404242.023   404282.005   404283.016   404333.026
   785:   404866.009   407336.013   407418.001   408418.018   408677.003
   790:   408677.023   408722.005   408723.016   408773.026   409165.009
   795:   411926.013   412028.001   413028.018   413070.003   413070.023
   800:   413119.005   413120.016   413170.026   413550.009   416673.013
   805:   416806.001   417806.018   417968.003   417968.023   418023.005
   810:   418024.016   418074.026   418566.009   419227.013   419482.001
   815:   420482.018   420756.003   420756.023   420815.005   420816.016
   820:   420866.026   421331.009   421869.013   422207.001   423207.018
   825:   424204.003   424204.023   424269.005   424611.009   427922.013
   830:   428063.001   429063.018   429132.003   429132.023   429176.005
   835:   429177.016   429227.026   429596.009   433030.013   433136.001
   840:   434136.018   434242.003   434242.023   434277.005   434278.016
   845:   434328.026   434667.009   436331.013   436440.001   437420.003
   850:   437420.023   437459.005   437729.009   439612.013   439756.001
   855:   440744.003   440744.023   440801.005   441106.009   444104.013
   860:   444465.001   445399.003   445399.023   445464.005   445697.009
   865:   446967.013   447092.001   448092.018   448293.003   448293.023
   870:   448337.005   448338.016   448388.026   448869.009   449691.013
   875:   450009.001   451009.018   451408.003   451408.023   451466.005
   880:   451467.016   451517.026   451816.009   453320.013   453446.001
   885:   454446.018   454549.003   454549.023   454603.005   454604.016
   890:   454654.026   455407.009   457157.013   457330.001   458294.003
   895:   458294.023   458330.005   458598.009   459983.013   460096.001
   900:   461096.018   461154.003   461154.023   461231.005   461232.016
   905:   461282.026   461796.009   463585.013   463703.001   464703.018
   910:   464830.003   464830.023   464892.005   464893.016   464943.026
   915:   465334.009   467596.013   467763.001   468754.003   468754.023
   920:   468810.005   469117.009   469963.013   470081.001   471081.018
   925:   471200.003   471200.023   471243.005   471244.016   471294.026
   930:   471693.009   473947.013   474077.001   475077.018   475118.003
   935:   475118.023   475168.005   475169.016   475219.026   475916.009
   940:   478522.013   478674.001   479674.018   479750.003   479750.023
   945:   479807.005   479808.016   479858.026   480230.009   481361.013
   950:   481663.001   482663.018   482719.003   482719.023   482775.005
   955:   482776.016   482826.026   483208.009   484129.013   484447.001
   960:   485447.018   485570.003   485570.023   485626.005   485627.016
   965:   485677.026   486291.009   487830.013   488045.001   488949.003
   970:   488949.023   489019.005   489277.009   491522.013   491654.001
   975:   492615.003   492615.023   492685.005   492867.009   492879.005
   980:   492887.009   494338.013   494600.001   495404.003   495404.023
   985:   495473.005   495718.009   498476.013   498571.001   499571.018
   990:   499804.003   499804.023   499867.005   499868.016   499918.026
   995:   500319.009   501921.013   502286.001   503286.018   503407.003
  1000:   503407.023   503473.005   503474.016   503524.026   504101.009
  1005:   505327.013   505691.001   506691.003   506691.023   506754.005
  1010:   506755.016   506805.026   507205.009   509108.013   509227.001
  1015:   510227.018   510317.003   510317.023   510376.005   510377.016
  1020:   510427.026   511287.009   513230.013   513384.001   514384.018
  1025:   514520.003   514520.023   514582.005   514583.016   514633.026
  1030:   515012.009   517786.013   517891.001   518738.003   518738.023
  1035:   518795.005   519479.009   522448.013   522713.001   523713.018
  1040:   523899.003   523899.023   523975.005   523976.016   524026.026
  1045:   524950.009   528029.013   528140.001   529140.018   529207.003
  1050:   529207.023   529262.005   529263.016   529313.026   529831.009
  1055:   533116.013   533212.001   534121.003   534121.023   534169.005
  1060:   534416.009   537672.013   537784.001   538784.018   539020.003
  1065:   539020.023   539087.005   539088.016   539138.026   539809.009
  1070:   540141.013   540379.001   541379.018   541534.003   541534.023
  1075:   541588.005   541589.016   541639.026   542064.009   542942.013
  1080:   543240.001   544240.018   544421.003   544421.023   544477.005
  1085:   544478.016   544528.026   544914.009   546681.013   547219.001
  1090:   548193.003   548193.023   548267.005   548609.009   550570.013
  1095:   550680.001   551680.018   551721.003   551721.023   551781.005
  1100:   551782.016   551832.026   552505.009   553835.013   554622.001
  1105:   555267.003   555267.023   555317.005   555653.009   555659.005
  1110:   555694.009   556470.013   559365.001   559988.003   559988.023
  1115:   560059.005   560225.009   563212.013   563321.001   564321.018
  1120:   564469.003   564469.023   564518.005   564519.016   564569.026
  1125:   565002.009   567372.013   567495.001   568495.018   568610.003
  1130:   568610.023   568671.005   568672.016   568722.026   569090.009
  1135:   572025.013   572133.001   573112.003   573112.023   573178.005
  1140:   573476.009   576181.013   576312.001   577312.018   577334.003
  1145:   577334.023   577395.005   577396.016   577446.026   577787.009
  1150:   581099.013   581226.001   582082.003   582082.023   582145.005
  1155:   582375.009   585948.013   586060.001   587060.018   587177.003
  1160:   587177.023   587245.005   587246.016   587296.026   587620.009
  1165:   591299.013   591470.001   592340.003   592340.023   592403.005
  1170:   592596.009   592608.005   592630.009   595056.013   595174.001
  1175:   596172.003   596172.023   596235.005   596573.009   598038.013
  1180:   598165.001   599068.003   599068.023   599133.005   599457.009
  1185:   599805.001   600341.003   602636.013   602768.001   603768.018
  1190:   604324.003   604324.023   604388.005   604706.009   605391.013
  1195:   605510.001   606510.018   607014.003   607014.023   607069.005
  1200:   607387.009   608722.013   608841.001   609841.018   610045.003
  1205:   610045.023   610105.005   610106.016   610156.026   610431.009
  1210:   612659.013   612813.001   613813.018   613924.003   613924.023
  1215:   613992.005   613993.016   614043.026   614564.009   615546.013
  1220:   615806.001   616806.018   616927.003   616927.023   616993.005
  1225:   616994.016   617044.026   617359.009   619197.013   619312.001
  1230:   620312.018   620612.003   620612.023   620663.005   620664.016
  1235:   620714.026   621148.009   623017.013   623187.001   624187.018
  1240:   624327.003   624327.023   624380.005   624381.016   624431.026
  1245:   624990.009   625734.013   626005.001   627005.018   627028.003
  1250:   627028.023   627091.005   627092.016   627142.026   628427.009
  1255:   629145.013   629487.001   630487.018   630557.003   630557.023
  1260:   630626.005   630627.016   630677.026   631754.009   633480.013
  1265:   633677.001   634677.018   634864.003   634864.023   634921.005
  1270:   634922.016   634972.026   635342.009   635388.005   635397.009
  1275:   638275.013   638384.001   639384.018   639418.003   639418.023
  1280:   639471.005   639472.016   639522.026   639766.009   642739.005
  1285:   642845.009   643325.013   643490.001   644367.003   644367.023
  1290:   644377.001   644821.003   645161.005   645264.009   647814.013
  1295:   647937.001   648937.018   648997.003   648997.023   649058.005
  1300:   649059.016   649109.026   649518.009   650262.013   650695.001
  1305:   651695.018   652363.003   652363.023   652436.005   652762.009
  1310:   654239.013   654378.001   654616.003   654616.023   654660.001
  1315:   654722.003   656385.001   656554.003   661977.005   661994.009
  1320:   662000.005   662086.009   662088.005   662106.009   663480.013
  1325:   663577.001   664577.018   664895.003   664895.023   664958.005
  1330:   664959.016   665009.026   665527.009   667512.013   667678.001
  1335:   668678.018   668807.003   668807.023   668865.005   668866.016
  1340:   668916.026   669543.009   669557.005   669564.009   672569.013
  1345:   672677.001   673677.018   673798.003   673798.023   673871.005
  1350:   673872.016   673922.026   674504.009   677925.013   678034.001
  1355:   679034.018   679059.003   679059.023   679114.005   679115.016
  1360:   679165.026   680168.013   680172.009   680615.001   681615.018
  1365:   682160.003   682160.023   682228.005   682474.009   683881.013
  1370:   684027.001   685027.018   685492.003   685492.023   685544.005
  1375:   685545.016   685595.026   686190.009   688598.013   688710.001
  1380:   689710.018   689896.003   689896.023   689960.005   689961.016
  1385:   690011.026   690761.009   693164.013   693451.001   694390.003
  1390:   694390.023   694457.005   694770.009   697960.013   698118.001
  1395:   698993.003   698993.023   699043.005   699360.009   700346.013
  1400:   700586.005   700599.009   700871.001   701736.003   701736.023
  1405:   701788.005   702069.009   705091.013   705258.001   705408.003
  1410:   705408.023   705422.001   705802.003   750862.005   750939.009
  1415:   753365.013   754439.001   754844.003   754844.023   754925.005
  1420:   755290.009   756728.013   756821.001   757821.018   757951.003
  1425:   757951.023   758004.005   758005.016   758055.026   758382.009
  1430:   759558.013   862830.001   863156.003   863156.023   863352.005
  1435:   863754.009   864355.013   864518.001   865107.003   865107.023
  1440:   865180.005   865432.009   866333.013   868529.005   868619.009
  1445:   869018.001   869638.003   869638.023   869726.005   869981.009
  1450:   869987.005   870155.009   871379.013   963636.001   964396.003
  1455:   964396.023   964487.005   964900.009   966490.013   966642.001
  1460:   967436.003   967436.023   967497.005   967967.009   968418.005
  1465:   968438.009   970150.013   970681.005   970922.009   971230.001
  1470:   972148.003   972148.023   972190.005   972814.009   974993.013
  1475:   975114.001   976114.018   976211.003   976211.023   976262.005
  1480:   976263.016   976313.026   976850.009   979316.013   979427.001
  1485:   980427.018   980465.003   980465.023   980526.005   980527.016
  1490:   980577.026   981503.009   981754.005   981987.009   982880.013
  1495:   983176.001   984071.003   984071.023   984125.005   984553.009
  1500:   987778.013   987903.001   988903.018   988914.003   988914.023
  1505:   988972.005   988973.016   989023.026   989606.009   993026.013
  1510:   993157.001   994094.003   994094.023   994160.005   994567.009
  1515:   996313.013   996450.001   997450.018   997554.003   997554.023
  1520:   997630.005   997631.016   997681.026   998172.009  1000834.013
  1525:  1000985.001  1001980.003  1001980.023  1002034.005  1002368.009
  1530:  1005537.013  1005664.001  1006580.003  1006580.023  1006641.005
  1535:  1006960.009  1010444.013  1010553.001  1011553.018  1011604.003
  1540:  1011604.023  1011670.005  1011671.016  1011721.026  1012263.009
  1545:  1014724.013  1014847.001  1015815.003  1015815.023  1015884.005
  1550:  1016241.009  1017187.013  1017317.001  1018317.018  1018582.003
  1555:  1018582.023  1018657.005  1018658.016  1018708.026  1019038.009
  1560:  1020211.013  1020312.001  1021312.018  1021510.003  1021510.023
  1565:  1021555.005  1021556.016  1021606.026  1022257.009  1022272.005
  1570:  1022327.009  1024109.013  1024428.001  1025311.003  1025311.023
  1575:  1025372.005  1025693.009  1026525.013  1026647.001  1027647.018
  1580:  1027879.003  1027879.023  1027924.005  1027925.016  1027975.026
  1585:  1029126.009  1029778.013  1030126.001  1031126.018  1031423.003
  1590:  1031423.023  1031483.005  1031484.016  1031534.026  1031964.009
  1595:  1033837.013  1033941.001  1034941.018  1035079.003  1035079.023
  1600:  1035120.005  1035121.016  1035171.026  1035687.009  1037974.013
  1605:  1038128.001  1039115.003  1039115.023  1039174.005  1039478.009
  1610:  1042327.013  1042456.001  1043456.018  1043588.003  1043588.023
  1615:  1043656.005  1043657.016  1043707.026  1044239.009  1044245.005
  1620:  1044290.009  1044295.005  1044353.009  1047010.013  1047175.001
  1625:  1048175.018  1048244.003  1048244.023  1048306.005  1048307.016
  1630:  1048357.026  1049360.013  1049759.009  1050646.001  1050875.003
  1635:  1050875.023  1050884.001  1052873.003  1069690.005  1069814.009
  1640:  1071343.013  1077690.005  1077832.009  1078160.001  1078910.003
  1645:  1078910.023  1078969.005  1079425.009  1080972.013  1081088.001
  1650:  1082088.018  1082182.003  1082182.023  1082239.005  1082240.016
  1655:  1082290.026  1082917.009  1084443.013  1084745.001  1085745.018
  1660:  1085901.003  1085901.023  1085964.005  1085965.016  1086015.026
  1665:  1086440.009  1089518.013  1089717.001  1090618.003  1090618.023
  1670:  1090669.005  1091023.009  1094472.013  1094586.001  1095586.018
  1675:  1095759.003  1095759.023  1095824.005  1095825.016  1095875.026
  1680:  1096484.009  1098528.013  1098836.001  1099836.018  1100099.003
  1685:  1100099.023  1100175.005  1100176.016  1100226.026  1100841.009
  1690:  1104229.013  1104379.001  1105194.003  1105194.023  1105256.005
  1695:  1106128.009  1106159.005  1106165.009  1108909.013  1139370.005
  1700:  1139459.009  1254895.005  1254919.009  1254933.005  1255033.009
  1705:  1331498.001  1331900.003  1331900.023  1331994.005  1332274.009
  1710:  1332333.005  1332345.009  1332355.005  1332433.009  1333997.013
  1715:  1336779.001  1337562.003  1337562.023  1337660.005  1337850.009
  1720:  1338663.013  1338834.001  1339834.018  1339936.003  1339936.023
  1725:  1339980.005  1339981.016  1340031.026  1340977.009  1341834.013
  1730:  1341947.001  1342900.003  1342900.023  1342972.005  1343343.009
  1735:  1344275.013  1344378.001  1345378.018  1345922.003  1345922.023
  1740:  1345998.005  1346307.009  1348151.013  1348264.001  1349264.018
  1745:  1349488.003  1349488.023  1349553.005  1349554.016  1349604.026
  1750:  1350242.009  1351907.013  1352052.001  1353052.018  1353064.003
  1755:  1353064.023  1353128.005  1353129.016  1353179.026  1353719.009
  1760:  1353764.005  1354067.009  1355832.013  1356146.001  1357146.018
  1765:  1357272.003  1357272.023  1357319.005  1357320.016  1357370.026
  1770:  1359591.009  1360673.013  1360999.001  1361999.018  1362382.003
  1775:  1362382.023  1362444.005  1362445.016  1362495.026  1364148.013
  1780:  1364221.009  1364638.001  1365638.018  1365952.003  1365952.023
  1785:  1366014.005  1366015.016  1366065.026  1367816.009  1369568.013
  1790:  1369691.001  1370691.018  1370693.003  1370693.023  1370740.005
  1795:  1370741.016  1370791.026  1372224.009  1373594.013  1375546.001
  1800:  1376147.003  1376147.023  1376208.005  1376754.009  1380211.013
  1805:  1380341.001  1381341.018  1381464.003  1381464.023  1381542.005
  1810:  1381543.016  1381593.026  1382254.009  1385246.013  1385564.001
  1815:  1386461.003  1386461.023  1386516.005  1386793.009  1390319.013
  1820:  1390442.001  1391442.018  1391770.003  1391770.023  1391832.005
  1825:  1391833.016  1391883.026  1392831.009  1395036.013  1395146.001
  1830:  1396146.018  1396252.003  1396252.023  1396325.005  1396326.016
  1835:  1396376.026  1397060.009  1398879.013  1399221.001  1400221.018
  1840:  1400446.003  1400446.023  1400506.005  1400507.016  1400557.026
  1845:  1401171.009  1403560.013  1403873.001  1404839.003  1404839.023
  1850:  1404893.005  1405333.009  1406046.013  1406298.001  1407168.003
  1855:  1407168.023  1407228.005  1407583.009  1408731.013  1411511.005
  1860:  1411532.009  1411791.001  1412490.003  1412490.023  1412556.005
  1865:  1412745.009  1415359.013  1415507.001  1416507.018  1416678.003
  1870:  1416678.023  1416740.005  1416741.016  1416791.026  1417376.009
  1875:  1420444.013  1420562.001  1421492.003  1421492.023  1421560.005
  1880:  1421787.009  1423213.013  1424835.001  1425472.003  1425472.023
  1885:  1425534.005  1425718.009  1425773.005  1425884.009  1429037.013
  1890:  1429178.001  1429941.003  1429941.023  1430007.005  1430203.009
  1895:  1433689.005  1433714.009  1433729.005  1433749.009  1433810.013
  1900:  1434021.001  1434736.003  1434736.023  1434794.005  1435016.009
  1905:  1437447.013  1437576.001  1438408.003  1438408.023  1438491.005
  1910:  1438692.009  1439494.013  1439592.001  1440592.018  1440936.003
  1915:  1440936.023  1441012.005  1441013.016  1441063.026  1441709.009
  1920:  1442366.013  1442643.001  1443465.003  1443465.023  1443529.005
  1925:  1443846.009  1446532.013  1446718.001  1447709.003  1447709.023
  1930:  1447779.005  1448119.009  1450932.013  1451059.001  1452059.018
  1935:  1452266.003  1452266.023  1452328.005  1452329.016  1452379.026
  1940:  1452916.009  1455682.013  1455795.001  1456736.003  1456736.023
  1945:  1456818.005  1457174.009  1460821.013  1460952.001  1461952.018
  1950:  1462015.003  1462015.023  1462073.005  1462074.016  1462124.026
  1955:  1462751.009  1463627.013  1463996.001  1464864.003  1464864.023
  1960:  1464924.005  1465323.009  1466077.013  1466164.001  1467164.018
  1965:  1467482.003  1467482.023  1467556.005  1467557.016  1467607.026
  1970:  1468366.009  1468397.005  1468414.009  1469410.013  1469725.001
  1975:  1470542.003  1470542.023  1470612.005  1470816.009  1472615.013
  1980:  1476463.001  1477408.003  1477408.023  1477458.005  1477948.009
  1985:  1479611.013  1479734.001  1480734.018  1480888.003  1480888.023
  1990:  1480968.005  1480969.016  1481019.026  1481511.009  1483322.013
  1995:  1483440.001  1484440.018  1484770.003  1484770.023  1484826.005
  2000:  1484827.016  1484877.026  1485464.009  1485493.005  1485500.009
  2005:  1487380.013  1487755.001  1488701.003  1488701.023  1488749.005
  2010:  1489148.009  1491052.013  1491187.001  1492187.018  1492507.003
  2015:  1492507.023  1492567.005  1492568.016  1492618.026  1493242.009
  2020:  1493621.013  1494032.001  1495029.003  1495029.023  1495117.005
  2025:  1495660.009  1496270.013  1496429.001  1497429.018  1497678.003
  2030:  1497678.023  1497745.005  1497746.016  1497796.026  1498235.009
  2035:  1499299.013  1499593.001
B:
     0:        0.000      258.000        0.000      257.000        0.000
     5:      294.000        0.000        0.000        0.000      294.000
    10:        0.000        1.000        0.000      252.000        0.000
    15:        0.000      141.000        0.000      148.000        0.000
    20:        0.000        0.000        0.000      251.000        0.000
    25:        0.000      141.000        0.000        0.000        0.000
    30:        0.000
D:
     0:  1585656.000  1585244.000  1583329.000
E:
     0:     1000.000     1000.000     1500.000
P:
     0:        2.000        2.300        2.600        3.000        3.300
     5:        3.600        4.000        4.300        4.600        5.000
    10:        5.300        5.600        6.000        6.300        6.600
    15:        7.000        7.300        7.600        8.000
T:
     0:        0.000        0.000        0.000        0.000
W:
     0:        2.000        0.000        0.000
