File: C:\MED-PC IV\Data\Reyes\BD\BD4121.999


Start Date: 04/15/26
End Date: 04/15/26
Subject: 121
Experiment: BD
Group: ERROR_M
Box: 5
Start Time: 11:10:34
End Time: 12:00:34
MSN: DRRD_precisao
C:       0.000
F:       0.000
G:       0.000
H:       0.000
I:       0.000
J:       0.000
K:    2000.000
L:       0.000
M:       0.000
N:       1.000
O:       0.000
Q:       0.000
R:       0.000
S:    3000.000
U:   85651.000
V:       0.000
X:    2500.000
Y:    2646.000
Z:       0.000
A:
     0:     4123.005     4591.009    13647.005    13724.009    13752.005
     5:    13758.009    15000.013    15000.011    15282.001    15921.003
    10:    15921.023    16227.005    16799.009    19380.013    19775.001
    15:    20321.003    20321.023    20629.005    20775.009    20783.005
    20:    20786.009    20796.005    20811.009    22632.013    22905.001
    25:    23391.003    23391.023    23690.005    23834.009    27693.013
    30:    27823.001    28823.018    28986.003    28986.023    29349.005
    35:    29350.016    29400.026    29764.009    30021.005    30137.009
    40:    32403.013    32667.001    33161.003    33161.023    33504.005
    45:    33684.009    35657.013    38066.001    39066.018    39681.003
    50:    39681.023    39747.001    39788.003    40012.005    40184.009
    55:    41315.013    41408.001    42408.018    42741.003    42741.023
    60:    43130.005    43131.016    43181.026    43714.009    44334.013
    65:    44621.001    45335.003    45335.023    45679.005    45851.009
    70:    45852.005    45853.009    48482.013    48601.001    49214.003
    75:    49214.023    49591.005    49723.009    53244.013    53422.001
    80:    53960.003    53960.023    54291.005    54385.009    54562.005
    85:    54660.009    56944.013    57213.001    57853.003    57853.023
    90:    58207.005    58371.009    59710.013    63612.001    63908.003
    95:    63908.023    64220.005    64363.009    66523.013    66829.001
   100:    67401.003    67401.023    67679.005    67892.009    68979.005
   105:    69007.009    69085.005    69092.009    69332.013    69463.001
   110:    69514.003    69514.023    69526.001    69621.003    71215.005
   115:    71220.009    71520.005    71795.009    71818.005    71942.009
   120:    71952.005    72264.009    72266.005    72271.009    72278.005
   125:    72282.009    73718.013    73819.001    74151.003    74151.023
   130:    74167.001    74258.003    79291.005    79463.009    81094.013
   135:    81458.001    81981.003    81981.023    82343.005    82526.009
   140:    85846.013    85943.001    86943.018    87243.003    87243.023
   145:    87652.005    87653.016    87703.026    88136.009    91006.013
   150:    91139.001    92139.018    92908.003    92908.023    92965.001
   155:    92988.003    93309.005    93511.009    97112.013    97209.001
   160:    98017.003    98017.023    98418.005    98638.009    98774.005
   165:    98775.009    98786.005    99098.009    99421.013    99536.001
   170:   100536.018   101255.003   101255.023   101317.001   101360.003
   175:   101648.005   101803.009   101817.005   101819.009   101830.005
   180:   102001.009   105151.013   105266.001   106266.018   106956.003
   185:   106956.023   107414.005   107771.009   110417.013   110598.001
   190:   111365.003   111365.023   111416.001   111455.003   111797.005
   195:   112003.009   113950.013   114212.001   115105.003   115105.023
   200:   115167.001   115199.003   115506.005   115721.009   116509.013
   205:   116861.001   117861.018   118009.003   118009.023   118094.001
   210:   118119.003   118433.005   118434.016   118484.026   119448.009
   215:   120047.005   120057.009   120066.005   120159.009   122137.013
   220:   122477.001   123331.003   123331.023   123397.001   123423.003
   225:   123707.005   123907.009   126010.013   126127.001   127127.018
   230:   127470.003   127470.023   127862.005   127863.016   127913.026
   235:   129006.009   129054.005   129081.009   129416.013   129561.001
   240:   130561.018   130833.003   130833.023   131170.005   131171.016
   245:   131221.026   131827.009   135224.013   135527.001   136527.018
   250:   136605.003   136605.023   137011.005   137012.016   137062.026
   255:   137639.009   140865.013   141108.001   142108.018   142243.003
   260:   142243.023   142306.001   142320.003   142564.005   142565.016
   265:   142615.026   143090.009   145768.013   145964.001   146964.018
   270:   147102.003   147102.023   147476.005   147477.016   147527.026
   275:   148333.009   150030.013   150141.001   151141.018   151932.003
   280:   151932.023   152335.005   152650.009   153988.013   154100.001
   285:   155100.018   155783.003   155783.023   156148.005   156337.009
   290:   157951.013   158246.001   159246.018   159295.003   159295.023
   295:   159682.005   159683.016   159733.026   160894.009   162386.013
   300:   162497.001   163497.018   163826.003   163826.023   163884.001
   305:   163914.003   164224.005   164225.016   164275.026   164696.009
   310:   167578.013   167671.001   168603.003   168603.023   169017.005
   315:   169222.009   171020.013   171272.001   171933.003   171933.023
   320:   172357.005   172583.009   173510.013   173819.001   174465.003
   325:   174465.023   174842.005   174999.009   175204.005   175313.009
   330:   177645.013   177930.001   178768.003   178768.023   179169.005
   335:   179358.009   180472.013   180575.001   180916.003   180916.023
   340:   191943.005   192128.009   194946.013   195269.001   196035.003
   345:   196035.023   196080.001   196130.003   196417.005   196700.009
   350:   198420.013   198743.001   199743.018   199889.003   199889.023
   355:   200265.005   200266.016   200316.026   200938.009   204319.013
   360:   204521.001   205521.018   205528.003   205528.023   205890.005
   365:   205891.016   205941.026   206422.009   207444.013   207583.001
   370:   208583.018   208780.003   208780.023   209166.005   209167.016
   375:   209217.026   209660.009   210220.013   210338.001   211338.018
   380:   211577.003   211577.023   211960.005   211961.016   212011.026
   385:   212744.009   214314.013   214660.001   215660.018   215971.003
   390:   215971.023   216337.005   216338.016   216388.026   217151.009
   395:   218891.013   218994.001   219964.003   219964.023   220367.005
   400:   220737.009   223020.013   223241.001   224073.003   224073.023
   405:   224525.005   224670.009   226178.013   226384.001   227384.018
   410:   227655.003   227655.023   227738.001   227766.003   228093.005
   415:   228094.016   228144.026   228512.009   231447.013   231642.001
   420:   232585.003   232585.023   232986.005   233167.009   235789.013
   425:   235982.001   236982.018   237237.003   237237.023   237632.005
   430:   237633.016   237683.026   238678.009   238765.005   238771.009
   435:   238777.005   238780.009   238785.005   238803.009   239836.013
   440:   239958.001   240958.018   241114.003   241114.023   241497.005
   445:   241498.016   241548.026   242418.009   244701.013   244831.001
   450:   245693.003   245693.023   246103.005   246273.009   249756.013
   455:   250147.001   251089.003   251089.023   251493.005   251653.009
   460:   255296.013   255670.001   255834.003   255834.023   255842.001
   465:   255945.003   261525.005   261704.009   262678.013   262948.001
   470:   263948.018   264406.003   264406.023   264804.005   264805.016
   475:   264855.026   265477.009   268358.013   268455.001   269118.003
   480:   269118.023   269519.005   269858.009   271322.013   271710.001
   485:   272710.018   272860.003   272860.023   273261.005   273262.016
   490:   273312.026   273698.009   274615.013   275080.001   276080.018
   495:   276625.003   276625.023   277019.005   277238.009   279672.013
   500:   279871.001   280871.018   280880.003   280880.023   281232.005
   505:   281233.016   281283.026   281945.009   282786.013   282897.001
   510:   283897.018   284165.003   284165.023   284545.005   284546.016
   515:   284596.026   284999.009   286399.013   286519.001   287519.018
   520:   287814.003   287814.023   288220.005   288221.016   288271.026
   525:   288685.009   291074.013   291378.001   292378.018   292608.003
   530:   292608.023   292993.005   292994.016   293044.026   293522.009
   535:   296047.013   296311.001   297311.018   297447.003   297447.023
   540:   297870.005   297871.016   297921.026   298566.009   301224.013
   545:   301460.001   302460.018   302850.003   302850.023   303246.005
   550:   303247.016   303297.026   303932.009   304265.005   304266.009
   555:   304961.005   305002.009   306800.013   307008.001   308008.018
   560:   308066.003   308066.023   308413.005   308414.016   308464.026
   565:   309222.009   310967.013   311117.001   312117.018   312543.003
   570:   312543.023   312977.005   312978.016   313028.026   313404.009
   575:   316831.013   317108.001   318079.003   318079.023   318452.005
   580:   318690.009   322455.013   322622.001   323622.018   323923.003
   585:   323923.023   323944.001   323963.003   324323.005   324324.016
   590:   324374.026   324731.009   326527.013   326694.001   327694.018
   595:   328514.003   328514.023   328878.005   329046.009   332531.013
   600:   332716.001   333696.003   333696.023   334068.005   334210.009
   605:   334568.005   334707.009   337221.013   337447.001   338447.018
   610:   338819.003   338819.023   339217.005   339218.016   339268.026
   615:   339887.009   340921.013   341102.001   342102.018   342521.003
   620:   342521.023   342905.005   342906.016   342956.026   343384.009
   625:   344959.013   345074.001   346074.018   346462.003   346462.023
   630:   346841.005   346842.016   346892.026   347247.009   348195.013
   635:   348439.001   349079.003   349079.023   349530.005   349786.009
   640:   350683.013   350990.001   351990.018   352158.003   352158.023
   645:   352584.005   352585.016   352635.026   353005.009   353638.013
   650:   354048.001   355048.018   355219.003   355219.023   355711.005
   655:   355712.016   355762.026   356532.009   358065.013   358228.001
   660:   358509.003   358509.023   358517.001   358624.003   375925.005
   665:   376092.009   378428.013   378695.001   379695.018   380034.003
   670:   380034.023   380376.005   380377.016   380427.026   380798.009
   675:   383930.013   384061.001   385061.018   385217.003   385217.023
   680:   385621.005   385622.016   385672.026   386040.009   387175.013
   685:   387324.001   388324.018   388877.003   388877.023   389290.005
   690:   389500.009   391443.013   391556.001   392556.018   392626.003
   695:   392626.023   393039.005   393040.016   393090.026   393477.009
   700:   394393.013   394501.001   395501.018   395553.003   395553.023
   705:   395936.005   395937.016   395987.026   396444.009   398290.013
   710:   398445.001   399445.018   399478.003   399478.023   399877.005
   715:   399878.016   399928.026   400622.009   402731.013   402833.001
   720:   403833.018   403927.003   403927.023   404301.005   404302.016
   725:   404352.026   404896.009   408155.013   408436.001   409233.003
   730:   409233.023   409598.005   409777.009   413601.013   413659.001
   735:   413675.003   413675.023   414433.005   414519.009   416086.013
   740:   416365.001   417365.018   417400.003   417400.023   417773.005
   745:   417774.016   417824.026   418256.009   419627.013   419783.001
   750:   420783.018   420981.003   420981.023   421383.005   421384.016
   755:   421434.026   421923.009   421959.005   421961.009   423437.013
   760:   423525.001   424525.018   424785.003   424785.023   425157.005
   765:   425158.016   425208.026   425709.009   428211.013   428466.001
   770:   429330.003   429330.023   429730.005   429963.009   433033.013
   775:   433154.001   434154.018   434760.003   434760.023   435155.005
   780:   435375.009   438308.013   438401.001   439401.018   439815.003
   785:   439815.023   439850.001   439902.003   440246.005   440247.016
   790:   440297.026   441450.013   441484.009   441760.001   442760.018
   795:   443501.003   443501.023   443888.005   444080.009   447541.013
   800:   447692.001   448692.018   448976.003   448976.023   449407.005
   805:   449408.016   449458.026   449938.009   450461.013   450715.001
   810:   451715.018   452489.003   452489.023   452875.005   453053.009
   815:   455528.013   455646.001   456646.018   457239.003   457239.023
   820:   457639.005   457822.009   459942.013   460209.001   461209.018
   825:   461415.003   461415.023   461781.005   461782.016   461832.026
   830:   463021.009   463635.013   463825.001   464825.018   465415.003
   835:   465415.023   465845.005   466066.009   468348.013   468457.001
   840:   469457.018   469831.003   469831.023   469906.001   469936.003
   845:   470258.005   470259.016   470309.026   470754.009   471566.005
   850:   471736.009   473112.013   473219.001   474219.018   474740.003
   855:   474740.023   474801.001   474827.003   475137.005   475281.009
   860:   478140.013   478247.001   479247.018   479511.003   479511.023
   865:   479914.005   479915.016   479965.026   480882.009   482118.013
   870:   482226.001   483226.018   483547.003   483547.023   483938.005
   875:   483939.016   483989.026   484360.009   487792.013   488051.001
   880:   489051.018   489486.003   489486.023   489880.005   489881.016
   885:   489931.026   490476.009   490974.005   491114.009   491934.013
   890:   492046.001   493046.018   493096.003   493096.023   493512.005
   895:   493513.016   493563.026   494111.009   494450.005   494573.009
   900:   497566.013   497738.001   498738.018   499241.003   499241.023
   905:   499663.005   499840.009   503166.013   503262.001   504262.018
   910:   505728.003   505728.023   505802.001   505835.003   506189.005
   915:   506374.009   509492.013   509613.001   510613.018   511212.003
   920:   511212.023   511290.001   511314.003   511611.005   511829.009
   925:   514764.013   515079.001   516079.018   516553.003   516553.023
   930:   516959.005   516960.016   517010.026   517571.009   517901.005
   935:   518357.009   520663.013   521109.001   522109.018   522215.003
   940:   522215.023   522556.005   522557.016   522607.026   522994.009
   945:   523400.005   523647.009   524110.013   524287.001   525287.018
   950:   525775.003   525775.023   526193.005   526194.016   526244.026
   955:   526850.009   526948.005   527010.009   527547.013   527739.001
   960:   528739.018   529401.003   529401.023   529813.005   530111.009
   965:   532466.013   532641.001   533641.018   533871.003   533871.023
   970:   534279.005   534280.016   534330.026   534962.009   535036.005
   975:   535056.009   535483.013   536064.001   537064.018   537790.003
   980:   537790.023   538217.005   538453.009   539220.013   539389.001
   985:   540389.018   540477.003   540477.023   540891.005   540892.016
   990:   540942.026   541488.009   542595.013   542769.001   543769.018
   995:   543945.003   543945.023   544038.001   544055.003   544363.005
  1000:   544364.016   544414.026   545092.009   545650.005   545789.009
  1005:   547067.013   547348.001   548348.018   548442.003   548442.023
  1010:   548833.005   548834.016   548884.026   549494.009   550712.005
  1015:   550776.009   552037.013   552170.001   553170.018   553738.003
  1020:   553738.023   553825.001   553843.003   554181.005   554386.009
  1025:   554390.005   554391.009   555984.013   556321.001   557321.018
  1030:   557692.003   557692.023   558126.005   558127.016   558177.026
  1035:   558780.009   560180.013   562085.001   562967.003   562967.023
  1040:   563387.005   563575.009   564390.013   564500.001   565500.018
  1045:   565776.003   565776.023   565854.001   565894.003   566194.005
  1050:   566195.016   566245.026   566799.009   568748.013   568908.001
  1055:   568952.003   568952.023   568967.001   569065.003   597341.005
  1060:   597469.009   600344.013   600661.001   601427.003   601427.023
  1065:   601849.005   602039.009   603502.013   603609.001   604609.018
  1070:   604998.003   604998.023   605415.005   605416.016   605466.026
  1075:   605927.009   608969.013   609075.001   610075.018   610559.003
  1080:   610559.023   610644.001   610669.003   610963.005   610964.016
  1085:   611014.026   611891.009   611893.005   611908.009   611948.005
  1090:   612191.009   614317.013   614454.001   615454.018   615719.003
  1095:   615719.023   616121.005   616122.016   616172.026   616683.009
  1100:   617104.005   617185.009   619825.013   619928.001   620044.003
  1105:   620044.023   634791.005   634914.009   637094.013   637290.001
  1110:   638290.018   639071.003   639071.023   639139.001   639182.003
  1115:   639499.005   639803.009   639810.005   639821.009   643302.013
  1120:   644337.001   645337.018   645633.003   645633.023   645704.001
  1125:   645745.003   646026.005   646027.016   646077.026   646746.009
  1130:   647074.005   647186.009   650080.013   650278.001   651278.018
  1135:   652215.003   652215.023   652561.005   652787.009   655364.013
  1140:   655525.001   656525.018   657658.003   657658.023   658074.005
  1145:   658280.009   659227.013   659630.001   660630.018   660801.003
  1150:   660801.023   660866.001   660901.003   661169.005   661170.016
  1155:   661220.026   661673.009   662523.013   662806.005   662837.009
  1160:   662839.005   662859.009   663130.001   664130.018   664558.003
  1165:   664558.023   664945.005   664946.016   664996.026   665440.009
  1170:   667149.013   667334.001   668334.018   669120.003   669120.023
  1175:   669490.005   669690.009   670993.013   671197.001   672197.018
  1180:   672589.003   672589.023   672997.005   672998.016   673048.026
  1185:   673557.009   675351.013   675470.001   676470.018   676961.003
  1190:   676961.023   677358.005   677359.016   677409.026   677772.009
  1195:   678173.005   678288.009   678299.005   678305.009   678318.005
  1200:   678561.009   681212.013   681341.001   681475.003   681475.023
  1205:   681489.001   681586.003   690936.005   691003.009   693589.013
  1210:   693742.001   694742.018   694988.003   694988.023   695411.005
  1215:   695412.016   695462.026   696139.009   696465.013   697157.001
  1220:   698157.018   699040.003   699040.023   699436.005   699728.009
  1225:   701239.013   701375.001   702375.018   702899.003   702899.023
  1230:   703317.005   703512.009   703781.005   703884.009   707320.013
  1235:   707485.001   708485.018   708809.003   708809.023   709234.005
  1240:   709235.016   709285.026   709631.009   710185.005   710282.009
  1245:   712088.013   712219.001   713219.018   713985.003   713985.023
  1250:   714404.005   714640.009   718057.013   718261.001   719261.018
  1255:   719664.003   719664.023   719748.001   719774.003   720140.005
  1260:   720141.016   720191.026   720638.009   721352.005   721721.009
  1265:   722194.013   722335.001   723335.018   723752.003   723752.023
  1270:   724149.005   724150.016   724200.026   724587.009   724919.005
  1275:   725044.009   725503.013   725633.001   726633.018   727476.003
  1280:   727476.023   727916.005   728125.009   729569.013   729709.001
  1285:   730709.018   731027.003   731027.023   731432.005   731433.016
  1290:   731483.026   731925.009   733986.013   734087.001   735087.018
  1295:   735147.003   735147.023   735224.001   735257.003   735595.005
  1300:   735596.016   735646.026   736352.009   736396.005   736398.009
  1305:   736628.005   736799.013   736873.009   737159.001   738159.018
  1310:   739206.003   739206.023   739630.005   740016.009   742633.013
  1315:   743317.001   744317.018   744457.003   744457.023   744903.005
  1320:   744904.016   744954.026   745534.009   747344.005   747513.009
  1325:   748107.013   748216.001   749216.018   749962.003   749962.023
  1330:   750051.001   750072.003   750376.005   750919.009   750945.005
  1335:   751269.009   751879.013   751980.001   752980.018   753014.003
  1340:   753014.023   753080.001   753113.003   753470.005   753471.016
  1345:   753521.026   754061.009   754995.005   755126.009   756824.013
  1350:   756975.001   757975.018   758689.003   758689.023   759490.005
  1355:   759569.009   762993.013   767245.001   768245.018   768416.003
  1360:   768416.023   768498.001   768510.003   768821.005   768822.016
  1365:   768872.026   769259.009   769651.005   769655.009   771025.013
  1370:   771536.001   772536.018   773289.003   773289.023   773716.005
  1375:   774009.009   774019.005   774184.009   776719.013   776827.001
  1380:   777827.018   778278.003   778278.023   778352.001   778378.003
  1385:   778671.005   778672.016   778722.026   779159.009   781875.013
  1390:   782431.005   782453.009   782708.001   783708.018   785766.003
  1395:   785766.023   786104.005   786424.009   787107.013   808754.005
  1400:   808903.009   810384.001   810625.003   810625.023   811957.005
  1405:   812170.009   814110.013   814382.001   815041.003   815041.023
  1410:   815120.001   815152.003   815368.005   815574.009   818671.013
  1415:   832461.005   832902.009   838657.005   838785.009   839118.001
  1420:   840118.018   840374.003   840374.023   840441.001   840473.003
  1425:   840693.005   840694.016   840744.026   841498.009   842166.005
  1430:   842168.009   842547.013   842920.005   843074.009   843434.001
  1435:   844187.003   844187.023   844521.005   844695.009   847174.013
  1440:   847364.001   848179.003   848179.023   848588.005   848845.009
  1445:   852091.013   852573.001   853573.018   853835.003   853835.023
  1450:   854203.005   854204.016   854254.026   854622.009   856103.005
  1455:   856539.009   857907.013   858021.001   859021.018   859573.003
  1460:   859573.023   859957.005   860197.009   862630.005   862686.009
  1465:   863760.013   863871.001   864871.018   865148.003   865148.023
  1470:   865587.005   865588.016   865638.026   866382.009   866941.013
  1475:   867172.005   867485.009   867789.001   868789.018   868825.003
  1480:   868825.023   869147.005   869148.016   869198.026   870530.009
  1485:   870541.005   870563.009   873201.013   873367.001   874367.018
  1490:   874888.003   874888.023   875298.005   875492.009   876950.005
  1495:   876951.013   877010.009   877268.001   878268.018   878458.003
  1500:   878458.023   878829.005   878830.016   878880.026   879442.009
  1505:   880383.013   880399.005   880456.009   880736.001   881021.003
  1510:   881021.023   881039.001   881121.003   881501.005   881645.009
  1515:   883504.013   883605.001   884597.003   884597.023   885028.005
  1520:   885204.009   886123.005   886164.009   886181.013   886390.001
  1525:   887390.018   887768.003   887768.023   888122.005   888123.016
  1530:   888173.026   888783.009   890475.005   890476.013   890558.009
  1535:   890845.001   891826.003   891826.023   891909.001   891937.003
  1540:   892248.005   892488.009   894751.013   894890.001   895890.018
  1545:   896346.003   896346.023   896756.005   896757.016   896807.026
  1550:   897116.009   897758.005   897892.009   899610.013   899733.001
  1555:   900733.018   901069.003   901069.023   901142.001   901179.003
  1560:   901488.005   901489.016   901539.026   902113.009   902519.005
  1565:   902651.009   903342.013   903455.001   904455.018   904703.003
  1570:   904703.023   905106.005   905107.016   905157.026   905727.009
  1575:   907160.013   907277.001   908277.018   908832.003   908832.023
  1580:   909263.005   909461.009   910474.005   910525.009   912416.013
  1585:   912520.001   913520.018   913763.003   913763.023   913853.001
  1590:   913865.003   914204.005   914205.016   914255.026   914593.009
  1595:   915110.005   915258.013   915333.009   915564.001   916564.018
  1600:   917104.003   917104.023   917532.005   917724.009   919685.013
  1605:   919810.001   920810.018   921244.003   921244.023   921658.005
  1610:   921659.016   921709.026   921998.009   923012.013   923386.001
  1615:   924386.018   924549.003   924549.023   924921.005   924922.016
  1620:   924972.026   925633.009   926047.005   926124.009   928475.013
  1625:   928619.001   929451.003   929451.023   929858.005   930100.009
  1630:   933511.013   933630.001   934630.018   934871.003   934871.023
  1635:   935304.005   935305.016   935355.026   935689.009   937261.005
  1640:   937400.009   937402.005   937409.009   939358.013   939489.001
  1645:   940489.018   940935.003   940935.023   941415.005   941416.016
  1650:   941466.026   941829.009   942413.005   942848.009   944269.013
  1655:   944372.001   945372.018   945459.003   945459.023   945887.005
  1660:   945888.016   945938.026   947030.009   948441.013   948541.001
  1665:   949523.003   949523.023   949981.005   950245.009   952984.013
  1670:   953102.001   954102.018   954230.003   954230.023   954704.005
  1675:   954705.016   954755.026   955130.009   955970.005   956340.009
  1680:   958558.013   958692.001   959501.003   959501.023   959571.001
  1685:   959611.003   959969.005   960195.009   961122.013   961240.001
  1690:   962240.018   962340.003   962340.023   962747.005   962748.016
  1695:   962798.026   963165.009   963706.005   963828.009   964301.013
  1700:   964437.001   965437.018   965471.003   965471.023   965559.001
  1705:   965583.003   965913.005   965914.016   965964.026   966498.009
  1710:   966546.005   966577.009   966600.005   966661.009   968617.013
  1715:   968724.001   969724.018   970130.003   970130.023   970528.005
  1720:   970529.016   970579.026   970876.009   971516.005   971790.009
  1725:   973882.013   974288.001   975180.003   975180.023   975563.005
  1730:   975764.009   977216.013   977432.005   977683.009   977919.001
  1735:   978170.003   978170.023   978178.001   978270.003   978553.005
  1740:   978691.009   980856.013   980967.001   981967.018   981987.003
  1745:   981987.023   982011.001   982101.003   982394.005   982395.016
  1750:   982445.026   984499.009   984556.005   984569.009   986098.013
  1755:   986213.001   987213.018   987477.003   987477.023   987547.001
  1760:   987576.003   987872.005   987873.016   987923.026   988283.009
  1765:   989426.013   992250.001   993250.018   993740.003   993740.023
  1770:   994139.005   994140.016   994190.026   994575.009   995616.005
  1775:   995631.009   995634.005   995710.009   996193.013   996310.001
  1780:   997310.018   997549.003   997549.023   997619.001   997662.003
  1785:   997970.005   997971.016   998021.026   998642.009   998658.005
  1790:   998688.009  1001824.013  1002693.001  1003693.018  1003986.003
  1795:  1003986.023  1004388.005  1004389.016  1004439.026  1004780.009
  1800:  1005592.013  1005798.005  1005924.009  1006250.001  1007250.018
  1805:  1007355.003  1007355.023  1007441.001  1007467.003  1007752.005
  1810:  1007753.016  1007803.026  1008270.009  1008965.005  1009313.009
  1815:  1009606.013  1009721.001  1010721.018  1011096.003  1011096.023
  1820:  1011485.005  1011486.016  1011536.026  1012248.009  1012273.005
  1825:  1012277.009  1012285.005  1012412.009  1013839.013  1013935.001
  1830:  1014935.018  1015381.003  1015381.023  1015818.005  1015819.016
  1835:  1015869.026  1016222.009  1016912.005  1016980.009  1019872.013
  1840:  1020059.001  1021059.018  1021397.003  1021397.023  1021477.001
  1845:  1021496.003  1021814.005  1021815.016  1021865.026  1022436.009
  1850:  1024276.005  1024377.009  1025168.013  1025281.001  1026281.018
  1855:  1026809.003  1026809.023  1027234.005  1027542.009  1030037.013
  1860:  1030192.001  1031122.003  1031122.023  1031583.005  1031723.009
  1865:  1032886.013  1033816.005  1033863.009  1034174.001  1035174.018
  1870:  1035534.003  1035534.023  1035913.005  1035914.016  1035964.026
  1875:  1036330.009  1037107.005  1037204.009  1038467.013  1038833.001
  1880:  1039833.018  1040361.003  1040361.023  1040759.005  1041007.009
  1885:  1041762.013  1041936.001  1042936.018  1043336.003  1043336.023
  1890:  1043415.001  1043449.003  1043788.005  1043789.016  1043839.026
  1895:  1044238.009  1045037.005  1045043.009  1046992.013  1049853.005
  1900:  1049915.009  1050211.001  1051211.018  1051661.003  1051661.023
  1905:  1051729.001  1051760.003  1052077.005  1052078.016  1052128.026
  1910:  1052624.009  1053655.005  1053932.009  1055131.013  1055257.001
  1915:  1056257.018  1056393.003  1056393.023  1056822.005  1056823.016
  1920:  1056873.026  1057407.009  1057468.005  1057470.009  1058526.013
  1925:  1058837.005  1058980.009  1059297.001  1060297.018  1060843.003
  1930:  1060843.023  1061219.005  1061435.009  1063872.013  1064616.001
  1935:  1065616.018  1066051.003  1066051.023  1066134.001  1066150.003
  1940:  1066432.005  1066433.016  1066483.026  1067196.009  1068325.005
  1945:  1068329.009  1068636.013  1069260.005  1069268.009  1069284.005
  1950:  1069422.009  1069693.001  1070693.018  1070909.003  1070909.023
  1955:  1071280.005  1071281.016  1071331.026  1071990.009  1074696.005
  1960:  1074756.009  1074834.013  1075053.001  1076020.003  1076020.023
  1965:  1076102.001  1076118.003  1076406.005  1076649.009  1079630.005
  1970:  1079635.009  1079640.005  1079713.009  1079715.005  1079720.009
  1975:  1079909.013  1080093.001  1080785.003  1080785.023  1081216.005
  1980:  1081335.009  1085219.013  1085480.001  1085766.003  1085766.023
  1985:  1086211.005  1086351.009  1088014.013  1088186.005  1088308.009
  1990:  1088618.001  1089618.018  1090237.003  1090237.023  1090599.005
  1995:  1090815.009  1092262.005  1092407.009  1093402.013  1093522.001
  2000:  1093661.003  1093661.023  1093679.001  1093767.003  1121408.005
  2005:  1121585.009  1123561.013  1123693.001  1124623.003  1124623.023
  2010:  1124700.001  1124733.003  1125046.005  1125276.009  1126563.005
  2015:  1126699.013  1126773.009  1127050.001  1128050.018  1128193.003
  2020:  1128193.023  1128257.001  1128295.003  1128558.005  1128559.016
  2025:  1128609.026  1128975.009  1129797.005  1129798.009  1131262.013
  2030:  1135870.001  1136051.003  1136051.023  1169746.005  1169953.009
  2035:  1169964.005  1169966.009  1172899.013  1173352.001  1174298.003
  2040:  1174298.023  1174701.005  1174856.009  1176869.005  1176870.009
  2045:  1176871.005  1177021.009  1178354.013  1178499.001  1179439.003
  2050:  1179439.023  1179833.005  1180511.009  1180526.005  1180534.009
  2055:  1182136.013  1182605.005  1182608.009  1182620.005  1182690.009
  2060:  1182995.001  1183995.018  1184196.003  1184196.023  1184287.001
  2065:  1184308.003  1184611.005  1184612.016  1184662.026  1185256.009
  2070:  1187104.005  1187165.013  1187257.009  1187271.005  1187286.009
  2075:  1187541.001  1188541.018  1188779.003  1188779.023  1189145.005
  2080:  1189146.016  1189196.026  1190053.009  1190699.013  1191143.001
  2085:  1192143.018  1192863.003  1192863.023  1193271.005  1193540.009
  2090:  1193546.005  1193550.009  1196274.013  1196382.001  1197311.003
  2095:  1197311.023  1197778.005  1198120.009  1199226.005  1199338.009
  2100:  1199518.005  1199534.009  1201081.013  1201234.001  1202144.003
  2105:  1202144.023  1202210.001  1202255.003  1202566.005  1202849.009
  2110:  1206369.013  1206466.001  1207466.018  1207564.003  1207564.023
  2115:  1207982.005  1207983.016  1208033.026  1208898.009  1209336.013
  2120:  1209576.005  1209578.009  1210323.005  1210989.009  1211307.001
  2125:  1212307.018  1212594.003  1212594.023  1212975.005  1212976.016
  2130:  1213026.026  1213701.009  1214029.013  1214235.005  1214439.009
  2135:  1214755.001  1215029.003  1215029.023  1215048.001  1215131.003
  2140:  1241437.005  1241619.009  1242590.013  1242775.001  1243775.018
  2145:  1243932.003  1243932.023  1244297.005  1244298.016  1244348.026
  2150:  1244678.009  1245584.005  1245842.009  1246351.013  1246469.001
  2155:  1247469.018  1247615.003  1247615.023  1247680.001  1247714.003
  2160:  1247999.005  1248000.016  1248050.026  1248545.009  1249203.013
  2165:  1250420.005  1250536.009  1250811.001  1251811.018  1252266.003
  2170:  1252266.023  1252645.005  1252646.016  1252696.026  1253174.009
  2175:  1254349.013  1255375.005  1255532.009  1255868.001  1256868.018
  2180:  1257181.003  1257181.023  1257610.005  1257611.016  1257661.026
  2185:  1257942.009  1257966.005  1257969.009  1259740.005  1259867.009
  2190:  1261314.013  1261442.001  1262442.018  1262516.003  1262516.023
  2195:  1262907.005  1262908.016  1262958.026  1263854.009  1264761.013
  2200:  1265046.005  1265189.009  1265470.001  1265889.003  1265889.023
  2205:  1265900.001  1265988.003  1271325.005  1271357.009  1273478.013
  2210:  1273583.001  1274583.018  1274957.003  1274957.023  1275359.005
  2215:  1275360.016  1275410.026  1275814.009  1276205.005  1276206.009
  2220:  1277624.005  1277833.009  1278413.013  1278542.001  1279542.018
  2225:  1279842.003  1279842.023  1279902.001  1279941.003  1280249.005
  2230:  1280250.016  1280300.026  1280884.009  1280885.005  1280887.009
  2235:  1281303.013  1282808.005  1282952.009  1283258.001  1284258.018
  2240:  1284966.003  1284966.023  1285352.005  1285593.009  1288855.013
  2245:  1290987.005  1291029.009  1291353.001  1292353.018  1294154.003
  2250:  1294154.023  1294629.005  1294955.009  1295001.005  1295015.009
  2255:  1297132.013  1297256.001  1298256.018  1298597.003  1298597.023
  2260:  1298691.001  1298700.003  1298990.005  1298991.016  1299041.026
  2265:  1299416.009  1301729.005  1302090.009  1302194.013  1302327.001
  2270:  1303327.018  1303649.003  1303649.023  1304018.005  1304019.016
  2275:  1304069.026  1304555.009  1305572.013  1305947.005  1306094.009
  2280:  1306100.005  1306102.009  1306411.001  1307411.018  1307670.003
  2285:  1307670.023  1308088.005  1308089.016  1308139.026  1308512.009
  2290:  1311380.005  1311528.009  1312142.013  1312250.001  1313250.018
  2295:  1313672.003  1313672.023  1314080.005  1314081.016  1314131.026
  2300:  1314547.009  1315434.013  1316015.005  1316150.009  1316166.005
  2305:  1316206.009  1316536.001  1317387.003  1317387.023  1317396.001
  2310:  1317499.003  1317785.005  1318019.009  1320088.013  1320493.001
  2315:  1321493.018  1321832.003  1321832.023  1322267.005  1322268.016
  2320:  1322318.026  1322924.009  1324545.005  1324678.009  1325121.013
  2325:  1325263.001  1326263.018  1326873.003  1326873.023  1327270.005
  2330:  1327521.009  1330573.013  1332770.001  1333770.018  1334108.003
  2335:  1334108.023  1334181.001  1334204.003  1334514.005  1334515.016
  2340:  1334565.026  1334923.009  1336390.005  1336419.009  1336421.005
  2345:  1336448.009  1336483.005  1336541.009  1338368.013  1338474.001
  2350:  1339474.018  1339828.003  1339828.023  1339923.001  1339938.003
  2355:  1340274.005  1340275.016  1340325.026  1340666.009  1341508.005
  2360:  1342013.009  1342328.013  1342433.001  1343433.018  1343827.003
  2365:  1343827.023  1344228.005  1344229.016  1344279.026  1344614.009
  2370:  1346932.013  1347113.001  1348113.018  1348846.003  1348846.023
  2375:  1348904.001  1348944.003  1349249.005  1349522.009  1349695.005
  2380:  1349730.009  1350252.013  1350370.001  1351370.018  1351847.003
  2385:  1351847.023  1351929.001  1351952.003  1352279.005  1352280.016
  2390:  1352330.026  1352656.009  1353166.005  1353269.009  1353483.013
  2395:  1353623.001  1354623.018  1355274.003  1355274.023  1355674.005
  2400:  1355869.009  1356003.005  1356017.009  1356025.005  1356137.009
  2405:  1359177.013  1359292.001  1360292.018  1360673.003  1360673.023
  2410:  1360754.001  1360772.003  1361086.005  1361087.016  1361137.026
  2415:  1361823.009  1361856.005  1361860.009  1362678.005  1363027.009
  2420:  1364790.013  1364897.001  1365897.018  1366058.003  1366058.023
  2425:  1366504.005  1366505.016  1366555.026  1367212.009  1368358.013
  2430:  1368487.001  1368634.003  1368634.023  1368651.001  1368740.003
  2435:  1388147.005  1388210.009  1390150.013  1390272.001  1391272.018
  2440:  1391392.003  1391392.023  1391470.001  1391501.003  1391830.005
  2445:  1391831.016  1391881.026  1392230.009  1395034.013  1395152.001
  2450:  1396142.003  1396142.023  1396527.005  1396844.009  1400330.013
  2455:  1400496.001  1401496.018  1401779.003  1401779.023  1402206.005
  2460:  1402207.016  1402257.026  1402641.009  1403589.005  1403910.013
  2465:  1404019.009  1404271.001  1405271.018  1406060.003  1406060.023
  2470:  1406133.001  1406164.003  1406453.005  1406654.009  1409256.013
  2475:  1409385.001  1410385.018  1410563.003  1410563.023  1410633.001
  2480:  1410674.003  1410970.005  1410971.016  1411021.026  1411341.009
  2485:  1412241.005  1412466.009  1415024.013  1415197.001  1416197.018
  2490:  1416454.003  1416454.023  1416854.005  1416855.016  1416905.026
  2495:  1417399.009  1418028.005  1418329.009  1419908.013  1420265.001
  2500:  1421265.018  1421272.003  1421272.023  1421692.005  1421693.016
  2505:  1421743.026  1422092.009  1423046.013  1424367.005  1424482.009
  2510:  1424489.005  1424609.009  1424909.001  1425909.018  1426145.003
  2515:  1426145.023  1426232.001  1426256.003  1426554.005  1426555.016
  2520:  1426605.026  1426968.009  1428108.013  1428683.005  1428770.009
  2525:  1428774.005  1428779.009  1429143.001  1430143.018  1430584.003
  2530:  1430584.023  1430667.001  1430682.003  1431015.005  1431016.016
  2535:  1431066.026  1431503.009  1432484.005  1432771.009  1433719.013
  2540:  1433833.001  1434833.018  1435088.003  1435088.023  1435171.001
  2545:  1435200.003  1435527.005  1435528.016  1435578.026  1436429.009
  2550:  1436435.005  1436437.009  1438081.013  1438338.005  1438484.009
  2555:  1438973.001  1439973.018  1441085.003  1441085.023  1441468.005
  2560:  1441800.009  1444771.013  1444920.001  1445920.018  1446241.003
  2565:  1446241.023  1446315.001  1446351.003  1446653.005  1446654.016
  2570:  1446704.026  1447018.009  1448017.005  1448235.009  1449007.013
  2575:  1449182.001  1450182.018  1450399.003  1450399.023  1450824.005
  2580:  1450825.016  1450875.026  1451252.009  1452221.005  1452227.009
  2585:  1453028.013  1453133.001  1454133.018  1454355.003  1454355.023
  2590:  1454785.005  1454786.016  1454836.026  1455179.009  1456139.013
  2595:  1456640.005  1456827.009  1456863.005  1456901.009  1457197.001
  2600:  1458197.018  1458674.003  1458674.023  1459116.005  1459117.016
  2605:  1459167.026  1459713.009  1460119.005  1460123.009  1461170.013
  2610:  1461654.005  1461779.009  1463394.001  1464394.018  1464649.003
  2615:  1464649.023  1464732.001  1464760.003  1465118.005  1465119.016
  2620:  1465169.026  1465451.009  1466456.005  1466672.013  1466779.009
  2625:  1467119.001  1468119.018  1468316.003  1468316.023  1468751.005
  2630:  1468752.016  1468802.026  1469624.009  1470146.005  1470151.009
  2635:  1470955.013  1472120.005  1472281.009  1472382.005  1472459.009
  2640:  1474057.001  1474744.003  1474744.023  1475234.005  1475431.009
  2645:  1477737.013
B:
     0:        0.000      350.000        0.000      350.000        0.000
     5:      451.000        0.000        0.000        0.000      451.000
    10:        0.000        1.000        0.000      272.000        0.000
    15:        0.000      150.000        0.000      200.000        0.000
    20:        0.000        0.000        0.000      271.000        0.000
    25:        0.000      150.000        0.000        0.000        0.000
    30:        0.000
D:
     0:  1560394.000  1559708.000  1560395.000
E:
     0:     1000.000     1000.000     1500.000
P:
     0:        2.000        2.300        2.600        3.000        3.300
     5:        3.600        4.000        4.300        4.600        5.000
    10:        5.300        5.600        6.000        6.300        6.600
    15:        7.000        7.300        7.600        8.000
T:
     0:        0.000        0.000        0.000        0.000
W:
     0:        0.000        0.000        0.000
