File: C:\MED-PC IV\Data\Reyes\BD\BD4121.999


Start Date: 04/22/26
End Date: 04/22/26
Subject: 121
Experiment: BD
Group: ERROR_M
Box: 5
Start Time: 11:07:30
End Time: 11:57:30
MSN: DRRD_precisao
C:       0.000
F:       0.000
G:       0.000
H:       0.000
I:       0.000
J:       0.000
K:    2000.000
L:       0.000
M:       0.000
N:       1.000
O:       0.000
Q:       0.000
R:       0.000
S:    3000.000
U:  325815.000
V:       0.000
X:    2500.000
Y:    1881.000
Z:       0.000
A:
     0:      972.005     1182.009    14251.005    14416.009    15000.013
     5:    15000.011    17626.001    18393.003    18393.023    18411.001
    10:    18504.003    18628.005    18876.009    20131.013    20219.001
    15:    21219.018    21640.003    21640.023    21943.005    21944.016
    20:    21994.026    22246.009    22261.005    22629.009    22997.013
    25:    23105.001    23786.003    23786.023    25142.005    25407.009
    30:    27295.013    27729.001    27749.003    27749.023    28049.005
    35:    28237.009    29213.005    29230.009    29234.005    29242.009
    40:    29252.005    29254.009    29352.013    29517.001    30274.003
    45:    30274.023    30314.001    30379.003    30566.005    30879.009
    50:    30896.005    30898.009    33069.013    34046.001    34578.003
    55:    34578.023    34876.005    35048.009    35052.005    35055.009
    60:    37679.013    37780.001    38780.018    39737.003    39737.023
    65:    40019.005    40386.009    42322.013    42416.001    43256.003
    70:    43256.023    43312.001    43367.003    43563.005    43742.009
    75:    46566.013    46718.001    47718.018    48221.003    48221.023
    80:    48264.001    48306.003    48517.005    48679.009    49557.005
    85:    49574.009    51670.013    52078.001    53078.018    53270.003
    90:    53270.023    53577.005    53578.016    53628.026    53967.009
    95:    54089.005    54091.009    55281.013    55583.001    56255.003
   100:    56255.023    56541.005    56716.009    58544.013    59174.001
   105:    60174.018    60267.003    60267.023    60329.001    60378.003
   110:    60581.005    60582.016    60632.026    61511.009    63285.013
   115:    63434.001    64434.018    64634.003    64634.023    64676.001
   120:    64704.003    64964.005    64965.016    65015.026    65904.009
   125:    65913.005    65917.009    68518.013    68625.001    69625.018
   130:    69778.003    69778.023    70144.005    70145.016    70195.026
   135:    70629.009    71348.013    71452.001    72452.018    72756.003
   140:    72756.023    73144.005    73145.016    73195.026    73919.009
   145:    76848.013    76941.001    77941.018    78104.003    78104.023
   150:    78463.005    78464.016    78514.026    79127.009    82317.013
   155:    82424.001    83424.018    83467.003    83467.023    83512.001
   160:    83573.003    83844.005    83845.016    83895.026    84448.009
   165:    84488.005    84489.009    84735.005    84862.009    87198.013
   170:    87480.001    88480.018    88533.003    88533.023    88577.001
   175:    88604.003    88938.005    88939.016    88989.026    89364.009
   180:    89430.005    89563.009    89571.005    89576.009    92992.013
   185:    93258.001    93432.003    93432.023    93445.001    93532.003
   190:    93781.005    93920.009    95584.013    97310.001    97414.003
   195:    97414.023    97687.005    97810.009   100990.013   101255.001
   200:   102255.018   103038.003   103038.023   103089.001   103128.003
   205:   103419.005   103903.009   106922.013   107033.001   107868.003
   210:   107868.023   108163.005   108499.009   108512.005   108519.009
   215:   108619.005   108621.009   111816.013   112466.001   113429.003
   220:   113429.023   113683.005   114028.009   117686.013   117774.001
   225:   118774.018   118822.003   118822.023   119158.005   119159.016
   230:   119209.026   119667.009   120512.013   120619.001   121514.003
   235:   121514.023   121836.005   122839.013   123295.009   123582.001
   240:   124404.003   124404.023   124707.005   125596.009   127010.013
   245:   127101.001   128101.018   128239.003   128239.023   128555.005
   250:   128556.016   128606.026   129073.009   129099.005   129277.009
   255:   131109.013   131197.001   132153.003   132153.023   132558.005
   260:   133163.009   134211.013   134306.001   135306.018   135710.003
   265:   135710.023   136061.005   136062.016   136112.026   136751.009
   270:   139265.013   139351.001   140176.003   140176.023   140532.005
   275:   141114.009   143570.005   143581.009   144335.013   144441.001
   280:   145441.018   145918.003   145918.023   146242.005   146243.016
   285:   146293.026   146667.009   147796.013   147805.005   147873.009
   290:   148158.005   148631.009   148662.005   148665.009   149030.001
   295:   149871.003   149871.023   149933.001   149977.003   150181.005
   300:   150669.009   150680.005   150721.009   150737.005   150741.009
   305:   151984.013   152613.005   152624.009   152631.005   152635.009
   310:   152700.005   152711.009   152938.001   153938.018   154143.003
   315:   154143.023   154453.005   154454.016   154504.026   155293.009
   320:   155308.005   155396.009   155425.005   155429.009   155460.005
   325:   155640.009   155646.005   155651.009   156507.013   156781.001
   330:   157781.018   158065.003   158065.023   158365.005   158366.016
   335:   158416.026   159067.009   159569.013   159846.005   159851.009
   340:   159860.005   159862.009   160115.001   161115.018   161255.003
   345:   161255.023   161318.001   161355.003   161587.005   161588.016
   350:   161638.026   162060.009   162177.005   162370.009   162374.005
   355:   162379.009   163791.013   163892.001   164892.018   165182.003
   360:   165182.023   165509.005   165510.016   165560.026   165871.009
   365:   165974.005   166122.009   168563.013   168674.001   169674.018
   370:   169842.003   169842.023   170164.005   170165.016   170215.026
   375:   170585.009   170925.005   170948.009   172868.013   173106.001
   380:   174106.018   174485.003   174485.023   174883.005   174884.016
   385:   174934.026   175143.009   175332.005   175591.009   175785.005
   390:   176465.009   177737.013   177834.001   178750.003   178750.023
   395:   179152.005   179645.009   180655.013   180753.001   181618.003
   400:   181618.023   181946.005   182093.009   183684.005   183691.009
   405:   184249.013   184353.001   185341.003   185341.023   185643.005
   410:   185900.009   185932.005   185982.009   187446.013   187724.001
   415:   188724.018   189200.003   189200.023   189511.005   189512.016
   420:   189562.026   189945.009   192565.013   192824.001   193726.003
   425:   193726.023   193767.001   193798.003   193820.001   193835.003
   430:   194028.005   194171.009   196181.013   196288.001   197234.003
   435:   197234.023   197260.001   197340.003   197530.005   197711.009
   440:   200033.013   200138.001   201138.018   201169.003   201169.023
   445:   201496.005   201497.016   201547.026   202040.009   204200.013
   450:   204339.001   204510.003   204510.023   204520.001   204629.003
   455:   204873.005   205061.009   206100.005   206102.009   206112.005
   460:   206116.009   206126.005   206153.009   206161.005   206176.013
   465:   206179.009   206375.001   207196.003   207196.023   207210.001
   470:   207309.003   207521.005   207525.009   207528.005   207969.009
   475:   210674.013   210827.001   211827.018   211943.003   211943.023
   480:   212014.001   212053.003   212227.005   212228.016   212278.026
   485:   212632.009   213281.013   214083.001   215083.018   215300.003
   490:   215300.023   215352.001   215389.003   215638.005   215639.016
   495:   215689.026   216266.009   218992.013   219292.001   220113.003
   500:   220113.023   220482.005   220980.009   223285.013   223393.001
   505:   224393.018   224929.003   224929.023   225274.005   225414.009
   510:   227521.005   227528.009   227554.005   227556.009   227559.005
   515:   227630.009   227659.005   227671.009   228777.013   228889.001
   520:   229044.003   229044.023   229051.001   229190.003   230338.005
   525:   230405.009   230474.005   230588.009   230654.005   230916.009
   530:   231250.005   231252.009   231278.005   231282.009   231991.013
   535:   232121.001   233121.018   233977.003   233977.023   234293.005
   540:   234473.009   234500.005   234670.009   235446.013   235619.001
   545:   236619.018   236777.003   236777.023   236812.001   236872.003
   550:   237095.005   237096.016   237146.026   237735.009   240799.013
   555:   240926.001   241661.003   241661.023   241728.001   241760.003
   560:   241985.005   242271.009   242277.005   242371.009   245788.013
   565:   246037.001   247037.018   247107.003   247107.023   247475.005
   570:   247476.016   247526.026   248265.009   248279.005   248345.009
   575:   251529.013   251629.001   252629.018   252781.003   252781.023
   580:   253132.005   253133.016   253183.026   253491.009   254217.005
   585:   254292.009   255186.013   255294.001   256294.018   256835.003
   590:   256835.023   257216.005   257780.009   261219.013   261333.001
   595:   262333.018   262622.003   262622.023   262952.005   262953.016
   600:   263003.026   263456.009   263706.005   263711.009   264336.005
   605:   264341.009   265306.013   265431.001   266431.018   266637.003
   610:   266637.023   266685.001   266713.003   266985.005   266986.016
   615:   267036.026   267581.009   268839.013   268943.001   269943.018
   620:   270049.003   270049.023   270414.005   270415.016   270465.026
   625:   270802.009   270836.005   270853.009   270934.005   270973.009
   630:   272618.013   272713.001   273470.003   273470.023   273871.005
   635:   273872.009   273876.005   274357.009   276524.013   276672.001
   640:   277672.018   277752.003   277752.023   278072.005   278073.016
   645:   278123.026   278541.009   278708.005   278713.009   279137.005
   650:   279199.009   280626.013   280716.001   281716.018   282012.003
   655:   282012.023   282379.005   282380.016   282430.026   282925.009
   660:   283433.013   283869.001   284869.018   284967.003   284967.023
   665:   285402.005   285403.016   285453.026   285922.009   286251.005
   670:   286380.009   286756.013   286866.001   287866.018   287928.003
   675:   287928.023   288307.005   288308.016   288358.026   288836.009
   680:   290361.013   290643.001   291270.003   291270.023   291631.005
   685:   291861.009   291878.005   291883.009   291884.005   291957.009
   690:   294634.013   294909.001   295909.018   296004.003   296004.023
   695:   296332.005   296333.016   296383.026   297003.009   299186.013
   700:   299367.001   300367.018   300910.003   300910.023   301235.005
   705:   301754.009   301756.005   301761.009   304538.013   304656.001
   710:   305656.018   305793.003   305793.023   305831.001   305872.003
   715:   306175.005   306176.016   306226.026   306777.009   307571.005
   720:   307670.009   307729.013   307967.001   308967.018   309297.003
   725:   309297.023   309638.005   309639.016   309689.026   310129.009
   730:   310145.005   310150.009   311342.013   311456.001   312456.018
   735:   312863.003   312863.023   313224.005   313225.016   313275.026
   740:   314473.009   316778.013   316891.001   317891.018   317997.003
   745:   317997.023   318325.005   318326.016   318376.026   318973.009
   750:   322029.013   322316.001   323233.003   323233.023   323586.005
   755:   323777.009   323778.005   323782.009   323796.005   323818.009
   760:   324739.013   325363.001   326271.003   326271.023   326636.005
   765:   326893.009   329789.013   329964.001   330819.003   330819.023
   770:   331131.005   331433.009   334934.013   335021.001   335919.003
   775:   335919.023   336264.005   336482.009   339417.013   339777.001
   780:   340777.018   341361.003   341361.023   341669.005   342201.009
   785:   342206.005   342208.009   342216.005   342225.009   344972.013
   790:   345195.001   346195.018   346506.003   346506.023   346553.001
   795:   346606.003   346827.005   346828.016   346878.026   347245.009
   800:   347925.005   347933.009   348681.013   348954.001   349954.018
   805:   350051.003   350051.023   350358.005   350359.016   350409.026
   810:   350975.009   351575.005   351627.009   352562.013   352839.001
   815:   353713.003   353713.023   353733.001   353819.003   354019.005
   820:   354286.009   356822.013   356913.001   357913.018   358040.003
   825:   358040.023   358068.001   358133.003   358358.005   358359.016
   830:   358409.026   359007.009   359712.013   360056.005   360059.009
   835:   360376.001   361376.018   361507.003   361507.023   361809.005
   840:   361810.016   361860.026   362257.009   362538.005   362681.009
   845:   362692.005   362697.009   363363.013   363544.001   364544.018
   850:   364685.003   364685.023   364746.001   364781.003   365079.005
   855:   365080.016   365130.026   365706.009   367133.013   367244.001
   860:   368215.003   368215.023   368611.005   369050.009   371264.013
   865:   371391.001   372391.018   372884.003   372884.023   373226.005
   870:   373227.016   373277.026   373649.009   374296.005   374397.009
   875:   374430.013   374724.001   375724.018   375947.003   375947.023
   880:   376329.005   376330.016   376380.026   377821.009   378241.005
   885:   378549.009   379883.013   380135.001   381135.018   381308.003
   890:   381308.023   381699.005   381700.016   381750.026   382753.013
   895:   382868.009   383197.001   384119.003   384119.023   384464.005
   900:   384992.009   388117.013   388208.001   389208.018   389967.003
   905:   389967.023   390316.005   390554.009   394119.013   394226.001
   910:   395226.018   395594.003   395594.023   395659.001   395691.003
   915:   396006.005   396007.016   396057.026   396369.009   398244.005
   920:   398436.009   400060.013   400184.001   401030.003   401030.023
   925:   401047.001   401134.003   401411.005   401640.009   401939.005
   930:   401948.009   401957.005   401990.009   403914.013   404045.001
   935:   405045.018   405110.003   405110.023   405146.001   405206.003
   940:   405448.005   405449.016   405499.026   405803.009   406353.005
   945:   406509.009   407152.013   407262.001   407545.003   407545.023
   950:   407553.001   407651.003   418536.005   418619.009   420839.013
   955:   421050.001   421821.003   421821.023   421855.001   421927.003
   960:   422115.005   422393.009   422660.005   422972.009   425118.013
   965:   425256.001   426256.018   426838.003   426838.023   427154.005
   970:   427490.009   427972.005   428025.009   430807.013   431057.001
   975:   431951.003   431951.023   432280.005   432489.009   436083.013
   980:   436378.001   437378.018   437641.003   437641.023   437674.001
   985:   437727.003   437954.005   437955.016   438005.026   438358.009
   990:   439008.013   439763.005   439890.009   441280.005   441281.009
   995:   441321.005   441325.009   441330.005   441342.009   441352.005
  1000:   441358.009   441620.001   442620.018   442852.003   442852.023
  1005:   443139.005   443140.016   443190.026   443579.009   444693.013
  1010:   465899.005   465916.009   465933.005   465952.009   484955.005
  1015:   485016.009   502120.001   502338.003   502338.023   502631.005
  1020:   502811.009   504934.013   549090.005   549182.009   549278.005
  1025:   549316.009   550176.001   550564.003   550564.023   550759.005
  1030:   551113.009   554262.013   599579.005   599759.009   600303.001
  1035:   601303.018   601435.003   601435.023   601697.005   601698.016
  1040:   601748.026   602075.009   602596.005   602601.009   603401.013
  1045:   604040.005   604295.009   604665.001   605665.018   605739.003
  1050:   605739.023   606023.005   606024.016   606026.009   606030.005
  1055:   606074.026   606561.009   607469.005   607474.009   608393.005
  1060:   608761.009   610077.013   610393.001   611393.018   611489.003
  1065:   611489.023   611793.005   611794.016   611844.026   612244.009
  1070:   614497.013   614906.005   615055.009   615060.005   615065.009
  1075:   615409.001   616409.018   616639.003   616639.023   616720.001
  1080:   616738.003   616933.005   616934.016   616937.009   616939.005
  1085:   616984.026   617563.009   618277.005   618280.009   620137.013
  1090:   620949.005   621027.009   621356.001   622356.018   622459.003
  1095:   622459.023   622757.005   622758.016   622808.026   623221.009
  1100:   624111.013   625414.001   626414.018   626467.003   626467.023
  1105:   626757.005   626758.016   626808.026   627430.009   627961.013
  1110:   630110.001   631110.018   631342.003   631342.023   631638.005
  1115:   631639.016   631640.009   631652.005   631689.026   632438.009
  1120:   632455.005   632490.009   632552.005   632586.009   633692.013
  1125:   633852.001   633925.003   633925.023   633947.001   634031.003
  1130:   634528.005   635672.009   636681.013   636789.001   637789.018
  1135:   637949.003   637949.023   638259.005   638260.016   638310.026
  1140:   638641.009   638657.005   638663.009   640157.005   640271.009
  1145:   641113.013   641223.001   642223.018   642549.003   642549.023
  1150:   642872.005   642873.016   642923.026   643425.009   644291.005
  1155:   644294.009   645301.005   645351.009   645426.013   645699.001
  1160:   646699.018   646937.003   646937.023   647255.005   647256.016
  1165:   647306.026   647775.009   648600.005   648601.009   650309.013
  1170:   650859.001   651859.018   651914.003   651914.023   652210.005
  1175:   652211.016   652261.026   652608.009   654064.013   654239.001
  1180:   655003.003   655003.023   655327.005   655330.009   655343.005
  1185:   655576.009   655594.005   655742.009   658630.013   658757.001
  1190:   659757.018   660006.003   660006.023   660319.005   660320.016
  1195:   660370.026   660713.009   661873.013   662211.005   662440.009
  1200:   662752.001   663738.003   663738.023   664134.005   664450.009
  1205:   665137.013   665504.005   665543.009   665580.005   665582.009
  1210:   665848.001   666848.018   667023.003   667023.023   667336.005
  1215:   667337.016   667341.009   667347.005   667387.026   667863.009
  1220:   669190.013   669428.001   670271.003   670271.023   670640.005
  1225:   670878.009   670903.005   670943.009   670947.005   670948.009
  1230:   670966.005   670994.009   671793.013   671881.001   672881.018
  1235:   673563.003   673563.023   673943.005   674271.009   674299.005
  1240:   674541.009   676096.013   676196.001   677196.018   677484.003
  1245:   677484.023   677805.005   677806.016   677856.026   678202.009
  1250:   680159.013   680239.005   680243.009   680569.001   681541.003
  1255:   681541.023   681913.005   682567.009   684566.013   684652.001
  1260:   685652.018   686241.003   686241.023   686315.001   686340.003
  1265:   686561.005   686564.009   686567.005   686872.009   688266.005
  1270:   688270.009   688272.005   688336.009   689714.013   689877.001
  1275:   690877.018   691499.003   691499.023   691814.005   692016.009
  1280:   692944.005   693072.009   695117.013   695240.001   696240.018
  1285:   696265.003   696265.023   696345.001   696375.003   696610.005
  1290:   696611.016   696661.026   697186.009   697592.005   697597.009
  1295:   698764.005   698879.009   698952.005   698986.009   700164.013
  1300:   700261.001   701229.003   701229.023   701613.005   701953.009
  1305:   702427.005   702430.009   702916.005   702991.009   705416.013
  1310:   705514.001   706417.003   706417.023   706815.005   707096.009
  1315:   707884.005   708018.009   709818.013   709939.001   710939.018
  1320:   711344.003   711344.023   711401.001   711453.003   711731.005
  1325:   711732.016   711782.026   712093.009   712566.005   712571.009
  1330:   713785.013   714247.005   714479.009   714483.005   714487.009
  1335:   714491.005   714495.009   714605.005   714618.009   714653.005
  1340:   714693.009   714960.001   715960.018   716191.003   716191.023
  1345:   716483.005   716484.016   716534.026   716822.009   718455.005
  1350:   718881.009   720187.013   720314.001   721314.018   721580.003
  1355:   721580.023   721651.001   721690.003   721903.005   721904.016
  1360:   721954.026   722436.009   723166.005   723170.009   723257.013
  1365:   725577.001   726514.003   726514.023   726841.005   727366.009
  1370:   727405.005   727411.009   729344.013   729464.001   729607.003
  1375:   729607.023   729613.001   729707.003   730056.005   730241.009
  1380:   731709.013   732067.005   732517.009   732927.001   733927.018
  1385:   733978.003   733978.023   734326.005   734327.016   734377.026
  1390:   734769.009   738380.013   740751.005   740781.009   740814.005
  1395:   740826.009   741129.001   742129.018   742199.003   742199.023
  1400:   742524.005   742525.016   742575.026   742892.009   743442.005
  1405:   743445.009   745354.005   745378.013   745461.009   745724.001
  1410:   746712.003   746712.023   747089.005   747369.009   747374.005
  1415:   747452.009   747479.005   747864.009   748242.013   748387.001
  1420:   749387.018   749528.003   749528.023   749824.005   749825.016
  1425:   749875.026   750315.009   750662.005   750665.009   751178.013
  1430:   752680.005   752800.009   753124.001   754031.003   754031.023
  1435:   754347.005   754522.009   754853.005   754855.009   754858.005
  1440:   755205.009   755220.005   755260.009   758000.013   758084.001
  1445:   759084.018   759749.003   759749.023   759822.001   759854.003
  1450:   760069.005   760769.009   763872.013   764029.001   764900.003
  1455:   764900.023   765167.005   765588.009   765601.005   765602.009
  1460:   765607.005   765612.009   765631.005   765638.009   765666.005
  1465:   765686.009   766670.013   768177.005   768182.009   768543.001
  1470:   769543.018   769830.003   769830.023   770121.005   770122.016
  1475:   770126.009   770129.005   770172.026   770643.009   770950.005
  1480:   770952.009   772975.013   773080.001   774080.018   774479.003
  1485:   774479.023   774557.001   774577.003   774792.005   774793.016
  1490:   774843.026   775279.009   777996.013   778092.001   779092.018
  1495:   779481.003   779481.023   779541.001   779586.003   779792.005
  1500:   779793.016   779843.026   780179.009   780757.005   780760.009
  1505:   781996.013   782237.005   782395.009   782413.005   782506.009
  1510:   782872.001   783872.018   783887.003   783887.023   783978.001
  1515:   783988.003   784330.005   784331.016   784381.026   784989.009
  1520:   785848.005   785854.009   785867.005   785961.009   786093.005
  1525:   786228.009   787384.013   787482.001   788482.018   789262.003
  1530:   789262.023   789306.001   789357.003   789565.005   790180.009
  1535:   791368.013   791488.001   792488.018   792911.003   792911.023
  1540:   792974.001   793017.003   793240.005   793241.016   793291.026
  1545:   793612.009   793956.005   793961.009   794944.013   795045.005
  1550:   795054.009   795077.005   795092.009   795397.005   795404.009
  1555:   795405.005   795494.009   795806.001   796806.018   797270.003
  1560:   797270.023   797612.005   797613.016   797663.026   798350.009
  1565:   799666.013   800603.001   801603.018   801782.003   801782.023
  1570:   802122.005   802123.016   802173.026   802713.009   802817.005
  1575:   802849.009   803719.005   803734.009   805476.013   805609.001
  1580:   806609.018   807213.003   807213.023   807528.005   807941.009
  1585:   808531.013   808733.005   808744.009   809182.001   810162.003
  1590:   810162.023   810231.001   810269.003   810542.005   810879.009
  1595:   814045.013   814155.001   815083.003   815083.023   815418.005
  1600:   815648.009   816848.005   816884.009   817721.013   828541.001
  1605:   829495.003   829495.023   829787.005   830025.009   831466.005
  1610:   831674.009   832290.013   832378.001   833378.018   834312.003
  1615:   834312.023   834658.005   835021.009   836579.005   836721.009
  1620:   837311.013   837404.001   838404.018   838836.003   838836.023
  1625:   839179.005   839180.016   839182.009   839188.005   839230.026
  1630:   839694.009   841592.005   841666.009   843233.013   843335.001
  1635:   844335.018   844821.003   844821.023   844894.001   844920.003
  1640:   845137.005   845138.016   845188.026   845663.009   847236.005
  1645:   847555.009   847594.005   847611.009   847614.005   847619.009
  1650:   848341.013   848452.001   849452.018   849974.003   849974.023
  1655:   850357.005   850694.009   852258.005   852359.009   854360.013
  1660:   854460.001   854816.003   854816.023   854827.001   854918.003
  1665:   855266.005   855474.009   856569.013   862519.001   863519.018
  1670:   864356.003   864356.023   864679.005   864894.009   866682.013
  1675:   866906.001   867906.018   868042.003   868042.023   868343.005
  1680:   868344.016   868394.026   868654.009   869279.005   869284.009
  1685:   870047.013   871556.005   871735.009   871781.005   871793.009
  1690:   871799.005   871807.009   872157.001   873155.003   873155.023
  1695:   873483.005   873841.009   873854.005   873873.009   876786.013
  1700:   876941.001   877941.018   878097.003   878097.023   878385.005
  1705:   878386.016   878436.026   879265.009   880192.005   880196.009
  1710:   882155.005   882239.013   882352.009   882724.001   883670.003
  1715:   883670.023   883770.001   883776.003   884154.005   884389.009
  1720:   884803.005   884918.009   886657.013   886899.001   887899.018
  1725:   888070.003   888070.023   888343.005   888344.016   888394.026
  1730:   888724.009   889042.005   889048.009   889397.013   890951.005
  1735:   891136.009   891564.001   892564.018   892908.003   892908.023
  1740:   893214.005   893215.016   893265.026   893815.009   896068.013
  1745:   896508.001   897508.018   897536.003   897536.023   897896.005
  1750:   897897.016   897947.026   898895.009   900950.013   901050.001
  1755:   902050.018   902358.003   902358.023   902427.001   902464.003
  1760:   902690.005   902691.016   902741.026   903160.009   904544.013
  1765:   905694.001   906694.018   907252.003   907252.023   907644.005
  1770:   907956.009   907962.005   908256.009   911147.013   911266.001
  1775:   912266.018   913114.003   913114.023   913458.005   913617.009
  1780:   913641.005   913651.009   913659.005   913688.009   913699.005
  1785:   913730.009   914611.013   915814.005   915928.009   916292.001
  1790:   917292.018   917635.003   917635.023   917972.005   917973.016
  1795:   918023.026   918309.009   919526.013   919879.005   920181.009
  1800:   920190.005   920231.009   920570.001   921512.003   921512.023
  1805:   921885.005   922150.009   924038.013  1109442.005  1109447.009
  1810:  1109448.005  1109683.009  1110108.001  1110798.003  1110798.023
  1815:  1111062.005  1111511.009  1113715.013  1162136.001  1162710.003
  1820:  1162710.023  1162987.005  1163195.009  1164040.005  1165290.013
  1825:  1165384.009  1167474.001  1168474.018  1168808.003  1168808.023
  1830:  1169079.005  1169080.016  1169130.026  1169599.009  1169982.005
  1835:  1169986.009  1172783.013  1174081.005  1174182.009  1174230.005
  1840:  1174345.009  1174685.001  1175685.018  1175712.003  1175712.023
  1845:  1175968.005  1175969.016  1175974.009  1175981.005  1176019.026
  1850:  1176454.009  1177617.005  1177623.009  1177672.013  1178582.005
  1855:  1179120.009  1179156.005  1179169.009  1179483.001  1180228.003
  1860:  1180228.023  1180559.005  1181138.009  1182712.013  1182874.001
  1865:  1183764.003  1183764.023  1184051.005  1184288.009  1185260.005
  1870:  1185564.009  1186854.013  1186988.001  1187988.018  1188545.003
  1875:  1188545.023  1188845.005  1189244.009  1189566.005  1189572.009
  1880:  1191348.013
B:
     0:        0.000      227.000        0.000      227.000        0.000
     5:      393.000        0.000        0.000        0.000      393.000
    10:        0.000        1.000        0.000      176.000        0.000
    15:        0.000       89.000        0.000      111.000        0.000
    20:        0.000        0.000        0.000      175.000        0.000
    25:        0.000       89.000        0.000        0.000        0.000
    30:        0.000
D:
     0:  1514359.000  1512803.000  1514360.000
E:
     0:     1000.000     1000.000     1500.000
P:
     0:        2.000        2.300        2.600        3.000        3.300
     5:        3.600        4.000        4.300        4.600        5.000
    10:        5.300        5.600        6.000        6.300        6.600
    15:        7.000        7.300        7.600        8.000
T:
     0:        0.000        0.000        0.000        0.000
W:
     0:        0.000        0.000        0.000
