File: C:\MED-PC IV\Data\Reyes\BD\BD5118.999


Start Date: 04/20/26
End Date: 04/20/26
Subject: 118
Experiment: BD
Group: ERROR_M
Box: 2
Start Time: 11:31:24
End Time: 12:21:24
MSN: DRRD_precisao
C:       0.000
F:       3.000
G:       0.000
H:       0.000
I:       0.000
J:       0.000
K:    2000.000
L:       0.000
M:       0.000
N:       1.000
O:       0.000
Q:       0.000
R:       0.000
S:    2500.000
U:  103811.000
V:       0.000
X:    3650.000
Y:    2406.000
Z:       0.000
A:
     0:     1583.005     1704.009     7434.005     7447.009    11546.005
     5:    11752.009    15000.013    15000.011    16279.001    16863.003
    10:    16863.023    16907.005    17466.009    20910.013    21080.001
    15:    21950.003    21950.023    21979.005    22280.009    24632.013
    20:    24792.001    25668.003    25668.023    25713.005    25972.009
    25:    27866.013    27997.001    28997.018    29073.003    29073.023
    30:    29103.005    29104.016    29108.009    29109.005    29154.026
    35:    29563.009    31157.013    31327.001    32272.003    32272.023
    40:    32313.005    32318.009    32323.005    32696.009    34616.013
    45:    34730.001    35619.003    35619.023    35681.005    36057.009
    50:    36984.013    37154.001    38154.018    38235.003    38235.023
    55:    38301.005    38302.016    38352.026    38940.009    41355.013
    60:    41508.001    42323.003    42323.023    42398.005    42793.009
    65:    44901.013    45038.001    46038.018    46050.003    46050.023
    70:    46123.005    46124.016    46174.026    46503.009    47827.013
    75:    47959.001    48959.018    48964.003    48964.023    49030.005
    80:    49031.016    49081.026    49561.009    52234.013    52364.001
    85:    53289.003    53289.023    53361.005    53675.009    56664.013
    90:    56795.001    57795.018    57998.003    57998.023    58029.005
    95:    58030.016    58080.026    58569.009    61733.013    61871.001
   100:    62741.003    62741.023    62803.005    63023.009    63029.005
   105:    63038.009    63051.005    63058.009    63065.005    63078.009
   110:    63090.005    63171.009    64306.013    64549.001    65549.018
   115:    65590.003    65590.023    65634.005    65635.016    65685.026
   120:    66064.009    67488.013    67749.001    68749.018    68752.003
   125:    68752.023    68800.005    68801.016    68851.026    69242.009
   130:    69285.005    69671.009    69854.013    70469.001    71469.018
   135:    71484.003    71484.023    71542.005    71543.016    71593.026
   140:    72228.009    72230.005    72235.009    72285.005    72289.009
   145:    75096.013    75232.001    76232.018    76276.003    76276.023
   150:    76334.005    76335.016    76385.026    77589.009    77590.005
   155:    77599.009    80188.013    80347.001    81347.018    81352.003
   160:    81352.023    81408.005    81409.016    81459.026    81944.009
   165:    84262.013    84393.001    85393.018    85447.003    85447.023
   170:    85520.005    85521.016    85571.026    85996.009    86724.013
   175:    86871.001    87871.018    88220.003    88220.023    88294.005
   180:    88593.009    90447.013    90670.001    91670.018    91737.003
   185:    91737.023    91773.005    91774.016    91824.026    92179.009
   190:    93477.013    93748.001    94748.018    95016.003    95016.023
   195:    95062.005    95282.009    95293.005    95331.009    97715.013
   200:    97849.001    98805.003    98805.023    98841.005    99226.009
   205:   101844.013   101991.001   102991.018   103240.003   103240.023
   210:   103310.005   103311.016   103361.026   103751.009   106864.013
   215:   107010.001   108010.018   108394.003   108394.023   108457.005
   220:   108652.009   112110.013   112232.001   113232.018   113460.003
   225:   113460.023   113508.005   113509.016   113559.026   114261.009
   230:   114263.005   114269.009   114562.013   114937.001   115937.018
   235:   116150.003   116150.023   116209.005   116210.016   116260.026
   240:   116614.009   117563.013   117894.001   118894.018   119115.003
   245:   119115.023   119211.005   119212.016   119262.026   120573.009
   250:   123065.013   123205.001   124162.003   124162.023   124239.005
   255:   124555.009   126242.013   126387.001   127315.003   127315.023
   260:   127386.005   127672.009   128137.001   128167.003   129689.013
   265:   129843.001   130843.018   131100.003   131100.023   131140.005
   270:   131406.009   133943.013   134783.001   135428.003   135428.023
   275:   135434.005   135818.009   137937.013   138059.001   139059.018
   280:   139404.003   139404.023   139477.005   139742.009   142630.013
   285:   142818.001   143818.018   144099.003   144099.023   144117.005
   290:   144629.009   145920.013   146049.001   147049.018   147274.003
   295:   147274.023   147317.005   147318.016   147368.026   147870.009
   300:   150671.013   150803.001   151803.018   151824.003   151824.023
   305:   151864.005   151865.016   151915.026   152528.009   155918.013
   310:   156060.001   156978.003   156978.023   157020.005   157204.009
   315:   158173.013   158399.001   159399.018   159528.003   159528.023
   320:   159569.005   159570.016   159620.026   160323.009   161123.013
   325:   161396.001   162396.018   162607.003   162607.023   162690.005
   330:   162691.016   162741.026   163277.009   164744.013   164883.001
   335:   165883.018   166318.003   166318.023   166421.005   166717.009
   340:   168724.013   168856.001   169856.018   170446.003   170446.023
   345:   170511.005   170709.009   174164.013   174317.001   175317.018
   350:   175585.003   175585.023   175635.005   175954.009   179438.013
   355:   179569.001   180569.018   180658.003   180658.023   180692.005
   360:   180693.016   180743.026   181101.009   181120.005   181124.009
   365:   181134.005   181137.009   182811.005   183007.009   183546.013
   370:   183836.001   184836.018   184863.003   184863.023   184920.005
   375:   184921.016   184971.026   185566.009   188974.013   189119.001
   380:   190119.018   190148.003   190148.023   190173.005   190174.016
   385:   190224.026   190564.009   191227.013   191620.001   192620.018
   390:   192895.003   192895.023   192946.005   193199.009   194449.013
   395:   194571.001   195571.018   195841.003   195841.023   195874.005
   400:   196244.009   197177.013   197285.001   198285.018   198398.003
   405:   198398.023   198480.005   198481.016   198531.026   199684.013
   410:   199730.009   200300.001   201277.003   201277.023   201318.005
   415:   201539.009   202971.013   203251.001   204251.018   204458.003
   420:   204458.023   204511.005   204512.016   204562.026   204939.009
   425:   206365.013   206650.001   207650.018   207773.003   207773.023
   430:   207821.005   207822.016   207872.026   208272.009   209568.005
   435:   209609.009   209642.005   209663.009   210375.013   210626.001
   440:   211626.018   211690.003   211690.023   211706.005   211707.016
   445:   211757.026   212445.009   212451.005   212459.009   214410.013
   450:   214519.001   215519.018   215632.003   215632.023   215682.005
   455:   215683.016   215733.026   216077.009   218886.013   219003.001
   460:   220003.018   220186.003   220186.023   220267.005   220268.016
   465:   220318.026   220711.009   223321.013   223448.001   224404.003
   470:   224404.023   224490.005   224737.009   227793.013   227901.001
   475:   228901.018   228952.003   228952.023   228981.005   228982.016
   480:   229032.026   229636.009   231185.013   231325.001   232325.018
   485:   232479.003   232479.023   232568.005   232569.016   232619.026
   490:   233042.009   236122.013   236231.001   237231.018   237363.003
   495:   237363.023   237413.005   237414.016   237464.026   237782.009
   500:   238767.013   239159.001   240124.003   240124.023   240172.005
   505:   240499.009   241675.013   241810.001   242810.018   243169.003
   510:   243169.023   243261.005   243458.009   245414.013   245534.001
   515:   246534.018   246572.003   246572.023   246628.005   246629.016
   520:   246679.026   247045.009   249182.013   249296.001   250273.003
   525:   250273.023   250360.005   250583.009   253363.013   253487.001
   530:   254487.018   254642.003   254642.023   254701.005   254702.016
   535:   254752.026   255734.009   255745.005   255749.009   257905.013
   540:   258045.001   258926.003   258926.023   258969.005   259261.009
   545:   262272.013   262386.001   263386.018   263467.003   263467.023
   550:   263497.005   263498.016   263548.026   263968.009   265201.013
   555:   265318.001   265435.003   265435.023   265438.001   265766.003
   560:   273366.005   273427.009   275669.013   275785.001   276785.018
   565:   277111.003   277111.023   277148.005   277381.009   279151.013
   570:   279328.001   280328.018   280375.003   280375.023   280524.005
   575:   280525.016   280575.026   280941.009   284228.013   284351.001
   580:   285351.018   285534.003   285534.023   285586.005   285587.016
   585:   285637.026   286134.009   287440.013   287578.001   288578.018
   590:   288608.003   288608.023   288646.005   288647.016   288697.026
   595:   289154.009   291350.013   291530.001   292482.003   292482.023
   600:   292546.005   292775.009   296349.013   296469.001   297469.018
   605:   297533.003   297533.023   297588.005   297589.016   297639.026
   610:   298168.009   298792.013   299170.001   300170.018   300233.003
   615:   300233.023   300311.005   300312.016   300362.026   300869.009
   620:   303165.013   303282.001   304271.003   304271.023   304352.005
   625:   304619.009   308355.013   308483.001   309483.018   309583.003
   630:   309583.023   309621.005   309622.016   309672.026   310309.009
   635:   313175.013   313306.001   314217.003   314217.023   314251.005
   640:   314520.009   315254.013   315397.001   316397.018   316412.003
   645:   316412.023   316456.005   316457.016   316507.026   317056.009
   650:   319510.013   319724.001   320724.018   320828.003   320828.023
   655:   320910.005   320911.016   320961.026   321438.009   324764.013
   660:   324901.001   325820.003   325820.023   325885.005   326098.009
   665:   327388.013   327527.001   328491.003   328491.023   328534.005
   670:   328759.009   331687.013   331822.001   332689.003   332689.023
   675:   332706.005   333005.009   334359.013   334472.001   335227.003
   680:   335227.023   335279.005   335753.009   339282.013   339426.001
   685:   340262.003   340262.023   340339.005   340531.009   342142.013
   690:   342292.001   343292.018   343317.003   343317.023   343375.005
   695:   343376.016   343426.026   343831.009   345429.013   345570.001
   700:   346431.003   346431.023   346484.005   346704.009   349137.013
   705:   349259.001   350259.018   350373.003   350373.023   350419.005
   710:   350420.016   350470.026   351021.009   353973.013   354106.001
   715:   355012.003   355012.023   355063.005   355645.009   356066.013
   720:   356525.001   357467.003   357467.023   357520.005   357749.009
   725:   357790.005   357811.009   360023.013   360647.001   361352.003
   730:   361352.023   361367.005   361916.009   362670.013   362773.001
   735:   363682.003   363682.023   363746.005   363915.009   364899.013
   740:   365049.001   366049.018   366126.003   366126.023   366166.005
   745:   366167.016   366217.026   366661.009   368520.013   368643.001
   750:   369643.018   369739.003   369739.023   369805.005   369806.016
   755:   369856.026   370325.009   372659.013   372815.001   373765.003
   760:   373765.023   373814.005   374035.009   375967.013   376086.001
   765:   377085.003   377085.023   377147.005   377331.009   380450.013
   770:   380560.001   381486.003   381486.023   381503.005   381977.009
   775:   385156.013   385316.001   386316.018   386389.003   386389.023
   780:   386431.005   386432.016   386482.026   387332.009   389985.013
   785:   390155.001   391149.003   391149.023   391216.005   391398.009
   790:   391422.005   391434.009   394869.013   394991.001   395897.003
   795:   395897.023   395942.005   396215.009   396239.005   396244.009
   800:   398933.005   398945.013   398972.009   399305.001   399990.003
   805:   399990.023   400044.005   400417.009   402347.013   402469.001
   810:   403304.003   403304.023   403355.005   403597.009   407158.013
   815:   407374.001   408174.003   408174.023   408194.005   408503.009
   820:   408507.005   408535.009   412197.013   412340.001   413267.003
   825:   413267.023   413323.005   413636.009   414476.013   414841.001
   830:   415603.003   415603.023   415660.005   415926.009   416663.013
   835:   416775.001   417775.018   417810.003   417810.023   417867.005
   840:   417868.016   417918.026   418497.009   419221.013   419535.001
   845:   420535.018   420660.003   420660.023   420708.005   420709.016
   850:   420759.026   421181.009   422412.013   422700.001   423700.018
   855:   423779.003   423779.023   423852.005   423853.016   423903.026
   860:   424305.009   426406.013   426580.001   427485.003   427485.023
   865:   427553.005   427992.009   429356.013   429491.001   430482.003
   870:   430482.023   430574.005   430852.009   432577.013   432788.001
   875:   433788.018   433883.003   433883.023   433958.005   433959.016
   880:   434009.026   434381.009   436662.013   436819.001   437570.003
   885:   437570.023   437648.005   437821.009   439151.013   439324.001
   890:   440320.003   440320.023   440374.005   440582.009   442527.013
   895:   442644.001   443564.003   443564.023   443611.005   443821.009
   900:   446414.013   446548.001   447314.003   447314.023   447378.005
   905:   447614.009   450531.013   450672.001   451672.018   451705.003
   910:   451705.023   451764.005   451765.016   451815.026   452178.009
   915:   452219.005   452224.009   455118.013   455255.001   456089.003
   920:   456089.023   456129.005   456399.009   459632.013   459761.001
   925:   460692.003   460692.023   460745.005   460992.009   464398.013
   930:   464670.001   465614.003   465614.023   465651.005   465938.009
   935:   467654.013   467784.001   468775.003   468775.023   468842.005
   940:   469031.009   469053.005   469058.009   472645.013   473060.001
   945:   473829.003   473829.023   473865.005   474087.009   474091.005
   950:   474098.009   474108.005   474231.009   476518.013   476669.001
   955:   477521.003   477521.023   477571.005   477847.009   480574.013
   960:   480705.001   481705.018   481720.003   481720.023   481758.005
   965:   481759.016   481809.026   482181.009   485812.013   485941.001
   970:   486835.003   486835.023   486910.005   487136.009   488413.013
   975:   488555.001   489537.003   489537.023   489599.005   489818.009
   980:   492752.013   492928.001   493899.003   493899.023   493954.005
   985:   494508.009   496107.013   496227.001   497050.003   497050.023
   990:   497112.005   497334.009   499915.013   500047.001   500932.003
   995:   500932.023   500971.005   501197.009   501974.013   502106.001
  1000:   503106.018   503347.003   503347.023   503387.005   503388.016
  1005:   503438.026   503877.009   504591.013   504848.001   505744.003
  1010:   505744.023   505832.005   506272.009   507135.013   507266.001
  1015:   508266.018   508448.003   508448.023   508512.005   508513.016
  1020:   508563.026   509110.009   510216.013   510347.001   511347.018
  1025:   511393.003   511393.023   511498.005   511499.016   511549.026
  1030:   511872.009   513352.013   513683.001   514635.003   514635.023
  1035:   514731.005   515162.009   517034.013   517200.001   518143.003
  1040:   518143.023   518190.005   518407.009   520693.013   520819.001
  1045:   521819.018   521848.003   521848.023   521908.005   521909.016
  1050:   521959.026   523006.009   525262.013   525401.001   526344.003
  1055:   526344.023   526402.005   526660.009   528055.013   528166.001
  1060:   529166.018   529207.003   529207.023   529287.005   529288.016
  1065:   529338.026   529695.009   531341.013   531479.001   532475.003
  1070:   532475.023   532544.005   532751.009   533576.001   533646.003
  1075:   534847.013   534961.001   535961.018   536065.003   536065.023
  1080:   536113.005   536114.016   536164.026   536559.009   538317.013
  1085:   538444.001   539350.003   539350.023   539447.005   539782.009
  1090:   542100.013   542227.001   543227.018   543323.003   543323.023
  1095:   543364.005   543365.016   543415.026   543752.009   545218.013
  1100:   545558.001   546466.003   546466.023   546545.005   546794.009
  1105:   549548.013   549707.001   550707.018   550775.003   550775.023
  1110:   550850.005   550851.016   550901.026   551247.009   552204.013
  1115:   552519.001   553519.018   553744.003   553744.023   553826.005
  1120:   553827.016   553877.026   554236.009   555380.013   555702.001
  1125:   556702.018   556830.003   556830.023   556911.005   556912.016
  1130:   556962.026   557496.009   559465.013   559594.001   560562.003
  1135:   560562.023   560618.005   560860.009   563771.013   563898.001
  1140:   564898.018   565145.003   565145.023   565238.005   565239.016
  1145:   565289.026   565595.009   568092.013   568223.001   569223.018
  1150:   569235.003   569235.023   569319.005   569320.016   569370.026
  1155:   569780.009   572673.013   572803.001   573803.018   573838.003
  1160:   573838.023   573933.005   573934.016   573984.026   574336.009
  1165:   577637.013   577769.001   578769.018   578911.003   578911.023
  1170:   579009.005   579010.016   579060.026   579610.009   582863.013
  1175:   582973.001   583973.018   584071.003   584071.023   584153.005
  1180:   584154.016   584204.026   584603.009   588207.013   588352.001
  1185:   589352.018   589426.003   589426.023   589521.005   589522.016
  1190:   589572.026   590030.009   593075.013   593215.001   594215.018
  1195:   594405.003   594405.023   594469.005   594470.016   594520.026
  1200:   594957.009   595523.013   595877.001   596877.018   596954.003
  1205:   596954.023   597049.005   597050.016   597100.026   597736.009
  1210:   598253.013   598613.001   599613.018   599691.003   599691.023
  1215:   599756.005   599757.016   599807.026   600379.009   600387.005
  1220:   600399.009   602460.013   602594.001   603594.018   603741.003
  1225:   603741.023   603826.005   603827.016   603877.026   604272.009
  1230:   605530.013   605718.001   606718.018   606852.003   606852.023
  1235:   606944.005   606945.016   606995.026   607394.009   608798.013
  1240:   608964.001   609964.018   610550.003   610550.023   610658.005
  1245:   610858.009   611124.005   611258.009   613661.013   613797.001
  1250:   614797.018   614811.003   614811.023   614894.005   614895.016
  1255:   614945.026   615414.009   618098.013   618309.001   619309.018
  1260:   619353.003   619353.023   619412.005   619413.016   619463.026
  1265:   619810.009   622766.013   622942.001   623942.018   624014.003
  1270:   624014.023   624076.005   624077.016   624127.026   624537.009
  1275:   627630.013   627830.001   628830.018   628905.003   628905.023
  1280:   629005.005   629006.016   629056.026   629537.009   632709.013
  1285:   632833.001   633833.018   633896.003   633896.023   634001.005
  1290:   634002.016   634052.026   634429.009   637855.013   637977.001
  1295:   638977.018   639025.003   639025.023   639108.005   639109.016
  1300:   639159.026   639504.009   641662.013   641788.001   642788.018
  1305:   642964.003   642964.023   643085.005   643086.016   643136.026
  1310:   643469.009   647139.013   647281.001   648281.018   648467.003
  1315:   648467.023   648554.005   648555.016   648605.026   649453.009
  1320:   650908.013   651044.001   652044.018   652066.003   652066.023
  1325:   652167.005   652168.016   652218.026   652710.009   653371.013
  1330:   653806.001   654798.003   654798.023   654925.005   655131.009
  1335:   655365.005   655441.009   656428.013   656567.001   657520.003
  1340:   657520.023   657623.005   657844.009   659626.013   659790.001
  1345:   660790.018   660842.003   660842.023   660889.005   660890.016
  1350:   660940.026   661317.009   661943.013   662296.001   663296.018
  1355:   663338.003   663338.023   663384.005   663385.016   663435.026
  1360:   663843.009   666238.013   666411.001   667411.018   667529.003
  1365:   667529.023   667626.005   667627.016   667677.026   668014.009
  1370:   669830.013   669992.001   670992.018   671189.003   671189.023
  1375:   671260.005   671261.016   671311.026   671701.009   672614.013
  1380:   672974.001   673974.018   674084.003   674084.023   674174.005
  1385:   674175.016   674225.026   674655.009   677878.013   678037.001
  1390:   679002.003   679002.023   679076.005   679308.009   680229.013
  1395:   680559.001   681559.018   681808.003   681808.023   681863.005
  1400:   681864.016   681914.026   682292.009   682389.005   682569.009
  1405:   683567.013   683874.001   684874.018   685106.003   685106.023
  1410:   685194.005   685195.016   685245.026   685662.009   687048.013
  1415:   687444.001   688444.018   688606.003   688606.023   688694.005
  1420:   688695.016   688745.026   689257.009   690248.013   690610.001
  1425:   691610.018   691700.003   691700.023   691788.005   691789.016
  1430:   691839.026   692431.009   694992.013   695129.001   696129.018
  1435:   696400.003   696400.023   696482.005   696846.009   700485.013
  1440:   700621.001   701621.018   701627.003   701627.023   701708.005
  1445:   701709.016   701759.026   702088.009   702762.013   704607.005
  1450:   704904.009   707961.001   708800.003   708800.023   708826.005
  1455:   709139.009   710129.013   710431.001   711431.018   711544.003
  1460:   711544.023   711626.005   711627.016   711677.026   712012.009
  1465:   713680.013   715508.005   715618.009   716022.001   716833.003
  1470:   716833.023   716909.005   717302.009   719062.013   719238.001
  1475:   720238.018   720428.003   720428.023   720512.005   720513.016
  1480:   720563.026   721127.009   723566.013   723757.001   724757.018
  1485:   724788.003   724788.023   724898.005   724899.016   724949.026
  1490:   725359.009   727452.013   727586.001   728586.018   729069.003
  1495:   729069.023   729164.005   729382.009   731967.013   732092.001
  1500:   733056.003   733056.023   733161.005   733392.009   736464.013
  1505:   736600.001   737490.003   737490.023   737590.005   737892.009
  1510:   741093.013   741287.001   742287.018   742389.003   742389.023
  1515:   742466.005   742467.016   742517.026   743068.009   746320.013
  1520:   746456.001   747456.018   747659.003   747659.023   747750.005
  1525:   747751.016   747801.026   748187.009   750104.013   750250.001
  1530:   751234.003   751234.023   751311.005   751574.009   753964.013
  1535:   754128.001   754930.003   754930.023   755024.005   755237.009
  1540:   756327.013   756458.001   757458.018   757642.003   757642.023
  1545:   757686.005   757687.016   757737.026   758090.009   759890.013
  1550:   761554.001   762554.018   763160.003   763160.023   763237.005
  1555:   763452.009   766040.013   766441.001   767004.003   767004.023
  1560:   767169.005   767417.009   770322.013   775123.005   775220.009
  1565:   775775.001   776695.003   776695.023   776782.005   777050.009
  1570:   779285.013   779407.001   780338.003   780338.023   780435.005
  1575:   780675.009   780682.005   780732.009   782738.013   782923.001
  1580:   783909.003   783909.023   783982.005   784201.009   785785.013
  1585:   785922.001   786922.018   786939.003   786939.023   787009.005
  1590:   787010.016   787060.026   787701.009   790563.013   790706.001
  1595:   791662.003   791662.023   791771.005   791955.009   792022.005
  1600:   792026.009   792027.005   792036.009   792046.005   792089.009
  1605:   795424.013   795582.001   796582.003   796582.023   796663.005
  1610:   796664.016   796714.026   797340.009   800517.013   800754.005
  1615:   800759.009   800781.005   800792.009   801196.001   802024.003
  1620:   802024.023   802078.005   802400.009   806081.013   806232.001
  1625:   807126.003   807126.023   807194.005   807417.009   810197.013
  1630:   810341.001   811341.018   811529.003   811529.023   811601.005
  1635:   811602.016   811652.026   812078.009   812805.013   813387.001
  1640:   814369.003   814369.023   814471.005   814761.009   817124.013
  1645:   817271.001   818271.018   818507.003   818507.023   818570.005
  1650:   818571.016   818621.026   819179.009   819826.005   820077.009
  1655:   821924.013   822062.001   823062.018   823083.003   823083.023
  1660:   823176.005   823177.016   823227.026   823801.009   824880.013
  1665:   825287.001   826287.018   826327.003   826327.023   826410.005
  1670:   826411.016   826461.026   826845.009   827464.013   828005.001
  1675:   829005.018   829103.003   829103.023   829176.005   829177.016
  1680:   829227.026   829563.009   830730.013   831066.001   832066.018
  1685:   832206.003   832206.023   832311.005   832312.016   832362.026
  1690:   833202.009   834365.013   834943.001   835926.003   835926.023
  1695:   836023.005   836347.009   838026.013   838150.001   839150.003
  1700:   839150.023   839203.005   839204.016   839254.026   839692.009
  1705:   842057.013   842403.001   843351.003   843351.023   843436.005
  1710:   843701.009   845739.013   845869.001   846869.018   846880.003
  1715:   846880.023   846960.005   846961.016   847011.026   847509.009
  1720:   849164.013   849294.001   850294.018   850411.003   850411.023
  1725:   850475.005   850476.016   850526.026   851293.009   854029.013
  1730:   854188.001   855188.018   855334.003   855334.023   855416.005
  1735:   855417.016   855467.026   855876.009   856970.013   857570.001
  1740:   858433.003   858433.023   858502.005   858746.009   860155.013
  1745:   860279.001   861279.018   861486.003   861486.023   861568.005
  1750:   861569.016   861619.026   862163.009   863422.013   863791.001
  1755:   864791.018   864878.003   864878.023   864909.005   864910.016
  1760:   864960.026   865361.009   866113.013   869216.005   869245.009
  1765:   869352.005   869365.009   870859.001   871846.003   871846.023
  1770:   871870.005   872138.009   874523.013   874684.001   875684.018
  1775:   875818.003   875818.023   875888.005   875889.016   875939.026
  1780:   876381.009   878942.013   879075.001   880075.018   880269.003
  1785:   880269.023   880354.005   880355.016   880405.026   880749.009
  1790:   883153.005   883166.009   883169.005   883399.009   884058.013
  1795:   884347.001   885347.018   885575.003   885575.023   885646.005
  1800:   885647.016   885697.026   886381.009   888200.013   888571.001
  1805:   889571.018   889896.003   889896.023   889979.005   890273.009
  1810:   890278.005   890290.009   891282.013   891770.001   892770.018
  1815:   893193.003   893193.023   893284.005   893514.009   896437.013
  1820:   896578.001   897578.018   897736.003   897736.023   897809.005
  1825:   897810.016   897860.026   898254.009   901163.013   901334.001
  1830:   902334.018   902422.003   902422.023   902483.005   902484.016
  1835:   902486.009   902487.005   902534.026   903003.009   906337.013
  1840:   906481.001   907481.018   907552.003   907552.023   907641.005
  1845:   907642.016   907692.026   908534.009   908550.005   908629.009
  1850:   911695.013   911841.001   912841.018   912862.003   912862.023
  1855:   912950.005   912951.016   913001.026   913499.009   913553.005
  1860:   913555.009   914004.013   971748.005   971780.009   971812.005
  1865:   971834.009   972345.001   972674.003   972674.023   972915.005
  1870:   972942.009   972971.005   972989.009   973021.005   973223.009
  1875:   976918.013  1063532.001  1063886.003  1063886.023  1064018.005
  1880:  1064384.009  1066821.013  1088029.005  1088281.009  1088825.001
  1885:  1089825.018  1090291.003  1090291.023  1090312.005  1090794.009
  1890:  1090811.005  1090817.009  1090852.005  1090867.009  1090891.005
  1895:  1090897.009  1090904.005  1090923.009  1091315.013  1091489.001
  1900:  1092197.003  1092197.023  1092271.005  1092598.009  1094924.013
  1905:  1095062.001  1096062.018  1096106.003  1096106.023  1096147.005
  1910:  1096148.016  1096198.026  1096730.009  1096740.005  1096749.009
  1915:  1096753.005  1096787.009  1099501.013  1099645.001  1100616.003
  1920:  1100616.023  1100720.005  1101015.009  1102523.013  1102666.001
  1925:  1103666.018  1103704.003  1103704.023  1103782.005  1103783.016
  1930:  1103833.026  1104393.009  1104394.005  1104400.009  1104401.005
  1935:  1104406.009  1106136.013  1107515.005  1107641.009  1108188.001
  1940:  1109166.003  1109166.023  1109214.005  1109532.009  1111217.013
  1945:  1137987.001  1138221.003  1138221.023  1138222.001  1138801.003
  1950:  1281573.005  1282192.009  1284076.013  1284216.001  1285153.003
  1955:  1285153.023  1285209.005  1285526.009  1285534.005  1285583.009
  1960:  1288212.013  1288342.001  1289342.018  1289422.003  1289422.023
  1965:  1289487.005  1289488.016  1289538.026  1290071.009  1290841.013
  1970:  1291408.001  1292200.003  1292200.023  1292273.005  1292582.009
  1975:  1293776.013  1293966.001  1294966.018  1294969.003  1294969.023
  1980:  1295035.005  1295036.016  1295086.026  1295502.009  1297239.013
  1985:  1297386.001  1298386.018  1298471.003  1298471.023  1298539.005
  1990:  1298540.016  1298590.026  1299078.009  1299199.005  1299224.009
  1995:  1299231.005  1299291.009  1299389.005  1299417.009  1299451.005
  2000:  1299464.009  1299489.005  1299506.009  1299521.005  1299639.009
  2005:  1299743.013  1299816.005  1299841.009  1300068.005  1300090.009
  2010:  1300599.001  1301599.018  1301634.003  1301634.023  1301703.005
  2015:  1301704.016  1301754.026  1302149.009  1302165.005  1302239.009
  2020:  1304907.013  1305094.001  1306094.018  1306335.003  1306335.023
  2025:  1306427.005  1306428.016  1306478.026  1306880.009  1306907.005
  2030:  1306917.009  1306991.005  1307002.009  1307006.005  1307072.009
  2035:  1307346.005  1307474.009  1310131.013  1310308.001  1311308.018
  2040:  1311504.003  1311504.023  1311567.005  1311568.016  1311618.026
  2045:  1312258.009  1313271.013  1313623.001  1313716.003  1313716.023
  2050:  1313726.001  1314750.003  1333642.005  1333723.009  1337145.013
  2055:  1337342.001  1338342.018  1338418.003  1338418.023  1338455.005
  2060:  1338456.016  1338506.026  1339059.009  1342309.013  1342503.001
  2065:  1343422.003  1343422.023  1343476.005  1343743.009  1343744.005
  2070:  1343757.009  1347479.013  1347636.001  1348636.018  1348730.003
  2075:  1348730.023  1348787.005  1348788.016  1348838.026  1349345.009
  2080:  1349841.013  1350234.001  1351234.018  1351311.003  1351311.023
  2085:  1351373.005  1351374.016  1351424.026  1351833.009  1352927.013
  2090:  1353159.001  1354159.018  1354473.003  1354473.023  1354561.005
  2095:  1354784.009  1356564.013  1356742.001  1357742.018  1357923.003
  2100:  1357923.023  1357987.005  1357988.016  1358038.026  1358511.009
  2105:  1360541.013  1360681.001  1361681.018  1362003.003  1362003.023
  2110:  1362100.005  1362357.009  1364753.013  1364940.001  1365940.018
  2115:  1366256.003  1366256.023  1366289.005  1366550.009  1367592.013
  2120:  1367744.001  1368744.018  1368761.003  1368761.023  1368803.005
  2125:  1368804.016  1368854.026  1369424.009  1370507.013  1370668.001
  2130:  1371668.018  1371832.003  1371832.023  1371876.005  1371877.016
  2135:  1371927.026  1372270.009  1373080.013  1373389.001  1374389.018
  2140:  1374698.003  1374698.023  1374785.005  1375003.009  1376938.013
  2145:  1377146.001  1378146.018  1378468.003  1378468.023  1378530.005
  2150:  1378838.009  1381333.013  1381463.001  1382463.018  1382606.003
  2155:  1382606.023  1382683.005  1382684.016  1382734.026  1383358.009
  2160:  1383386.005  1383410.009  1385737.013  1388563.005  1388721.009
  2165:  1388732.005  1388739.009  1389163.001  1390163.018  1390211.003
  2170:  1390211.023  1390240.005  1390241.016  1390291.026  1390729.009
  2175:  1393594.013  1393717.001  1394717.018  1394936.003  1394936.023
  2180:  1395022.005  1395023.016  1395073.026  1395482.009  1395608.005
  2185:  1395658.009  1396876.013  1397257.001  1398257.018  1398503.003
  2190:  1398503.023  1398580.005  1398581.016  1398631.026  1399378.009
  2195:  1401784.013  1401920.001  1402920.018  1403154.003  1403154.023
  2200:  1403231.005  1403232.016  1403282.026  1403852.009  1403929.005
  2205:  1403935.009  1406785.013  1406983.001  1407983.018  1408129.003
  2210:  1408129.023  1408188.005  1408189.016  1408239.026  1408748.009
  2215:  1411892.013  1412041.001  1413041.018  1413064.003  1413064.023
  2220:  1413128.005  1413129.016  1413179.026  1413869.009  1413874.005
  2225:  1413879.009  1415482.013  1415879.001  1416740.003  1416740.023
  2230:  1416816.005  1417118.009  1420619.013  1420760.001  1421760.018
  2235:  1421836.003  1421836.023  1421879.005  1421880.016  1421930.026
  2240:  1422426.009  1425933.013  1426048.001  1427048.018  1427107.003
  2245:  1427107.023  1427152.005  1427153.016  1427203.026  1427635.009
  2250:  1431006.013  1431135.001  1431604.003  1431604.023  1431608.001
  2255:  1432246.003  1432475.005  1432486.009  1432505.005  1432892.009
  2260:  1433628.013  1433778.001  1434778.018  1435114.003  1435114.023
  2265:  1435160.005  1435444.009  1435452.005  1435457.009  1436963.013
  2270:  1437106.001  1438106.018  1438442.003  1438442.023  1438502.005
  2275:  1438829.009  1439505.013  1439621.001  1440621.018  1440937.003
  2280:  1440937.023  1440986.005  1441241.009  1441252.005  1441257.009
  2285:  1442989.013  1443130.001  1444130.018  1444222.003  1444222.023
  2290:  1444286.005  1444287.016  1444337.026  1444835.009  1446640.013
  2295:  1446809.001  1447809.018  1447911.003  1447911.023  1447950.005
  2300:  1447951.016  1448001.026  1448458.009  1448511.005  1448521.009
  2305:  1449304.013  1449972.001  1450029.003  1450029.023  1450040.001
  2310:  1450617.003  1450823.005  1450873.009  1450882.005  1450901.009
  2315:  1452976.013  1454038.005  1454233.009  1455183.001  1456183.018
  2320:  1456203.003  1456203.023  1456247.005  1456248.016  1456298.026
  2325:  1456813.009  1457543.005  1457739.009  1457801.013  1459408.001
  2330:  1460312.003  1460312.023  1460355.005  1460722.009  1463008.013
  2335:  1463178.001  1464178.018  1464319.003  1464319.023  1464374.005
  2340:  1464375.016  1464425.026  1464996.009  1466928.013  1467214.001
  2345:  1468214.018  1468387.003  1468387.023  1468430.005  1468431.016
  2350:  1468481.026  1468914.009  1468978.005  1468982.009  1471284.013
  2355:  1472078.001  1473001.003  1473001.023  1473060.005  1473305.009
  2360:  1473359.005  1473362.009  1476063.013  1476216.001  1477216.018
  2365:  1477314.003  1477314.023  1477367.005  1477368.016  1477418.026
  2370:  1478139.009  1480571.013  1482593.001  1483459.003  1483459.023
  2375:  1483533.005  1484072.009  1486836.013  1486977.001  1487977.018
  2380:  1488000.003  1488000.023  1488068.005  1488069.016  1488119.026
  2385:  1488543.009  1488612.005  1488616.009  1489772.013  1491293.001
  2390:  1492293.018  1492357.003  1492357.023  1492423.005  1492424.016
  2395:  1492474.026  1492992.009  1495977.013  1496102.001  1497102.018
  2400:  1497117.003  1497117.023  1497183.005  1497184.016  1497234.026
  2405:  1497783.009
B:
     0:        0.000      292.000        0.000      292.000        0.000
     5:      383.000        0.000        0.000        0.000      383.000
    10:        0.000        1.000        0.000      285.000        0.000
    15:        0.000      153.000        0.000      179.000        0.000
    20:        0.000        0.000        0.000      285.000        0.000
    25:        0.000      153.000        0.000        0.000        0.000
    30:        0.000
D:
     0:  1600927.000  1599913.000  1600928.000
E:
     0:     1000.000     1000.000     1250.000
P:
     0:        2.000        2.300        2.600        3.000        3.300
     5:        3.600        4.000        4.300        4.600        5.000
    10:        5.300        5.600        6.000        6.300        6.600
    15:        7.000        7.300        7.600        8.000
T:
     0:        0.000        0.000        0.000        0.000
W:
     0:        0.000        0.000        0.000
