File: C:\MED-PC IV\Data\Reyes\BD\BD5117.999


Start Date: 04/24/26
End Date: 04/24/26
Subject: 117
Experiment: BD
Group: ERROR_M
Box: 1
Start Time: 10:44:37
End Time: 11:34:38
MSN: DRRD_precisao
C:       0.000
F:       0.000
G:       0.000
H:       0.000
I:       0.000
J:       0.000
K:    2000.000
L:       0.000
M:       0.000
N:       0.000
O:       0.000
Q:       0.000
R:       0.000
S:    2500.000
U:   58738.000
V:       0.000
X:    3800.000
Y:    1377.000
Z:       0.000
A:
     0:    58532.005      329.009      492.005      503.009      516.005
     5:      615.009     3917.005     3951.009     4217.005     4261.009
    10:    15000.013    15000.011    16477.005    16997.009    17262.001
    15:    17454.003    17454.023    17538.005    17660.009    19621.005
    20:    19699.009    19793.005    19978.009    19988.005    20001.009
    25:    20121.005    20129.009    20213.005    20247.009    20541.013
    30:    20695.001    21695.018    21734.003    21734.023    21802.005
    35:    21803.016    21853.026    22512.009    22542.005    22549.009
    40:    23506.013    23597.001    24375.003    24375.023    24435.005
    45:    24699.009    25438.013    25499.001    26499.018    26521.003
    50:    26521.023    26579.005    26580.016    26630.026    27077.009
    55:    27108.005    27297.009    28933.013    28996.001    29996.018
    60:    30038.003    30038.023    30087.005    30088.016    30138.026
    65:    30761.009    30781.005    30816.009    32141.013    32215.001
    70:    33119.003    33119.023    33188.005    33518.009    35691.013
    75:    35746.001    36746.018    36927.003    36927.023    36983.005
    80:    36984.016    37034.026    37581.009    39837.013    39910.001
    85:    40910.018    40933.003    40933.023    41005.005    41006.016
    90:    41056.026    41539.009    41560.005    41580.009    41609.005
    95:    41638.009    42209.013    42314.001    43241.003    43241.023
   100:    43323.005    43532.009    46476.013    46580.001    47580.018
   105:    47767.003    47767.023    47880.005    47881.016    47931.026
   110:    48427.009    48604.005    48616.009    48633.005    48664.009
   115:    51234.013    51320.001    52320.018    52470.003    52470.023
   120:    52549.005    52550.016    52600.026    53193.009    56103.013
   125:    56172.001    57137.003    57137.023    57227.005    57517.009
   130:    57522.005    57530.009    61030.013    61121.001    62121.018
   135:    62565.003    62565.023    62656.005    62873.009    62908.005
   140:    62914.009    66659.013    66728.001    67728.018    67933.003
   145:    67933.023    68026.005    68027.016    68077.026    68473.009
   150:    69580.013    69672.001    70672.018    70850.003    70850.023
   155:    70950.005    70951.016    71001.026    71226.009    73154.013
   160:    73214.001    74214.018    74269.003    74269.023    74347.005
   165:    74348.016    74398.026    74545.009    75701.013    75794.001
   170:    76794.018    76992.003    76992.023    77089.005    77090.016
   175:    77140.026    77351.009    79793.013    79874.001    80874.018
   180:    81102.003    81102.023    81191.005    81192.016    81242.026
   185:    81731.009    81776.005    81804.009    83045.013    83236.001
   190:    84224.003    84224.023    84323.005    84984.009    87976.013
   195:    88064.001    89064.018    89322.003    89322.023    89382.005
   200:    89604.009    89640.005    89659.009    89680.005    89687.009
   205:    90685.013    90793.001    91793.018    92634.003    92634.023
   210:    92748.005    92904.009    92922.005    92931.009    94751.013
   215:    94830.001    95830.018    95947.003    95947.023    96048.005
   220:    96049.016    96099.026    96782.009    96791.005    96823.009
   225:    96837.005    96943.009    98252.013    98336.001    99274.003
   230:    99274.023    99356.005    99565.009   101859.013   101954.001
   235:   102954.018   103046.003   103046.023   103155.005   103156.016
   240:   103206.026   103688.009   104069.005   104357.009   104360.005
   245:   104416.009   104420.005   104434.009   104444.005   104644.009
   250:   106009.013   106063.001   107063.018   107203.003   107203.023
   255:   107281.005   107282.016   107332.026   107722.009   107793.005
   260:   107930.009   108335.013   108492.001   109442.003   109442.023
   265:   109533.005   109802.009   109913.005   109946.009   110686.013
   270:   110738.001   111738.018   111944.003   111944.023   112047.005
   275:   112048.016   112098.026   112751.009   112792.005   112845.009
   280:   112956.005   112992.009   113017.005   113086.009   113901.013
   285:   114004.001   115004.018   115095.003   115095.023   115192.005
   290:   115193.016   115243.026   115649.009   118246.013   118335.001
   295:   119335.018   119598.003   119598.023   119679.005   119853.009
   300:   122982.013   123117.001   124117.018   124195.003   124195.023
   305:   124273.005   124274.016   124324.026   124927.009   128127.013
   310:   128204.001   129009.003   129009.023   129112.005   129322.009
   315:   131765.013   131834.001   132834.018   132896.003   132896.023
   320:   133012.005   133013.016   133063.026   133558.009   137066.013
   325:   137130.001   138130.018   138235.003   138235.023   138307.005
   330:   138308.016   138358.026   138798.009   138918.005   139032.009
   335:   139861.013   139976.001   140825.003   140825.023   140932.005
   340:   141090.009   141325.005   141435.009   144585.013   144672.001
   345:   145672.018   145681.003   145681.023   145757.005   145758.016
   350:   145808.026   146209.009   146246.005   146489.009   149311.013
   355:   149391.001   150206.003   150206.023   150299.005   150494.009
   360:   152602.013   152688.001   152707.003   152707.023   152721.001
   365:   152766.003   153447.005   153492.009   155100.013   163940.001
   370:   164774.003   164774.023   164843.005   165021.009   166195.005
   375:   166367.009   167996.013   168070.001   169037.003   169037.023
   380:   169131.005   169467.009   172134.013   172250.001   173250.018
   385:   173372.003   173372.023   173443.005   173444.016   173494.026
   390:   173958.009   173978.005   173988.009   174121.005   174519.009
   395:   174647.013   174945.001   175859.003   175859.023   175969.005
   400:   176093.009   177472.013   177561.001   178519.003   178519.023
   405:   178614.005   179073.009   179617.013   179774.001   180613.003
   410:   180613.023   180726.005   180889.009   180979.005   181075.009
   415:   181191.005   181700.009   182029.013   182204.001   183184.003
   420:   183184.023   183278.005   183580.009   183617.005   183672.009
   425:   185781.013   185905.001   186773.003   186773.023   186863.005
   430:   187124.009   187460.005   187703.009   187726.005   187897.009
   435:   189516.013   189610.001   190498.003   190498.023   190590.005
   440:   190872.009   190917.005   190928.009   193393.013   193499.001
   445:   194492.003   194492.023   194603.005   194821.009   196606.013
   450:   196732.001   197656.003   197656.023   197737.005   197985.009
   455:   199390.013   199505.001   200500.003   200500.023   200583.005
   460:   200847.009   203736.013   203821.001   204821.018   205005.003
   465:   205005.023   205104.005   205105.016   205155.026   205661.009
   470:   205665.005   205753.009   205772.005   205793.009   206958.013
   475:   207087.001   208087.018   208102.003   208102.023   208187.005
   480:   208188.016   208238.026   208742.009   208822.005   208869.009
   485:   208881.005   208928.009   210541.013   210635.001   211553.003
   490:   211553.023   211618.005   212069.009   213771.013   213877.001
   495:   214877.018   215018.003   215018.023   215168.005   215169.016
   500:   215219.026   215644.009   215735.005   215770.009   215962.005
   505:   216034.009   218522.013   218632.001   219583.003   219583.023
   510:   219661.005   219886.009   223164.013   225189.001   225919.003
   515:   225919.023   225989.005   226334.009   226358.005   226406.009
   520:   229642.013   229751.001   230581.003   230581.023   230695.005
   525:   231219.009   231250.005   231267.009   231295.005   231339.009
   530:   234498.013   234578.001   235174.003   235174.023   235266.005
   535:   235465.009   239269.013   239331.001   240276.003   240276.023
   540:   240352.005   240680.009   242355.013   242451.001   243358.003
   545:   243358.023   243452.005   243631.009   244455.013   244542.001
   550:   245542.018   245716.003   245716.023   245820.005   245821.016
   555:   245871.026   246414.009   246448.005   246617.009   247374.013
   560:   247666.001   248663.003   248663.023   248746.005   248977.009
   565:   251249.013   251324.001   252324.018   252542.003   252542.023
   570:   252636.005   252637.016   252687.026   253158.009   255490.013
   575:   255556.001   256443.003   256443.023   256533.005   256737.009
   580:   256758.005   256793.009   260036.013   260164.001   261164.018
   585:   261350.003   261350.023   261459.005   261460.016   261510.026
   590:   262199.009   262410.005   262418.009   263163.013   263353.001
   595:   264255.003   264255.023   264355.005   264522.009   266158.013
   600:   266235.001   267235.018   267400.003   267400.023   267489.005
   605:   267490.016   267540.026   268226.009   268235.005   268439.009
   610:   270543.013   270654.001   271510.003   271510.023   271595.005
   615:   271793.009   271834.005   271898.009   272898.013   272950.001
   620:   273950.018   274150.003   274150.023   274258.005   274259.016
   625:   274309.026   275658.009   275695.005   275838.009   276612.013
   630:   276931.001   277931.018   278101.003   278101.023   278216.005
   635:   278217.016   278267.026   278871.009   278877.005   279003.009
   640:   279059.005   279128.009   279182.005   279195.009   279247.005
   645:   279361.009   281420.013   281530.001   282376.003   282376.023
   650:   282484.005   282643.009   284637.013   284784.001   285672.003
   655:   285672.023   285765.005   286028.009   286288.005   286309.009
   660:   286918.013   287192.001   288135.003   288135.023   288250.005
   665:   288378.009   290903.013   290972.001   291972.018   292084.003
   670:   292084.023   292169.005   292170.016   292220.026   292737.009
   675:   292740.005   292792.009   292920.005   292985.009   295523.013
   680:   295597.001   296597.018   296616.003   296616.023   296717.005
   685:   296718.016   296768.026   297478.009   297511.005   297571.009
   690:   297625.005   297657.009   297688.005   297807.009   300421.013
   695:   300526.001   301526.018   301615.003   301615.023   301723.005
   700:   301724.016   301774.026   302276.009   302682.005   302784.009
   705:   305577.013   305681.001   306652.003   306652.023   306755.005
   710:   307024.009   310758.013   310860.001   311860.018   311904.003
   715:   311904.023   312020.005   312021.016   312071.026   312622.009
   720:   314074.013   314541.001   315436.003   315436.023   315568.005
   725:   315683.009   318721.013   318774.001   319774.018   319830.003
   730:   319830.023   319946.005   319947.016   319997.026   320532.009
   735:   320565.005   320586.009   321150.013   321337.001   322337.018
   740:   322346.003   322346.023   322457.005   322458.016   322508.026
   745:   323586.009   323684.005   323710.009   324661.013   325011.001
   750:   325916.003   325916.023   326019.005   326260.009   327322.013
   755:   327589.001   328589.018   328648.003   328648.023   328751.005
   760:   328752.016   328802.026   329395.009   329471.005   329490.009
   765:   331105.013   331310.001   332245.003   332245.023   332353.005
   770:   332548.009   334856.013   335029.001   335873.003   335873.023
   775:   335985.005   336193.009   338988.013   339061.001   339906.003
   780:   339906.023   340020.005   340252.009   343323.013   462879.005
   785:   462905.009   464162.001   464342.003   464342.023   464636.005
   790:   464888.009   468289.013   468367.001   469367.018   469436.003
   795:   469436.023   469518.005   469519.016   469569.026   470495.009
   800:   470558.005   470604.009   473372.013   473490.001   474287.003
   805:   474287.023   474393.005   474613.009   477196.013   477316.001
   810:   478209.003   478209.023   478295.005   478852.009   482298.013
   815:   482375.001   483245.003   483245.023   483347.005   483545.009
   820:   484350.013   484422.001   485422.018   485912.003   485912.023
   825:   486009.005   486218.009   488662.013   488747.001   489747.018
   830:   489920.003   489920.023   490012.005   490013.016   490063.026
   835:   490693.009   491123.005   491136.009   493566.013   493695.001
   840:   494695.018   494766.003   494766.023   494849.005   494850.016
   845:   494900.026   495614.009   495719.005   495999.009   496403.013
   850:   496908.001   497841.003   497841.023   497940.005   498092.009
   855:   499593.013   499735.001   500735.018   500853.003   500853.023
   860:   500964.005   500965.016   501015.026   501926.009   502220.005
   865:   502278.009   502279.005   502287.009   502289.005   502316.009
   870:   502329.005   502353.009   502818.013   503078.001   504078.018
   875:   504143.003   504143.023   504244.005   504245.016   504295.026
   880:   504749.009   504762.005   504832.009   505298.013   506145.001
   885:   506329.003   506329.023   506473.005   506600.009   507626.013
   890:   507789.001   508789.018   508950.003   508950.023   509049.005
   895:   509050.016   509100.026   509863.009   509870.005   509986.009
   900:   510004.005   510066.009   510079.005   510097.009   511253.013
   905:   512072.001   512334.003   512334.023   512440.005   512618.009
   910:   512658.005   512701.009   514943.013   519108.001   520108.018
   915:   520307.003   520307.023   520418.005   520419.016   520469.026
   920:   521014.009   521025.005   521116.009   521224.005   521283.009
   925:   521285.005   521362.009   521489.005   521567.009   522272.013
   930:   522529.001   522610.003   522610.023   522623.001   522726.003
   935:   533449.005   533856.009   533909.005   533925.009   536602.013
   940:   536683.001   537683.018   538019.003   538019.023   538115.005
   945:   538279.009   538304.005   538323.009   541418.013   541512.001
   950:   542512.018   542568.003   542568.023   542658.005   542659.016
   955:   542709.026   543266.009   543274.005   543381.009   544362.013
   960:   544493.001   545493.018   545565.003   545565.023   545660.005
   965:   545661.016   545711.026   546284.009   546319.005   546422.009
   970:   546564.005   546713.009   547014.013   547437.001   548234.003
   975:   548234.023   548338.005   548549.009   550991.013   551081.001
   980:   552081.018   552093.003   552093.023   552168.005   552169.016
   985:   552219.026   552833.009   552927.005   552976.009   553113.005
   990:   553340.009   553352.005   553377.009   555222.013   555378.001
   995:   556378.018   556395.003   556395.023   556465.005   556466.016
  1000:   556516.026   557337.009   557446.005   557592.009   557877.005
  1005:   557972.009   558073.005   558078.009   558819.013   559156.001
  1010:   560021.003   560021.023   560118.005   560361.009   560492.005
  1015:   560520.009   563621.013   563701.001   564701.018   564831.003
  1020:   564831.023   564940.005   564941.016   564991.026   565516.009
  1025:   565544.005   565698.009   565704.005   565950.009   566056.005
  1030:   566093.009   568644.013   568764.001   569745.003   569745.023
  1035:   569861.005   570071.009   570124.005   570164.009   573664.013
  1040:   573741.001   574741.018   574747.003   574747.023   574848.005
  1045:   574849.016   574899.026   575435.009   577702.013   578153.001
  1050:   578708.003   578708.023   578832.005   579010.009   582835.013
  1055:   582908.001   583908.018   583963.003   583963.023   584065.005
  1060:   584066.016   584116.026   584996.009   585053.005   585203.009
  1065:   585619.013   586113.001   586828.003   586828.023   586969.005
  1070:   587136.009   588972.013   589149.001   590053.003   590053.023
  1075:   590174.005   590342.009   590363.005   590388.009   590703.005
  1080:   590720.009   593327.013   745350.005   745359.009   745365.005
  1085:   745627.009   755393.001   756393.018   756507.003   756507.023
  1090:   756611.005   756612.016   756662.026   757128.009   757180.005
  1095:   757403.009   759665.013   759746.001   760610.003   760610.023
  1100:   760674.005   760889.009   764177.013   764247.001   765197.003
  1105:   765197.023   765298.005   765577.009   765580.005   765726.009
  1110:   765740.005   765832.009   766601.013   766665.001   767665.018
  1115:   767688.003   767688.023   767778.005   767779.016   767829.026
  1120:   768454.009   768477.005   768583.009   768646.005   768775.009
  1125:   768832.013   768922.005   769013.009   769139.005   769179.009
  1130:   769625.001   770524.003   770524.023   770626.005   770798.009
  1135:   772129.013   772258.001   772444.003   772444.023   772446.001
  1140:   772553.003   775745.005   775830.009   775887.005   776089.009
  1145:   779548.013   779622.001   780622.018   780777.003   780777.023
  1150:   780857.005   780858.016   780908.026   781662.009   781680.005
  1155:   781799.009   784211.013   784294.001   785032.003   785032.023
  1160:   785119.005   785405.009   785411.005   785587.009   786772.013
  1165:   786851.001   787851.018   788041.003   788041.023   788137.005
  1170:   788138.016   788188.026   788761.009   788798.005   789452.009
  1175:   789465.005   789525.009   790691.013   790824.001   791824.018
  1180:   791892.003   791892.023   791984.005   791985.016   792035.026
  1185:   792849.009   792972.005   793030.009   794688.013   794889.001
  1190:   795748.003   795748.023   795842.005   796058.009   797845.013
  1195:   797908.001   798908.003   798908.023   798999.005   799000.016
  1200:   799050.026   800020.009   800217.005   800243.009   800372.005
  1205:   800395.009   801853.013   801993.001   802947.003   802947.023
  1210:   803051.005   803310.009   803332.005   803342.009   806704.013
  1215:   806800.001   807741.003   807741.023   807828.005   808083.009
  1220:   808214.005   808224.009   811831.013   811915.001   812915.018
  1225:   812995.003   812995.023   813085.005   813086.016   813136.026
  1230:   813721.009   813774.005   813791.009   813795.005   814001.009
  1235:   814939.013   815211.001   816211.018   816297.003   816297.023
  1240:   816390.005   816391.016   816441.026   817110.009   817196.005
  1245:   817232.009   817272.005   817384.009   818594.013   818976.001
  1250:   819637.003   819637.023   819757.005   819964.009   820910.013
  1255:   821089.001   821888.003   821888.023   821990.005   822221.009
  1260:   824293.013   824363.001   825363.018   825478.003   825478.023
  1265:   825587.005   825588.016   825638.026   826282.009   826384.005
  1270:   826439.009   826707.005   826791.013   826871.009   827120.005
  1275:   827151.009   827765.001   828765.018   828788.003   828788.023
  1280:   828916.005   828917.016   828967.026   829810.009   829813.005
  1285:   829840.009   829932.005   830096.009   831352.005   831372.009
  1290:   831770.013   832520.001   833520.018   833593.003   833593.023
  1295:   833701.005   833702.016   833752.026   834593.009   834612.005
  1300:   834674.009   836755.013   836997.001   837785.003   837785.023
  1305:   837895.005   838042.009   838139.005   838160.009   840048.013
  1310:   840130.001   840975.003   840975.023   841081.005   841248.009
  1315:   844384.013  1201102.005  1201607.009  1345709.005  1346033.009
  1320:  1346054.005  1346122.009  1387212.005  1387311.009  1439996.005
  1325:  1440093.009  1441891.005  1442233.009  1442566.001  1443253.003
  1330:  1443253.023  1443333.005  1443573.009  1444336.013  1444398.001
  1335:  1445113.003  1445113.023  1445197.005  1445403.009  1448700.013
  1340:  1448775.001  1449775.018  1449812.003  1449812.023  1449889.005
  1345:  1449890.016  1449940.026  1450660.009  1452593.013  1452704.001
  1350:  1453704.018  1453805.003  1453805.023  1453900.005  1453901.016
  1355:  1453951.026  1454412.009  1457104.013  1457570.005  1457578.009
  1360:  1458031.001  1458747.003  1458747.023  1458844.005  1459225.009
  1365:  1462497.013  1462588.001  1463521.003  1463521.023  1463600.005
  1370:  1463837.009  1467403.013  1467457.001  1467492.003  1467492.023
  1375:  1467500.001  1467579.003
B:
     0:        0.000      149.000        0.000      149.000        0.000
     5:      294.000        0.000        0.000        0.000      294.000
    10:        0.000        1.000        0.000      145.000        0.000
    15:        0.000       65.000        0.000       70.000        0.000
    20:        0.000        0.000        0.000      145.000        0.000
    25:        0.000       65.000        0.000        0.000        0.000
    30:        0.000
D:
     0:  1526229.000  1526195.000  1526230.000
E:
     0:     1000.000     1000.000     1250.000
P:
     0:        2.000        2.300        2.600        3.000        3.300
     5:        3.600        4.000        4.300        4.600        5.000
    10:        5.300        5.600        6.000        6.300        6.600
    15:        7.000        7.300        7.600        8.000
T:
     0:        0.000        0.000        0.000        0.000
W:
     0:        0.000        0.000        0.000
