File: C:\MED-PC IV\Data\Reyes\BD\BD5120.999


Start Date: 04/20/26
End Date: 04/20/26
Subject: 120
Experiment: BD
Group: ERROR_M
Box: 4
Start Time: 11:31:24
End Time: 12:21:24
MSN: DRRD_precisao
C:       0.000
F:       0.000
G:       0.000
H:       0.000
I:       0.000
J:       0.000
K:    2000.000
L:       0.000
M:       0.000
N:       1.000
O:       0.000
Q:       0.000
R:       0.000
S:    2500.000
U:  103811.000
V:       0.000
X:    1150.000
Y:    1784.000
Z:       0.000
A:
     0:    13295.005    13616.009    15000.013    15000.011    15806.001
     5:    16195.003    16195.023    16273.005    16321.009    19926.013
    10:    20144.001    21005.003    21005.023    21041.005    21239.009
    15:    24844.013    25102.001    26102.018    26131.003    26131.023
    20:    26178.005    26179.016    26229.026    26902.009    28532.013
    25:    28746.001    29746.018    29763.003    29763.023    29817.005
    30:    29818.016    29868.026    30557.009    31171.013    31409.001
    35:    32409.018    32572.003    32572.023    32616.005    32617.016
    40:    32667.026    33267.009    35170.013    35401.001    36245.003
    45:    36245.023    36309.005    36589.009    40312.013    40706.001
    50:    41706.018    41735.003    41735.023    41798.005    41799.016
    55:    41849.026    42208.009    43652.013    43907.001    44904.003
    60:    44904.023    44963.005    45290.009    47116.013    47382.001
    65:    48382.018    48432.003    48432.023    48501.005    48502.016
    70:    48552.026    49045.009    49705.013    49864.001    50864.018
    75:    50870.003    50870.023    50964.005    50965.016    51015.026
    80:    51422.009    53818.013    54172.001    55172.018    55221.003
    85:    55221.023    55275.005    55276.016    55326.026    56332.009
    90:    58629.013    58883.001    59698.003    59698.023    59768.005
    95:    59980.009    61271.013    61492.001    61876.003    61876.023
   100:    61907.001    62064.003    70134.005    70241.009    73637.013
   105:    73889.001    74662.003    74662.023    74733.005    74959.009
   110:    75736.013    76028.001    76814.003    76814.023    76870.005
   115:    77074.009    78523.013    78852.001    79661.003    79661.023
   120:    79711.005    80018.009    81714.013    81940.001    82625.003
   125:    82625.023    82680.005    82923.009    85333.013    85546.001
   130:    86546.018    86664.003    86664.023    86686.005    86687.016
   135:    86737.026    87117.009    89740.013    89883.001    90876.003
   140:    90876.023    90934.005    91158.009    94087.013    94431.001
   145:    95426.003    95426.023    95480.005    95771.009    98483.013
   150:    98844.001    99731.003    99731.023    99796.005   100032.009
   155:   102949.013   103170.001   104170.018   104224.003   104224.023
   160:   104277.005   104278.016   104328.026   104880.009   107981.013
   165:   108240.001   108248.003   108248.023   108300.001   108375.003
   170:   116661.005   116790.009   117664.013   117913.001   118913.018
   175:   119130.003   119130.023   119180.005   119181.016   119231.026
   180:   119580.009   123234.013   123424.001   124321.003   124321.023
   185:   124380.005   124634.009   127033.013   127321.001   128321.018
   190:   128435.003   128435.023   128461.005   128462.016   128512.026
   195:   128914.009   128950.005   128960.009   130665.013   130846.001
   200:   131696.003   131696.023   131770.005   132062.009   134073.013
   205:   134266.001   135266.018   135287.003   135287.023   135390.005
   210:   135391.016   135441.026   135841.009   139244.013   139454.001
   215:   140454.018   140875.003   140875.023   140931.005   141237.009
   220:   142734.013   142910.001   143910.018   143993.003   143993.023
   225:   144053.005   144054.016   144104.026   144505.009   145257.013
   230:   145609.001   146412.003   146412.023   146478.005   146660.009
   235:   149281.013   149470.001   150470.018   150836.003   150836.023
   240:   150909.005   151116.009   154212.013   154459.001   155459.018
   245:   155722.003   155722.023   155772.005   156196.009   159275.013
   250:   159611.001   160611.018   160624.003   160624.023   160677.005
   255:   160678.016   160728.026   161114.009   161210.005   161476.009
   260:   162031.013   162235.001   163235.018   163253.003   163253.023
   265:   163316.005   163317.016   163367.026   163667.009   164870.013
   270:   166693.001   167659.003   167659.023   167692.005   167965.009
   275:   167977.005   168052.009   169345.013   169734.001   170657.003
   280:   170657.023   170717.005   171023.009   172720.013   173104.001
   285:   174024.003   174024.023   174079.005   174242.009   176582.013
   290:   178517.001   179501.003   179501.023   179544.005   179833.009
   295:   183547.013   183750.001   184750.018   184960.003   184960.023
   300:   185010.005   185011.016   185061.026   185814.009   188064.013
   305:   188253.001   189068.003   189068.023   189135.005   189342.009
   310:   190138.013   190351.001   191206.003   191206.023   191258.005
   315:   191552.009   194411.013   194673.001   195673.018   195884.003
   320:   195884.023   195931.005   195932.016   195982.026   196617.009
   325:   196642.005   196707.009   199485.013   199764.001   200764.018
   330:   200870.003   200870.023   200920.005   200921.016   200971.026
   335:   201330.009   202774.013   202993.001   203993.018   204210.003
   340:   204210.023   204298.005   204299.016   204349.026   205013.009
   345:   208002.013   208225.001   209125.003   209125.023   209169.005
   350:   209440.009   211472.013   211779.001   212779.018   212838.003
   355:   212838.023   212891.005   212892.016   212942.026   213665.009
   360:   213683.005   213688.009   214095.013   214423.001   215423.018
   365:   215500.003   215500.023   215563.005   215564.016   215614.026
   370:   216283.009   218117.013   218300.001   219182.003   219182.023
   375:   219243.005   219412.009   220546.013   220742.001   221679.003
   380:   221679.023   221751.005   222134.009   224404.013   224600.001
   385:   225600.018   226000.003   226000.023   226058.005   226285.009
   390:   228211.013   228489.001   229489.018   229698.003   229698.023
   395:   229747.005   229748.016   229798.026   230213.009   233101.013
   400:   233262.001   234262.018   234462.003   234462.023   234510.005
   405:   234511.016   234561.026   235008.009   236214.013   236432.001
   410:   237415.003   237415.023   237485.005   237691.009   240288.013
   415:   240703.001   241628.003   241628.023   241694.005   242034.009
   420:   243697.013   243937.001   244826.003   244826.023   244912.005
   425:   245112.009   245221.005   245606.009   248715.013   248950.001
   430:   249950.018   250096.003   250096.023   250149.005   250150.016
   435:   250200.026   250569.009   251703.013   251907.001   252898.003
   440:   252898.023   252959.005   253534.009   254612.013   255109.001
   445:   256109.018   256263.003   256263.023   256330.005   256331.016
   450:   256381.026   257465.009   257483.005   257508.009   258534.013
   455:   258750.001   259750.018   260088.003   260088.023   260178.005
   460:   260440.009   263181.013   263467.001   263516.003   263516.023
   465:   263577.001   263624.003   273687.005   273810.009   275190.013
   470:   275402.001   276315.003   276315.023   276355.005   276597.009
   475:   279858.013   280071.001   281005.003   281005.023   281055.005
   480:   281264.009   284858.013   285083.001   286083.018   286220.003
   485:   286220.023   286274.005   286275.016   286325.026   286732.009
   490:   289478.013   289565.001   289583.003   289583.023   289635.001
   495:   289666.003   304909.005   305162.009   306212.013   306398.001
   500:   307398.018   307598.003   307598.023   307656.005   307657.016
   505:   307707.026   308165.009   311010.013   311188.001   312188.018
   510:   312189.003   312189.023   312254.005   312255.016   312305.026
   515:   312659.009   316308.013   316573.001   317573.018   317618.003
   520:   317618.023   317674.005   317675.016   317725.026   318166.009
   525:   319528.013   319941.001   320941.018   321178.003   321178.023
   530:   321231.005   321232.016   321282.026   322304.009   322327.005
   535:   322359.009   322435.013   323160.001   324160.018   324249.003
   540:   324249.023   324319.005   324320.016   324370.026   325090.009
   545:   326373.013   326603.001   327603.018   327863.003   327863.023
   550:   327945.005   328218.009   330248.013   330661.001   331661.018
   555:   331738.003   331738.023   331793.005   331794.016   331844.026
   560:   332414.009   332433.005   332440.009   334347.013   334547.001
   565:   335547.018   335670.003   335670.023   335742.005   335743.016
   570:   335793.026   336226.009   338446.013   338639.001   339639.018
   575:   339675.003   339675.023   339756.005   339757.016   339807.026
   580:   340212.009   342610.013   342836.001   343836.018   343873.003
   585:   343873.023   343962.005   343963.016   344013.026   344335.009
   590:   347666.013   347880.001   348880.018   349287.003   349287.023
   595:   349348.005   349658.009   350351.013   350744.001   351744.018
   600:   351808.003   351808.023   351864.005   351865.016   351915.026
   605:   352330.009   355918.013   356127.001   357127.018   357333.003
   610:   357333.023   357397.005   357398.016   357448.026   357900.009
   615:   358951.013   359249.001   360249.018   360466.003   360466.023
   620:   360528.005   360529.016   360579.026   360952.009   361582.013
   625:   361988.001   362988.018   363110.003   363110.023   363195.005
   630:   363196.016   363246.026   363633.009   365249.013   365461.001
   635:   366339.003   366339.023   366414.005   366619.009   368917.013
   640:   369167.001   370167.018   370171.003   370171.023   370244.005
   645:   370245.016   370295.026   370634.009   372948.013   373177.001
   650:   374177.018   374268.003   374268.023   374333.005   374334.016
   655:   374384.026   374775.009   374802.005   374880.009   376687.013
   660:   376856.001   377848.003   377848.023   377930.005   378222.009
   665:   379583.013   379762.001   380720.003   380720.023   380806.005
   670:   381003.009   382959.013   383172.001   384172.018   384288.003
   675:   384288.023   384347.005   384348.016   384398.026   384742.009
   680:   387701.013   388144.001   389142.003   389142.023   389208.005
   685:   389554.009   391011.013   391636.001   392540.003   392540.023
   690:   392599.005   392821.009   395602.013   395807.001   396761.003
   695:   396761.023   396825.005   397074.009   397093.005   397106.009
   700:   400328.013   400460.001   401460.018   401666.003   401666.023
   705:   401723.005   401724.016   401774.026   402325.009   404577.013
   710:   404820.001   405820.018   405943.003   405943.023   406043.005
   715:   406044.016   406094.026   406463.009   407247.013   407743.001
   720:   408743.018   409270.003   409270.023   409350.005   409574.009
   725:   409585.005   409758.009   412503.013   412818.001   413809.003
   730:   413809.023   413867.005   414089.009   415170.013   415411.001
   735:   416411.018   416899.003   416899.023   416956.005   417302.009
   740:   420759.013   421006.001   421995.003   421995.023   422061.005
   745:   422268.009   422320.005   422354.009   425714.013   425915.001
   750:   426915.018   427375.003   427375.023   427440.005   427659.009
   755:   427682.005   427729.009   429593.013   429824.001   430824.018
   760:   431185.003   431185.023   431247.005   431944.009   434050.013
   765:   434387.001   435284.003   435284.023   435336.005   435556.009
   770:   435620.005   435747.009   438339.013   438507.001   439507.018
   775:   439843.003   439843.023   439898.005   440224.009   443401.013
   780:   443583.001   444583.018   444801.003   444801.023   444856.005
   785:   444857.016   444907.026   445268.009   448560.013   448750.001
   790:   449750.018   449954.003   449954.023   450026.005   450027.016
   795:   450077.026   450393.009   453880.013   454235.001   455235.018
   800:   455485.003   455485.023   455545.005   455746.009   459548.013
   805:   459738.001   460738.018   461044.003   461044.023   461101.005
   810:   461307.009   462254.013   486249.005   486405.009   500611.005
   815:   500792.009   501112.001   501743.003   501743.023   501823.005
   820:   502248.009   503826.013   504128.001   505128.018   505154.003
   825:   505154.023   505211.005   505212.016   505262.026   505681.009
   830:   505717.005   505731.009   505743.005   505770.009   505805.005
   835:   505899.009   507915.013   508233.001   509031.003   509031.023
   840:   509101.005   509291.009   509349.005   509468.009   512404.013
   845:   512605.001   513605.018   513616.003   513616.023   513678.005
   850:   513679.016   513729.026   514034.009   514141.005   514642.009
   855:   516032.013   516252.001   517252.018   517366.003   517366.023
   860:   517429.005   517430.016   517480.026   517855.009   519983.013
   865:   520190.001   521190.018   521311.003   521311.023   521416.005
   870:   521417.016   521467.026   522132.009   524620.013   524850.001
   875:   525850.018   526000.003   526000.023   526083.005   526084.016
   880:   526134.026   526515.009   527437.013   528062.001   528576.003
   885:   528576.023   528657.001   528694.003   535749.005   535865.009
   890:   536752.013   573052.005   573584.009   574797.005   575130.009
   895:   575206.005   575377.009   576436.001   576644.003   576644.023
   900:   576721.005   577039.009   578224.013   578554.001   579528.003
   905:   579528.023   579586.005   580013.009   581239.013   581427.001
   910:   582338.003   582338.023   582398.005   582704.009   584201.013
   915:   584364.001   585283.003   585283.023   585339.005   585640.009
   920:   586642.013   586864.001   587864.018   587911.003   587911.023
   925:   587962.005   587963.016   588013.026   588423.009   590016.013
   930:   590233.001   591233.018   591241.003   591241.023   591321.005
   935:   591322.016   591372.026   591768.009   593525.013   593699.001
   940:   594604.003   594604.023   594674.005   594949.009   595827.013
   945:   596008.001   597008.018   597129.003   597129.023   597192.005
   950:   597193.016   597243.026   597734.009   597781.005   597917.009
   955:   600746.013   600954.001   601954.018   602075.003   602075.023
   960:   602136.005   602137.016   602187.026   602588.009   605190.013
   965:   605390.001   606390.018   606399.003   606399.023   606472.005
   970:   606473.016   606523.026   607003.009   608026.013   608464.001
   975:   609464.018   609570.003   609570.023   609662.005   609663.016
   980:   609713.026   610307.009   611366.013   611834.001   612834.018
   985:   613324.003   613324.023   613395.005   613582.009   613666.005
   990:   613715.009   614398.013   614792.001   615792.018   615963.003
   995:   615963.023   616021.005   616022.016   616072.026   616438.009
  1000:   617875.013   618849.001   619838.003   619838.023   619923.005
  1005:   620333.009   622226.013   622435.001   623435.018   623477.003
  1010:   623477.023   623548.005   623549.016   623599.026   624023.009
  1015:   626252.013   626438.001   627438.018   627450.003   627450.023
  1020:   627532.005   627533.016   627583.026   627993.009   628034.005
  1025:   628065.009   630386.013   630710.001   631710.018   631929.003
  1030:   631929.023   631998.005   631999.016   632049.026   632444.009
  1035:   635352.013   635562.001   636428.003   636428.023   636534.005
  1040:   636729.009   636771.005   636839.009   636988.005   637073.009
  1045:   640187.013   640477.001   641477.018   641512.003   641512.023
  1050:   641579.005   641580.016   641630.026   642082.009   644133.013
  1055:   644529.001   645445.003   645445.023   645522.005   645790.009
  1060:   649325.013   649610.001   650610.018   650712.003   650712.023
  1065:   650780.005   650781.016   650831.026   651390.009   654834.013
  1070:   655031.001   656031.018   656083.003   656083.023   656134.005
  1075:   656135.016   656185.026   656707.009   659338.013   659789.001
  1080:   660789.018   660833.003   660833.023   660895.005   660896.016
  1085:   660946.026   661476.009   664099.013   664450.001   665420.003
  1090:   665420.023   665498.005   665713.009   669501.013   669731.001
  1095:   670731.018   670882.003   670882.023   670935.005   670936.016
  1100:   670986.026   671897.009   672139.013   673904.001   674765.003
  1105:   674765.023   674833.005   675187.009   677336.013   677727.001
  1110:   678727.018   678808.003   678808.023   678875.005   678876.016
  1115:   678926.026   679265.009   682579.013   682803.001   683803.018
  1120:   683924.003   683924.023   683977.005   683978.016   684028.026
  1125:   684385.009   685331.013   685915.001   686915.018   687005.003
  1130:   687005.023   687077.005   687078.016   687128.026   687603.009
  1135:   688781.013   689285.001   690285.018   690293.003   690293.023
  1140:   690379.005   690380.016   690430.026   690907.009   693733.013
  1145:   693902.001   694902.018   694910.003   694910.023   694985.005
  1150:   694986.016   695036.026   695501.009   698539.013   698765.001
  1155:   699765.018   699837.003   699837.023   699919.005   699920.016
  1160:   699970.026   700436.009   703773.013   704053.001   705033.003
  1165:   705033.023   705131.005   705407.009   707284.013   707462.001
  1170:   708462.018   708539.003   708539.023   708615.005   708616.016
  1175:   708666.026   709454.009   709474.005   709477.009   710169.013
  1180:   710954.001   711954.018   711975.003   711975.023   712043.005
  1185:   712044.016   712094.026   712467.009   712476.005   712535.009
  1190:   714097.013   714814.001   715814.018   715853.003   715853.023
  1195:   715926.005   715927.016   715977.026   716392.009   718780.013
  1200:   719002.001   720002.018   720149.003   720149.023   720242.005
  1205:   720243.016   720293.026   720722.009   720742.005   720776.009
  1210:   721296.013   722551.001   723551.018   723723.003   723723.023
  1215:   723776.005   723777.016   723827.026   724328.009   726130.013
  1220:   727148.001   728148.018   728201.003   728201.023   728295.005
  1225:   728296.016   728346.026   728765.009   730999.013   731186.001
  1230:   732186.018   732220.003   732220.023   732322.005   732323.016
  1235:   732373.026   732767.009   735376.013   735708.001   736666.003
  1240:   736666.023   736746.005   736998.009   738549.013   738886.001
  1245:   739871.003   739871.023   739935.005   740197.009   743588.013
  1250:   743902.001   744834.003   744834.023   744905.005   745168.009
  1255:   748908.013   749327.001   750327.018   750442.003   750442.023
  1260:   750517.005   750518.016   750568.026   751006.009   753371.013
  1265:   753630.001   754464.003   754464.023   754527.005   754870.009
  1270:   756830.013   757154.001   757989.003   757989.023   758051.005
  1275:   758384.009   761054.013   761355.001   762355.018   762407.003
  1280:   762407.023   762487.005   762488.016   762538.026   762880.009
  1285:   762895.005   762913.009   766341.013   766519.001   767519.018
  1290:   767677.003   767677.023   767754.005   767755.016   767805.026
  1295:   768209.009   768958.013   769713.001   770713.018   770776.003
  1300:   770776.023   770852.005   770853.016   770903.026   771274.009
  1305:   772556.013   773765.001   774752.003   774752.023   774829.005
  1310:   775063.009   777332.013   777758.001   778644.003   778644.023
  1315:   778721.005   779035.009   781374.013   781715.001   781752.003
  1320:   781752.023   781782.001   781870.003   924052.005   924060.009
  1325:   924070.005   924631.009   927355.013   928395.005   928492.009
  1330:   928876.001   928988.003   928988.023   934222.005   934575.009
  1335:   935163.005   935251.009   936225.013   939428.001   939994.003
  1340:   939994.023   940097.005   940420.009   941900.013   942082.001
  1345:   943082.018   943088.003   943088.023   943154.005   943155.016
  1350:   943205.026   943748.009   945358.013   945653.001   946479.003
  1355:   946479.023   946547.005   946865.009   949700.013   949866.001
  1360:   950753.003   950753.023   950821.005   951178.009   951824.013
  1365:   951992.001   952992.018   953073.003   953073.023   953142.005
  1370:   953143.016   953193.026   953617.009   954496.013   954694.001
  1375:   955694.018   955796.003   955796.023   955874.005   955875.016
  1380:   955925.026   956437.009   956569.005   956627.009   957428.013
  1385:   958119.001   959105.003   959105.023   959183.005   959514.009
  1390:   959540.005   959559.009   962686.013   962866.001   963866.018
  1395:   963921.003   963921.023   964006.005   964007.016   964057.026
  1400:   964628.009   966560.013   966809.001   967809.018   967939.003
  1405:   967939.023   968040.005   968041.016   968091.026   968647.009
  1410:   968690.005   968770.009   971094.013   971553.001   972553.018
  1415:   972613.003   972613.023   972704.005   972705.016   972755.026
  1420:   973254.009   975408.013   976452.001   977092.003   977092.023
  1425:   977159.005   977381.009   977530.005   977580.009   980812.013
  1430:   981088.001   982088.018   982192.003   982192.023   982262.005
  1435:   982263.016   982313.026   982749.009   986116.013   986334.001
  1440:   987285.003   987285.023   987387.005   987631.009   991390.013
  1445:   991581.001   992581.018   992790.003   992790.023   992859.005
  1450:   992860.016   992910.026   993329.009   995713.013   996319.001
  1455:   997178.003   997178.023   997247.005   997528.009   997596.005
  1460:   997620.009   998750.013   998976.001   999976.018  1000232.003
  1465:  1000232.023  1000299.005  1000570.009  1002102.013  1002304.001
  1470:  1003304.018  1003605.003  1003605.023  1003678.005  1003886.009
  1475:  1004037.005  1004153.009  1004831.013  1005020.001  1006020.018
  1480:  1006224.003  1006224.023  1006299.005  1006300.016  1006350.026
  1485:  1006821.009  1008003.013  1009363.001  1010363.018  1010486.003
  1490:  1010486.023  1010552.005  1010553.016  1010603.026  1011049.009
  1495:  1012606.013  1013426.001  1014426.018  1014592.003  1014592.023
  1500:  1014665.005  1014666.016  1014716.026  1015155.009  1016869.013
  1505:  1017837.001  1018669.003  1018669.023  1018731.005  1018936.009
  1510:  1021034.013  1021229.001  1022229.018  1022287.003  1022287.023
  1515:  1022357.005  1022358.016  1022408.026  1023158.009  1025711.013
  1520:  1026097.001  1027097.018  1027102.003  1027102.023  1027180.005
  1525:  1027181.016  1027231.026  1027617.009  1028234.013  1030433.001
  1530:  1031433.018  1031599.003  1031599.023  1031674.005  1031675.016
  1535:  1031725.026  1032155.009  1033028.013  1034173.001  1035173.018
  1540:  1036158.003  1036158.023  1036285.005  1036530.009  1039438.013
  1545:  1039977.001  1040977.018  1041172.003  1041172.023  1041258.005
  1550:  1041259.016  1041309.026  1041767.009  1041837.005  1041840.009
  1555:  1044812.013  1045079.001  1045930.003  1045930.023  1045995.005
  1560:  1046343.009  1049498.013  1049872.001  1050719.003  1050719.023
  1565:  1050795.005  1051063.009  1051161.005  1051192.009  1054448.013
  1570:  1252195.001  1252480.003  1252480.023  1252554.005  1253028.009
  1575:  1253857.013  1254120.001  1255120.018  1255416.003  1255416.023
  1580:  1255476.005  1255755.009  1255791.005  1255962.009  1256010.005
  1585:  1256210.009  1257279.013  1257419.001  1258419.018  1258854.003
  1590:  1258854.023  1258929.005  1259344.009  1259383.005  1259384.009
  1595:  1261432.013  1261630.001  1262630.018  1262700.003  1262700.023
  1600:  1262783.005  1262784.016  1262834.026  1263510.009  1265487.013
  1605:  1265791.001  1266728.003  1266728.023  1266829.005  1267340.009
  1610:  1267982.013  1268184.001  1269184.018  1269387.003  1269387.023
  1615:  1269478.005  1269479.016  1269529.026  1269979.009  1271182.013
  1620:  1271802.001  1272064.003  1272064.023  1272116.001  1272180.003
  1625:  1286412.005  1286545.009  1290215.013  1290433.001  1291433.018
  1630:  1291495.003  1291495.023  1291563.005  1291564.016  1291614.026
  1635:  1292071.009  1295617.013  1295752.001  1296752.018  1296783.003
  1640:  1296783.023  1296844.005  1296845.016  1296895.026  1297456.009
  1645:  1299048.013  1299281.001  1299672.003  1299672.023  1299692.001
  1650:  1299786.003  1319617.005  1320052.009  1321620.013  1321765.001
  1655:  1322765.018  1322988.003  1322988.023  1323053.005  1323054.016
  1660:  1323104.026  1323563.009  1323576.005  1323796.009  1325407.013
  1665:  1325989.001  1326898.003  1326898.023  1326983.005  1327186.009
  1670:  1327235.005  1327261.009  1327285.005  1327341.009  1330136.013
  1675:  1330359.001  1331359.018  1331624.003  1331624.023  1331729.005
  1680:  1331943.009  1332042.005  1332078.009  1334732.013  1334952.001
  1685:  1335952.018  1336074.003  1336074.023  1336171.005  1336172.016
  1690:  1336222.026  1336681.009  1339025.013  1339253.001  1340253.018
  1695:  1340256.003  1340256.023  1340346.005  1340347.016  1340397.026
  1700:  1341103.009  1341155.005  1341169.009  1341680.005  1341769.009
  1705:  1341845.005  1341884.009  1341900.013  1342077.005  1342088.009
  1710:  1342115.005  1342212.009  1342713.005  1342771.009  1342791.005
  1715:  1342860.009  1343978.001  1344928.003  1344928.023  1345014.005
  1720:  1345333.009  1345417.005  1345690.009  1348317.013  1348596.001
  1725:  1349409.003  1349409.023  1349492.005  1349844.009  1350495.013
  1730:  1352287.001  1353287.018  1353385.003  1353385.023  1353449.005
  1735:  1353450.016  1353500.026  1354029.009  1354063.005  1354066.009
  1740:  1354503.013  1356909.001  1357651.003  1357651.023  1357732.005
  1745:  1358019.009  1360385.013  1360664.001  1361664.018  1361834.003
  1750:  1361834.023  1361920.005  1361921.016  1361971.026  1362430.009
  1755:  1362469.005  1362588.009  1362639.005  1362902.009  1365624.013
  1760:  1366872.001  1367393.003  1367393.023  1367477.005  1367847.009
  1765:  1367924.005  1368003.009  1368780.013  1369696.001  1370584.003
  1770:  1370584.023  1370659.005  1370943.009  1374462.013  1374935.001
  1775:  1375658.003  1375658.023  1375736.005  1375917.009  1376056.005
  1780:  1376107.009  1376151.005  1376213.009  1376889.013
B:
     0:        0.000      223.000        0.000      223.000        0.000
     5:      282.000        0.000        0.000        0.000      282.000
    10:        0.000        1.000        0.000      216.000        0.000
    15:        0.000      107.000        0.000      128.000        0.000
    20:        0.000        0.000        0.000      215.000        0.000
    25:        0.000      107.000        0.000        0.000        0.000
    30:        0.000
D:
     0:  1479468.000  1478746.000  1479469.000
E:
     0:     1000.000     1000.000     1250.000
P:
     0:        2.000        2.300        2.600        3.000        3.300
     5:        3.600        4.000        4.300        4.600        5.000
    10:        5.300        5.600        6.000        6.300        6.600
    15:        7.000        7.300        7.600        8.000
T:
     0:        0.000        0.000        0.000        0.000
W:
     0:        0.000        0.000        0.000
