File: C:\MED-PC IV\Data\Reyes\BD\BD5117.999


Start Date: 04/25/26
End Date: 04/25/26
Subject: 117
Experiment: BD
Group: ERROR_M
Box: 1
Start Time: 10:53:08
End Time: 11:43:09
MSN: DRRD_precisao
C:       0.000
F:       1.000
G:       0.000
H:       0.000
I:       0.000
J:       0.000
K:    2000.000
L:       0.000
M:       0.000
N:       1.000
O:       0.000
Q:       0.000
R:       0.000
S:    2500.000
U:  530714.000
V:       0.000
X:    3500.000
Y:    1281.000
Z:       0.000
A:
     0:     2077.005     2288.009     2323.005     2656.009     2674.005
     5:     2704.009     2999.005     3027.009    13112.005    13929.009
    10:    15000.013    15000.011    15182.001    15461.003    15461.023
    15:    15553.005    15716.009    17556.013    17625.001    18312.003
    20:    18312.023    18366.005    18796.009    18825.005    19038.009
    25:    20519.013    20606.001    21556.003    21556.023    21634.005
    30:    21822.009    24937.013    25038.001    26038.018    26158.003
    35:    26158.023    26262.005    26263.016    26313.026    26907.009
    40:    28816.013    28896.001    29852.003    29852.023    29933.005
    45:    30120.009    33736.013    33847.001    34847.018    34927.003
    50:    34927.023    35007.005    35008.016    35058.026    35661.009
    55:    39061.013    39138.001    40138.018    40284.003    40284.023
    60:    40372.005    40373.016    40423.026    40846.009    40859.005
    65:    41050.009    41726.013    41857.001    42857.018    42974.003
    70:    42974.023    43037.005    43038.016    43088.026    43716.009
    75:    44591.013    44728.001    45577.003    45577.023    45662.005
    80:    45799.009    47465.013    47557.001    48557.018    48706.003
    85:    48706.023    48779.005    48780.016    48830.026    49287.009
    90:    49321.005    49328.009    49983.013    50086.001    50930.003
    95:    50930.023    51044.005    51201.009    53347.013    53428.001
   100:    54398.003    54398.023    54467.005    54816.009    54863.005
   105:    54893.009    57120.013    57187.001    58169.003    58169.023
   110:    58285.005    58410.009    61288.013    61355.001    62157.003
   115:    62157.023    62232.005    62412.009    62429.005    62475.009
   120:    63235.013    63311.001    64248.003    64248.023    64344.005
   125:    64567.009    67147.013    67233.001    68233.018    68282.003
   130:    68282.023    68379.005    68380.016    68430.026    69004.009
   135:    70083.013    70188.001    71166.003    71166.023    71259.005
   140:    71466.009    74412.013    74536.001    75536.018    75544.003
   145:    75544.023    75632.005    75633.016    75683.026    76029.009
   150:    79336.013    79424.001    80423.003    80423.023    80534.005
   155:    80738.009    84037.013    84116.001    85116.018    85419.003
   160:    85419.023    85507.005    85670.009    87510.013    87600.001
   165:    88600.018    88708.003    88708.023    88801.005    88802.016
   170:    88852.026    89237.009    89368.005    89609.009    90355.013
   175:    90504.001    91504.018    91598.003    91598.023    91689.005
   180:    91690.016    91740.026    92213.009    92240.005    92284.009
   185:    92292.005    92319.009    93893.013    93979.001    94911.003
   190:    94911.023    95002.005    95248.009    97655.013    97751.001
   195:    98751.018    98833.003    98833.023    98925.005    98926.016
   200:    98976.026    99429.009   102629.013   102722.001   103722.018
   205:   103770.003   103770.023   103852.005   103853.016   103903.026
   210:   104339.009   104425.005   104526.009   104534.005   104552.009
   215:   107706.013   107800.001   108800.018   109128.003   109128.023
   220:   109211.005   109435.009   110864.013   110955.001   111955.018
   225:   112105.003   112105.023   112193.005   112194.016   112244.026
   230:   112771.009   112788.005   112866.009   113547.013   113728.001
   235:   114723.003   114723.023   114817.005   114994.009   115002.005
   240:   115029.009   115820.013   115936.001   116936.018   116948.003
   245:   116948.023   117042.005   117043.016   117093.026   117465.009
   250:   117512.005   117617.009   117685.005   117765.009   119396.013
   255:   119494.001   120456.003   120456.023   120551.005   120753.009
   260:   121704.013   121783.001   122783.018   123175.003   123175.023
   265:   123262.005   123443.009   125765.013   125854.001   126854.018
   270:   127132.003   127132.023   127215.005   127553.009   130018.013
   275:   130108.001   131108.018   131199.003   131199.023   131294.005
   280:   131295.016   131345.026   132003.009   134498.013   134581.001
   285:   135533.003   135533.023   135613.005   135779.009   138916.013
   290:   138993.001   139891.003   139891.023   140007.005   140140.009
   295:   143510.013   143596.001   144453.003   144453.023   144566.005
   300:   144996.009   146369.013   146474.001   147448.003   147448.023
   305:   147536.005   147734.009   150539.013   150599.001   151599.018
   310:   151748.003   151748.023   151825.005   151826.016   151876.026
   315:   152441.009   152460.005   152562.009   155879.013   155951.001
   320:   156950.003   156950.023   157095.005   157204.009   160398.013
   325:   160511.001   161478.003   161478.023   161555.005   161781.009
   330:   162558.013   162649.001   163649.018   163882.003   163882.023
   335:   163965.005   163966.016   164016.026   164520.009   165169.013
   340:   165278.001   166278.018   166438.003   166438.023   166536.005
   345:   166537.016   166587.026   167144.009   167404.005   167465.009
   350:   168090.013   168961.001   169841.003   169841.023   169952.005
   355:   170168.009   172105.013   172174.001   173174.018   173202.003
   360:   173202.023   173297.005   173298.016   173348.026   173828.009
   365:   173950.005   174154.009   176151.013   176247.001   177247.018
   370:   177480.003   177480.023   177572.005   177573.016   177623.026
   375:   178103.009   178172.005   178393.009   181126.013   181215.001
   380:   182130.003   182130.023   182217.005   182440.009   183520.013
   385:   183588.001   184588.018   184733.003   184733.023   184823.005
   390:   184824.016   184874.026   185268.009   185330.005   185427.009
   395:   185483.005   185549.009   188527.013   188636.001   189636.018
   400:   189688.003   189688.023   189779.005   189780.016   189830.026
   405:   190703.009   190712.005   191015.009   191017.005   191483.013
   410:   192244.009   193783.001   194697.003   194697.023   194839.005
   415:   195181.009   195261.005   195272.009   198642.013   198745.001
   420:   199745.018   199765.003   199765.023   199846.005   199847.016
   425:   199897.026   200489.009   200495.005   200525.009   200529.005
   430:   200544.009   203900.013   203975.001   204065.003   204065.023
   435:   204070.001   204181.003   204909.005   204980.009   207412.013
   440:   216599.005   216659.009   216971.001   217838.003   217838.023
   445:   217943.005   218203.009   219946.013   220021.001   221021.018
   450:   221052.003   221052.023   221159.005   221160.016   221210.026
   455:   221672.009   221696.005   221708.009   223513.013   223623.001
   460:   224458.003   224458.023   224546.005   224752.009   226349.013
   465:   226413.001   227216.003   227216.023   227309.005   227541.009
   470:   227542.005   227552.009   227572.005   227630.009   229962.013
   475:   230055.001   230913.003   230913.023   230999.005   231257.009
   480:   234002.013   234075.001   235075.018   235226.003   235226.023
   485:   235359.005   235360.016   235410.026   235813.009   235880.005
   490:   235900.009   238563.013   238638.001   239638.018   239763.003
   495:   239763.023   239861.005   239862.016   239912.026   240544.009
   500:   240630.005   240750.009   241915.013   242063.001   243063.018
   505:   243069.003   243069.023   243185.005   243186.016   243236.026
   510:   243789.009   243843.005   243945.009   243985.005   244106.009
   515:   247039.013   247119.001   248109.003   248109.023   248223.005
   520:   248504.009   252226.013   252332.001   253281.003   253281.023
   525:   253393.005   253665.009   254396.013   254526.001   255526.018
   530:   255602.003   255602.023   255698.005   255699.016   255749.026
   535:   256154.009   258552.013   258828.001   259828.018   259837.003
   540:   259837.023   259960.005   259961.016   260011.026   260768.009
   545:   261164.013   261735.001   262735.018   262876.003   262876.023
   550:   262990.005   262991.016   263041.026   263830.009   263864.005
   555:   263921.009   263937.005   263944.009   265194.013   265458.001
   560:   266430.003   266430.023   266552.005   266791.009   266852.005
   565:   266868.009   269205.013   269292.001   270292.018   270338.003
   570:   270338.023   270429.005   270430.016   270480.026   270937.009
   575:   270971.005   271003.009   271103.005   271210.009   271783.013
   580:   272053.001   273053.018   273241.003   273241.023   273366.005
   585:   273367.016   273417.026   273965.009   274056.005   274176.009
   590:   274227.005   274387.009   274390.005   274479.009   275920.013
   595:   276146.001   277146.018   277319.003   277319.023   277421.005
   600:   277422.016   277472.026   278239.009   278268.005   278333.009
   605:   278415.005   278505.009   279775.013   280334.001   280943.003
   610:   280943.023   281086.005   281226.009   284089.013   284199.001
   615:   285199.018   285222.003   285222.023   285319.005   285320.016
   620:   285370.026   285869.009   285872.005   285902.009   288523.013
   625:   288595.001   289595.018   289656.003   289656.023   289752.005
   630:   289753.016   289803.026   290365.009   290493.005   290755.009
   635:   291306.013   291833.001   292619.003   292619.023   292757.005
   640:   292943.009   294410.013   294498.001   295498.018   295526.003
   645:   295526.023   295622.005   295623.016   295673.026   296409.009
   650:   298976.013   299090.001   299983.003   299983.023   300085.005
   655:   300440.009   303588.013   303694.001   304524.003   304524.023
   660:   304623.005   304829.009   304842.005   304854.009   306426.013
   665:   306503.001   307366.003   307366.023   307473.005   307675.009
   670:   311126.013   311212.001   312167.003   312167.023   312261.005
   675:   312548.009   312668.005   312693.009   315414.013   315487.001
   680:   316445.003   316445.023   316541.005   317056.009   319844.013
   685:   319916.001   320765.003   320765.023   320866.005   321052.009
   690:   322519.013   322596.001   323596.018   323638.003   323638.023
   695:   323736.005   323737.016   323787.026   324277.009   324648.005
   700:   324679.009   324711.005   324810.009   325036.005   325138.009
   705:   325494.005   325504.009   325940.013   326531.001   327531.018
   710:   327558.003   327558.023   327671.005   327672.016   327722.026
   715:   328445.009   331525.013   331621.001   332492.003   332492.023
   720:   332587.005   332813.009   333740.013   333837.001   334817.003
   725:   334817.023   334912.005   335064.009   338915.013   338992.001
   730:   339920.003   339920.023   340023.005   340211.009   342326.013
   735:   342411.001   343382.003   343382.023   343476.005   343730.009
   740:   345279.013   345381.001   346381.018   346403.003   346403.023
   745:   346496.005   346497.016   346547.026   346947.009   347186.005
   750:   347265.009   347550.013   347916.001   348916.018   349228.003
   755:   349228.023   349346.005   349498.009   351999.013   352103.001
   760:   353096.003   353096.023   353191.005   353499.009   356194.013
   765:   356268.001   357177.003   357177.023   357284.005   357448.009
   770:   359787.013   398603.005   398615.009   398636.005   398721.009
   775:   400288.005   400385.009   439086.001   439753.003   439753.023
   780:   440007.005   440457.009   441310.013   441393.001   442311.003
   785:   442311.023   442394.005   442639.009   445897.013   445970.001
   790:   446784.003   446784.023   446895.005   447094.009   447288.005
   795:   447325.009   450548.013   450625.001   451522.003   451522.023
   800:   451635.005   451807.009   451810.005   451905.009   454438.013
   805:   454518.001   455518.018   455572.003   455572.023   455661.005
   810:   455662.016   455712.026   456142.009   456153.005   456341.009
   815:   456480.005   456700.009   456741.005   456759.009   456857.005
   820:   456866.009   457215.013   457385.001   458385.018   458461.003
   825:   458461.023   458561.005   458562.016   458612.026   459142.009
   830:   459167.005   459290.009   460615.013   460810.001   461769.003
   835:   461769.023   461869.005   462143.009   465672.013   465744.001
   840:   465764.003   465764.023   465776.001   465834.003   467099.005
   845:   467196.009   468602.013   468718.001   469718.018   469928.003
   850:   469928.023   470021.005   470022.016   470072.026   470661.009
   855:   470716.005   470953.009   472225.013   472374.001   473374.018
   860:   473546.003   473546.023   473643.005   473644.016   473694.026
   865:   474212.009   474235.005   474306.009   474489.005   474510.009
   870:   474847.013   475385.001   476313.003   476313.023   476426.005
   875:   476547.009   478729.013   478821.001   479787.003   479787.023
   880:   479882.005   480146.009   483385.013   483515.001   484515.018
   885:   484523.003   484523.023   484620.005   484621.016   484671.026
   890:   485240.009   485674.013   486233.001   487145.003   487145.023
   895:   487252.005   487407.009   490055.013   490123.001   491123.018
   900:   491353.003   491353.023   491452.005   491453.016   491503.026
   905:   491933.009   491944.005   492073.009   494656.013   494743.001
   910:   495632.003   495632.023   495759.005   496061.009   497062.013
   915:   497143.001   498143.018   498162.003   498162.023   498270.005
   920:   498271.016   498321.026   499146.009   499974.013   500410.001
   925:   501298.003   501298.023   501419.005   501633.009   503222.013
   930:   503523.001   504523.018   504582.003   504582.023   504703.005
   935:   504704.016   504754.026   505299.009   505465.005   505524.009
   940:   505581.005   505677.009   507407.013   507663.001   508471.003
   945:   508471.023   508589.005   508814.009   511592.013   511668.001
   950:   512665.003   512665.023   512787.005   513152.009   516090.013
   955:   516187.001   517187.018   517198.003   517198.023   517292.005
   960:   517293.016   517343.026   518016.009   518067.005   518088.009
   965:   518148.005   518169.009   518183.005   518390.009   519846.013
   970:   520079.001   521024.003   521024.023   521148.005   521381.009
   975:   524801.013   524891.001   525831.003   525831.023   525934.005
   980:   526264.009   529937.013   530017.001   530975.003   530975.023
   985:   531073.005   531238.009   531446.005   531454.009   533076.013
   990:   863731.005   863765.009  1141546.005  1141775.009  1160146.001
   995:  1160838.003  1160838.023  1160935.005  1161219.009  1161280.005
  1000:  1161475.009  1162438.013  1162522.001  1163311.003  1163311.023
  1005:  1163396.005  1163637.009  1163663.005  1163749.009  1165899.013
  1010:  1165975.001  1166932.003  1166932.023  1167022.005  1167408.009
  1015:  1169675.013  1169741.001  1170741.018  1170883.003  1170883.023
  1020:  1170953.005  1170954.016  1171004.026  1171713.009  1174307.013
  1025:  1174388.001  1175308.003  1175308.023  1175387.005  1175618.009
  1030:  1178540.013  1178607.001  1179607.018  1179705.003  1179705.023
  1035:  1179781.005  1179782.016  1179832.026  1180348.009  1180403.005
  1040:  1180495.009  1180985.013  1181115.001  1182115.018  1182190.003
  1045:  1182190.023  1182264.005  1182265.016  1182315.026  1182864.009
  1050:  1182903.005  1182971.009  1185818.013  1185888.001  1186826.003
  1055:  1186826.023  1186919.005  1187121.009  1190572.013  1190667.001
  1060:  1191599.003  1191599.023  1191682.005  1191891.009  1192053.005
  1065:  1192136.009  1192985.013  1193055.001  1193894.003  1193894.023
  1070:  1193965.005  1194139.009  1194154.005  1194167.009  1194206.005
  1075:  1194266.009  1194968.013  1195028.001  1196028.018  1196115.003
  1080:  1196115.023  1196203.005  1196204.016  1196254.026  1196823.009
  1085:  1196853.005  1197328.009  1200057.013  1200119.001  1201102.003
  1090:  1201102.023  1201192.005  1201695.009  1202074.005  1202087.009
  1095:  1202995.013  1212021.001  1212624.003  1212624.023  1212748.005
  1100:  1212895.009  1214901.013  1214986.001  1215826.003  1215826.023
  1105:  1215917.005  1216158.009  1216262.005  1216287.009  1218220.013
  1110:  1218301.001  1219197.003  1219197.023  1219293.005  1219520.009
  1115:  1219550.005  1219630.009  1219685.005  1219694.009  1222096.013
  1120:  1222735.005  1222756.009  1223254.001  1224254.018  1224352.003
  1125:  1224352.023  1224432.005  1224433.016  1224483.026  1225022.009
  1130:  1225036.005  1225053.009  1225077.005  1225317.009  1225386.005
  1135:  1225397.009  1226486.013  1226608.001  1227428.003  1227428.023
  1140:  1227529.005  1227968.009  1230532.013  1230626.001  1230652.003
  1145:  1230652.023  1230660.001  1230778.003  1243246.005  1243278.009
  1150:  1243381.005  1243563.009  1243847.005  1244385.009  1244478.005
  1155:  1244509.009  1247249.013  1269826.001  1270403.003  1270403.023
  1160:  1270516.005  1270757.009  1272169.013  1272240.001  1273042.003
  1165:  1273042.023  1273127.005  1273369.009  1273960.005  1273985.009
  1170:  1274019.005  1274071.009  1274280.013  1274526.005  1274534.009
  1175:  1274813.001  1275813.018  1275873.003  1275873.023  1276017.005
  1180:  1276018.016  1276068.026  1276807.009  1276841.005  1276854.009
  1185:  1276875.005  1277069.009  1277083.005  1277095.009  1277162.005
  1190:  1277608.009  1277833.005  1277875.009  1278721.013  1278996.001
  1195:  1279808.003  1279808.023  1279915.005  1280157.009  1282718.013
  1200:  1282782.001  1283782.018  1283868.003  1283868.023  1283991.005
  1205:  1283992.016  1284042.026  1284777.009  1287045.013  1287166.001
  1210:  1288016.003  1288016.023  1288112.005  1288320.009  1288322.005
  1215:  1288350.009  1291265.013  1291358.001  1292232.003  1292232.023
  1220:  1292316.005  1292671.009  1293264.005  1293281.009  1293298.005
  1225:  1293327.009  1293473.005  1293512.009  1293619.013  1293926.001
  1230:  1294895.003  1294895.023  1294993.005  1295213.009  1295315.005
  1235:  1295352.009  1296796.013  1301685.005  1301786.009  1303328.005
  1240:  1303421.009  1360380.005  1360435.009  1361150.001  1361700.003
  1245:  1361700.023  1361833.005  1362028.009  1364336.013  1364408.001
  1250:  1365200.003  1365200.023  1365295.005  1365522.009  1366019.005
  1255:  1366074.009  1368948.013  1369019.001  1369931.003  1369931.023
  1260:  1370019.005  1370242.009  1370479.005  1370494.009  1374022.013
  1265:  1374088.001  1374991.003  1374991.023  1375071.005  1375489.009
  1270:  1376574.013  1376642.001  1377642.003  1377642.023  1377759.005
  1275:  1377760.016  1377810.026  1378204.009  1378236.005  1378570.009
  1280:  1381313.013
B:
     0:        0.000      148.000        0.000      148.000        0.000
     5:      262.000        0.000        0.000        0.000      262.000
    10:        0.000        1.000        0.000      146.000        0.000
    15:        0.000       55.000        0.000       59.000        0.000
    20:        0.000        0.000        0.000      145.000        0.000
    25:        0.000       55.000        0.000        0.000        0.000
    30:        0.000
D:
     0:  1908355.000  1907356.000  1908356.000
E:
     0:     1000.000     1000.000     1250.000
P:
     0:        2.000        2.300        2.600        3.000        3.300
     5:        3.600        4.000        4.300        4.600        5.000
    10:        5.300        5.600        6.000        6.300        6.600
    15:        7.000        7.300        7.600        8.000
T:
     0:        0.000        0.000        0.000        0.000
W:
     0:        0.000        0.000        0.000
