File: C:\MED-PC IV\Data\Reyes\BD\BD5121.999


Start Date: 04/30/26
End Date: 04/30/26
Subject: 121
Experiment: BD
Group: ERROR_M
Box: 5
Start Time: 11:45:56
End Time: 12:35:56
MSN: DRRD_precisao
C:       0.000
F:       0.000
G:       0.000
H:       0.000
I:       0.000
J:       0.000
K:    2000.000
L:       0.000
M:       0.000
N:       1.000
O:       0.000
Q:       0.000
R:       0.000
S:    2500.000
U:    2063.000
V:       0.000
X:    2150.000
Y:    2178.000
Z:       0.000
A:
     0:     2971.005     2976.009     2978.005     2999.009     3002.005
     5:     3010.009     3012.005     3027.009     3048.005     3118.009
    10:     3142.005     3149.009    11306.005    11585.009    15000.013
    15:    15000.011    15550.001    16550.018    16653.003    16653.023
    20:    16885.005    16886.016    16936.026    18228.009    20439.013
    25:    20529.001    21529.018    21862.003    21862.023    22137.005
    30:    22522.009    25790.013    25892.001    26892.018    27097.003
    35:    27097.023    27375.005    27376.016    27426.026    27855.009
    40:    30729.013    30814.001    31628.003    31628.023    31662.001
    45:    31715.003    31898.005    32127.009    32171.005    32173.009
    50:    32225.005    32232.009    32263.005    32269.009    34551.013
    55:    34646.001    35513.003    35513.023    35802.005    35949.009
    60:    35955.005    35959.009    39805.013    39896.001    40896.018
    65:    41014.003    41014.023    41331.005    41332.016    41382.026
    70:    42135.009    42885.013    43070.001    44070.018    44460.003
    75:    44460.023    44780.005    44944.009    44951.005    44978.009
    80:    45031.005    45058.009    45104.005    45110.009    46287.001
    85:    46341.003    47083.013    47177.001    47823.003    47823.023
    90:    48134.005    48342.009    50287.013    50395.001    51269.003
    95:    51269.023    51287.001    51328.003    51601.005    51751.009
   100:    52086.005    52219.009    54604.013    54732.001    55732.018
   105:    55864.003    55864.023    56169.005    56170.016    56220.026
   110:    56569.009    56639.005    56676.009    56685.005    56687.009
   115:    60023.013    60120.001    61120.018    61129.003    61129.023
   120:    61219.001    61243.003    61437.005    61438.016    61488.026
   125:    62095.009    62113.005    62491.013    62704.009    63004.001
   130:    64004.018    64085.003    64085.023    64130.001    64162.003
   135:    64417.005    64418.016    64425.009    64429.005    64468.026
   140:    65287.009    66121.013    66345.001    67345.018    67816.003
   145:    67816.023    68133.005    68138.009    68173.005    68458.009
   150:    69436.013    69501.001    69514.003    69514.023    69528.001
   155:    69562.003    70333.005    70467.009    70473.005    70482.009
   160:    70487.005    70494.009    70508.005    70538.009    70545.005
   165:    70551.009    70553.005    70555.009    70683.005    70750.009
   170:    70754.005    70761.009    70771.005    70798.009    70799.005
   175:    70802.009    71327.005    71452.009    72136.013    72309.001
   180:    73282.003    73282.023    73567.005    73720.009    73748.005
   185:    73846.009    73850.005    73852.009    73868.005    73877.009
   190:    76070.013    76119.001    76127.003    76127.023    88740.005
   195:    88877.009    89893.013    90016.001    91016.018    91309.003
   200:    91309.023    91616.005    92183.009    94419.013    94481.001
   205:    95427.003    95427.023    95466.001    95510.003    95709.005
   210:    95976.009    95977.005    95978.009    95983.005    95995.009
   215:    98862.013    98957.001    99946.003    99946.023   100232.005
   220:   100600.009   102235.013   102327.001   103327.018   103495.003
   225:   103495.023   103813.005   103814.016   103864.026   105022.009
   230:   105039.005   105048.009   105052.005   105055.009   107867.013
   235:   107960.001   108798.003   108798.023   109101.005   109258.009
   240:   109282.005   109349.009   109384.005   109398.009   110904.013
   245:   111100.001   111997.003   111997.023   112296.005   112538.009
   250:   114449.013   114549.001   115398.003   115398.023   115690.005
   255:   116098.009   117993.013   118091.001   119023.003   119023.023
   260:   119310.005   119733.009   122113.013   122989.001   123989.018
   265:   124045.003   124045.023   124296.005   124297.016   124347.026
   270:   124870.009   125650.013   125782.001   126541.003   126541.023
   275:   126859.005   127096.009   128362.013   131738.001   132738.018
   280:   132941.003   132941.023   133256.005   133257.016   133307.026
   285:   133762.009   134960.013   135053.001   136053.018   136081.003
   290:   136081.023   136389.005   136390.016   136392.009   136397.005
   295:   136440.026   136892.009   136915.005   137105.009   137111.005
   300:   137118.009   137573.005   137635.009   139443.013   139552.001
   305:   140518.003   140518.023   140608.001   140629.003   140813.005
   310:   140816.009   140821.005   140961.009   140982.005   140984.009
   315:   140988.005   141009.009   141139.005   141143.009   143966.013
   320:   144123.001   144168.003   144168.023   144183.001   144275.003
   325:   155121.005   155210.009   158624.013   158713.001   159713.018
   330:   159985.003   159985.023   160281.005   160726.009   162934.013
   335:   163049.001   164049.018   164105.003   164105.023   164448.005
   340:   164449.016   164499.026   164836.009   165036.005   165037.009
   345:   165652.013   166749.001   167715.003   167715.023   168014.005
   350:   168292.009   168312.005   168315.009   168316.005   168329.009
   355:   171667.013   171790.001   172767.003   172767.023   173078.005
   360:   173250.009   173300.005   173302.009   175081.013   175257.001
   365:   176257.018   176801.003   176801.023   177117.005   177467.009
   370:   177496.005   177498.009   180920.013   181019.001   181985.003
   375:   181985.023   182328.005   182335.009   182336.005   183203.009
   380:   183208.005   183213.009   184831.013   184958.001   185946.003
   385:   185946.023   186008.001   186059.003   186299.005   186671.009
   390:   186674.005   186676.009   189602.013   189697.001   190657.003
   395:   190657.023   190986.005   191151.009   191167.005   191219.009
   400:   191225.005   191255.009   191270.005   191272.009   191989.013
   405:   192693.001   193348.003   193348.023   193634.005   194106.009
   410:   195137.013   195248.001   196057.003   196057.023   196348.005
   415:   196691.009   196702.005   196704.009   196714.005   196716.009
   420:   198351.013   198506.001   199434.003   199434.023   199749.005
   425:   199931.009   200060.005   200063.009   200282.005   200291.009
   430:   201746.005   201828.009   203552.013   203648.001   204629.003
   435:   204629.023   204692.001   204734.003   204940.005   205219.009
   440:   205354.005   205712.009   207593.013   207730.001   208678.003
   445:   208678.023   208957.005   209060.009   209062.005   209071.009
   450:   209077.005   209081.009   209131.005   209138.009   210260.013
   455:   210415.001   211175.003   211175.023   211482.005   211629.009
   460:   211647.005   211715.009   211716.005   211719.009   211743.005
   465:   211746.009   215485.013   215577.001   216357.003   216357.023
   470:   216661.005   217067.009   217664.013   217778.001   218666.003
   475:   218666.023   218973.005   218977.009   218983.005   219293.009
   480:   221276.013   221358.001   222313.003   222313.023   222623.005
   485:   222780.009   222790.005   222866.009   224276.013   224400.001
   490:   225373.003   225373.023   225674.005   225862.009   225894.005
   495:   225896.009   228177.013   228533.001   229365.003   229365.023
   500:   229667.005   229672.009   229682.005   230137.009   232670.013
   505:   232810.001   233759.003   233759.023   234071.005   234246.009
   510:   234260.005   234261.009   236874.013   236994.001   237762.003
   515:   237762.023   238057.005   238221.009   241210.013   241769.001
   520:   242556.003   242556.023   242860.005   243261.009   245013.013
   525:   245114.001   246029.003   246029.023   246340.005   246499.009
   530:   246647.005   246653.009   249643.013   251244.001   252137.003
   535:   252137.023   252422.005   252608.009   252631.005   252703.009
   540:   252715.005   252717.009   252720.005   252723.009   253575.013
   545:   253903.001   254496.003   254496.023   254802.005   254927.009
   550:   256605.013   256743.001   257379.003   257379.023   257680.005
   555:   257865.009   261333.013   261577.001   262433.003   262433.023
   560:   262733.005   263719.009   263721.005   263724.009   263734.005
   565:   263739.009   266236.013   266323.001   267311.003   267311.023
   570:   267615.005   267935.009   270618.013   270839.001   271757.003
   575:   271757.023   272096.005   272332.009   272986.005   272994.009
   580:   273099.013   273342.001   274153.003   274153.023   274481.005
   585:   274792.009   274822.005   274836.009   274839.005   274855.009
   590:   274858.005   274867.009   277784.013   277874.001   278870.003
   595:   278870.023   279184.005   279425.009   279476.005   279477.009
   600:   279861.005   279940.009   279975.005   279985.009   280883.005
   605:   280885.009   280954.005   280957.009   280971.005   280972.009
   610:   281117.005   281119.009   282837.013   284174.005   284356.009
   615:   284360.005   284373.009   284377.005   284380.009   284411.005
   620:   284416.009   284672.001   285473.003   285473.023   285499.001
   625:   285565.003   285764.005   285857.009   285872.005   285885.009
   630:   285896.005   285992.009   286032.005   286042.009   289567.013
   635:   289653.001   290349.003   290349.023   290629.005   290637.009
   640:   290651.005   290731.009   290760.005   290761.009   294632.013
   645:   294858.001   295808.003   295808.023   296104.005   296412.009
   650:   296428.005   296432.009   296702.005   296783.009   297257.013
   655:   297351.001   298351.018   298394.003   298394.023   298726.005
   660:   298727.016   298777.026   299655.009   300080.013   300308.001
   665:   301308.018   301431.003   301431.023   301737.005   301738.016
   670:   301788.026   302379.009   302401.005   302433.009   304941.013
   675:   305188.001   306020.003   306020.023   306351.005   306662.009
   680:   306672.005   306675.009   306682.005   306701.009   308154.013
   685:   308313.001   309313.018   309533.003   309533.023   309855.005
   690:   309856.016   309906.026   310431.009   311409.013   311522.001
   695:   311589.003   311589.023   311604.001   311706.003   311954.005
   700:   312032.009   312309.005   312353.009   313957.013   314132.001
   705:   315132.018   315141.003   315141.023   315464.005   315465.016
   710:   315515.026   316266.009   316288.005   316294.009   317668.013
   715:   317885.001   318885.018   319104.003   319104.023   319409.005
   720:   319410.016   319460.026   319808.009   319820.005   319823.009
   725:   320604.005   320610.009   321763.013   321855.001   322855.018
   730:   322906.003   322906.023   323217.005   323218.016   323222.009
   735:   323223.005   323268.026   324084.009   326771.013   327029.001
   740:   328029.018   328247.003   328247.023   328519.005   328520.016
   745:   328570.026   328940.009   330223.013   330375.001   331375.018
   750:   331580.003   331580.023   331876.005   331877.016   331880.009
   755:   331887.005   331927.026   332292.009   332326.005   332366.009
   760:   334730.013   334846.001   335846.018   335938.003   335938.023
   765:   336238.005   336239.016   336289.026   336569.009   338942.013
   770:   339058.001   340058.018   340129.003   340129.023   340434.005
   775:   340435.016   340485.026   341484.009   342988.013   343087.001
   780:   344087.018   344315.003   344315.023   344630.005   344631.016
   785:   344681.026   345045.009   348684.013   348776.001   349776.018
   790:   349897.003   349897.023   350206.005   350207.016   350257.026
   795:   350832.009   353410.013   353503.001   354503.018   354832.003
   800:   354832.023   355161.005   355529.009   355560.005   355565.009
   805:   356164.013   356417.001   357417.018   357706.003   357706.023
   810:   358034.005   358347.009   358365.005   358372.009   360337.013
   815:   360444.001   361407.003   361407.023   361743.005   361997.009
   820:   364246.013   364364.001   365364.018   365499.003   365499.023
   825:   365823.005   365824.016   365874.026   366304.009   367677.013
   830:   367908.001   368908.018   369568.003   369568.023   369880.005
   835:   370135.009   370141.005   370145.009   370148.005   370532.009
   840:   370551.005   370554.009   371033.013   371119.001   371879.003
   845:   371879.023   371940.001   371983.003   372194.005   372629.009
   850:   372630.005   372686.009   374197.013   374313.001   375313.018
   855:   375440.003   375440.023   375759.005   375760.016   375810.026
   860:   376354.009   377463.013   377750.001   378750.018   378893.003
   865:   378893.023   379215.005   379216.016   379266.026   379629.009
   870:   379639.005   379658.009   379661.005   379753.009   381419.013
   875:   381674.001   382674.018   383030.003   383030.023   383368.005
   880:   383767.009   384671.013   384775.001   385775.018   386025.003
   885:   386025.023   386363.005   386722.009   386741.005   386748.009
   890:   389166.013   389312.001   390312.018   390688.003   390688.023
   895:   390763.001   390822.003   391032.005   391235.009   391252.005
   900:   391362.009   391422.005   391423.009   394035.013   394163.001
   905:   395041.003   395041.023   395356.005   395649.009   395662.005
   910:   395681.009   398659.013   398751.001   399751.018   399879.003
   915:   399879.023   400197.005   400198.016   400248.026   400601.009
   920:   402901.013   403034.001   404034.018   404297.003   404297.023
   925:   404626.005   404936.009   408279.013   408383.001   409383.018
   930:   409798.003   409798.023   410132.005   410689.009   411635.013
   935:   416805.001   417721.003   417721.023   418021.005   418345.009
   940:   421524.013   421632.001   422484.003   422484.023   422835.005
   945:   423084.009   423094.005   423104.009   426638.013   426725.001
   950:   427725.018   427771.003   427771.023   428085.005   428086.016
   955:   428136.026   429143.009   429164.005   429168.009   429289.013
   960:   429425.001   430425.018   430540.003   430540.023   430854.005
   965:   430855.016   430905.026   431374.009   433558.013   433626.001
   970:   434626.018   434794.003   434794.023   435146.005   435147.016
   975:   435197.026   435620.009   435634.005   435723.009   438350.013
   980:   438399.001   438407.003   438407.023   439130.005   439396.009
   985:   442633.013   442707.001   443707.018   444085.003   444085.023
   990:   444390.005   444686.009   444690.005   444694.009   446193.013
   995:   446312.001   447312.018   447377.003   447377.023   447702.005
  1000:   447703.016   447753.026   448341.009   448535.005   449001.009
  1005:   450556.013   450877.001   451877.018   452248.003   452248.023
  1010:   452546.005   452548.009   452549.005   452773.009   452774.005
  1015:   452813.009   452830.005   452842.009   455549.013   455656.001
  1020:   456656.018   456817.003   456817.023   457151.005   457152.016
  1025:   457202.026   457637.009   460855.013   461106.001   462106.018
  1030:   462309.003   462309.023   462654.005   462655.016   462705.026
  1035:   463057.009   463708.013   464237.001   465237.018   465424.003
  1040:   465424.023   465777.005   465778.016   465828.026   466157.009
  1045:   466249.005   466307.009   467831.013   467916.001   468916.018
  1050:   469046.003   469046.023   469401.005   469402.016   469452.026
  1055:   470027.009   470755.013   471030.001   472030.018   472449.003
  1060:   472449.023   472839.005   473114.009   476642.013   476788.001
  1065:   477719.003   477719.023   478065.005   478070.009   478073.005
  1070:   478352.009   478354.005   478362.009   478366.005   478370.009
  1075:   478377.005   478401.009   478417.005   478423.009   479718.013
  1080:   479956.001   480956.018   481070.003   481070.023   481404.005
  1085:   481405.016   481455.026   482251.009   482331.005   482420.009
  1090:   482454.005   482457.009   483958.013   484066.001   485066.018
  1095:   485159.003   485159.023   485507.005   485508.016   485517.009
  1100:   485518.005   485558.026   486630.009   489561.013   489653.001
  1105:   490544.003   490544.023   490894.005   491245.009   491254.005
  1110:   491258.009   491274.005   491277.009   492397.013   492525.001
  1115:   493525.003   493525.023   493862.005   493863.016   493913.026
  1120:   494424.009   496066.013   496194.001   497194.018   497332.003
  1125:   497332.023   497696.005   497697.016   497747.026   498093.009
  1130:   498116.005   498120.009   501050.013   501159.001   502159.018
  1135:   502400.003   502400.023   502774.005   502775.016   502825.026
  1140:   503574.009   505128.013   505214.001   506214.018   506356.003
  1145:   506356.023   506703.005   506704.016   506754.026   507152.009
  1150:   508757.013   508922.001   509922.018   510284.003   510284.023
  1155:   510640.005   511085.009   513293.013   513429.001   514429.018
  1160:   514638.003   514638.023   515006.005   515007.016   515057.026
  1165:   515381.009   519060.013   519201.001   520201.018   520460.003
  1170:   520460.023   520823.005   521193.009   522326.013   522430.001
  1175:   523430.018   523615.003   523615.023   523989.005   523990.016
  1180:   524040.026   524362.009   524471.005   524491.009   526343.013
  1185:   526459.001   527459.018   527756.003   527756.023   528116.005
  1190:   528388.009   531119.013   535279.001   536279.018   536327.003
  1195:   536327.023   536657.005   536658.016   536708.026   537054.009
  1200:   537096.005   537411.009   538861.013   538943.001   539719.003
  1205:   539719.023   540093.005   540450.009   540466.005   540480.009
  1210:   543596.013   543673.001   544673.018   544800.003   544800.023
  1215:   545176.005   545177.016   545227.026   545646.009   548380.013
  1220:   548476.001   549476.018   549507.003   549507.023   549865.005
  1225:   549866.009   549866.016   549872.005   549916.026   550245.009
  1230:   550332.005   550424.009   550919.013   551028.001   552028.018
  1235:   552209.003   552209.023   552539.005   552540.016   552590.026
  1240:   553016.009   553743.013   553836.001   554836.018   555187.003
  1245:   555187.023   555558.005   555764.009   555801.005   555856.009
  1250:   559211.013   559290.001   560290.018   560413.003   560413.023
  1255:   560773.005   560774.016   560775.009   560777.005   560824.026
  1260:   561104.009   564627.013   564693.001   565693.018   565916.003
  1265:   565916.023   566242.005   566243.016   566293.026   566626.009
  1270:   568796.013   568884.001   569884.018   569992.003   569992.023
  1275:   570354.005   570355.016   570405.026   571241.009   572058.013
  1280:   572173.001   572449.003   572449.023   572454.001   572577.003
  1285:   588000.005   588101.009   590803.013   591215.001   592215.018
  1290:   592384.003   592384.023   592684.005   592685.016   592735.026
  1295:   593037.009   596038.013   596146.001   597146.018   597239.003
  1300:   597239.023   597598.005   597599.016   597649.026   598012.009
  1305:   598952.013   599082.001   600082.018   600298.003   600298.023
  1310:   600658.005   600659.016   600660.009   600662.005   600709.026
  1315:   601527.009   602512.013   602842.001   603842.018   603918.003
  1320:   603918.023   604281.005   604282.016   604332.026   604777.009
  1325:   604830.005   604889.009   606835.013   606935.001   607935.018
  1330:   608119.003   608119.023   608504.005   608505.016   608555.026
  1335:   608916.009   609083.005   609090.009   609147.005   609152.009
  1340:   609558.013   609689.001   610689.018   610914.003   610914.023
  1345:   611260.005   611261.016   611311.026   611787.009   611828.005
  1350:   611865.009   611902.005   611910.009   611918.005   611921.009
  1355:   611934.005   611941.009   611946.005   611954.009   612814.013
  1360:   614174.001   615174.018   615196.003   615196.023   615579.005
  1365:   615580.016   615630.026   615942.009   619633.013   619741.001
  1370:   620741.018   620843.003   620843.023   621268.005   621269.016
  1375:   621319.026   621596.009   624622.013   624707.001   625707.018
  1380:   625969.003   625969.023   626359.005   626663.009   626709.005
  1385:   626712.009   628512.013   628618.001   629618.018   629744.003
  1390:   629744.023   630125.005   630126.016   630176.026   630573.009
  1395:   630583.005   630586.009   632479.013   632579.001   633579.018
  1400:   633676.003   633676.023   634079.005   634080.016   634130.026
  1405:   635559.009   635783.013   636175.001   637175.018   637271.003
  1410:   637271.023   637720.005   637721.016   637771.026   638117.009
  1415:   638163.005   638165.009   638344.005   638644.009   640424.013
  1420:   640526.001   641526.018   641863.003   641863.023   642272.005
  1425:   642702.009   642718.005   642725.009   645075.013   645151.001
  1430:   646151.018   646348.003   646348.023   646756.005   646757.016
  1435:   646807.026   647184.009   650310.013   650427.001   651427.018
  1440:   651568.003   651568.023   651983.005   651984.016   652034.026
  1445:   652506.009   655037.013   655124.001   656124.018   656314.003
  1450:   656314.023   656760.005   656761.016   656811.026   657480.009
  1455:   657964.013   658374.001   659374.018   659572.003   659572.023
  1460:   659962.005   659963.016   660013.026   660431.009   663166.013
  1465:   663312.001   664312.018   664579.003   664579.023   665007.005
  1470:   665285.009   668660.013   668748.001   669748.018   669800.003
  1475:   669800.023   670153.005   670154.016   670204.026   670668.009
  1480:   674007.013   674099.001   675099.018   675242.003   675242.023
  1485:   675600.005   675601.016   675651.026   675941.009   677454.013
  1490:   677563.001   678563.018   678797.003   678797.023   679179.005
  1495:   679180.016   679230.026   679956.009   679962.005   680115.009
  1500:   680533.013   680693.001   681693.018   681955.003   681955.023
  1505:   682332.005   682554.009   684335.013   684454.001   685454.018
  1510:   685457.003   685457.023   685852.005   685853.016   685903.026
  1515:   686498.009   689206.013   689347.001   690347.018   690590.003
  1520:   690590.023   690962.005   690963.016   691013.026   691291.009
  1525:   693016.013   693149.001   694112.003   694112.023   694505.005
  1530:   694796.009   696658.013   696783.001   697783.018   698051.003
  1535:   698051.023   698396.005   698813.009   698833.005   698837.009
  1540:   700699.013   700843.001   701079.003   701079.023   701089.001
  1545:   701187.003   703027.005   703121.009   704680.013   704780.001
  1550:   705676.003   705676.023   706009.005   706402.009   710012.013
  1555:   710098.001   711098.018   711233.003   711233.023   711566.005
  1560:   711567.016   711617.026   712007.009   712920.013   713223.001
  1565:   714223.018   714460.003   714460.023   714808.005   714809.016
  1570:   714859.026   715564.009   718012.013   718150.001   719150.018
  1575:   719276.003   719276.023   719617.005   719618.016   719668.026
  1580:   720298.009   723321.013   723408.001   724408.018   724976.003
  1585:   724976.023   725339.005   725636.009   726842.013   739037.001
  1590:   740037.018   740191.003   740191.023   740494.005   740495.016
  1595:   740545.026   740938.009   741952.005   742136.009   744048.013
  1600:   744172.001   745172.018   745216.003   745216.023   745576.005
  1605:   745577.016   745627.026   745932.009   749430.013   749561.001
  1610:   750561.018   750795.003   750795.023   751173.005   751174.016
  1615:   751224.026   751647.009   752377.013   753027.001   754027.018
  1620:   754341.003   754341.023   754717.005   755171.009   756520.013
  1625:   756626.001   757626.018   758051.003   758051.023   758409.005
  1630:   758600.009   758680.005   758798.009   759412.013   778668.001
  1635:   779506.003   779506.023   779536.001   779580.003   779813.005
  1640:   780314.009   782316.013   783610.001   783812.003   783812.023
  1645:   784165.005   784290.009   786818.013   813913.001   814194.003
  1650:   814194.023   814471.005   814685.009   817274.013   860413.005
  1655:   860453.009   860483.005   860490.009   860499.005   860508.009
  1660:   861261.001   861819.003   861819.023   862089.005   862501.009
  1665:   863785.005   863787.009   863791.005   863793.009   863844.005
  1670:   863861.009   863882.005   863914.009   863916.005   863956.009
  1675:   864031.005   864318.009   865092.013   865192.005   865217.009
  1680:   865621.005   865633.009   865644.005   865654.009   865667.005
  1685:   865670.009   865706.005   865719.009   865740.005   866289.009
  1690:   866775.001   867775.018   867777.003   867777.023   868074.005
  1695:   868075.016   868125.026   868507.009   871428.013   874985.005
  1700:   875114.009   875126.005   875381.009   875395.005   875401.009
  1705:   875691.001   876568.003   876568.023   876872.005   877500.009
  1710:   877503.005   877517.009   877875.013   878201.001   879142.003
  1715:   879142.023   879459.005   879624.009   879632.005   879673.009
  1720:   879681.005   879795.009   879833.005   879842.009   882962.013
  1725:   883056.001   883973.003   883973.023   884293.005   884454.009
  1730:   885596.013   885631.005   885739.009   885744.005   885754.009
  1735:   886052.001   886086.003   886086.023   886100.001   886188.003
  1740:   886593.005   887458.009   887723.005   887947.009   888246.013
  1745:   888357.001   889229.003   889229.023   889304.001   889329.003
  1750:   889509.005   889688.009   890662.013   891043.005   891128.009
  1755:   891510.001   892451.003   892451.023   892760.005   893081.009
  1760:   894763.013   895993.005   896002.009   896024.005   896083.009
  1765:   896495.001   897258.003   897258.023   897548.005   897722.009
  1770:   898984.005   899081.009   900051.013   900153.001   901153.018
  1775:   901180.003   901180.023   901502.005   901503.016   901506.009
  1780:   901511.005   901553.026   901818.009   903873.005   903937.009
  1785:   904206.013   904727.001   905265.003   905265.023   905587.005
  1790:   905981.009   906011.005   906025.009   906111.005   906117.009
  1795:   909240.013   909342.001   910339.003   910339.023   910674.005
  1800:   911194.009   912827.013   912939.001   913858.003   913858.023
  1805:   914189.005   914580.009   916022.005   916128.009   916492.013
  1810:   916773.001   917773.018   918157.003   918157.023   918527.005
  1815:   919054.009   921530.013   921632.001   922632.018   922786.003
  1820:   922786.023   923111.005   923112.016   923162.026   923612.009
  1825:   924725.005   924797.009   926315.013   926416.001   927408.003
  1830:   927408.023   927737.005   928376.009   930540.013   930648.001
  1835:   931648.018   931717.003   931717.023   932056.005   932057.016
  1840:   932064.009   932066.005   932107.026   932400.009   935910.013
  1845:   936020.001   936843.003   936843.023   937189.005   937535.009
  1850:   941192.013   941310.001   942233.003   942233.023   942577.005
  1855:   943042.009   944080.013   944187.001   945187.018   945471.003
  1860:   945471.023   945799.005   946327.009   947602.013   947692.001
  1865:   948692.018   948945.003   948945.023   949275.005   949729.009
  1870:   950578.013   950669.001   951320.003   951320.023   951334.001
  1875:   951420.003   951706.005   951965.009   953359.013   953452.001
  1880:   954452.018   954494.003   954494.023   954802.005   954803.016
  1885:   954853.026   955251.009   956114.005   956240.009   956266.005
  1890:   956318.009   956656.013   956767.001   957742.003   957742.023
  1895:   958067.005   958518.009   958539.005   958549.009   960220.013
  1900:   960306.001   961306.018   961388.003   961388.023   961718.005
  1905:   961719.009   961719.016   961721.005   961769.026   962277.009
  1910:   963772.013   963870.001   964774.003   964774.023   965107.005
  1915:   965688.009   967410.013   967526.001   968526.018   968779.003
  1920:   968779.023   969127.005   969242.009   969254.005   969332.009
  1925:   969413.005   969415.009   971630.013   971739.001   971762.003
  1930:   971762.023   971777.001   971879.003   972528.005   972662.009
  1935:   973681.013   973783.001   974783.018   974861.003   974861.023
  1940:   975181.005   975182.016   975232.026   975503.009   977192.005
  1945:   977290.009   977355.005   977357.009   977361.005   977367.009
  1950:   977885.013   977998.001   978998.018   979294.003   979294.023
  1955:   979623.005   979968.009   979988.005   980070.009   980104.005
  1960:   980109.009   982776.013   982874.001   983874.018   984246.003
  1965:   984246.023   984567.005   984878.009   986070.013   986178.001
  1970:   987170.003   987170.023   987505.005   987668.009   987785.005
  1975:   987805.009   990808.013   990969.001   991969.018   992337.003
  1980:   992337.023   992649.005   993029.009   993652.013   993791.001
  1985:   994550.003   994550.023   994870.005   995062.009   995074.005
  1990:   995110.009   998373.013  1010434.001  1011024.003  1011024.023
  1995:  1011089.001  1011131.003  1011360.005  1011498.009  1011826.005
  2000:  1011981.009  1015013.013  1015114.001  1016114.018  1016236.003
  2005:  1016236.023  1016627.005  1016628.016  1016678.026  1017060.009
  2010:  1018486.005  1018531.009  1020481.013  1020592.001  1021592.018
  2015:  1021707.003  1021707.023  1022023.005  1022024.016  1022074.026
  2020:  1022374.009  1024176.005  1024394.009  1024877.013  1024986.001
  2025:  1025986.018  1026008.003  1026008.023  1026334.005  1026335.016
  2030:  1026385.026  1027116.009  1028254.005  1028270.009  1029388.013
  2035:  1029646.001  1030580.003  1030580.023  1030891.005  1030893.009
  2040:  1030898.005  1031301.009  1034894.013  1035012.001  1036012.018
  2045:  1036456.003  1036456.023  1036787.005  1036909.009  1036995.005
  2050:  1037013.009  1037038.005  1037251.009  1038440.013  1038560.001
  2055:  1039560.018  1039716.003  1039716.023  1040039.005  1040040.016
  2060:  1040090.026  1040449.009  1041538.005  1041616.009  1042743.013
  2065:  1042851.001  1043851.018  1043881.003  1043881.023  1044224.005
  2070:  1044225.016  1044228.009  1044232.005  1044275.026  1044700.009
  2075:  1047078.013  1047246.001  1048246.018  1048608.003  1048608.023
  2080:  1048941.005  1049564.009  1052744.013  1052851.001  1053851.018
  2085:  1054318.003  1054318.023  1054380.001  1054420.003  1054668.005
  2090:  1054922.009  1056514.005  1056642.009  1057821.013  1057930.001
  2095:  1058930.018  1059019.003  1059019.023  1059367.005  1059368.016
  2100:  1059418.026  1059704.009  1061376.005  1061441.009  1062921.013
  2105:  1063014.001  1064014.018  1064143.003  1064143.023  1064481.005
  2110:  1064482.016  1064532.026  1064925.009  1066441.005  1066563.009
  2115:  1066710.005  1066754.009  1068535.013  1068652.001  1069652.018
  2120:  1069732.003  1069732.023  1070060.005  1070061.016  1070062.009
  2125:  1070066.005  1070111.026  1070426.009  1071414.013  1071629.005
  2130:  1071649.009  1071793.005  1071796.009  1072130.001  1073029.003
  2135:  1073029.023  1073369.005  1073827.009  1074522.013  1074645.001
  2140:  1075645.018  1076089.003  1076089.023  1076437.005  1076544.009
  2145:  1076567.005  1076587.009  1076674.005  1076694.009  1077940.013
  2150:  1078086.001  1078996.003  1078996.023  1079329.005  1079474.009
  2155:  1081132.013  1135675.005  1135683.009  1142920.001  1143470.003
  2160:  1143470.023  1143740.005  1144069.009  1144076.005  1144090.009
  2165:  1145435.005  1145540.009  1145743.013  1151049.001  1151666.003
  2170:  1151666.023  1152005.005  1152444.009  1154158.013  1340810.005
  2175:  1340971.009  1491872.005  1492387.009
B:
     0:        0.000      246.000        0.000      246.000        0.000
     5:      464.000        0.000        0.000        0.000      464.000
    10:        0.000        1.000        0.000      223.000        0.000
    15:        0.000       91.000        0.000      130.000        0.000
    20:        0.000        0.000        0.000      222.000        0.000
    25:        0.000       91.000        0.000        0.000        0.000
    30:        0.000
D:
     0:  1153728.000  1153112.000  1153729.000
E:
     0:     1000.000     1000.000     1250.000
P:
     0:        2.000        2.300        2.600        3.000        3.300
     5:        3.600        4.000        4.300        4.600        5.000
    10:        5.300        5.600        6.000        6.300        6.600
    15:        7.000        7.300        7.600        8.000
T:
     0:        0.000        0.000        0.000        0.000
W:
     0:        0.000        0.000        0.000
