File: C:\MED-PC IV\Data\Reyes\BD\BD5117.999


Start Date: 04/27/26
End Date: 04/27/26
Subject: 117
Experiment: BD
Group: ERROR_M
Box: 1
Start Time: 10:53:56
End Time: 11:43:56
MSN: DRRD_precisao
C:       0.000
F:       0.000
G:       0.000
H:       0.000
I:       0.000
J:       0.000
K:    2000.000
L:       0.000
M:       0.000
N:       1.000
O:       0.000
Q:       0.000
R:       0.000
S:    2500.000
U:    7976.000
V:       0.000
X:    3300.000
Y:    1046.000
Z:       0.000
A:
     0:     2513.005     2679.009     2782.005     3033.009     8282.005
     5:     8316.009     8387.005     8564.009     8599.005     8756.009
    10:     9052.005     9093.009     9463.005     9472.009    13239.005
    15:    13395.009    13537.005    13580.009    15000.013    15000.011
    20:    15165.001    15820.003    15820.023    15887.005    16324.009
    25:    16365.005    16373.009    17190.013    17261.001    18002.003
    30:    18002.023    18070.005    18248.009    19073.013    19128.001
    35:    20062.003    20062.023    20121.005    20332.009    21774.013
    40:    21842.001    22833.003    22833.023    22898.005    23107.009
    45:    25051.013    25119.001    26090.003    26090.023    26170.005
    50:    26406.009    28973.013    29069.001    30017.003    30017.023
    55:    30084.005    30311.009    33387.013    33457.001    34457.018
    60:    34845.003    34845.023    34920.005    35088.009    35128.005
    65:    35135.009    38573.013    38639.001    39639.018    39693.003
    70:    39693.023    39774.005    39775.016    39825.026    40409.009
    75:    43628.013    43704.001    44683.003    44683.023    44769.005
    80:    44985.009    48772.013    48851.001    49702.003    49702.023
    85:    49807.005    50010.009    51610.013    51675.001    52675.018
    90:    52875.003    52875.023    52955.005    52956.016    53006.026
    95:    53530.009    53569.005    53791.009    53868.005    53878.009
   100:    55659.013    55719.001    56719.018    56764.003    56764.023
   105:    56847.005    56848.016    56898.026    57387.009    57409.005
   110:    57588.009    59901.013    59973.001    60940.003    60940.023
   115:    61043.005    61189.009    62546.013    62622.001    63622.018
   120:    63719.003    63719.023    63807.005    63808.016    63858.026
   125:    64364.009    64375.005    64384.009    64410.005    64492.009
   130:    65861.013    65936.001    66936.018    66970.003    66970.023
   135:    67071.005    67072.016    67122.026    67861.009    69425.013
   140:    69519.001    70519.018    70525.003    70525.023    70621.005
   145:    70622.016    70672.026    71136.009    71212.005    71288.009
   150:    73175.013    73301.001    74301.018    74482.003    74482.023
   155:    74562.005    74563.016    74613.026    75198.009    78116.013
   160:    78186.001    79186.018    79214.003    79214.023    79314.005
   165:    79315.016    79365.026    80170.009    82518.013    82625.001
   170:    83590.003    83590.023    83686.005    83875.009    84839.013
   175:    84903.001    85903.018    85966.003    85966.023    86070.005
   180:    86071.016    86121.026    86653.009    88774.013    88830.001
   185:    89815.003    89815.023    89906.005    90058.009    93559.013
   190:    93626.001    94608.003    94608.023    94728.005    94901.009
   195:    94914.005    94924.009    94946.005    94953.009    96231.013
   200:    96292.001    97292.018    97538.003    97538.023    97612.005
   205:    97613.016    97663.026    98182.009   100966.013   101053.001
   210:   102053.018   102207.003   102207.023   102286.005   102287.016
   215:   102337.026   102959.009   103052.005   103137.009   103640.013
   220:   103813.001   104813.018   104970.003   104970.023   105047.005
   225:   105048.016   105098.026   105690.009   107251.013   107317.001
   230:   108317.018   108343.003   108343.023   108490.005   108491.016
   235:   108541.026   109159.009   109272.005   109313.009   109314.005
   240:   109328.009   111344.013   111413.001   112413.018   112442.003
   245:   112442.023   112521.005   112522.016   112572.026   113396.009
   250:   116075.013   116136.001   117136.018   117272.003   117272.023
   255:   117371.005   117372.016   117422.026   117914.009   117978.005
   260:   118103.009   119925.013   119995.001   120973.003   120973.023
   265:   121063.005   121240.009   124866.013   124940.001   125940.018
   270:   126186.003   126186.023   126277.005   126278.016   126328.026
   275:   126954.009   127481.013   127634.001   128634.018   128909.003
   280:   128909.023   129010.005   129213.009   133013.013   133086.001
   285:   134086.018   134288.003   134288.023   134367.005   134368.016
   290:   134418.026   134946.009   134992.005   135154.009   136421.013
   295:   136476.001   137476.018   137605.003   137605.023   137690.005
   300:   137691.016   137741.026   138448.009   138744.013   138944.001
   305:   139944.018   140043.003   140043.023   140128.005   140129.016
   310:   140179.026   140787.009   140807.005   140897.009   141832.013
   315:   141989.001   142989.018   143133.003   143133.023   143224.005
   320:   143225.016   143275.026   143786.009   143809.005   143869.009
   325:   143894.005   143907.009   145578.013   145677.001   146677.018
   330:   146737.003   146737.023   146833.005   146834.016   146884.026
   335:   147614.009   147706.005   147997.009   148687.013   149148.001
   340:   150094.003   150094.023   150198.005   150393.009   153201.013
   345:   153286.001   154286.018   154712.003   154712.023   154812.005
   350:   154977.009   157965.013   158042.001   158946.003   158946.023
   355:   159039.005   159212.009   162342.013   162419.001   163419.018
   360:   163512.003   163512.023   163584.005   163585.016   163635.026
   365:   164101.009   164111.005   164448.009   167288.013   167350.001
   370:   168350.018   168532.003   168532.023   168616.005   168617.016
   375:   168667.026   169183.009   169220.005   169381.009   169398.005
   380:   169416.009   172470.013   172554.001   173554.018   173796.003
   385:   173796.023   173891.005   173892.016   173942.026   175129.009
   390:   175143.005   175161.009   177095.013   177181.001   178092.003
   395:   178092.023   178188.005   178344.009   182191.013   182317.001
   400:   183317.018   183333.003   183333.023   183424.005   183425.016
   405:   183475.026   183912.009   183951.005   184108.009   184130.005
   410:   184195.009   184978.013   185087.001   186000.003   186000.023
   415:   186097.005   186313.009   187400.013   187464.001   188444.003
   420:   188444.023   188532.005   188723.009   190185.013   190248.001
   425:   190265.003   190265.023   206440.005   206508.009   207783.005
   430:   207945.009   208743.013   208859.001   209765.003   209765.023
   435:   209812.005   210101.009   212315.013   212370.001   213370.018
   440:   213415.003   213415.023   213493.005   213494.016   213544.026
   445:   214038.009   214547.013   214715.001   215715.018   215739.003
   450:   215739.023   215837.005   215838.016   215888.026   216660.009
   455:   217041.013   217401.001   218279.003   218279.023   218388.005
   460:   218523.009   220191.013   220257.001   221257.018   221280.003
   465:   221280.023   221353.005   221354.016   221404.026   221921.009
   470:   221948.005   222045.009   222168.005   222238.009   223557.013
   475:   223663.001   224633.003   224633.023   224714.005   224891.009
   480:   227517.013   227588.001   228588.018   228790.003   228790.023
   485:   228875.005   228876.016   228926.026   229426.009   232429.013
   490:   232508.001   233493.003   233493.023   233620.005   233812.009
   495:   236273.013   236368.001   237368.018   237506.003   237506.023
   500:   237587.005   237588.016   237638.026   238377.009   238684.005
   505:   238698.009   239641.013   239780.001   240780.018   240831.003
   510:   240831.023   240921.005   240922.016   240972.026   241552.009
   515:   243975.013   244051.001   244957.003   244957.023   245028.005
   520:   245304.009   248681.013   248755.001   249755.018   249847.003
   525:   249847.023   249926.005   249927.016   249977.026   250811.009
   530:   253780.013   253882.001   254882.018   254886.003   254886.023
   535:   254969.005   254970.016   255020.026   255463.009   255475.005
   540:   255752.009   256323.013   256524.001   257524.018   257820.003
   545:   257820.023   257917.005   258100.009   260720.013   260804.001
   550:   261804.018   261851.003   261851.023   261936.005   261937.016
   555:   261987.026   262569.009   262693.005   262797.009   264640.013
   560:   264731.001   265731.018   265791.003   265791.023   265878.005
   565:   265879.016   265929.026   266624.009   266668.005   266693.009
   570:   266694.005   266722.009   269932.013   270006.001   271006.018
   575:   271145.003   271145.023   271227.005   271228.016   271278.026
   580:   271868.009   271874.005   272008.009   272281.013   272768.001
   585:   273768.018   273776.003   273776.023   273873.005   273874.016
   590:   273924.026   274519.009   274622.005   274703.009   275577.013
   595:   275784.001   276784.018   276888.003   276888.023   276980.005
   600:   276981.016   277031.026   277502.009   277544.005   277580.009
   605:   279184.013   279444.001   280444.018   280515.003   280515.023
   610:   280605.005   280606.016   280656.026   281104.009   281132.005
   615:   281194.009   282959.013   283024.001   284024.018   284043.003
   620:   284043.023   284138.005   284139.016   284189.026   284892.009
   625:   285082.005   285207.009   285341.005   285423.009   287192.013
   630:   287287.001   288159.003   288159.023   288264.005   288535.009
   635:   289417.013   289493.001   290493.018   290654.003   290654.023
   640:   290743.005   290744.016   290794.026   291232.009   291239.005
   645:   291246.009   294097.013   294181.001   295181.018   295243.003
   650:   295243.023   295333.005   295334.016   295384.026   296045.009
   655:   296107.005   296116.009   296120.005   296130.009   297187.013
   660:   297376.001   298376.018   298457.003   298457.023   298551.005
   665:   298552.016   298602.026   299146.009   300105.013   300410.001
   670:   301410.018   301511.003   301511.023   301602.005   301603.016
   675:   301653.026   302277.009   302306.005   302332.009   304156.013
   680:   304347.001   305347.018   305492.003   305492.023   305607.005
   685:   305608.016   305658.026   306245.009   306294.005   306382.009
   690:   307661.013   307964.001   308963.003   308963.023   309065.005
   695:   309294.009   312218.013   312280.001   313280.018   313426.003
   700:   313426.023   313509.005   313510.016   313560.026   314133.009
   705:   314148.005   314273.009   317063.013   317146.001   318146.018
   710:   318204.003   318204.023   318342.005   318343.016   318393.026
   715:   319042.009   321196.013   321279.001   322279.018   322342.003
   720:   322342.023   322447.005   322448.016   322498.026   323229.009
   725:   326301.013   326377.001   327377.018   327406.003   327406.023
   730:   327497.005   327498.016   327548.026   327974.009   328705.005
   735:   329178.009   331201.013   331325.001   332292.003   332292.023
   740:   332398.005   332597.009   336401.013   336465.001   337465.018
   745:   337520.003   337520.023   337610.005   337611.016   337661.026
   750:   338093.009   339164.013   339350.001   340306.003   340306.023
   755:   340410.005   340612.009   342213.013   342299.001   343225.003
   760:   343225.023   343318.005   343498.009   344471.013   344557.001
   765:   345557.018   345613.003   345613.023   345705.005   345706.016
   770:   345756.026   346249.009   346368.005   346400.009   346539.005
   775:   346632.009   348059.013   348212.001   349162.003   349162.023
   780:   349255.005   349479.009   351408.013   351513.001   352513.018
   785:   352518.003   352518.023   352596.005   352597.016   352647.026
   790:   353111.009   353145.005   353219.009   353346.005   353454.009
   795:   353950.013   354386.001   355224.003   355224.023   355337.005
   800:   355472.009   357990.013   358060.001   359060.018   359156.003
   805:   359156.023   359239.005   359240.016   359290.026   359717.009
   810:   362443.013   362542.001   363542.018   363616.003   363616.023
   815:   363713.005   363714.016   363764.026   364263.009   364306.005
   820:   364326.009   366267.013   366463.001   367450.003   367450.023
   825:   367560.005   367728.009   369213.013   369297.001   370297.018
   830:   370339.003   370339.023   370433.005   370434.016   370484.026
   835:   370960.009   371018.005   371042.009   373487.013   601511.005
   840:   601664.009   602815.001   603171.003   603171.023   624528.005
   845:   624896.009   627831.013   627902.001   628902.018   629086.003
   850:   629086.023   629149.005   629150.016   629200.026   629903.009
   855:   630035.005   630164.009   630190.005   630253.009   630351.005
   860:   630359.009   631203.013   631310.001   632190.003   632190.023
   865:   632265.005   632495.009   635768.013   635831.001   636831.018
   870:   636970.003   636970.023   637048.005   637049.016   637099.026
   875:   637646.009   637668.005   637693.009   637749.005   637892.009
   880:   638102.013   638394.001   639394.018   639512.003   639512.023
   885:   639612.005   639613.016   639663.026   640349.009   640474.005
   890:   640517.009   643316.013   643395.001   644333.003   644333.023
   895:   644432.005   644617.009   648235.013   648347.001   649347.018
   900:   649572.003   649572.023   649660.005   649661.016   649711.026
   905:   650297.009   650429.005   650581.009   653714.013   653793.001
   910:   653826.003   653826.023   653827.001   653982.003   654464.005
   915:   654537.009   655467.013   664186.005   664317.009   665190.001
   920:   666190.018   666568.003   666568.023   666703.005   666869.009
   925:   666907.005   666914.009   668206.013   668297.001   669284.003
   930:   669284.023   669368.005   669623.009   670201.005   670259.009
   935:   671171.013   671257.001   672257.018   672274.003   672274.023
   940:   672356.005   672357.016   672407.026   673090.009   673133.005
   945:   673255.009   674410.013   674588.001   675382.003   675382.023
   950:   675581.005   675779.009   677234.013   677293.001   678293.018
   955:   678349.003   678349.023   678443.005   678444.016   678494.026
   960:   679139.009   679176.005   679263.009   679333.005   679431.009
   965:   679647.013   679896.001   680896.018   681087.003   681087.023
   970:   681181.005   681182.016   681232.026   681895.009   681953.005
   975:   682074.009   683385.013   683605.001   684605.018   684610.003
   980:   684610.023   684715.005   684716.016   684766.026   685376.009
   985:   685481.005   685514.009   687269.013   687419.001   688419.018
   990:   688421.003   688421.023   688533.005   688534.016   688584.026
   995:   689180.009   689215.005   689272.009   689283.005   689326.009
  1000:   689462.005   689671.009   691237.013   691459.001   692374.003
  1005:   692374.023   692480.005   692707.009   694783.013   694942.001
  1010:   695897.003   695897.023   696008.005   696383.009   697311.013
  1015:   697806.001   698806.018   699102.003   699102.023   699246.005
  1020:   699395.009   699876.005   699884.009   702049.013   798999.005
  1025:   799058.009  1017350.005  1017383.009  1017397.005  1017440.009
  1030:  1098392.005  1098514.009  1100043.001  1100697.003  1100697.023
  1035:  1103135.005  1103193.009  1103207.005  1103233.009  1103303.005
  1040:  1103321.009  1103334.005  1103838.009  1104187.005  1104746.009
  1045:  1106438.013
B:
     0:        0.000      112.000        0.000      112.000        0.000
     5:      200.000        0.000        0.000        0.000      200.000
    10:        0.000        1.000        0.000      112.000        0.000
    15:        0.000       64.000        0.000       70.000        0.000
    20:        0.000        0.000        0.000      111.000        0.000
    25:        0.000       64.000        0.000        0.000        0.000
    30:        0.000
D:
     0:  1108672.000  1108019.000  1108673.000
E:
     0:     1000.000     1000.000     1250.000
P:
     0:        2.000        2.300        2.600        3.000        3.300
     5:        3.600        4.000        4.300        4.600        5.000
    10:        5.300        5.600        6.000        6.300        6.600
    15:        7.000        7.300        7.600        8.000
T:
     0:        0.000        0.000        0.000        0.000
W:
     0:        0.000        0.000        0.000
