File: C:\MED-PC IV\Data\Reyes\BD\BD6121.999


Start Date: 05/06/26
End Date: 05/06/26
Subject: 121
Experiment: BD
Group: ERROR_M
Box: 5
Start Time: 12:01:12
End Time: 12:51:12
MSN: DRRD_error
C:       0.000
F:       0.000
G:       0.000
H:       0.000
I:       0.000
J:       0.000
K:    2000.000
L:       0.000
M:       0.000
N:       1.000
O:       0.000
Q:       0.000
S:    2500.000
U:   58735.000
V:       0.000
X:    1300.000
Y:    3777.000
Z:       0.000
A:
     0:     4975.005     5179.009    13946.005    14041.009    14544.005
     5:    15000.013    15000.011    15019.009    15043.005    15061.009
    10:    15269.001    16173.003    16173.023    16384.005    17237.009
    15:    17956.005    18006.009    18007.005    18022.009    18098.005
    20:    18213.009    18217.005    18229.009    18240.005    18244.009
    25:    18284.005    18292.009    18298.005    18300.009    18301.005
    30:    18513.009    18520.005    18525.009    18563.005    18565.009
    35:    18595.005    18644.009    19394.005    19647.009    19649.005
    40:    19757.009    20000.005    20187.009    20887.013    21108.001
    45:    21880.003    21880.023    22076.005    22305.009    22320.005
    50:    22553.009    22715.005    22857.009    23429.005    23490.009
    55:    23533.005    23537.009    23542.005    23545.009    23568.005
    60:    23570.009    23572.005    23681.009    23879.013    23997.001
    65:    24026.003    24026.023    24347.005    24685.009    24848.005
    70:    25358.009    27143.005    27229.009    27270.005    27271.009
    75:    27272.005    27362.009    27552.005    27660.009    28000.013
    80:    28097.001    29033.003    29033.023    29060.001    29121.003
    85:    29254.005    29612.009    29824.005    29918.009    30864.005
    90:    31005.009    31557.013    31871.001    32871.018    33235.003
    95:    33235.023    33449.005    33669.009    33724.005    33865.009
   100:    33989.005    34090.009    35452.013    35690.001    36690.018
   105:    36764.003    36764.023    37000.005    37002.016    37052.026
   110:    37464.009    37576.005    37676.009    37682.005    37702.009
   115:    38554.013    38735.001    39529.003    39529.023    39778.005
   120:    40001.009    40263.005    40597.009    40600.005    40602.009
   125:    41931.013    42050.001    43050.018    43710.003    43710.023
   130:    43943.005    44331.009    44607.005    44717.009    45596.013
   135:    45903.001    46903.018    47166.003    47166.023    47174.001
   140:    47205.003    47390.005    47631.009    47638.005    47642.009
   145:    47667.005    47668.009    47921.005    47927.009    47930.005
   150:    48045.009    49363.005    49498.009    49552.005    49651.009
   155:    49660.005    49662.009    49692.005    49785.009    49893.013
   160:    50134.001    51134.018    51677.003    51677.023    51937.005
   165:    52244.009    52300.005    52302.009    54471.005    54593.009
   170:    54608.005    54716.009    54740.013    54838.005    54875.009
   175:    55110.001    55937.003    55937.023    55988.001    56021.003
   180:    56160.005    56446.009    56557.005    56659.009    56808.005
   185:    56927.009    56932.005    57060.009    57280.005    57372.009
   190:    58813.013    58920.001    59920.018    60151.003    60151.023
   195:    60365.005    60678.009    60746.005    60751.009    60763.005
   200:    60894.009    61096.005    61099.009    61112.005    61178.009
   205:    62182.005    62274.009    62344.005    62442.009    63670.016
   210:    63720.026    63843.005    64138.009    64222.013    64524.001
   215:    65524.018    66076.003    66076.023    66299.005    66562.009
   220:    67587.005    67647.009    69602.013    69837.001    70797.003
   225:    70797.023    71014.005    71231.009    74517.013    74621.001
   230:    74746.003    74746.023    75054.005    75412.009    75480.005
   235:    75488.009    75490.005    75548.009    75565.005    75698.009
   240:    75824.005    75948.009    77430.005    77640.009    77721.005
   245:    77889.009    79057.013    79286.001    80286.018    80696.003
   250:    80696.023    80971.005    81258.009    81261.005    81264.009
   255:    83395.005    83452.009    83491.005    83492.009    83498.005
   260:    83777.009    85124.013    85317.001    86317.018    86473.003
   265:    86473.023    86732.005    86968.009    88441.005    89237.016
   270:    89263.009    89287.026    89325.005    89789.013    89838.009
   275:    90199.001    91199.018    91471.003    91471.023    91486.001
   280:    91528.003    91559.001    91563.003    91707.005    91902.009
   285:    91926.005    91966.009    92251.005    92434.009    92766.005
   290:    93122.009    94575.005    94584.009    94591.005    94765.009
   295:    94780.005    94883.009    94927.005    95010.013    95201.009
   300:    95437.001    96143.003    96143.023    96362.005    96559.009
   305:    96561.005    96563.009    97185.005    97411.009    98015.013
   310:    98125.001    99125.018    99378.003    99378.023    99613.005
   315:    99812.009    99815.005    99819.009    99821.005    99824.009
   320:   101416.013   101518.001   101591.003   101591.023   101873.005
   325:   102016.009   102547.005   102821.009   103876.005   103876.013
   330:   104308.009   104336.005   104342.009   104347.005   104350.009
   335:   104657.001   105657.018   105998.003   105998.023   106219.005
   340:   106554.009   109872.013   110404.001   111404.018   111547.003
   345:   111547.023   111770.005   111772.016   111822.026   112125.009
   350:   112389.005   112598.009   113324.013   113616.001   114616.018
   355:   114721.003   114721.023   115003.005   115005.016   115055.026
   360:   115542.009   115559.005   115566.009   115644.005   115647.009
   365:   118207.013   118458.001   118998.003   118998.023   119232.005
   370:   119573.009   119613.005   119614.009   119641.005   119768.009
   375:   121628.005   121631.009   121632.005   122035.013   122145.009
   380:   122408.001   123379.003   123379.023   123610.005   123861.009
   385:   127113.013   128067.001   128798.003   128798.023   129001.005
   390:   129252.009   132804.013   133173.001   134169.003   134169.023
   395:   134444.005   134741.009   134962.005   135057.009   135639.005
   400:   136311.009   136318.005   136323.009   136597.013   136812.001
   405:   137812.018   137935.003   137935.023   138198.005   138464.009
   410:   138469.005   138474.009   139954.005   140003.016   140053.026
   415:   140456.009   140555.013   140877.001   141799.003   141799.023
   420:   142046.005   142285.009   145049.013   145376.001   146359.003
   425:   146359.023   146612.005   146875.009   147080.005   147197.009
   430:   147234.005   147361.009   147378.005   147468.009   147538.005
   435:   147564.009   147658.005   147789.009   147923.005   148017.009
   440:   149293.005   149409.009   149481.005   149649.009   150615.013
   445:   150844.001   151844.018   152366.003   152366.023   152656.005
   450:   152900.009   152909.005   152911.009   152982.005   153184.009
   455:   153473.005   153635.009   153657.005   153679.009   155159.013
   460:   155384.001   156384.018   157302.003   157302.023   157548.005
   465:   157795.009   159682.005   159895.009   160937.005   161370.009
   470:   161701.013   161811.001   161848.003   161848.023   162103.005
   475:   162160.009   162196.005   162210.009   162227.005   162230.009
   480:   162263.005   162370.009   162697.005   162760.009   162944.005
   485:   163147.009   163166.005   163180.009   163192.005   163214.009
   490:   164212.005   164450.009   164572.005   164780.009   165931.005
   495:   166045.009   166057.005   166153.009   166406.013   166514.001
   500:   167514.018   167607.003   167607.023   167839.005   167841.016
   505:   167891.026   168197.009   168230.005   168371.009   169020.005
   510:   169226.009   170629.005   170769.009   170771.005   170783.009
   515:   170932.005   171093.009   172393.013   172847.005   173007.009
   520:   173292.001   174165.003   174165.023   174420.005   174717.009
   525:   175752.005   175849.009   175850.005   175967.009   175980.005
   530:   175983.009   176723.013   176855.001   177855.018   177970.003
   535:   177970.023   178244.005   178407.009   178540.005   178772.009
   540:   179089.005   179182.009   180907.005   181072.009   181078.005
   545:   181090.009   181115.005   181214.009   181549.016   181599.026
   550:   181781.005   182101.013   182554.009   182727.005   183059.009
   555:   183066.005   183073.009   183387.001   184350.003   184350.023
   560:   184603.005   184968.009   184969.005   184976.009   185153.005
   565:   185447.009   188551.005   188715.009   188756.013   188988.001
   570:   189988.018   190096.003   190096.023   190332.005   190563.009
   575:   193504.005   193629.009   194137.016   194182.005   194187.026
   580:   194633.009   194635.005   194640.009   194689.013   194909.001
   585:   195903.003   195903.023   196137.005   196438.009   197976.005
   590:   198090.009   198101.005   198103.009   198143.005   198542.009
   595:   198822.005   198913.009   200131.005   200140.013   200302.009
   600:   200691.001   201691.018   201971.003   201971.023   202201.005
   605:   202422.009   203870.005   204133.009   204854.013   204957.001
   610:   205957.018   205984.003   205984.023   206228.005   206230.016
   615:   206280.026   206667.009   208432.013   208808.001   209808.018
   620:   209811.003   209811.023   210076.005   210442.009   211105.005
   625:   211164.009   211208.005   211209.009   211214.005   211216.009
   630:   211356.005   211507.009   211512.005   211530.009   211642.005
   635:   211692.009   213169.005   213677.009   213681.005   213685.009
   640:   213727.005   213729.009   214081.016   214131.026   214277.005
   645:   214633.013   214704.009   215015.001   216015.018   216188.003
   650:   216188.023   216421.005   216423.016   216473.026   217257.009
   655:   217471.005   217481.009   217487.005   217605.009   217610.005
   660:   217611.009   217975.013   218361.001   218926.003   218926.023
   665:   219161.005   219290.009   220481.005   220592.009   220608.005
   670:   220617.009   220643.005   220790.009   221964.013   222052.001
   675:   222964.003   222964.023   223180.005   223456.009   223555.005
   680:   223639.009   223644.005   223648.009   226683.013   227024.001
   685:   228024.018   228412.003   228412.023   228670.005   228951.009
   690:   228954.005   228955.009   230673.013   230770.001   231770.018
   695:   231820.003   231820.023   232076.005   232630.009   232635.005
   700:   232638.009   232837.005   232957.009   233231.016   233281.026
   705:   233429.005   233783.013   234345.009   234348.005   234356.009
   710:   234391.005   234393.009   234786.001   235786.018   235976.003
   715:   235976.023   236205.005   236207.016   236257.026   236785.009
   720:   237036.005   237055.009   237084.005   237097.009   239409.013
   725:   239791.001   240484.003   240484.023   240750.005   241069.009
   730:   244403.013   244501.001   245375.003   245375.023   245631.005
   735:   245844.009   245863.005   245864.009   249434.013   249545.001
   740:   250545.018   250609.003   250609.023   250889.005   251338.009
   745:   252544.016   252594.026   252708.005   253068.009   253096.013
   750:   253875.001   254726.003   254726.023   254980.005   255297.009
   755:   256199.005   256295.009   256302.005   256316.009   257983.013
   760:   258205.001   259205.018   259567.003   259567.023   259870.005
   765:   260282.009   260632.005   260812.009   262173.013   262270.001
   770:   263270.018   263959.003   263959.023   264229.005   264588.009
   775:   264858.005   265106.009   265133.005   265186.009   267532.013
   780:   267826.001   268826.018   269391.003   269391.023   269432.001
   785:   269444.003   269667.005   270017.009   272140.005   272170.013
   790:   272418.009   272733.001   273508.003   273508.023   273750.005
   795:   274014.009   274809.005   275028.009   275553.013   275675.001
   800:   276675.018   276879.003   276879.023   277127.005   277129.016
   805:   277179.026   277560.009   277563.005   277569.009   277610.005
   810:   277613.009   280681.013   281034.001   281522.003   281522.023
   815:   281841.005   282167.009   284994.013   285095.001   286095.018
   820:   286254.003   286254.023   286527.005   286529.016   286579.026
   825:   286913.009   286914.005   286923.009   287282.005   287488.009
   830:   288581.013   288660.001   289660.018   290118.003   290118.023
   835:   290369.005   290607.009   293022.013   297153.001   297658.003
   840:   297658.023   297906.005   298193.009   298484.005   298542.009
   845:   299861.005   300095.009   300154.005   300193.009   300207.005
   850:   300208.009   301567.005   301936.009   301947.005   301962.009
   855:   302057.005   302059.013   302144.009   302356.001   303136.003
   860:   303136.023   303382.005   303593.009   304825.005   305030.009
   865:   305109.005   305218.009   307385.013   307484.001   308271.003
   870:   308271.023   308521.005   308780.009   310269.005   310446.009
   875:   310481.005   310504.009   310509.005   310607.009   312373.005
   880:   312564.009   312824.013   313031.001   313929.003   313929.023
   885:   314187.005   314384.009   315799.005   315985.009   315987.005
   890:   315991.009   317840.013   318174.001   318967.003   318967.023
   895:   319249.005   319600.009   319855.005   320023.009   321479.005
   900:   321760.009   321841.005   321949.009   323470.005   323662.009
   905:   323752.013   324025.001   324810.003   324810.023   325038.005
   910:   325245.009   326541.013   326877.001   327730.003   327730.023
   915:   327976.005   328210.009   329629.013   329741.001   330435.003
   920:   330435.023   330669.005   331047.009   331201.005   331207.009
   925:   331212.005   331281.009   332169.005   332502.009   333616.005
   930:   333622.009   333628.005   333822.013   334038.009   334044.005
   935:   334046.009   334298.001   335055.003   335055.023   335290.005
   940:   335519.009   335520.005   335525.009   335530.005   335532.009
   945:   336831.005   336973.009   338397.005   338754.009   339093.013
   950:   339331.001   340033.003   340033.023   340258.005   340408.009
   955:   340421.005   340440.009   340922.005   341230.009   342561.013
   960:   342838.001   343838.018   344209.003   344209.023   344447.005
   965:   344710.009   345161.005   345362.009   346250.013   346423.001
   970:   347115.003   347115.023   347348.005   347534.009   347537.005
   975:   347543.009   350144.005   350151.013   350284.009   350286.005
   980:   350298.009   350360.005   350361.009   350364.005   350437.009
   985:   351199.005   351508.009   351816.001   352533.003   352533.023
   990:   352772.005   352961.009   353209.005   353213.009   353220.005
   995:   353375.009   353404.005   353490.009   353521.005   353558.009
  1000:   353685.005   353902.009   353921.005   353946.009   354119.005
  1005:   354354.009   355399.005   355462.009   355521.005   355623.009
  1010:   356275.013   356382.001   357071.003   357071.023   357298.005
  1015:   357455.009   357656.005   357879.009   358323.005   358441.009
  1020:   358598.005   358696.009   358744.005   358811.009   359565.005
  1025:   359650.009   360160.005   360362.009   361225.005   361301.013
  1030:   361681.009   361890.001   362890.018   363009.003   363009.023
  1035:   363264.005   363454.009   363515.005   363542.009   365769.016
  1040:   365819.026   366321.013   366470.005   367142.009   367356.005
  1045:   367361.009   368067.001   368895.003   368895.023   369158.005
  1050:   369408.009   371762.005   372074.009   372219.005   372242.009
  1055:   373461.013   373700.001   374700.018   374844.003   374844.023
  1060:   375081.005   375265.009   375430.005   375675.009   375713.005
  1065:   375718.009   377207.005   377323.009   377594.005   377838.009
  1070:   377918.005   378005.009   378037.005   378060.009   378327.005
  1075:   378508.009   379086.016   379136.026   379267.005   379638.013
  1080:   379755.009   379771.005   379782.009   379790.005   379798.009
  1085:   380056.001   380851.003   380851.023   381077.005   381356.009
  1090:   383580.013   383866.001   384727.003   384727.023   384986.005
  1095:   385235.009   386639.013   387239.005   387318.009   387635.001
  1100:   388243.003   388243.023   388460.005   388712.009   388722.005
  1105:   388785.009   391395.005   391506.009   391507.005   391628.009
  1110:   391763.013   391869.001   391896.003   391896.023   393142.005
  1115:   393146.009   393157.005   393496.009   394291.005   394645.013
  1120:   394807.009   395062.001   395779.003   395779.023   396001.005
  1125:   396254.009   396425.005   396475.009   398654.013   399228.001
  1130:   400228.018   400316.003   400316.023   400572.005   400574.016
  1135:   400624.026   401292.009   402174.005   402346.009   402400.005
  1140:   402466.009   402776.013   402952.001   403952.018   403961.003
  1145:   403961.023   404245.005   404247.016   404297.026   404841.009
  1150:   406299.013   406561.001   407561.018   407836.003   407836.023
  1155:   408078.005   408317.009   408322.005   408326.009   409254.005
  1160:   409369.009   410855.005   411043.009   411081.013   411127.005
  1165:   411269.009   411556.001   412471.003   412471.023   412710.005
  1170:   412892.009   414561.005   414582.009   414587.005   414598.009
  1175:   415863.013   415969.001   416693.003   416693.023   416948.005
  1180:   417147.009   417309.005   417400.009   420509.005   420715.009
  1185:   420951.013   421150.001   422150.018   422277.003   422277.023
  1190:   422542.005   422843.009   423825.005   424110.009   424224.005
  1195:   424329.009   426197.016   426247.026   426337.005   426749.013
  1200:   426786.009   427273.001   428273.018   428405.003   428405.023
  1205:   428674.005   428998.009   429046.005   429092.009   431168.005
  1210:   431423.009   431509.005   431564.009   431679.016   431729.026
  1215:   431894.005   432231.013   432330.009   432667.001   433667.018
  1220:   433855.003   433855.023   434110.005   434112.016   434162.026
  1225:   434578.009   436914.005   437141.009   437165.005   437248.009
  1230:   437814.013   438056.001   438841.003   438841.023   438853.001
  1235:   438941.003   439130.005   439391.009   443433.013   443535.001
  1240:   444446.003   444446.023   444746.005   445091.009   445444.005
  1245:   445583.009   446692.005   447010.009   447062.005   447146.009
  1250:   448049.013   448139.001   449139.018   449401.003   449401.023
  1255:   449688.005   449802.009   449821.005   449929.009   450856.005
  1260:   451116.009   451117.005   451118.009   451141.005   451229.009
  1265:   452191.013   452461.001   453461.018   453864.003   453864.023
  1270:   454115.005   454509.009   456581.005   456829.009   457918.013
  1275:   458024.001   459024.018   459093.003   459093.023   459389.005
  1280:   459391.016   459441.026   459839.009   460026.005   460036.009
  1285:   461024.005   461240.009   461593.013   461719.001   462719.018
  1290:   462999.003   462999.023   463299.005   463647.009   463775.005
  1295:   463865.009   465121.005   465302.013   465678.009   465848.001
  1300:   466848.018   467347.003   467347.023   467640.005   467935.009
  1305:   469079.005   469377.009   470293.013   470516.001   471516.018
  1310:   471841.003   471841.023   472131.005   472452.009   472458.005
  1315:   472462.009   472471.005   472526.009   473634.013   473899.001
  1320:   474899.018   475126.003   475126.023   475402.005   475597.009
  1325:   476707.016   476757.026   477001.005   477259.013   477528.009
  1330:   477799.001   478795.003   478795.023   478804.001   478895.003
  1335:   479048.005   479311.009   479592.005   479668.009   481851.013
  1340:   481950.001   482950.018   483383.003   483383.023   483661.005
  1345:   483986.009   486735.005   486964.009   486964.013   487248.001
  1350:   488248.018   488288.003   488288.023   488584.005   488822.009
  1355:   488827.005   488837.009   492239.016   492289.026   492422.005
  1360:   492791.013   492807.009   492833.005   492836.009   493096.001
  1365:   494096.018   494378.003   494378.023   494629.005   495029.009
  1370:   496282.013   496383.001   497383.018   497439.003   497439.023
  1375:   497737.005   497739.016   497789.026   498202.009   498215.005
  1380:   498228.009   498234.005   498454.009   499465.005   499582.009
  1385:   499637.005   499739.009   500941.013   501114.001   502114.018
  1390:   502654.003   502654.023   502938.005   503400.009   503419.005
  1395:   503437.009   503666.005   503776.009   504686.005   504929.009
  1400:   505014.005   505067.009   507241.013   507348.001   508348.018
  1405:   508452.003   508452.023   508766.005   509054.009   509055.005
  1410:   509077.009   510607.005   510768.009   510785.005   510855.009
  1415:   512771.016   512821.026   512876.005   513323.013   513328.009
  1420:   513958.001   514958.018   515202.003   515202.023   515461.005
  1425:   515463.016   515513.026   515898.009   515930.005   515943.009
  1430:   515949.005   516030.009   517515.013   517647.001   518647.018
  1435:   518916.003   518916.023   519186.005   519549.009   519836.005
  1440:   519971.009   519985.005   519999.009   520016.005   520028.009
  1445:   520930.005   521015.009   521040.005   521070.009   521086.005
  1450:   521128.009   521489.013   521580.001   522580.018   522808.003
  1455:   522808.023   523111.005   523113.016   523163.026   524065.009
  1460:   525965.013   526178.001   527171.003   527171.023   527459.005
  1465:   527784.009   529262.013   529372.001   530372.018   530549.003
  1470:   530549.023   530817.005   531120.009   533844.005   533972.016
  1475:   534022.026   534524.013   534642.009   535009.001   535791.003
  1480:   535791.023   536058.005   536469.009   537483.005   538033.009
  1485:   538136.005   538254.009   539861.013   540284.005   540293.009
  1490:   540294.005   540533.009   540761.001   541761.018   541999.003
  1495:   541999.023   542286.005   542606.009   543291.016   543341.026
  1500:   543499.005   543508.009   543533.005   543843.013   544120.009
  1505:   544427.001   545427.018   545803.003   545803.023   546073.005
  1510:   546497.009   549576.013   549788.001   550788.018   550993.003
  1515:   550993.023   551267.005   551269.016   551319.026   551926.009
  1520:   553971.013   554066.001   555066.018   555361.003   555361.023
  1525:   555635.005   555962.009   557331.005   557653.009   559638.013
  1530:   559750.001   560750.018   560935.003   560935.023   561200.005
  1535:   561202.016   561252.026   561873.009   563754.013   563845.001
  1540:   564845.018   565046.003   565046.023   565329.005   565332.009
  1545:   565333.005   565677.009   566680.005   567012.009   568750.005
  1550:   568989.009   569067.005   569127.009   569134.016   569184.026
  1555:   569246.005   569686.013   569789.009   569818.005   569824.009
  1560:   569830.005   569831.009   570127.001   571127.018   571163.003
  1565:   571163.023   571440.005   571442.016   571444.009   571445.005
  1570:   571492.026   572019.009   574644.013   574740.001   575740.018
  1575:   575815.003   575815.023   576098.005   576278.009   576280.005
  1580:   576439.009   577903.016   577953.026   577984.005   578455.013
  1585:   578592.009   578593.005   578595.009   578862.001   579862.018
  1590:   579893.003   579893.023   580168.005   580169.009   580170.005
  1595:   580170.016   580220.026   580764.009   581110.005   581137.009
  1600:   583222.013   583356.001   583448.003   583448.023   583459.001
  1605:   583561.003   583862.005   583954.009   583957.005   584106.009
  1610:   586665.013   586781.001   587781.018   587904.003   587904.023
  1615:   588201.005   588585.009   589434.005   589673.009   589682.005
  1620:   589687.009   589693.005   589761.009   589969.005   590196.009
  1625:   591506.016   591556.026   591865.005   592058.013   592323.009
  1630:   592651.001   593651.018   593856.003   593856.023   594122.005
  1635:   594124.016   594174.026   594580.009   595826.013   595924.001
  1640:   596026.003   596026.023   596038.001   596128.003   596391.005
  1645:   596508.009   598394.013   598520.001   599520.018   599729.003
  1650:   599729.023   599997.005   600354.009   601025.005   601183.009
  1655:   601194.005   601260.009   602152.016   602202.026   602310.005
  1660:   602681.009   602704.013   602938.001   603733.003   603733.023
  1665:   603983.005   604164.009   605486.013   605573.001   606573.018
  1670:   606641.003   606641.023   606914.005   607266.009   607276.005
  1675:   607287.009   607749.005   607924.009   610919.016   610969.026
  1680:   611182.005   611471.013   611827.009   612081.001   613046.003
  1685:   613046.023   613310.005   613635.009   616613.013   616720.001
  1690:   617686.003   617686.023   617958.005   618187.009   618795.005
  1695:   619102.009   619461.013   619572.001   620572.018   620616.003
  1700:   620616.023   620890.005   620892.016   620942.026   621574.009
  1705:   623094.013   625528.005   625548.009   625564.005   625932.009
  1710:   626035.005   626058.009   626340.001   627251.003   627251.023
  1715:   627538.005   627843.009   629211.005   629397.009   629433.005
  1720:   629452.009   629492.005   629537.009   629841.013   629941.001
  1725:   630818.003   630818.023   631095.005   631382.009   633725.005
  1730:   634112.009   634898.013   635027.001   636027.018   636112.003
  1735:   636112.023   636375.005   636697.009   637004.005   637142.009
  1740:   638451.005   638806.009   638900.005   639097.009   639114.005
  1745:   639159.009   639209.005   639243.009   640180.016   640230.026
  1750:   640358.005   640685.009   640693.005   640695.009   640732.013
  1755:   641093.001   642031.003   642031.023   642315.005   642707.009
  1760:   646468.013   648599.005   648602.009   648624.005   648967.009
  1765:   649433.001   650196.003   650196.023   650451.005   650758.009
  1770:   652254.013   652386.001   653386.018   653537.003   653537.023
  1775:   653803.005   653805.016   653855.026   654372.009   655857.013
  1780:   656161.001   656882.003   656882.023   657156.005   657548.009
  1785:   658916.005   659208.009   659659.013   659881.001   660429.003
  1790:   660429.023   660711.005   660963.009   662069.005   662303.009
  1795:   662370.005   662566.009   663364.013   663608.001   664608.018
  1800:   664855.003   664855.023   665150.005   665152.016   665202.026
  1805:   665517.009   665829.005   666023.009   668004.013   668210.001
  1810:   668995.003   668995.023   669275.005   669618.009   670582.005
  1815:   670713.009   670743.005   670766.009   670780.005   670836.009
  1820:   672578.013   672838.001   673838.018   674037.003   674037.023
  1825:   674319.005   674715.009   676788.005   677051.009   677106.005
  1830:   677161.009   677324.016   677374.026   677500.005   677876.013
  1835:   678053.009   678412.001   679185.003   679185.023   679467.005
  1840:   679760.009   682470.013   682639.001   683639.018   683867.003
  1845:   683867.023   684131.005   684133.016   684183.026   684528.009
  1850:   685266.005   685428.009   685679.005   685877.009   686502.005
  1855:   686727.009   687335.013   687449.001   688449.018   688995.003
  1860:   688995.023   689204.005   689581.009   689651.005   689732.009
  1865:   689961.005   690096.009   690857.013   691009.001   692009.018
  1870:   692105.003   692105.023   692392.005   692668.009   693638.005
  1875:   693924.009   694003.005   694174.009   695897.016   695947.026
  1880:   696216.005   696449.013   696900.009   697633.005   697763.009
  1885:   697764.005   697766.009   697769.005   697793.009   697804.005
  1890:   697808.009   698082.001   698935.003   698935.023   699184.005
  1895:   699389.009   701837.013   701995.001   702995.018   703186.003
  1900:   703186.023   703448.005   703732.009   703733.005   703756.009
  1905:   705729.005   705910.009   705953.016   705968.005   705975.009
  1910:   705989.005   706003.026   706505.013   707103.009   707544.001
  1915:   708514.003   708514.023   708766.005   709076.009   710225.005
  1920:   710508.009   710568.005   710577.009   711269.013   711370.001
  1925:   712370.018   712562.003   712562.023   712822.005   712824.016
  1930:   712874.026   713214.009   713589.005   713776.009   714526.013
  1935:   714725.001   715725.018   715881.003   715881.023   716150.005
  1940:   716152.016   716202.026   716584.009   718354.013   718534.001
  1945:   719411.003   719411.023   719431.001   719513.003   719678.005
  1950:   719911.009   722831.013   722923.001   723872.003   723872.023
  1955:   724153.005   724389.009   725341.005   725664.009   727304.005
  1960:   727528.009   727806.013   727995.001   728745.003   728745.023
  1965:   728971.005   729179.009   730683.005   730699.009   730714.005
  1970:   730717.009   730725.005   730749.009   730785.005   730796.009
  1975:   731427.005   731685.009   732474.013   732661.001   733661.018
  1980:   733951.003   733951.023   734245.005   734533.009   735741.005
  1985:   735999.009   736048.013   736085.005   736128.009   736397.001
  1990:   737397.018   737714.003   737714.023   737979.005   738273.009
  1995:   738480.005   738601.009   738953.005   739062.009   739482.013
  2000:   739582.001   740582.018   740732.003   740732.023   741006.005
  2005:   741105.009   741138.005   741210.009   742554.005   742826.009
  2010:   742889.005   742891.009   742893.005   742950.009   743338.005
  2015:   743461.009   743513.005   743653.009   743659.005   743661.009
  2020:   743811.016   743861.026   743977.005   744363.013   744422.009
  2025:   744761.001   745250.003   745250.023   745532.005   745747.009
  2030:   746248.005   746391.009   749335.013   749434.001   750401.003
  2035:   750401.023   750680.005   751028.009   751082.005   751084.009
  2040:   751087.005   751121.009   752040.005   752223.009   752245.005
  2045:   752425.009   754065.005   754345.009   754683.013   754876.001
  2050:   755876.018   755882.003   755882.023   756150.005   756408.009
  2055:   756409.005   756413.009   758217.005   758374.009   758411.005
  2060:   758508.009   759805.016   759855.026   759911.005   760286.009
  2065:   760289.005   760305.009   760357.013   760612.001   761612.018
  2070:   762089.003   762089.023   762357.005   762655.009   764192.005
  2075:   764458.009   764546.005   764600.009   765451.005   765581.009
  2080:   765634.005   765747.009   765751.005   765754.009   766575.005
  2085:   766811.009   766860.013   767110.001   767733.003   767733.023
  2090:   767978.005   768083.009   768935.005   768983.009   769252.005
  2095:   769356.009   769956.005   770131.013   770259.009   770265.005
  2100:   770271.009   770498.001   771498.018   771705.003   771705.023
  2105:   771994.005   771996.016   772046.026   772807.009   774698.013
  2110:   774801.001   775801.018   776304.003   776304.023   776596.005
  2115:   777034.009   777498.005   777633.009   779399.013   779486.005
  2120:   779491.009   779513.005   779736.009   779997.001   780997.018
  2125:   781339.003   781339.023   781592.005   781926.009   782834.005
  2130:   782936.009   783109.005   783215.009   784595.013   784845.001
  2135:   785845.018   785871.003   785871.023   786132.005   786134.016
  2140:   786184.026   786960.009   789486.013   807892.005   807910.009
  2145:   807914.005   808302.009   808723.001   809305.003   809305.023
  2150:   809588.005   809996.009   810507.005   810830.009   810872.005
  2155:   811008.009   812257.005   812394.009   812513.005   812611.009
  2160:   813241.013   813354.001   814354.018   814636.003   814636.023
  2165:   814919.005   815266.009   815309.005   815313.009   816925.005
  2170:   817099.009   817945.005   818253.009   818922.013   819015.001
  2175:   820005.003   820005.023   820286.005   820523.009   821421.005
  2180:   821636.009   821719.005   821835.009   823904.005   824124.009
  2185:   824789.013   824927.001   825927.018   825966.003   825966.023
  2190:   826210.005   826418.009   827651.005   827834.009   827887.005
  2195:   827989.009   828746.005   828838.009   829865.016   829913.005
  2200:   829915.026   830417.013   830527.009   830528.005   830578.009
  2205:   830581.005   830583.009   830896.001   831896.018   832095.003
  2210:   832095.023   832354.005   832678.009   833427.005   833509.016
  2215:   833559.026   834059.009   834061.005   834061.013   834067.009
  2220:   834106.005   834128.009   834132.005   834134.009   834497.001
  2225:   835497.018   835790.003   835790.023   836056.005   836395.009
  2230:   837168.005   837463.009   837466.005   837469.009   838606.005
  2235:   838815.009   838869.005   838986.009   839859.013   840047.001
  2240:   841047.018   841163.003   841163.023   841445.005   841447.016
  2245:   841497.026   842573.009   843713.005   843858.009   843866.005
  2250:   843932.009   845799.013   845916.001   846916.018   847107.003
  2255:   847107.023   847382.005   847384.016   847434.026   847752.009
  2260:   849123.005   849302.009   849736.013   849941.001   850596.003
  2265:   850596.023   850896.005   851221.009   852245.005   852419.009
  2270:   852436.005   852504.009   852899.013   853014.001   854014.018
  2275:   854127.003   854127.023   854413.005   854751.009   854764.005
  2280:   854798.009   855718.016   855768.026   855858.005   856270.013
  2285:   857055.009   857854.001   858854.018   858897.003   858897.023
  2290:   859158.005   859160.016   859210.026   860020.009   860024.005
  2295:   860062.009   861712.013   861809.001   862809.018   862939.003
  2300:   862939.023   863220.005   863596.009   864820.005   865061.009
  2305:   866225.016   866275.026   866526.005   866777.013   866821.009
  2310:   867114.001   868114.018   868286.003   868286.023   868556.005
  2315:   868857.009   870711.016   870761.026   870954.005   871236.009
  2320:   871263.013   871503.001   872503.018   872777.003   872777.023
  2325:   873038.005   873382.009   877041.013   877165.001   878165.018
  2330:   878371.003   878371.023   878644.005   878646.016   878696.026
  2335:   879427.009   879611.005   879891.009   880854.005   881030.009
  2340:   881072.005   881102.009   881106.005   881109.009   881112.005
  2345:   881158.009   882848.013   882942.001   883942.018   884155.003
  2350:   884155.023   884413.005   884415.016   884465.026   885088.009
  2355:   886267.013   886478.001   887478.018   887923.003   887923.023
  2360:   888193.005   888438.009   889696.013   889957.001   890957.018
  2365:   891046.003   891046.023   891337.005   891645.009   892222.005
  2370:   892499.009   893142.016   893192.026   893296.005   893694.013
  2375:   893957.009   895115.001   896073.003   896073.023   896337.005
  2380:   896612.009   899490.013   899623.001   899712.003   899712.023
  2385:   899725.001   899814.003   900505.005   900663.009   900686.005
  2390:   900696.009   900702.005   900783.009   902062.005   902332.009
  2395:   903246.005   903308.013   903503.009   903883.001   904883.018
  2400:   904902.003   904902.023   905180.005   905182.016   905232.026
  2405:   905658.009   906634.005   906639.009   906665.005   906709.009
  2410:   908234.013   908315.001   909315.018   909530.003   909530.023
  2415:   909793.005   910097.009   910632.005   910890.009   911448.016
  2420:   911498.026   911565.005   912000.013   912128.009   912378.001
  2425:   913378.018   913769.003   913769.023   914035.005   914238.009
  2430:   915043.005   915185.009   915806.005   916006.009   916739.005
  2435:   916841.009   917668.005   917831.009   917838.013   918095.001
  2440:   919088.003   919088.023   919341.005   919511.009   921834.005
  2445:   922157.009   923641.005   923644.013   923944.009   924226.001
  2450:   925226.018   925306.003   925306.023   925560.005   925562.016
  2455:   925612.026   925933.009   930114.013   930222.001   931118.003
  2460:   931118.023   931373.005   931761.009   933376.013   933527.001
  2465:   934527.018   934699.003   934699.023   934988.005   935300.009
  2470:   936725.005   936993.016   937043.026   937545.013   937595.009
  2475:   938343.001   939343.018   939680.003   939680.023   939950.005
  2480:   940248.009   940269.005   940275.009   940280.005   940287.009
  2485:   941219.005   941377.009   941388.005   941397.009   941408.005
  2490:   941506.009   941646.005   941860.009   941946.005   942009.009
  2495:   942758.005   942924.009   942952.005   943056.009   943103.013
  2500:   943146.005   943213.009   943460.001   944268.003   944268.023
  2505:   944511.005   944730.009   945944.005   946115.009   947814.013
  2510:   948046.001   949046.018   949314.003   949314.023   949571.005
  2515:   949865.009   949899.005   949996.009   953574.013   953697.001
  2520:   954697.018   955085.003   955085.023   955349.005   955650.009
  2525:   955651.005   955653.009   955868.005   956007.009   956046.005
  2530:   956135.009   956348.005   956430.009   957272.005   957658.009
  2535:   957693.005   957697.009   957708.005   957795.009   957797.005
  2540:   957800.009   958352.013   958517.001   959517.018   959986.003
  2545:   959986.023   960261.005   960569.009   960802.005   960940.009
  2550:   962039.005   962174.009   962219.005   962226.009   962239.005
  2555:   962278.009   963587.005   963700.009   963760.005   963911.009
  2560:   964064.013   964305.001   965206.003   965206.023   965467.005
  2565:   965470.009   965476.005   965685.009   965707.005   965710.009
  2570:   965716.005   965735.009   965917.005   965968.009   969620.013
  2575:   976735.005   976869.009   977213.005   977532.009   977824.001
  2580:   978664.003   978664.023   978890.005   979115.009   979122.005
  2585:   979141.009   979739.005   979879.009   980511.005   980543.013
  2590:   980608.009   980635.005   980638.009   980644.005   980782.009
  2595:   981331.001   981975.003   981975.023   982225.005   982470.009
  2600:   983223.005   983397.009   983478.005   983610.009   983728.013
  2605:   983956.001   984956.018   985082.003   985082.023   985326.005
  2610:   985328.016   985378.026   985980.009   987442.005   987530.013
  2615:   987642.009   987938.001   988938.018   989393.003   989393.023
  2620:   989656.005   990002.009   991196.005   991415.009   991661.005
  2625:   991693.009   991959.013   992134.001   993134.018   993272.003
  2630:   993272.023   993554.005   993999.009   994002.005   994007.009
  2635:   994916.005   995059.016   995109.026   995611.013   995652.009
  2640:   995671.005   995677.009   995782.005   995785.009   996040.001
  2645:   997040.018   997133.003   997133.023   997381.005   997383.016
  2650:   997433.026   998340.009   999071.005   999137.009  1001085.013
  2655:  1001334.001  1002334.018  1002446.003  1002446.023  1002694.005
  2660:  1002961.009  1003005.005  1003012.009  1004312.005  1004558.009
  2665:  1004559.005  1004575.009  1004649.005  1004740.009  1004746.005
  2670:  1004767.009  1004851.005  1004853.009  1004855.005  1004857.009
  2675:  1005621.005  1005786.009  1005788.005  1005855.009  1005913.005
  2680:  1005916.009  1006499.016  1006549.026  1006786.005  1007051.013
  2685:  1007395.009  1008012.001  1009012.018  1009316.003  1009316.023
  2690:  1009563.005  1009935.009  1010459.005  1010473.009  1010481.005
  2695:  1010646.009  1011366.013  1011480.001  1011964.003  1011964.023
  2700:  1012235.005  1012503.009  1014888.013  1015346.005  1015601.009
  2705:  1015691.005  1015719.009  1016109.001  1017109.018  1017357.003
  2710:  1017357.023  1017620.005  1017991.009  1018047.005  1018164.009
  2715:  1018290.005  1018304.009  1018333.005  1018422.009  1019657.005
  2720:  1019874.009  1019936.005  1020184.009  1020509.005  1020680.009
  2725:  1021125.016  1021175.026  1021308.005  1021677.013  1021778.009
  2730:  1021780.005  1021786.009  1022297.001  1023297.018  1023524.003
  2735:  1023524.023  1023773.005  1023775.016  1023825.026  1024196.009
  2740:  1024956.005  1025261.009  1025380.005  1025448.009  1027124.005
  2745:  1027293.009  1027301.005  1027450.009  1027463.005  1027566.009
  2750:  1027662.005  1027666.009  1028127.013  1028236.001  1029236.018
  2755:  1029339.003  1029339.023  1029613.005  1029615.016  1029665.026
  2760:  1030199.009  1033467.013  1033584.001  1033819.003  1033819.023
  2765:  1033829.001  1033922.003  1034211.005  1034342.009  1034346.005
  2770:  1034354.009  1034358.005  1034360.009  1034366.005  1034455.009
  2775:  1038714.013  1038820.001  1039820.018  1040354.003  1040354.023
  2780:  1040607.005  1040935.009  1040992.005  1040995.009  1041990.005
  2785:  1042286.009  1042381.005  1042457.009  1042575.005  1042654.009
  2790:  1042760.013  1042965.001  1043965.018  1044232.003  1044232.023
  2795:  1044525.005  1044799.009  1044848.005  1044852.009  1044853.005
  2800:  1044863.009  1045614.005  1045825.009  1045856.005  1045865.009
  2805:  1045911.005  1045978.009  1046828.013  1047199.001  1048199.018
  2810:  1048836.003  1048836.023  1049103.005  1049491.009  1049500.005
  2815:  1049545.009  1049547.005  1049551.009  1050756.013  1051025.001
  2820:  1051978.003  1051978.023  1052232.005  1052527.009  1053735.013
  2825:  1053859.001  1054775.003  1054775.023  1055022.005  1055331.009
  2830:  1057112.005  1057488.009  1057525.013  1058071.005  1058175.009
  2835:  1058432.001  1059432.018  1059902.003  1059902.023  1060155.005
  2840:  1060442.009  1060458.005  1060461.009  1060465.005  1060469.009
  2845:  1062555.005  1062808.013  1062883.009  1062905.005  1062907.009
  2850:  1063259.001  1063272.003  1063272.023  1063319.001  1063373.003
  2855:  1065759.005  1065983.009  1066000.005  1066096.009  1066486.005
  2860:  1066591.009  1066635.005  1066696.009  1067277.005  1067429.009
  2865:  1068046.005  1068502.009  1068562.013  1068801.001  1069801.018
  2870:  1070004.003  1070004.023  1070283.005  1070599.009  1071588.016
  2875:  1071638.026  1071782.005  1072140.013  1072185.009  1072463.001
  2880:  1073463.018  1073543.003  1073543.023  1073794.005  1074168.009
  2885:  1075299.016  1075349.026  1075532.005  1075834.009  1075851.013
  2890:  1076225.001  1077225.018  1077338.003  1077338.023  1077599.005
  2895:  1077601.016  1077651.026  1077986.009  1078319.005  1078501.009
  2900:  1080708.005  1080897.009  1080959.005  1081075.009  1081153.013
  2905:  1081374.001  1082374.018  1082489.003  1082489.023  1082743.005
  2910:  1083053.009  1084250.005  1084361.009  1084371.005  1084372.009
  2915:  1084463.005  1084527.009  1085248.016  1085298.026  1085444.005
  2920:  1085800.013  1086049.009  1086332.001  1087332.018  1087363.003
  2925:  1087363.023  1087630.005  1087632.016  1087682.026  1088127.009
  2930:  1088442.005  1088582.009  1089684.013  1089792.001  1090792.018
  2935:  1090835.003  1090835.023  1091106.005  1091108.016  1091158.026
  2940:  1091627.009  1093310.013  1093578.001  1094578.018  1094781.003
  2945:  1094781.023  1095057.005  1095388.009  1096077.005  1096311.009
  2950:  1096372.005  1096443.009  1096862.016  1096912.026  1097105.005
  2955:  1097414.013  1097832.009  1098173.001  1098659.003  1098659.023
  2960:  1098935.005  1099171.009  1100438.013  1100745.001  1101745.018
  2965:  1101896.003  1101896.023  1102158.005  1102160.016  1102210.026
  2970:  1102593.009  1102636.005  1102809.009  1104685.005  1104925.009
  2975:  1105012.013  1105261.001  1106261.018  1106408.003  1106408.023
  2980:  1106684.005  1106931.009  1108333.005  1108616.009  1109489.016
  2985:  1109539.026  1109776.005  1110041.013  1110283.009  1110913.001
  2990:  1111857.003  1111857.023  1112128.005  1112473.009  1113967.005
  2995:  1114096.009  1114107.005  1114112.009  1114128.005  1114136.009
  3000:  1114154.005  1114220.009  1114224.005  1114243.009  1114631.013
  3005:  1114738.001  1115738.018  1115890.003  1115890.023  1116150.005
  3010:  1116504.009  1117504.005  1117840.009  1117863.005  1117889.009
  3015:  1118805.016  1118855.026  1119049.005  1119340.009  1119357.013
  3020:  1119704.001  1120704.018  1120881.003  1120881.023  1121169.005
  3025:  1121171.016  1121221.026  1121959.009  1124223.013  1124331.001
  3030:  1125331.018  1125615.003  1125615.023  1125873.005  1126183.009
  3035:  1126185.005  1126187.009  1126860.005  1126978.009  1127034.005
  3040:  1127078.009  1127079.005  1127083.009  1128612.005  1129578.009
  3045:  1129676.013  1129886.001  1130886.018  1130990.003  1130990.023
  3050:  1131245.005  1131483.009  1131491.005  1131626.009  1131662.005
  3055:  1131721.009  1134400.016  1134450.026  1134632.005  1134952.013
  3060:  1134985.009  1135231.001  1136211.003  1136211.023  1136490.005
  3065:  1136818.009  1138049.005  1138265.009  1138312.005  1138380.009
  3070:  1139939.005  1140319.009  1140643.013  1140817.001  1141817.018
  3075:  1142058.003  1142058.023  1142311.005  1142313.016  1142363.026
  3080:  1142787.009  1142793.005  1142800.009  1145353.005  1145477.009
  3085:  1145502.005  1145627.009  1146665.013  1146771.001  1147771.018
  3090:  1148056.003  1148056.023  1148335.005  1148588.009  1149124.005
  3095:  1149290.009  1150483.005  1150706.009  1152838.013  1152938.001
  3100:  1153894.003  1153894.023  1154166.005  1154413.009  1154461.005
  3105:  1154620.009  1155925.005  1155969.013  1156464.009  1156470.005
  3110:  1156471.009  1156694.001  1157694.018  1158302.003  1158302.023
  3115:  1158557.005  1158844.009  1160096.005  1160210.013  1160344.009
  3120:  1160402.005  1160524.009  1160781.001  1161781.018  1162315.003
  3125:  1162315.023  1162565.005  1163145.009  1163169.005  1163171.009
  3130:  1164875.005  1165121.009  1166868.013  1167064.001  1168064.018
  3135:  1168395.003  1168395.023  1168642.005  1168898.009  1169885.005
  3140:  1170049.009  1170091.005  1170108.009  1170153.005  1170304.009
  3145:  1170319.005  1170338.009  1170350.005  1170387.009  1170945.013
  3150:  1171056.001  1171827.003  1171827.023  1172111.005  1172314.009
  3155:  1173167.005  1173311.009  1173325.005  1173330.009  1173364.005
  3160:  1173490.009  1174306.005  1174536.009  1174615.005  1174834.009
  3165:  1175834.005  1175982.009  1176068.005  1176273.009  1176614.013
  3170:  1176806.001  1177806.018  1177941.003  1177941.023  1178177.005
  3175:  1178371.009  1179359.005  1179604.009  1179612.005  1179617.009
  3180:  1179658.005  1179665.009  1179668.005  1179681.009  1180482.016
  3185:  1180532.026  1180682.005  1181034.013  1181117.009  1181435.001
  3190:  1182435.018  1182522.003  1182522.023  1182798.005  1182800.016
  3195:  1182850.026  1183640.009  1184707.005  1184780.009  1184875.005
  3200:  1184893.009  1184924.005  1184965.009  1185002.013  1185497.001
  3205:  1186464.003  1186464.023  1186728.005  1187032.009  1187046.005
  3210:  1187051.009  1188531.013  1188749.001  1189749.018  1189819.003
  3215:  1189819.023  1190090.005  1190417.009  1192245.016  1192295.026
  3220:  1192474.005  1192797.013  1192990.009  1193852.001  1194727.003
  3225:  1194727.023  1195001.005  1195368.009  1195390.005  1195393.009
  3230:  1196654.005  1196869.009  1198504.013  1198662.001  1199662.018
  3235:  1199772.003  1199772.023  1200028.005  1200030.016  1200080.026
  3240:  1200575.009  1200903.005  1201213.009  1202082.013  1202215.001
  3245:  1203215.018  1203528.003  1203528.023  1203797.005  1204143.009
  3250:  1205872.005  1206055.009  1206126.005  1206192.009  1207800.013
  3255:  1207908.001  1208908.018  1209131.003  1209131.023  1209362.005
  3260:  1209570.009  1212634.005  1212667.016  1212717.026  1213219.013
  3265:  1213283.009  1213644.001  1214447.003  1214447.023  1214741.005
  3270:  1215065.009  1217744.013  1217831.005  1218091.009  1218408.001
  3275:  1219255.003  1219255.023  1219536.005  1219805.009  1219820.005
  3280:  1219832.009  1221227.005  1221791.009  1221799.005  1221806.009
  3285:  1223062.005  1223189.013  1223206.009  1223235.005  1223275.009
  3290:  1223279.005  1223290.009  1223533.001  1224533.018  1224745.003
  3295:  1224745.023  1225008.005  1225010.016  1225060.026  1225390.009
  3300:  1225413.005  1225415.009  1225450.005  1225454.009  1225977.005
  3305:  1226205.009  1229212.013  1229334.001  1230334.018  1230645.003
  3310:  1230645.023  1230916.005  1231269.009  1232160.005  1232304.009
  3315:  1232334.005  1232419.013  1232509.009  1232533.005  1232542.009
  3320:  1232778.001  1233715.003  1233715.023  1233998.005  1234410.009
  3325:  1236074.005  1236271.009  1236275.005  1236285.009  1236322.005
  3330:  1236325.009  1236337.005  1236338.009  1237151.013  1238101.005
  3335:  1238279.009  1238301.005  1238306.009  1238505.005  1238650.009
  3340:  1238947.001  1239947.018  1240170.003  1240170.023  1240438.005
  3345:  1240974.009  1241138.005  1241253.009  1242443.016  1242493.026
  3350:  1242549.005  1242995.013  1243139.009  1243702.001  1244658.003
  3355:  1244658.023  1244928.005  1245154.009  1245538.005  1245687.009
  3360:  1246698.005  1246843.009  1246888.005  1246944.009  1247231.013
  3365:  1247417.001  1248417.018  1248802.003  1248802.023  1249058.005
  3370:  1249295.009  1250986.005  1251061.013  1251250.009  1251547.001
  3375:  1252547.018  1252666.003  1252666.023  1252949.005  1252951.016
  3380:  1253001.026  1253685.009  1254222.005  1254245.009  1255803.013
  3385:  1256122.001  1256959.003  1256959.023  1257246.005  1257562.009
  3390:  1257570.005  1257572.009  1258555.005  1258976.009  1258985.005
  3395:  1258988.009  1259040.005  1259065.009  1259092.005  1259129.009
  3400:  1259399.013  1259576.001  1260576.018  1260821.003  1260821.023
  3405:  1261110.005  1261469.009  1262704.005  1262936.009  1262987.005
  3410:  1262991.009  1263915.016  1263965.026  1264125.005  1264442.009
  3415:  1264467.013  1264797.001  1265724.003  1265724.023  1266034.005
  3420:  1266360.009  1267230.005  1267511.009  1267521.005  1267526.009
  3425:  1269687.013  1269942.001  1270890.003  1270890.023  1271187.005
  3430:  1271510.009  1271514.005  1271518.009  1273328.005  1273608.009
  3435:  1273630.005  1273667.009  1275190.013  1275303.001  1276303.018
  3440:  1276482.003  1276482.023  1276721.005  1276723.016  1276773.026
  3445:  1277162.009  1280256.005  1280455.009  1280499.005  1280628.009
  3450:  1280925.013  1281073.001  1281986.003  1281986.023  1282272.005
  3455:  1282625.009  1284163.005  1284474.009  1285275.013  1285436.001
  3460:  1286436.018  1286868.003  1286868.023  1287130.005  1287400.009
  3465:  1289793.005  1289982.009  1290012.005  1290015.009  1290019.005
  3470:  1290275.009  1290277.005  1290287.009  1291433.013  1291670.001
  3475:  1292165.003  1292165.023  1292456.005  1292701.009  1292990.005
  3480:  1293129.009  1293959.013  1294186.001  1295186.018  1295188.003
  3485:  1295188.023  1295452.005  1295630.009  1295708.005  1295713.009
  3490:  1295724.005  1295912.009  1296109.005  1296218.009  1296757.016
  3495:  1296807.026  1297309.013  1297479.005  1298570.009  1316013.005
  3500:  1316028.009  1316141.005  1316574.009  1317540.005  1317544.009
  3505:  1317549.005  1317836.009  1318060.005  1318197.009  1318240.005
  3510:  1318259.009  1318268.005  1318376.009  1319925.005  1320144.009
  3515:  1346373.005  1346409.009  1346449.005  1346555.009  1348121.005
  3520:  1348133.009  1348238.005  1348239.009  1348247.005  1348276.009
  3525:  1348521.005  1348604.009  1348887.001  1349668.003  1349668.023
  3530:  1349901.005  1350225.009  1350233.005  1350237.009  1350285.005
  3535:  1350287.009  1350305.005  1350307.009  1350370.005  1350382.009
  3540:  1350383.005  1350385.009  1350398.005  1350401.009  1351283.005
  3545:  1351446.009  1351457.005  1351504.009  1351554.013  1351705.005
  3550:  1351912.009  1352675.001  1353488.003  1353488.023  1353807.005
  3555:  1354056.009  1354064.005  1354076.009  1354138.005  1354175.009
  3560:  1355072.005  1355290.009  1355327.005  1355535.009  1355909.005
  3565:  1356253.009  1356328.005  1356344.009  1356373.005  1356380.009
  3570:  1356983.005  1357194.009  1357290.005  1357303.009  1357334.005
  3575:  1357337.009  1357347.005  1357350.009  1357908.005  1358026.009
  3580:  1358148.005  1358198.009  1358310.013  1358491.001  1359395.003
  3585:  1359395.023  1359642.005  1359961.009  1360167.005  1360284.009
  3590:  1362142.005  1362336.009  1362445.013  1362705.001  1363339.003
  3595:  1363339.023  1363569.005  1363702.009  1363710.005  1363720.009
  3600:  1365968.005  1366364.009  1366382.005  1366387.009  1366538.005
  3605:  1366542.009  1366585.005  1366722.013  1366916.009  1367331.005
  3610:  1367428.009  1368060.001  1369060.018  1369369.003  1369369.023
  3615:  1369603.005  1370208.009  1373204.005  1373406.013  1373649.009
  3620:  1373927.001  1374927.018  1375049.003  1375049.023  1375279.005
  3625:  1375281.016  1375331.026  1375699.009  1376939.005  1376944.009
  3630:  1376949.005  1377482.009  1377719.005  1377727.009  1377731.005
  3635:  1377870.009  1378983.013  1379133.001  1380133.018  1380365.003
  3640:  1380365.023  1380626.005  1381013.009  1381337.005  1381521.009
  3645:  1381631.016  1381681.026  1381783.005  1382183.013  1382269.009
  3650:  1382999.001  1383799.003  1383799.023  1384043.005  1384381.009
  3655:  1385722.005  1386043.009  1386058.005  1386259.009  1386346.013
  3660:  1386566.001  1387566.018  1387571.003  1387571.023  1387829.005
  3665:  1387831.016  1387881.026  1388932.009  1390383.013  1390587.001
  3670:  1391587.018  1391787.003  1391787.023  1392073.005  1392356.009
  3675:  1392361.005  1392371.009  1392413.005  1392416.009  1392418.005
  3680:  1392420.009  1392442.005  1392447.009  1392592.005  1392705.009
  3685:  1394470.005  1394578.016  1394628.026  1395130.013  1395277.009
  3690:  1395778.001  1396778.018  1396963.003  1396963.023  1397212.005
  3695:  1397214.016  1397264.026  1397726.009  1399416.013  1399591.005
  3700:  1400043.009  1400403.001  1401403.018  1401676.003  1401676.023
  3705:  1401934.005  1402337.009  1402357.005  1402394.009  1402401.005
  3710:  1402414.009  1403852.005  1404000.009  1404013.005  1404162.009
  3715:  1404425.005  1404437.009  1405237.013  1405327.001  1406327.018
  3720:  1406737.003  1406737.023  1406989.005  1407373.009  1407381.005
  3725:  1407394.009  1408246.005  1408521.009  1408536.005  1408558.009
  3730:  1408581.005  1408775.009  1409540.005  1409766.009  1409831.005
  3735:  1409963.009  1409989.005  1410003.009  1410072.005  1410073.009
  3740:  1410103.005  1410138.009  1410492.013  1410606.001  1411447.003
  3745:  1411447.023  1411729.005  1411974.009  1412250.005  1412326.009
  3750:  1415882.013  1432564.005  1432850.009  1473255.001  1474128.003
  3755:  1474128.023  1474390.005  1474672.009  1475198.005  1475312.009
  3760:  1478893.013  1483111.001  1483637.003  1483637.023  1485732.005
  3765:  1485972.009  1486962.005  1487176.009  1487396.005  1487458.009
  3770:  1487535.013  1489013.005  1489193.009  1489364.005  1489498.009
  3775:  1491408.005  1491865.009
B:
     0:        0.000      299.000        0.000      299.000        0.000
     5:     1110.000        0.000        0.000        0.000     1110.000
    10:        0.000        1.000        0.000      286.000        0.000
    15:        0.000      108.000        0.000      171.000        0.000
    20:        0.000        0.000        0.000      285.000        0.000
    25:        0.000      108.000        0.000        0.000        0.000
    30:        0.000
D:
     0:  1542371.000  1541846.000  1542372.000
E:
     0:     1000.000     1000.000     1250.000
P:
     0:        2.000        2.300        2.600        3.000        3.300
     5:        3.600        4.000        4.300        4.600        5.000
    10:        5.300        5.600        6.000        6.300        6.600
    15:        7.000        7.300        7.600        8.000
R:
     0:        0.000        1.000
T:
     0:        0.000        0.000        0.000        0.000
W:
     0:        0.000        0.000        0.000
