File: C:\MED-PC IV\Data\Reyes\BD\BD6119.999


Start Date: 05/11/26
End Date: 05/11/26
Subject: 119
Experiment: BD
Group: ERROR_M
Box: 3
Start Time: 12:18:53
End Time: 13:08:53
MSN: DRRD_error
C:       0.000
F:       0.000
G:       0.000
H:       0.000
I:       0.000
J:       0.000
K:    2000.000
L:       0.000
M:       0.000
N:       1.000
O:       0.000
Q:       0.000
S:    2500.000
U:    2930.000
V:       0.000
X:    4000.000
Y:    3007.000
Z:       0.000
A:
     0:     2862.005      182.009     9395.005     9626.009     9852.005
     5:    10377.009    15000.013    15000.011    15336.001    16097.003
    10:    16097.023    16135.005    16362.009    18288.013    18407.001
    15:    19378.003    19378.023    19415.005    20045.009    20918.013
    20:    21009.001    21930.003    21930.023    21965.005    22350.009
    25:    24268.013    24371.001    25371.018    25437.003    25437.023
    30:    25480.005    25720.009    27635.016    27685.026    27794.005
    35:    27808.009    27810.005    28175.009    28187.013    28400.001
    40:    29400.018    29516.003    29516.023    29568.005    29570.016
    45:    29576.009    29579.005    29620.026    30611.009    33122.013
    50:    33233.001    34233.018    34262.003    34262.023    34312.005
    55:    34490.009    37467.016    37517.026    37588.005    38016.009
    60:    38019.013    38242.001    39242.018    39286.003    39286.023
    65:    39333.005    39335.016    39385.026    40056.009    42537.013
    70:    42665.001    43665.018    43667.003    43667.023    43724.005
    75:    43925.009    45029.016    45079.026    45178.005    45191.009
    80:    45194.005    45473.009    45581.013    45774.001    46608.003
    85:    46608.023    46667.005    46970.009    50670.013    50813.001
    90:    51802.003    51802.023    51846.005    52011.009    55999.013
    95:    56123.001    57123.018    57288.003    57288.023    57334.005
   100:    57336.016    57340.009    57343.005    57386.026    57915.009
   105:    60388.013    60460.001    61452.003    61452.023    61503.005
   110:    61689.009    63506.013    63606.001    64606.018    64740.003
   115:    64740.023    64785.005    64787.016    64837.026    65220.009
   120:    69339.013    69433.001    69672.003    69672.023    69745.005
   125:    69881.009    74048.013    74159.001    75159.018    75378.003
   130:    75378.023    75425.005    75431.009    75432.005    75590.009
   135:    76580.016    76630.026    76773.005    76776.009    76792.005
   140:    77132.013    77183.009    77383.001    78383.018    78660.003
   145:    78660.023    78716.005    78933.009    80869.013    80967.001
   150:    81967.018    82249.003    82249.023    82285.005    82293.009
   155:    82295.005    82514.009    84788.013    84880.001    85880.018
   160:    86079.003    86079.023    86116.005    86118.016    86124.009
   165:    86125.005    86168.026    86600.009    88820.013    88917.001
   170:    89917.018    90207.003    90207.023    90247.005    90423.009
   175:    93900.013    94019.001    95019.018    95078.003    95078.023
   180:    95130.005    95332.009    96935.016    96985.026    97098.005
   185:    97487.013    97546.009    97783.001    98669.003    98669.023
   190:    98738.005    98955.009   101541.013   101627.001   102627.018
   195:   102798.003   102798.023   102845.005   102847.016   102897.026
   200:   103335.009   105899.013   105998.001   106998.018   107215.003
   205:   107215.023   107254.005   107443.009   110059.016   110109.026
   210:   110205.005   110601.009   110611.013   110902.001   111718.003
   215:   111718.023   111775.005   111974.009   115928.013   116061.001
   220:   117061.018   117308.003   117308.023   117354.005   117360.009
   225:   117361.005   117639.009   120097.005   120182.009   121159.016
   230:   121209.026   121380.005   121388.009   121405.005   121711.013
   235:   121714.009   121719.005   121725.009   122115.001   122824.003
   240:   122824.023   122872.005   123052.009   126675.013   126889.001
   245:   127821.003   127821.023   127869.005   128118.009   131372.013
   250:   131471.001   132471.018   132614.003   132614.023   132656.005
   255:   132658.016   132708.026   133123.009   134360.013   134474.001
   260:   135474.018   135537.003   135537.023   135584.005   135586.016
   265:   135636.026   136083.009   138788.013   138879.001   139879.018
   270:   140080.003   140080.023   140124.005   140308.009   141629.016
   275:   141679.026   141785.005   141796.009   141802.005   142057.009
   280:   142181.013   142386.001   143226.003   143226.023   143270.005
   285:   143456.009   147423.013   147515.001   148515.018   148680.003
   290:   148680.023   148727.005   148729.016   148779.026   149224.009
   295:   151081.013   151142.001   152142.018   152226.003   152226.023
   300:   152270.005   152479.009   156075.016   156125.026   156306.005
   305:   156627.013   156784.009   156975.001   157921.003   157921.023
   310:   157981.005   158196.009   160134.013   160240.001   161240.018
   315:   161306.003   161306.023   161353.005   161355.016   161405.026
   320:   161716.009   163057.013   163342.001   164208.003   164208.023
   325:   164256.005   164502.009   166259.013   166360.001   167340.003
   330:   167340.023   167392.005   167559.009   168895.013   168987.001
   335:   169987.018   170141.003   170141.023   170188.005   170388.009
   340:   172343.016   172393.026   172512.005   172525.009   172533.005
   345:   172865.009   172895.013   173065.001   174065.018   174086.003
   350:   174086.023   174137.005   174139.016   174189.026   174846.009
   355:   176991.013   177120.001   178120.018   178160.003   178160.023
   360:   178211.005   178404.009   180866.016   180916.026   181121.005
   365:   181418.013   181557.009   181762.001   182762.018   182789.003
   370:   182789.023   182846.005   182848.016   182898.026   183546.009
   375:   186200.013   186300.001   187300.018   187376.003   187376.023
   380:   187425.005   187595.009   190430.016   190480.026   190669.005
   385:   190982.013   191116.009   191333.001   192016.003   192016.023
   390:   192086.005   192287.009   194589.013   194684.001   195684.018
   395:   195876.003   195876.023   195927.005   196205.009   199232.016
   400:   199282.026   199442.005   199452.009   199454.005   199784.013
   405:   199877.009   200081.001   200946.003   200946.023   200999.005
   410:   201186.009   202802.013   202904.001   203904.018   204152.003
   415:   204152.023   204195.005   204197.016   204247.026   204570.009
   420:   205899.013   206015.001   207015.018   207087.003   207087.023
   425:   207140.005   207359.009   209645.016   209695.026   209797.005
   430:   210114.009   210197.013   210361.001   211361.018   211396.003
   435:   211396.023   211449.005   211451.016   211501.026   212453.009
   440:   214653.013   214756.001   215756.018   215959.003   215959.023
   445:   215998.005   216000.016   216050.026   216390.009   219352.013
   450:   219449.001   220449.018   220692.003   220692.023   220747.005
   455:   220753.009   220755.005   220924.009   224052.016   224102.026
   460:   224189.005   224523.009   224604.013   224752.001   225652.003
   465:   225652.023   225714.005   225888.009   227717.013   227817.001
   470:   228817.018   229166.003   229166.023   229204.005   229474.009
   475:   231357.013   231473.001   232473.018   232695.003   232695.023
   480:   232742.005   233026.009   233265.005   233302.009   234747.016
   485:   234797.026   234921.005   234930.009   234938.005   235242.009
   490:   235283.005   235299.013   235323.009   236018.001   236936.003
   495:   236936.023   236987.005   236995.009   236996.005   237187.009
   500:   239790.013   239886.001   240886.018   240996.003   240996.023
   505:   241040.005   241042.016   241047.009   241049.005   241092.026
   510:   241439.009   245094.013   245202.001   246202.018   246426.003
   515:   246426.023   246471.005   246478.009   246479.005   246673.009
   520:   249535.005   249555.009   249560.005   249693.009   250126.016
   525:   250176.026   250678.013   250784.001   251784.018   251881.003
   530:   251881.023   251926.005   251928.016   251931.009   251934.005
   535:   251978.026   252422.009   253480.013   253583.001   254583.018
   540:   254719.003   254719.023   254766.005   254768.016   254818.026
   545:   255576.009   259120.013   259217.001   260217.018   260300.003
   550:   260300.023   260349.005   260493.009   263733.005   263801.009
   555:   264354.016   264404.026   264906.013   265012.001   266012.018
   560:   266199.003   266199.023   266258.005   266414.009   266473.005
   565:   266609.009   267907.005   267998.009   268913.016   268963.026
   570:   269086.005   269092.009   269103.005   269365.009   269465.013
   575:   269579.001   270579.018   270700.003   270700.023   270745.005
   580:   270747.016   270797.026   271420.009   272299.013   272401.001
   585:   273372.003   273372.023   273421.005   273588.009   275574.013
   590:   275663.001   276663.018   276922.003   276922.023   276970.005
   595:   276975.009   276979.005   277196.009   280973.013   281055.001
   600:   282055.018   282383.003   282383.023   282429.005   282601.009
   605:   284082.013   284185.001   285185.018   285284.003   285284.023
   610:   285336.005   285510.009   287841.016   287891.026   288048.005
   615:   288393.013   288414.009   288419.005   288428.009   288674.001
   620:   289674.018   289777.003   289777.023   289852.005   289854.016
   625:   289904.026   290537.009   294406.013   294512.001   295512.018
   630:   295685.003   295685.023   295734.005   295736.016   295786.026
   635:   296252.009   297588.013   297765.001   298741.003   298741.023
   640:   298796.005   298802.009   298803.005   298998.009   301449.013
   645:   301549.001   302549.018   302885.003   302885.023   302931.005
   650:   302937.009   302940.005   303124.009   305234.013   305345.001
   655:   306345.018   306508.003   306508.023   306561.005   306731.009
   660:   308566.016   308616.026   308780.005   308787.009   308796.005
   665:   309089.009   309118.013   309349.001   310197.003   310197.023
   670:   310252.005   310693.009   312255.013   312434.001   313434.018
   675:   313505.003   313505.023   313559.005   313561.016   313611.026
   680:   314067.009   316413.013   316533.001   317533.018   317608.003
   685:   317608.023   317661.005   317840.009   320466.016   320516.026
   690:   320628.005   321018.013   321088.009   321329.001   322061.003
   695:   322061.023   322139.005   322356.009   323792.013   323888.001
   700:   324888.018   325017.003   325017.023   325057.005   325064.009
   705:   325067.005   325261.009   327712.016   327762.026   327835.005
   710:   328058.009   328264.013   328420.001   329398.003   329398.023
   715:   329446.005   329453.009   329457.005   329684.009   333949.013
   720:   334105.001   335105.018   335198.003   335198.023   335250.005
   725:   335252.016   335302.026   335712.009   337954.013   338061.001
   730:   339061.018   339246.003   339246.023   339296.005   339482.009
   735:   341744.005   341768.009   341778.005   341808.009   342601.016
   740:   342651.026   342782.005   343006.009   343153.013   343412.001
   745:   344293.003   344293.023   344351.005   344578.009   346773.005
   750:   346943.009   348354.013   348609.001   349598.003   349598.023
   755:   349661.005   349871.009   351164.013   351292.001   352292.018
   760:   352391.003   352391.023   352447.005   352449.016   352499.026
   765:   352803.009   352983.005   353055.009   355301.013   355395.001
   770:   356395.018   356517.003   356517.023   356572.005   356574.016
   775:   356624.026   357141.009   359126.013   359229.001   360229.018
   780:   360370.003   360370.023   360426.005   360590.009   361931.016
   785:   361981.026   362121.005   362401.009   362483.013   362716.001
   790:   363601.003   363601.023   363657.005   363664.009   363665.005
   795:   363840.009   365960.013   366075.001   367075.018   367182.003
   800:   367182.023   367243.005   367249.009   367250.005   367439.009
   805:   368548.016   368598.026   368748.005   369047.009   369100.013
   810:   369322.001   370322.018   370581.003   370581.023   370640.005
   815:   370852.009   374143.013   374249.001   375249.018   375461.003
   820:   375461.023   375521.005   375523.016   375573.026   376586.009
   825:   379725.013   379830.001   380830.018   381001.003   381001.023
   830:   381040.005   381242.009   382896.005   382912.009   382928.005
   835:   382963.009   384845.016   384895.026   385048.005   385397.013
   840:   385466.009   385485.005   385503.009   387354.005   387615.009
   845:   387926.001   388926.018   388939.003   388939.023   389002.005
   850:   389004.016   389054.026   389635.009   390856.013   391069.001
   855:   391919.003   391919.023   391976.005   392176.009   394979.013
   860:   395059.001   396059.018   396185.003   396185.023   396243.005
   865:   396406.009   397748.016   397798.026   397928.005   398290.009
   870:   398300.013   398502.001   399501.003   399501.023   399570.005
   875:   399768.009   399801.005   399809.009   402723.013   402819.001
   880:   403819.018   404061.003   404061.023   404111.005   404113.016
   885:   404163.026   404611.009   407465.013   407598.001   408598.018
   890:   408675.003   408675.023   408724.005   408726.016   408731.009
   895:   408732.005   408776.026   409411.009   411078.013   411312.001
   900:   412184.003   412184.023   412236.005   412438.009   415739.013
   905:   415899.001   416857.003   416857.023   416909.005   417089.009
   910:   417529.005   417607.009   419062.013   419197.001   420197.018
   915:   420218.003   420218.023   420273.005   420446.009   422428.016
   920:   422478.026   422595.005   422965.009   422980.013   423216.001
   925:   424216.018   424288.003   424288.023   424333.005   424590.009
   930:   427488.016   427538.026   427696.005   427927.009   428040.013
   935:   428232.001   429232.018   429474.003   429474.023   429532.005
   940:   429534.016   429584.026   430167.009   433586.013   433707.001
   945:   434707.018   434843.003   434843.023   434889.005   435079.009
   950:   436967.005   437092.009   438544.016   438594.026   438797.005
   955:   439096.013   439323.009   439531.001   440458.003   440458.023
   960:   440529.005   440760.009   442182.013   442353.001   443339.003
   965:   443339.023   443383.005   443389.009   443391.005   443561.009
   970:   447686.013   447811.001   448811.018   448851.003   448851.023
   975:   448911.005   448913.016   448963.026   449432.009   451965.013
   980:   452060.001   453060.018   453148.003   453148.023   453226.005
   985:   453385.009   454381.016   454431.026   454649.005   454933.013
   990:   454990.009   455273.001   456273.018   456297.003   456297.023
   995:   456364.005   456366.016   456416.026   456936.009   459918.013
  1000:   460018.001   461018.018   461115.003   461115.023   461164.005
  1005:   461360.009   462169.016   462219.026   462458.005   462721.013
  1010:   462884.009   462890.005   462908.009   463170.001   463957.003
  1015:   463957.023   464018.005   464227.009   467821.013   467930.001
  1020:   468930.018   468960.003   468960.023   469007.005   469009.016
  1025:   469059.026   469435.009   471061.013   471174.001   472174.018
  1030:   472271.003   472271.023   472321.005   472514.009   474126.016
  1035:   474176.026   474347.005   474531.009   474596.005   474678.013
  1040:   475621.009   475918.001   476745.003   476745.023   476811.005
  1045:   477151.009   480464.013   480562.001   481537.003   481537.023
  1050:   481596.005   481810.009   485899.013   486019.001   486908.003
  1055:   486908.023   486973.005   487275.009   491476.013   491543.005
  1060:   491616.009   491827.001   492746.003   492746.023   492801.005
  1065:   493072.009   496104.013   496200.001   497183.003   497183.023
  1070:   497242.005   497248.009   497249.005   497423.009   499349.005
  1075:   499433.009   501245.013   501348.001   502298.003   502298.023
  1080:   502351.005   502358.009   502360.005   502571.009   506504.013
  1085:   506592.001   507592.018   507737.003   507737.023   507800.005
  1090:   507802.016   507852.026   508270.009   509654.013   509792.001
  1095:   510792.018   510832.003   510832.023   510887.005   510889.016
  1100:   510939.026   511551.009   514091.013   514175.001   515175.018
  1105:   515441.003   515441.023   515493.005   515719.009   517646.013
  1110:   517766.001   518766.018   518901.003   518901.023   518951.005
  1115:   519149.009   520456.016   520506.026   520620.005   520942.009
  1120:   521008.013   521322.001   522142.003   522142.023   522206.005
  1125:   522491.009   524009.013   524104.001   525104.018   525169.003
  1130:   525169.023   525222.005   525479.009   527720.005   527987.009
  1135:   528027.016   528077.026   528164.005   528481.009   528579.013
  1140:   528734.001   529734.018   529944.003   529944.023   530003.005
  1145:   530005.016   530011.009   530012.005   530055.026   530760.009
  1150:   532357.013   532459.001   533459.018   533496.003   533496.023
  1155:   533546.005   533794.009   535551.016   535601.026   535781.005
  1160:   536103.013   536155.009   536474.001   537331.003   537331.023
  1165:   537393.005   537639.009   540396.013   540519.001   541519.018
  1170:   541603.003   541603.023   541648.005   541650.016   541700.026
  1175:   542222.009   545202.013   545347.001   545626.003   545626.023
  1180:   545654.001   545864.003   549440.005   549616.009   550967.005
  1185:   551012.009   553443.013   553566.001   554566.018   554583.003
  1190:   554583.023   554642.005   554644.016   554694.026   555112.009
  1195:   558846.013   558937.001   559937.018   560215.003   560215.023
  1200:   560260.005   560466.009   563413.013   563584.001   564492.003
  1205:   564492.023   564541.005   564732.009   566992.005   567109.009
  1210:   568194.013   568279.001   569218.003   569218.023   569273.005
  1215:   569554.009   573576.013   573712.001   574712.018   574717.003
  1220:   574717.023   574779.005   574966.009   576482.005   576598.009
  1225:   578784.016   578801.005   578834.026   579336.013   579736.009
  1230:   579927.005   580667.009   580998.001   581998.018   582027.003
  1235:   582027.023   582080.005   582082.016   582132.026   582700.009
  1240:   584284.013   584411.001   585398.003   585398.023   585448.005
  1245:   585664.009   588101.013   588215.001   589187.003   589187.023
  1250:   589232.005   589237.009   589241.005   589444.009   592535.013
  1255:   592630.001   593630.018   593762.003   593762.023   593814.005
  1260:   593821.009   593824.005   594006.009   596969.016   597019.026
  1265:   597137.005   597521.013   597638.009   598083.001   599000.003
  1270:   599000.023   599056.005   599290.009   603359.013   603452.001
  1275:   604452.018   604604.003   604604.023   604657.005   604659.016
  1280:   604709.026   605395.009   608211.013   608329.001   609255.003
  1285:   609255.023   609314.005   609556.009   613117.013   613241.001
  1290:   614241.018   614255.003   614255.023   614304.005   614506.009
  1295:   616120.005   616255.009   616309.016   616359.026   616418.005
  1300:   616861.013   616870.009   617063.001   618014.003   618014.023
  1305:   618071.005   618293.009   622224.013   622452.001   623329.003
  1310:   623329.023   623371.005   623589.009   623782.005   623849.009
  1315:   624874.013   624968.001   625968.018   625969.003   625969.023
  1320:   626018.005   626020.016   626070.026   626720.009   627722.013
  1325:   627963.001   628883.003   628883.023   628937.005   629185.009
  1330:   631590.013   631722.001   632576.003   632576.023   632632.005
  1335:   632847.009   633696.005   633786.009   634435.013   634523.001
  1340:   635523.018   635639.003   635639.023   635687.005   635900.009
  1345:   637342.016   637392.026   637464.005   637835.009   637894.013
  1350:   638088.001   639038.003   639038.023   639085.005   639311.009
  1355:   641888.013   641969.001   642969.018   643039.003   643039.023
  1360:   643097.005   643388.009   644413.005   644602.016   644610.009
  1365:   644652.026   644694.005   645131.009   645154.013   645610.001
  1370:   646516.003   646516.023   646576.005   646829.009   649579.013
  1375:   649730.001   650730.018   650768.003   650768.023   650825.005
  1380:   650827.016   650877.026   651578.009   653640.005   653770.009
  1385:   654879.013   655159.001   656159.018   656182.003   656182.023
  1390:   656242.005   656434.009   659897.016   659947.026   660157.005
  1395:   660449.013   660564.009   660794.001   661794.018   661821.003
  1400:   661821.023   661866.005   661868.016   661918.026   662441.009
  1405:   664920.013   665025.001   666025.018   666142.003   666142.023
  1410:   666192.005   666196.009   666199.005   666457.009   669347.016
  1415:   669397.026   669488.005   669739.009   669899.013   670045.001
  1420:   670895.003   670895.023   670946.005   671209.009   673099.005
  1425:   673243.009   673535.005   673564.009   674749.013   674875.001
  1430:   675782.003   675782.023   675847.005   676073.009   676864.005
  1435:   677036.009   679150.013   679302.001   680181.003   680181.023
  1440:   680236.005   680524.009   681774.005   681890.009   684539.013
  1445:   684784.001   685769.003   685769.023   685822.005   685825.009
  1450:   685828.005   686038.009   686617.005   686679.009   689047.005
  1455:   689187.009   689325.013   689569.001   690493.003   690493.023
  1460:   690537.005   690770.009   692840.013   692919.001   693885.003
  1465:   693885.023   693945.005   693950.009   693952.005   694201.009
  1470:   696098.013   696187.001   697187.018   697224.003   697224.023
  1475:   697284.005   697286.016   697287.009   697289.005   697336.026
  1480:   697861.009   698838.013   698952.001   699952.018   699980.003
  1485:   699980.023   700031.005   700324.009   701186.016   701236.026
  1490:   701377.005   701593.009   701738.013   701926.001   702926.018
  1495:   703063.003   703063.023   703131.005   703133.016   703183.026
  1500:   703865.009   705185.013   705354.001   706274.003   706274.023
  1505:   706328.005   706560.009   708981.013   709069.001   710064.003
  1510:   710064.023   710126.005   710312.009   712323.005   712429.009
  1515:   712929.013   713005.001   713992.003   713992.023   714044.005
  1520:   714261.009   716397.005   716653.009   717197.013   717322.001
  1525:   718314.003   718314.023   718373.005   718590.009   721644.005
  1530:   721652.009   722676.013   722776.001   723776.018   723808.003
  1535:   723808.023   723863.005   723865.016   723915.026   724142.009
  1540:   724154.005   724181.009   724197.005   724316.009   724361.005
  1545:   724708.009   727804.005   727922.009   728417.013   729366.005
  1550:   729499.009   729841.001   730829.003   730829.023   730896.005
  1555:   731131.009   733049.013   733164.001   734101.003   734101.023
  1560:   734119.005   734389.009   735772.013   735882.001   736882.018
  1565:   736889.003   736889.023   736947.005   737177.009   738952.016
  1570:   739002.026   739147.005   739504.013   739642.009   739872.001
  1575:   740737.003   740737.023   740809.005   741120.009   743511.005
  1580:   743596.009   743962.013   744072.001   745050.003   745050.023
  1585:   745114.005   745320.009   747417.013   747511.001   748511.018
  1590:   748600.003   748600.023   748652.005   748973.009   752157.016
  1595:   752207.026   752355.005   752709.013   753319.009   753364.005
  1600:   753421.009   753495.005   753574.009   754755.005   754873.009
  1605:   756307.005   756327.009   756609.001   757578.003   757578.023
  1610:   757623.005   757863.009   761577.005   761668.009   761707.005
  1615:   761756.009   761776.013   762016.001   762941.003   762941.023
  1620:   762998.005   763261.009   765001.013   765131.001   766064.003
  1625:   766064.023   766118.005   766353.009   767621.013   767717.001
  1630:   768686.003   768686.023   768740.005   769012.009   772393.013
  1635:   772492.001   773213.003   773213.023   773279.005   773440.009
  1640:   773444.005   773462.009   773475.005   773489.009   776064.005
  1645:   776273.009   777082.013   777189.001   778189.018   778294.003
  1650:   778294.023   778352.005   778354.016   778404.026   778864.009
  1655:   780206.013   780307.001   781307.018   781373.003   781373.023
  1660:   781426.005   781428.016   781478.026   781897.009   784130.013
  1665:   784218.001   785218.018   785236.003   785236.023   785284.005
  1670:   785485.009   787898.005   788007.009   788048.005   788089.016
  1675:   788139.026   788641.013   789422.009   789738.001   790738.018
  1680:   790780.003   790780.023   790849.005   790851.016   790901.026
  1685:   791481.009   794203.013   794305.001   795305.018   795473.003
  1690:   795473.023   795514.005   795731.009   798963.005   799271.009
  1695:   799519.016   799569.026   799749.005   799966.009   800071.013
  1700:   800257.001   801257.018   801276.003   801276.023   801346.005
  1705:   801656.009   804351.016   804401.026   804642.005   804903.013
  1710:   805114.009   805372.001   806372.018   806438.003   806438.023
  1715:   806500.005   806502.016   806552.026   807144.009   808354.013
  1720:   808518.001   809277.003   809277.023   809331.005   809642.009
  1725:   811634.013   811742.001   812742.018   812837.003   812837.023
  1730:   812883.005   812885.016   812935.026   813425.009   815437.013
  1735:   815875.005   815881.009   815893.005   816166.009   816438.001
  1740:   817279.003   817279.023   817330.005   817553.009   820133.013
  1745:   820260.001   821260.018   821283.003   821283.023   821334.005
  1750:   821563.009   823350.005   823514.009   824489.016   824539.026
  1755:   824720.005   824941.009   825041.013   825216.001   826133.003
  1760:   826133.023   826207.005   826450.009   829210.013   829319.001
  1765:   830319.018   830331.003   830331.023   830381.005   830383.016
  1770:   830433.026   830743.009   834085.005   834094.009   834097.005
  1775:   834235.013   834369.009   834599.001   835526.003   835526.023
  1780:   835581.005   835798.009   838734.013   838847.001   839761.003
  1785:   839761.023   839807.005   840046.009   841460.013   841568.001
  1790:   842568.018   842801.003   842801.023   842868.005   843078.009
  1795:   845896.005   846026.009   846523.016   846573.026   846706.005
  1800:   847075.013   847083.009   847372.001   848372.018   848629.003
  1805:   848629.023   848690.005   849080.009   850693.013   850768.001
  1810:   851722.003   851722.023   851755.005   852032.009   853908.013
  1815:   854017.001   854975.003   854975.023   855039.005   855411.009
  1820:   856861.005   857042.013   857089.009   857329.001   858262.003
  1825:   858262.023   858330.005   858533.009   860489.005   860721.009
  1830:   860730.005   860798.009   861983.013   862130.001   862992.003
  1835:   862992.023   863054.005   863291.009   864557.013   864674.001
  1840:   865553.003   865553.023   865611.005   865842.009   869414.013
  1845:   870052.005   870243.009   870446.001   871339.003   871339.023
  1850:   871375.005   871616.009   874549.005   874694.009   875528.013
  1855:   876462.005   876655.009   876861.001   877849.003   877849.023
  1860:   877928.005   878227.009   878239.005   878260.009   880431.013
  1865:   880553.001   881368.003   881368.023   881426.005   881694.009
  1870:   883579.013   883695.001   884590.003   884590.023   884653.005
  1875:   884854.009   886456.013   886543.001   887543.018   887624.003
  1880:   887624.023   887672.005   887674.016   887724.026   888180.009
  1885:   890526.013   890608.001   891608.018   891625.003   891625.023
  1890:   891670.005   891890.009   894091.005   894175.016   894225.026
  1895:   894727.013   894728.009   895089.001   896089.018   896278.003
  1900:   896278.023   896346.005   896348.016   896398.026   897032.009
  1905:   899900.013   900035.001   901035.018   901093.003   901093.023
  1910:   901149.005   901367.009   903540.005   903753.009   904654.016
  1915:   904704.026   904877.005   904886.009   904947.005   905206.013
  1920:   905388.009   905674.001   906674.018   906925.003   906925.023
  1925:   906980.005   907275.009   911298.005   911483.013   911600.009
  1930:   911798.001   912752.003   912752.023   912801.005   912957.009
  1935:   914743.005   914928.009   914940.005   914945.009   915104.013
  1940:   915366.001   916353.003   916353.023   916400.005   916719.009
  1945:   918053.013   918142.001   919142.018   919163.003   919163.023
  1950:   919227.005   919416.009   921382.016   921432.026   921525.005
  1955:   921901.009   921934.013   922130.001   923121.003   923121.023
  1960:   923197.005   923566.009   926500.013   926605.001   927605.018
  1965:   927692.003   927692.023   927734.005   927736.016   927786.026
  1970:   928154.009   929588.013   929718.001   930648.003   930648.023
  1975:   930705.005   930919.009   932529.005   932664.009   932742.005
  1980:   932836.009   933508.013   933604.001   934604.018   934669.003
  1985:   934669.023   934717.005   934719.016   934769.026   935100.009
  1990:   938771.013   938865.001   939865.018   939967.003   939967.023
  1995:   940011.005   940220.009   941166.016   941216.026   941326.005
  2000:   941333.009   941340.005   941568.009   941718.013   941945.001
  2005:   942945.018   943066.003   943066.023   943136.005   943390.009
  2010:   944941.016   944991.026   945119.005   945402.009   945493.013
  2015:   945824.001   946572.003   946572.023   946619.005   946623.009
  2020:   946627.005   947224.009   949592.005   950061.009   950122.013
  2025:   950319.001   951163.003   951163.023   951210.005   951464.009
  2030:   953018.005   953222.009   954863.013   955061.001   956001.003
  2035:   956001.023   956058.005   956314.009   958569.005   958583.009
  2040:   958587.005   958711.013   958713.009   958960.005   959023.009
  2045:   959318.001   960159.003   960159.023   960208.005   960456.009
  2050:   964011.013   964103.001   965103.018   965177.003   965177.023
  2055:   965229.005   965231.016   965281.026   965767.009   969433.013
  2060:   969564.001   970511.003   970511.023   970564.005   970789.009
  2065:   973067.013   973185.001   974185.018   974207.003   974207.023
  2070:   974264.005   974673.009   978069.016   978119.026   978182.005
  2075:   978443.009   978621.013   978852.001   979852.018   979904.003
  2080:   979904.023   979957.005   979959.016   979964.009   979965.005
  2085:   980009.026   980616.009   983011.013   983108.001   984102.003
  2090:   984102.023   984152.005   984159.009   984160.005   984383.009
  2095:   986473.005   986649.009   987305.013   987566.001   988566.018
  2100:   988595.003   988595.023   988645.005   988848.009   990300.016
  2105:   990350.026   990528.005   990852.013   990864.009   991105.001
  2110:   992105.018   992147.003   992147.023   992197.005   992199.016
  2115:   992249.026   992983.009   993016.005   993048.009   993129.005
  2120:   993420.009   995551.013   995658.001   996647.003   996647.023
  2125:   996701.005   996936.009   998828.005   999001.009   999004.013
  2130:   999040.005   999287.009   999558.001  1000558.018  1000583.003
  2135:  1000583.023  1000640.005  1000866.009  1001645.016  1001695.026
  2140:  1001832.005  1001841.009  1001855.005  1002054.009  1002197.013
  2145:  1002475.001  1003311.003  1003311.023  1003384.005  1003678.009
  2150:  1006999.005  1007037.013  1007259.009  1007596.001  1008334.003
  2155:  1008334.023  1008395.005  1008661.009  1011486.005  1011634.009
  2160:  1012198.013  1012271.001  1013271.018  1013499.003  1013499.023
  2165:  1013533.005  1013535.016  1013585.026  1014007.009  1016570.005
  2170:  1016783.009  1017498.005  1017587.013  1017835.009  1018662.005
  2175:  1018993.009  1019263.001  1020115.003  1020115.023  1020176.005
  2180:  1020393.009  1022055.005  1022082.009  1023679.013  1024111.005
  2185:  1024126.009  1024132.005  1024520.009  1025117.001  1026107.003
  2190:  1026107.023  1026166.005  1026387.009  1026408.005  1026420.009
  2195:  1028319.013  1028645.005  1028908.009  1028921.005  1028936.009
  2200:  1031838.005  1032106.009  1032347.001  1033264.003  1033264.023
  2205:  1033316.005  1033583.009  1037469.013  1037627.001  1038537.003
  2210:  1038537.023  1038593.005  1038806.009  1042349.005  1042384.009
  2215:  1042896.013  1043415.001  1044286.003  1044286.023  1044339.005
  2220:  1044549.009  1046992.013  1047136.001  1048097.003  1048097.023
  2225:  1048154.005  1048385.009  1052657.013  1052833.001  1053833.018
  2230:  1053867.003  1053867.023  1053924.005  1053926.016  1053976.026
  2235:  1054521.009  1055978.013  1056223.001  1057119.003  1057119.023
  2240:  1057175.005  1057402.009  1059050.005  1059420.009  1059678.013
  2245:  1059778.001  1060654.003  1060654.023  1060701.005  1060935.009
  2250:  1063504.013  1063643.001  1064643.018  1064766.003  1064766.023
  2255:  1064818.005  1064996.009  1065875.005  1065973.016  1066023.026
  2260:  1066525.013  1066647.009  1066984.001  1067935.003  1067935.023
  2265:  1067999.005  1068356.009  1072152.013  1072175.005  1072360.009
  2270:  1072414.005  1072449.009  1072680.001  1073543.003  1073543.023
  2275:  1073613.005  1073833.009  1075703.005  1075863.009  1077593.005
  2280:  1077644.009  1077651.005  1077662.009  1077798.005  1077914.009
  2285:  1077916.013  1078242.001  1079177.003  1079177.023  1079233.005
  2290:  1079464.009  1082312.005  1082498.009  1083736.013  1083848.001
  2295:  1084811.003  1084811.023  1084857.005  1085091.009  1088293.005
  2300:  1088473.009  1088660.013  1088837.001  1089731.003  1089731.023
  2305:  1089782.005  1090023.009  1091683.005  1091766.009  1092935.013
  2310:  1093072.001  1094072.018  1094159.003  1094159.023  1094220.005
  2315:  1094568.009  1095375.016  1095425.026  1095561.005  1095569.009
  2320:  1095575.005  1095927.013  1096038.009  1096275.001  1097212.003
  2325:  1097212.023  1097262.005  1097556.009  1098765.013  1098873.001
  2330:  1099802.003  1099802.023  1099852.005  1100056.009  1101310.005
  2335:  1101335.009  1101625.005  1101763.009  1101855.013  1101968.001
  2340:  1102948.003  1102948.023  1103012.005  1103226.009  1105165.013
  2345:  1105222.005  1105505.009  1105704.001  1106704.018  1106768.003
  2350:  1106768.023  1106825.005  1106827.016  1106877.026  1107439.009
  2355:  1109379.013  1109495.001  1110495.018  1110533.003  1110533.023
  2360:  1110580.005  1110582.016  1110632.026  1111169.009  1113284.013
  2365:  1113415.001  1114415.018  1114457.003  1114457.023  1114499.005
  2370:  1114765.009  1116171.005  1116427.009  1116804.016  1116854.026
  2375:  1117025.005  1117273.009  1117356.013  1117698.001  1118607.003
  2380:  1118607.023  1118684.005  1118945.009  1120987.013  1121102.001
  2385:  1122086.003  1122086.023  1122140.005  1122350.009  1125669.005
  2390:  1125793.013  1125799.009  1125833.005  1125924.009  1126137.001
  2395:  1127122.003  1127122.023  1127179.005  1127411.009  1131037.005
  2400:  1131182.013  1131191.009  1131521.001  1132495.003  1132495.023
  2405:  1132551.005  1132806.009  1135374.005  1135484.009  1135554.013
  2410:  1135786.001  1136724.003  1136724.023  1136784.005  1137145.009
  2415:  1140087.013  1140187.001  1140326.003  1140326.023  1140354.001
  2420:  1140717.003  1140945.005  1140968.009  1142598.013  1143818.005
  2425:  1143837.009  1143839.005  1144074.009  1144496.001  1145426.003
  2430:  1145426.023  1145473.005  1145731.009  1147976.013  1148081.001
  2435:  1149081.018  1149123.003  1149123.023  1149177.005  1149389.009
  2440:  1150832.016  1150882.026  1151024.005  1151344.009  1151384.013
  2445:  1151610.001  1152579.003  1152579.023  1152643.005  1152888.009
  2450:  1156296.013  1156490.005  1156677.009  1156926.001  1157804.003
  2455:  1157804.023  1157852.005  1158184.009  1161005.013  1161156.001
  2460:  1161947.003  1161947.023  1161981.005  1162233.009  1165984.013
  2465:  1166138.001  1167138.018  1167144.003  1167144.023  1167199.005
  2470:  1167201.016  1167251.026  1167645.009  1171053.013  1171155.001
  2475:  1172094.003  1172094.023  1172146.005  1172421.009  1176649.013
  2480:  1176766.001  1177766.018  1177855.003  1177855.023  1177903.005
  2485:  1178154.009  1181708.016  1181758.026  1181886.005  1182153.009
  2490:  1182260.013  1182512.001  1183414.003  1183414.023  1183469.005
  2495:  1183476.009  1183477.005  1183790.009  1187614.005  1187622.013
  2500:  1187905.009  1188116.001  1189116.018  1189179.003  1189179.023
  2505:  1189238.005  1189240.016  1189290.026  1189819.009  1190792.013
  2510:  1190922.001  1191922.018  1191932.003  1191932.023  1191982.005
  2515:  1191984.016  1192034.026  1192357.009  1194036.013  1194178.001
  2520:  1195093.003  1195093.023  1195129.005  1195325.009  1197432.013
  2525:  1197504.001  1198504.018  1198515.003  1198515.023  1198564.005
  2530:  1198784.009  1200719.016  1200769.026  1200877.005  1200886.009
  2535:  1200900.005  1201134.009  1201271.013  1201421.001  1202421.018
  2540:  1202457.003  1202457.023  1202515.005  1202517.016  1202522.009
  2545:  1202523.005  1202567.026  1203311.009  1205569.013  1205733.001
  2550:  1206698.003  1206698.023  1206747.005  1207000.009  1208550.013
  2555:  1208742.001  1209606.003  1209606.023  1209652.005  1209860.009
  2560:  1212455.013  1212638.005  1212672.009  1212973.001  1213973.018
  2565:  1214022.003  1214022.023  1214084.005  1214324.009  1214386.005
  2570:  1214404.009  1215739.016  1215789.026  1216014.005  1216291.013
  2575:  1216824.009  1216925.005  1216964.009  1219809.005  1220036.009
  2580:  1220674.001  1221674.018  1221712.003  1221712.023  1221783.005
  2585:  1222061.009  1225288.016  1225338.026  1225402.005  1225840.013
  2590:  1225872.009  1226313.001  1227090.003  1227090.023  1227155.005
  2595:  1227453.009  1231265.005  1231394.009  1231458.013  1232667.005
  2600:  1232814.009  1233039.001  1233959.003  1233959.023  1234024.005
  2605:  1234358.009  1237866.005  1238023.009  1238527.013  1238631.001
  2610:  1239630.003  1239630.023  1239683.005  1239909.009  1243186.013
  2615:  1243290.001  1244290.018  1244314.003  1244314.023  1244367.005
  2620:  1244369.016  1244419.026  1244800.009  1247571.013  1247670.001
  2625:  1248670.018  1248689.003  1248689.023  1248747.005  1248982.009
  2630:  1250752.016  1250802.026  1250923.005  1251116.009  1251304.013
  2635:  1251574.001  1252425.003  1252425.023  1252481.005  1252877.009
  2640:  1253984.013  1254120.001  1255120.018  1255135.003  1255135.023
  2645:  1255187.005  1255189.016  1255239.026  1255625.009  1256891.013
  2650:  1259116.005  1259335.009  1259713.001  1260581.003  1260581.023
  2655:  1260645.005  1260837.009  1262648.013  1262751.001  1263751.018
  2660:  1263754.003  1263754.023  1263814.005  1263816.016  1263866.026
  2665:  1264274.009  1266518.013  1266688.001  1267645.003  1267645.023
  2670:  1267700.005  1267937.009  1269503.013  1269603.001  1270562.003
  2675:  1270562.023  1270608.005  1270878.009  1273611.013  1273719.001
  2680:  1274648.003  1274648.023  1274701.005  1274924.009  1277081.005
  2685:  1277256.009  1278854.013  1278964.001  1279964.018  1279997.003
  2690:  1279997.023  1280042.005  1280322.009  1282847.016  1282897.026
  2695:  1283094.005  1283394.009  1283399.013  1283621.001  1284618.003
  2700:  1284618.023  1284678.005  1284937.009  1286572.005  1286849.009
  2705:  1288181.013  1288298.001  1289214.003  1289214.023  1289274.005
  2710:  1289517.009  1292077.013  1292183.001  1293061.003  1293061.023
  2715:  1293126.005  1293339.009  1295629.013  1295856.001  1296671.003
  2720:  1296671.023  1296715.005  1296979.009  1299018.013  1299175.001
  2725:  1300072.003  1300072.023  1300135.005  1300352.009  1303288.013
  2730:  1303395.001  1304320.003  1304320.023  1304377.005  1304740.009
  2735:  1306380.013  1306495.001  1307359.003  1307359.023  1307415.005
  2740:  1307667.009  1307716.005  1307731.009  1309848.005  1310000.009
  2745:  1310718.013  1310815.001  1311815.018  1311828.003  1311828.023
  2750:  1311888.005  1312115.009  1315543.016  1315593.026  1315727.005
  2755:  1316085.009  1316095.013  1316351.001  1317210.003  1317210.023
  2760:  1317271.005  1317560.009  1320307.005  1320631.009  1321074.013
  2765:  1321188.001  1322188.018  1322230.003  1322230.023  1322285.005
  2770:  1322287.016  1322291.009  1322292.005  1322337.026  1322778.009
  2775:  1323839.013  1323975.001  1324888.003  1324888.023  1324955.005
  2780:  1325207.009  1328608.013  1328746.001  1329746.018  1329786.003
  2785:  1329786.023  1329852.005  1330068.009  1332614.005  1332882.009
  2790:  1332972.005  1333072.009  1333857.016  1333907.026  1334070.005
  2795:  1334405.009  1334409.013  1334639.001  1335639.018  1335820.003
  2800:  1335820.023  1335874.005  1335876.016  1335926.026  1336574.009
  2805:  1337217.005  1337269.009  1339928.013  1340040.001  1341040.018
  2810:  1341246.003  1341246.023  1341293.005  1341295.016  1341345.026
  2815:  1341857.009  1342997.013  1343213.001  1344052.003  1344052.023
  2820:  1344097.005  1344388.009  1345284.005  1345477.009  1345900.013
  2825:  1346013.001  1347013.018  1347022.003  1347022.023  1347083.005
  2830:  1347318.009  1349588.016  1349638.026  1349759.005  1349965.009
  2835:  1350140.013  1350427.001  1351427.018  1351622.003  1351622.023
  2840:  1351669.005  1351671.016  1351721.026  1352305.009  1352820.005
  2845:  1352947.009  1355723.013  1355827.001  1356827.018  1356902.003
  2850:  1356902.023  1356954.005  1357218.009  1359609.016  1359659.026
  2855:  1359733.005  1359738.009  1359740.005  1360161.013  1360341.009
  2860:  1361314.001  1361545.003  1361545.023  1361616.005  1361873.009
  2865:  1364919.013  1365018.001  1365932.003  1365932.023  1365988.005
  2870:  1366190.009  1368291.013  1368394.001  1369394.018  1369406.003
  2875:  1369406.023  1369472.005  1369474.016  1369524.026  1369988.009
  2880:  1372026.013  1372140.001  1373045.003  1373045.023  1373091.005
  2885:  1373287.009  1375744.013  1375826.001  1376826.018  1376883.003
  2890:  1376883.023  1376948.005  1377167.009  1378453.016  1378503.026
  2895:  1378625.005  1378951.009  1379005.013  1379254.001  1380196.003
  2900:  1380196.023  1380264.005  1380555.009  1383267.013  1383382.001
  2905:  1384382.018  1384515.003  1384515.023  1384567.005  1384569.016
  2910:  1384619.026  1385112.009  1386271.013  1386411.001  1387391.003
  2915:  1387391.023  1387449.005  1387679.009  1391466.005  1391548.009
  2920:  1391579.005  1391725.009  1391752.013  1391984.001  1392761.003
  2925:  1392761.023  1392816.005  1393041.009  1397242.005  1397319.013
  2930:  1397428.009  1397665.001  1398652.003  1398652.023  1398709.005
  2935:  1398926.009  1400862.013  1401007.001  1401855.003  1401855.023
  2940:  1401907.005  1402151.009  1405410.013  1406030.005  1406040.009
  2945:  1406048.005  1406279.009  1406592.001  1407559.003  1407559.023
  2950:  1407605.005  1407844.009  1411658.005  1411695.009  1411758.013
  2955:  1411943.005  1411960.009  1412232.001  1413216.003  1413216.023
  2960:  1413259.005  1413522.009  1414762.013  1414875.001  1415723.003
  2965:  1415723.023  1415776.005  1415990.009  1418976.005  1419180.009
  2970:  1419429.013  1419605.001  1420605.018  1420704.003  1420704.023
  2975:  1420742.005  1420749.009  1420750.005  1421025.009  1421036.005
  2980:  1421110.009  1424247.016  1424297.026  1424799.013  1425462.005
  2985:  1426476.009  1453925.001  1454852.003  1454852.023  1455010.005
  2990:  1455288.009  1459313.013  1472892.005  1472923.009  1472928.005
  2995:  1472968.009  1475013.005  1475330.009  1475692.001  1476518.003
  3000:  1476518.023  1476583.005  1476863.009  1476948.005  1477963.009
  3005:  1481086.013  1499970.005
B:
     0:        0.000      329.000        0.000      329.000        0.000
     5:      613.000        0.000        0.000        0.000      612.000
    10:        0.000        1.000        0.000      328.000        0.000
    15:        0.000      152.000        0.000      164.000        0.000
    20:        0.000        0.000        0.000      327.000        0.000
    25:        0.000      152.000        0.000        0.000        0.000
    30:        0.000
D:
     0:  1479447.000  1478622.000  1479448.000
E:
     0:     1000.000     1000.000     1250.000
P:
     0:        2.000        2.300        2.600        3.000        3.300
     5:        3.600        4.000        4.300        4.600        5.000
    10:        5.300        5.600        6.000        6.300        6.600
    15:        7.000        7.300        7.600        8.000
R:
     0:        0.000        1.000
T:
     0:        0.000        0.000        0.000        0.000
W:
     0:        0.000        2.000        0.000
