File: C:\MED-PC IV\Data\Reyes\BD\BD6118.999


Start Date: 05/07/26
End Date: 05/07/26
Subject: 118
Experiment: BD
Group: ERROR_M
Box: 2
Start Time: 12:29:00
End Time: 13:19:00
MSN: DRRD_error
C:       0.000
F:       3.000
G:       0.000
H:       0.000
I:       0.000
J:       0.000
K:    2000.000
L:       1.000
M:       0.000
N:       1.000
O:       0.000
Q:       0.000
S:    2500.000
U:  879985.000
V:       0.000
X:    3800.000
Y:    2675.000
Z:       0.000
A:
     0:     1790.005     1865.009     7840.005     7858.009     7864.005
     5:     7880.009    15000.013    15000.011    15914.005    16096.009
    10:    16346.001    17112.003    17112.023    17147.005    17436.009
    15:    17472.005    17476.009    17477.005    17481.009    20950.013
    20:    21249.001    22066.003    22066.023    22115.005    22386.009
    25:    22413.005    22417.009    24618.013    24743.001    25708.003
    30:    25708.023    25801.005    26050.009    30304.013    30425.001
    35:    31425.018    31530.003    31530.023    31629.005    31932.009
    40:    34784.016    34834.026    35010.005    35336.013    35481.009
    45:    36103.001    36881.003    36881.023    36958.005    37336.009
    50:    39961.013    40087.001    41087.018    41089.003    41089.023
    55:    41169.005    41171.016    41221.026    42022.009    44523.013
    60:    44649.001    45649.018    45664.003    45664.023    45738.005
    65:    45740.016    45790.026    46329.009    48092.013    48253.001
    70:    49253.018    49466.003    49466.023    49555.005    49837.009
    75:    52808.005    53075.009    53210.016    53260.026    53597.005
    80:    53762.013    54039.009    54042.005    54054.009    54057.005
    85:    54073.009    54605.001    55605.018    55637.003    55637.023
    90:    55704.005    55706.016    55756.026    56225.009    56234.005
    95:    56259.009    57558.013    57691.001    58691.018    58887.003
   100:    58887.023    58987.005    59192.009    60642.016    60692.026
   105:    60902.005    61194.013    61241.009    61841.001    62690.003
   110:    62690.023    62763.005    62939.009    65916.013    66014.005
   115:    66020.009    66021.005    66409.009    66622.001    67526.003
   120:    67526.023    67606.005    67817.009    67941.005    68141.009
   125:    69609.013    69740.001    70740.018    70832.003    70832.023
   130:    70918.005    70920.016    70970.026    71263.009    74472.013
   135:    74579.001    75579.018    75654.003    75654.023    75726.005
   140:    75950.009    77510.005    77786.009    79231.016    79281.026
   145:    79590.005    79783.013    80091.009    80116.005    80130.009
   150:    80155.005    80164.009    80722.001    81702.003    81702.023
   155:    81753.005    82052.009    84796.005    85063.009    86056.013
   160:    86161.001    87161.018    87266.003    87266.023    87316.005
   165:    87318.016    87368.026    87800.009    91020.013    91135.001
   170:    92135.018    92299.003    92299.023    92342.005    92735.009
   175:    96147.016    96197.026    96375.005    96699.013    96844.009
   180:    97478.001    98352.003    98352.023    98436.005    98606.009
   185:   101439.013   101584.001   102584.018   102632.003   102632.023
   190:   102704.005   102934.009   106709.016   106759.026   106761.005
   195:   107261.013   107475.009   107847.001   108845.003   108845.023
   200:   108907.005   109103.009   110560.013   110713.001   111697.003
   205:   111697.023   111764.005   111979.009   114417.013   114575.001
   210:   115575.018   115661.003   115661.023   115704.005   115706.016
   215:   115756.026   116073.009   119758.013   119910.001   120910.018
   220:   121179.003   121179.023   121286.005   121555.009   121625.005
   225:   121695.009   123818.005   124065.009   125439.013   125577.001
   230:   126577.018   126722.003   126722.023   126802.005   126804.016
   235:   126854.026   127116.009   128656.013   128766.001   129766.018
   240:   129893.003   129893.023   129983.005   130192.009   131638.016
   245:   131688.026   131923.005   132190.013   132757.009   133283.001
   250:   134283.018   134345.003   134345.023   134424.005   134426.016
   255:   134476.026   134951.009   136978.013   137087.001   138087.018
   260:   138256.003   138256.023   138331.005   138518.009   139912.005
   265:   140112.009   140116.005   140127.009   140636.016   140686.026
   270:   140923.005   140930.009   140931.005   141188.013   141441.009
   275:   141452.005   141484.009   141517.005   141523.009   142161.001
   280:   143035.003   143035.023   143092.005   143301.009   145095.013
   285:   145243.001   146243.018   146408.003   146408.023   146502.005
   290:   146504.016   146554.026   147111.009   149363.005   149688.009
   295:   149856.013   149978.001   150978.018   151008.003   151008.023
   300:   151081.005   151359.009   154086.016   154136.026   154362.005
   305:   154638.013   154701.009   155320.001   156239.003   156239.023
   310:   156293.005   156462.009   158946.013   159069.001   160023.003
   315:   160023.023   160094.005   160380.009   163097.013   163197.001
   320:   164197.018   164248.003   164248.023   164318.005   164320.016
   325:   164370.026   164749.009   165872.013   166004.001   167004.018
   330:   167253.003   167253.023   167338.005   167535.009   167565.005
   335:   167587.009   167592.005   167658.009   167663.005   167668.009
   340:   167693.005   167699.009   170493.016   170543.026   170682.005
   345:   171031.009   171045.013   171534.001   172396.003   172396.023
   350:   172483.005   172801.009   174786.013   174905.001   175838.003
   355:   175838.023   175898.005   176106.009   178701.013   178837.001
   360:   179807.003   179807.023   179907.005   180067.009   183210.013
   365:   183315.001   184315.018   184367.003   184367.023   184443.005
   370:   184685.009   187448.016   187498.026   187736.005   187943.009
   375:   188000.013   188747.001   189687.003   189687.023   189771.005
   380:   190094.009   193774.013   193911.001   194911.018   194971.003
   385:   194971.023   195041.005   195043.016   195093.026   195448.009
   390:   199245.013   199355.001   200352.003   200352.023   200423.005
   395:   200634.009   204726.013   204841.001   205841.018   205933.003
   400:   205933.023   206005.005   206226.009   207510.016   207560.026
   405:   207775.005   207964.009   208062.013   208804.001   209759.003
   410:   209759.023   209818.005   210019.009   211971.013   212105.001
   415:   213105.018   213253.003   213253.023   213325.005   213327.016
   420:   213377.026   213737.009   213783.005   213787.009   215879.013
   425:   216116.001   217116.018   217126.003   217126.023   217186.005
   430:   217370.009   218341.016   218391.026   218580.005   218893.013
   435:   219200.009   220077.001   221007.003   221007.023   221079.005
   440:   221236.009   224531.005   224702.009   225082.013   225183.001
   445:   226183.018   226217.003   226217.023   226315.005   226317.016
   450:   226367.026   226897.009   228169.013   228528.001   229520.003
   455:   229520.023   229597.005   229746.009   232100.013   233094.001
   460:   233967.003   233967.023   234037.005   234192.009   236840.013
   465:   236952.001   237952.018   238157.003   238157.023   238198.005
   470:   238409.009   241003.016   241053.026   241271.005   241555.013
   475:   242295.009   242561.001   243561.018   243637.003   243637.023
   480:   243675.005   243677.016   243727.026   244114.009   248229.013
   485:   248360.001   249360.018   249534.003   249534.023   249593.005
   490:   249768.009   251098.016   251148.026   251368.005   251650.013
   495:   251656.009   251664.005   251674.009   252421.001   253421.018
   500:   253461.003   253461.023   253527.005   253529.016   253579.026
   505:   254027.009   257081.013   257186.001   258186.018   258351.003
   510:   258351.023   258442.005   258644.009   260223.005   260456.009
   515:   261968.005   262097.016   262147.026   262649.013   262887.009
   520:   262889.005   262898.009   263710.001   264710.018   264793.003
   525:   264793.023   264859.005   264861.016   264911.026   265291.009
   530:   268063.013   268171.001   269171.018   269186.003   269186.023
   535:   269267.005   269269.016   269319.026   270453.009   270821.013
   540:   271993.001   272993.018   273025.003   273025.023   273097.005
   545:   273302.009   275565.005   275602.016   275652.026   276154.013
   550:   276192.009   276907.001   277829.003   277829.023   277909.005
   555:   278102.009   281562.013   281672.001   282672.018   282710.003
   560:   282710.023   282771.005   282773.016   282823.026   283695.009
   565:   285475.013   285615.001   286615.003   286615.023   286661.005
   570:   286919.009   288966.016   289016.026   289230.005   289518.013
   575:   289887.009   290658.001   291629.003   291629.023   291688.005
   580:   291884.009   294584.005   294969.009   294991.013   295294.001
   585:   296294.018   296320.003   296320.023   296395.005   296588.009
   590:   299400.016   299450.026   299651.005   299952.013   300309.009
   595:   300959.001   301871.003   301871.023   301930.005   302159.009
   600:   305583.013   305731.001   306731.018   306799.003   306799.023
   605:   306863.005   306865.016   306915.026   307593.009   310717.013
   610:   310829.001   311774.003   311774.023   311812.005   312014.009
   615:   315815.013   315952.001   316952.018   316967.003   316967.023
   620:   317067.005   317069.016   317119.026   317754.009   318771.013
   625:   319056.001   320056.018   320399.003   320399.023   320431.005
   630:   320651.009   324364.005   324584.013   324834.009   325052.001
   635:   326002.003   326002.023   326038.005   326216.009   329288.005
   640:   329558.009   330341.013   330445.001   331386.003   331386.023
   645:   331465.005   331673.009   334126.005   334520.009   335968.013
   650:   336097.001   336989.003   336989.023   337063.005   337324.009
   655:   338566.013   338664.001   339664.018   339691.003   339691.023
   660:   339745.005   339947.009   341050.016   341100.026   341340.005
   665:   341602.013   341891.009   342683.001   343589.003   343589.023
   670:   343672.005   343865.009   345975.013   346100.001   347100.018
   675:   347320.003   347320.023   347363.005   347613.009   349368.016
   680:   349418.026   349507.005   349920.009   349920.013   349937.005
   685:   349972.009   350762.001   351762.018   351865.003   351865.023
   690:   351921.005   351923.016   351973.026   352306.009   355125.013
   695:   355243.001   356243.018   356274.003   356274.023   356333.005
   700:   356534.009   360338.016   360388.026   360595.005   360890.013
   705:   361052.009   361658.001   362567.003   362567.023   362637.005
   710:   362815.009   365140.013   365408.001   366408.018   366562.003
   715:   366562.023   366605.005   366607.016   366657.026   367110.009
   720:   368309.013   373011.001   374011.018   374151.003   374151.023
   725:   374229.005   374231.016   374281.026   374989.009   377473.005
   730:   377583.013   377586.009   377587.005   377595.009   377943.001
   735:   378943.018   379106.003   379106.023   379167.005   379348.009
   740:   382472.016   382522.026   382714.005   382962.009   383024.013
   745:   384359.005   384379.009   384387.005   384563.009   384804.005
   750:   384969.009   385282.001   386282.018   386451.003   386451.023
   755:   386528.005   386706.009   387533.016   387583.026   388019.005
   760:   388085.013   388629.009   389428.001   390421.003   390421.023
   765:   390549.005   391006.009   392852.013   393007.001   394007.018
   770:   394238.003   394238.023   394317.005   394319.016   394369.026
   775:   394978.009   396371.013   398014.005   398121.009   398324.001
   780:   399324.018   399371.003   399371.023   399446.005   399621.009
   785:   401601.016   401651.026   401866.005   402153.013   402392.009
   790:   403004.001   404004.018   404156.003   404156.023   404223.005
   795:   404225.016   404275.026   404954.009   407927.013   410552.001
   800:   411552.018   411773.003   411773.023   411849.005   412118.009
   805:   414504.016   414554.026   414788.005   415056.013   415264.009
   810:   415913.001   416913.018   417340.003   417340.023   417386.005
   815:   417604.009   419189.013   419324.001   420324.018   420486.003
   820:   420486.023   420577.005   420579.016   420629.026   421108.009
   825:   424781.013   424912.001   425912.018   426163.003   426163.023
   830:   426252.005   426428.009   429255.013   429390.001   430390.018
   835:   430886.003   430886.023   430928.005   431228.009   432015.005
   840:   432043.009   432931.013   433056.001   434056.018   434610.003
   845:   434610.023   434667.005   434865.009   436820.013   437000.001
   850:   438000.018   438215.003   438215.023   438289.005   438520.009
   855:   441794.016   441844.026   442035.005   442346.013   442508.009
   860:   443812.001   444812.018   444955.003   444955.023   445024.005
   865:   445026.016   445076.026   445422.009   445452.005   445457.009
   870:   449228.013   449355.001   450355.018   450631.003   450631.023
   875:   450672.005   450887.009   452475.013   452615.001   453615.018
   880:   453852.003   453852.023   453920.005   453922.016   453972.026
   885:   455058.009   456624.013   456740.001   457740.018   458001.003
   890:   458001.023   458060.005   458272.009   458367.005   458512.009
   895:   461363.013   461565.001   462565.018   462704.003   462704.023
   900:   462763.005   462936.009   462939.005   462963.009   462976.005
   905:   462986.009   463019.005   463027.009   463029.005   463038.009
   910:   463091.005   463095.009   463099.005   463206.009   463215.005
   915:   463231.009   463246.005   463266.009   465918.016   465968.026
   920:   466167.005   466470.013   466729.009   466763.005   466781.009
   925:   467617.001   468617.018   468683.003   468683.023   468746.005
   930:   468748.016   468798.026   469357.009   471100.013   471213.001
   935:   472213.018   472503.003   472503.023   472565.005   472785.009
   940:   474068.013   474207.001   475207.018   475383.003   475383.023
   945:   475455.005   475761.009   476610.016   476660.026   476931.005
   950:   477157.009   477162.013   478233.001   479164.003   479164.023
   955:   479242.005   479462.009   479497.005   479502.009   479507.005
   960:   479527.009   479532.005   479538.009   479580.005   479587.009
   965:   479602.005   479629.009   479663.005   479669.009   481745.013
   970:   481865.001   482865.018   483072.003   483072.023   483130.005
   975:   483407.009   483494.005   483507.009   485785.016   485835.026
   980:   486070.005   486337.013   486773.009   487281.001   488281.018
   985:   488286.003   488286.023   488350.005   488352.016   488402.026
   990:   488925.009   488930.005   488934.009   491204.013   491918.005
   995:   492234.009   492978.001   493978.018   494074.003   494074.023
  1000:   494116.005   494118.016   494168.026   494769.009   497170.013
  1005:   497310.001   498310.018   498473.003   498473.023   498545.005
  1010:   498766.009   499550.016   499600.026   499808.005   500102.013
  1015:   500314.009   502615.001   503615.018   503754.003   503754.023
  1020:   503836.005   504213.009   505641.016   505691.026   505814.005
  1025:   506193.013   506372.009   506417.005   506458.009   510891.005
  1030:   511025.009   511855.001   512855.018   512896.003   512896.023
  1035:   512967.005   512969.016   513019.026   513732.009   516671.013
  1040:   519196.001   520051.003   520051.023   520100.005   520390.009
  1045:   522753.013   522879.001   523879.018   524132.003   524132.023
  1050:   524183.005   524402.009   526986.013   527121.001   528121.018
  1055:   528269.003   528269.023   528320.005   528322.016   528372.026
  1060:   528766.009   532674.013   534002.005   534350.009   534665.001
  1065:   535665.018   535683.003   535683.023   535735.005   535930.009
  1070:   539013.005   539171.009   539740.016   539790.026   540021.005
  1075:   540292.013   540402.009   541175.001   542123.003   542123.023
  1080:   542199.005   542439.009   546002.013   546114.001   547108.003
  1085:   547108.023   547210.005   547426.009   551213.013   551351.001
  1090:   552338.003   552338.023   552420.005   552701.009   556573.013
  1095:   556694.001   557694.018   557811.003   557811.023   557872.005
  1100:   558315.009   560377.016   560427.026   560616.005   560929.013
  1105:   561117.009   562629.001   563629.018   563864.003   563864.023
  1110:   563933.005   563935.016   563985.026   564531.009   567137.013
  1115:   567304.001   568304.018   568332.003   568332.023   568395.005
  1120:   568681.009   569550.016   569600.026   569874.005   570102.013
  1125:   570507.009   571407.001   572407.018   572420.003   572420.023
  1130:   572480.005   572482.016   572532.026   573133.009   573993.005
  1135:   574435.009   574534.013   575079.001   575980.003   575980.023
  1140:   576070.005   576355.009   576370.005   576466.009   576497.005
  1145:   576502.009   579723.013   579848.001   580848.018   580957.003
  1150:   580957.023   581047.005   581049.016   581099.026   583301.009
  1155:   583327.005   583330.009   584601.013   584736.001   585736.018
  1160:   585892.003   585892.023   585978.005   586292.009   588483.016
  1165:   588533.026   588708.005   589035.013   589043.009   589049.005
  1170:   589056.009   590041.001   590855.003   590855.023   590947.005
  1175:   591138.009   593250.013   593424.001   594424.018   594567.003
  1180:   594567.023   594669.005   594871.009   596324.016   596374.026
  1185:   596626.005   596876.013   597717.009   598109.001   599096.003
  1190:   599096.023   599172.005   599427.009   599519.005   599684.009
  1195:   601175.013   601293.001   602293.018   602511.003   602511.023
  1200:   602563.005   602565.016   602615.026   603172.009   605117.013
  1205:   607244.005   607361.009   608164.001   609164.018   609272.003
  1210:   609272.023   609373.005   609564.009   611528.016   611578.026
  1215:   611735.005   611759.009   611807.005   612080.013   612172.009
  1220:   613028.001   613990.003   613990.023   614070.005   614304.009
  1225:   616873.013   616985.001   617985.018   618273.003   618273.023
  1230:   618337.005   618589.009   622140.013   622316.001   623316.018
  1235:   623406.003   623406.023   623505.005   623507.016   623557.026
  1240:   624345.009   624350.005   624354.009   627709.013   627827.001
  1245:   628827.018   628967.003   628967.023   629050.005   629313.009
  1250:   629320.005   629327.009   631646.005   631887.009   632855.016
  1255:   632905.026   633156.005   633407.013   633700.009   634625.001
  1260:   635625.018   635781.003   635781.023   635876.005   635878.016
  1265:   635928.026   636632.009   639930.013   644514.005   644762.009
  1270:   645952.001   646952.018   646987.003   646987.023   647033.005
  1275:   647309.009   649838.016   649888.026   650073.005   650374.009
  1280:   650390.013   653134.001   654134.018   654154.003   654154.023
  1285:   654229.005   654231.016   654281.026   654848.009   656933.013
  1290:   659358.001   660358.018   660421.003   660421.023   660475.005
  1295:   660477.016   660527.026   661537.009   661555.005   661563.009
  1300:   664179.013   664474.001   665474.018   665642.003   665642.023
  1305:   665719.005   665992.009   669374.016   669424.026   669637.005
  1310:   669926.013   669931.009   670692.001   671658.003   671658.023
  1315:   671752.005   671986.009   676055.013   676204.001   677167.003
  1320:   677167.023   677265.005   677502.009   678768.013   678894.001
  1325:   679894.018   679909.003   679909.023   679984.005   680174.009
  1330:   681789.016   681839.026   682092.005   682341.013   682483.009
  1335:   684393.001   685316.003   685316.023   685408.005   685648.009
  1340:   688211.013   688325.001   689325.018   689376.003   689376.023
  1345:   689466.005   689468.016   689518.026   690088.009   692820.013
  1350:   693009.001   694009.018   694302.003   694302.023   694350.005
  1355:   694605.009   698353.013   698500.001   699500.018   699615.003
  1360:   699615.023   699699.005   699701.016   699751.026   700314.009
  1365:   701403.013   701517.001   702517.018   702810.003   702810.023
  1370:   702908.005   703112.009   706430.005   706830.009   707411.013
  1375:   707534.001   708534.018   708957.003   708957.023   708994.005
  1380:   709231.009   709337.005   709447.009   710997.013   711354.001
  1385:   712354.018   712428.003   712428.023   712486.005   712761.009
  1390:   715772.005   715791.016   715841.026   716343.013   716811.009
  1395:   717480.001   718480.018   718521.003   718521.023   718576.005
  1400:   718844.009   721204.005   721231.016   721281.026   721770.009
  1405:   721783.013   722540.001   723540.018   723702.003   723702.023
  1410:   723766.005   723768.016   723818.026   724561.009   725970.013
  1415:   726318.001   727318.018   727465.003   727465.023   727573.005
  1420:   727866.009   730796.005   731176.009   731179.005   731186.009
  1425:   731194.005   731215.009   731222.005   731227.009   731312.005
  1430:   731317.009   731578.016   731628.026   731866.005   732130.013
  1435:   732635.009   732698.005   732705.009   733567.001   734567.018
  1440:   734694.003   734694.023   734737.005   734739.016   734789.026
  1445:   735439.009   737791.013   740125.001   741125.018   741267.003
  1450:   741267.023   741314.005   741316.016   741366.026   742202.009
  1455:   743668.013   743776.001   744776.018   745197.003   745197.023
  1460:   745270.005   745506.009   747645.005   747902.009   747970.005
  1465:   748063.009   748423.013   748538.001   749538.018   749751.003
  1470:   749751.023   749806.005   750073.009   752611.016   752661.026
  1475:   752905.005   753136.009   753163.013   754030.001   754894.003
  1480:   754894.023   754982.005   755220.009   758985.013   759162.001
  1485:   760162.018   760248.003   760248.023   760295.005   760536.009
  1490:   761482.005   761610.009   761950.016   762000.026   762160.005
  1495:   762502.013   763135.009   764156.001   765071.003   765071.023
  1500:   765142.005   765306.009   767945.013   768326.001   769326.018
  1505:   769472.003   769472.023   769524.005   769526.016   769576.026
  1510:   770674.009   771078.013   771606.001   772606.018   772684.003
  1515:   772684.023   772772.005   772774.016   772824.026   773365.009
  1520:   775326.013   775793.001   776724.003   776724.023   776863.005
  1525:   777176.009   781166.013   781281.001   782281.018   782403.003
  1530:   782403.023   782489.005   782768.009   783994.016   784044.026
  1535:   784266.005   784546.013   785921.009   785939.005   785944.009
  1540:   786622.001   787622.018   787727.003   787727.023   787804.005
  1545:   787806.016   787856.026   788593.009   790508.013   791744.001
  1550:   792744.018   792900.003   792900.023   792947.005   793188.009
  1555:   795530.005   795794.009   795797.005   795808.009   795811.005
  1560:   795827.009   795952.016   796002.026   796188.005   796504.013
  1565:   798302.009   799770.001   800745.003   800745.023   800785.005
  1570:   801034.009   802938.013   803061.001   804061.018   804226.003
  1575:   804226.023   804271.005   804273.016   804323.026   804829.009
  1580:   805975.013   806085.001   807085.018   807165.003   807165.023
  1585:   807247.005   807483.009   811252.016   811302.026   811495.005
  1590:   811804.013   812270.009   813008.001   814008.018   814098.003
  1595:   814098.023   814178.005   814514.009   814554.005   814558.009
  1600:   814582.005   814589.009   816683.016   816733.026   816973.005
  1605:   817235.013   817568.009   818695.001   819689.003   819689.023
  1610:   819761.005   819988.009   822414.013   822591.001   823591.018
  1615:   823703.003   823703.023   823759.005   823761.016   823811.026
  1620:   824680.009   825661.005   825680.009   825686.005   825989.009
  1625:   826963.013   827321.001   828321.018   828434.003   828434.023
  1630:   828525.005   828527.016   828577.026   828969.009   831879.013
  1635:   831996.001   832996.018   833220.003   833220.023   833314.005
  1640:   833517.009   836619.016   836669.026   836847.005   837171.013
  1645:   837940.009   838942.001   839905.003   839905.023   839994.005
  1650:   840212.009   841997.013   842259.001   843181.003   843181.023
  1655:   843224.005   843410.009   843413.005   843427.009   843434.005
  1660:   843439.009   843470.005   843483.009   843491.005   843530.009
  1665:   843558.005   843562.009   845027.013   845158.001   846158.018
  1670:   846218.003   846218.023   846295.005   846297.016   846347.026
  1675:   846825.009   849849.013   850502.005   850793.009   851787.001
  1680:   852787.018   852934.003   852934.023   853001.005   853241.009
  1685:   854006.016   854056.026   854309.005   854558.013   854920.009
  1690:   859293.005   859465.009   861274.005   861546.009   865780.001
  1695:   866748.003   866748.023   866827.005   867042.009   869630.013
  1700:   869768.001   870768.003   870768.023   870822.005   871094.009
  1705:   874477.016   874527.026   874760.005   875029.013   875390.009
  1710:   876563.001   877563.018   877569.003   877569.023   877608.005
  1715:   877610.016   877660.026   878190.009   879162.013   903116.005
  1720:   903496.009   903814.001   904541.003   904541.023   904588.005
  1725:   904814.009   907501.005   907721.009   907723.005   907726.009
  1730:   908591.013   908717.001   909717.018   909831.003   909831.023
  1735:   909875.005   909877.016   909927.026   910932.009   910941.005
  1740:   910952.009   913429.013   913914.001   914153.003   914153.023
  1745:   914195.001   914604.003   924151.005   924471.009   928304.013
  1750:   928468.001   929468.018   929532.003   929532.023   929573.005
  1755:   929942.009   933378.016   933428.026   933598.005   933930.013
  1760:   934187.009   936539.005   937287.009   937311.005   937318.009
  1765:   939533.005   940014.009   940554.001   941554.018   941714.003
  1770:   941714.023   941758.005   941760.016   941810.026   942556.009
  1775:   943214.005   943246.009   943962.013   944095.001   945095.018
  1780:   945420.003   945420.023   945472.005   945724.009   948125.013
  1785:   948351.001   949351.018   949374.003   949374.023   949416.005
  1790:   949741.009   950921.016   950971.026   951195.005   951473.013
  1795:   951829.009   951834.005   952081.009   952605.001   953599.003
  1800:   953599.023   953650.005   953879.009   956453.013   956598.001
  1805:   957598.018   957738.003   957738.023   957790.005   958078.009
  1810:   958112.005   958149.009   958945.016   958995.026   959221.005
  1815:   959497.013   959518.009   959544.005   959546.009   960363.005
  1820:   960769.009   961070.001   962070.018   962126.003   962126.023
  1825:   962219.005   962221.016   962271.026   963121.009   964304.005
  1830:   964311.009   964315.005   964518.009   965273.013   965410.001
  1835:   966410.018   966721.003   966721.023   966803.005   967065.009
  1840:   969306.013   969453.001   970453.018   970526.003   970526.023
  1845:   970598.005   970600.016   970650.026   971217.009   973802.013
  1850:   973940.001   974940.018   975211.003   975211.023   975308.005
  1855:   975515.009   978611.013   978750.001   979750.018   979817.003
  1860:   979817.023   979871.005   980084.009   980104.005   980116.009
  1865:   983026.016   983076.026   983294.005   983578.013   983897.009
  1870:   984561.001   985561.018   985597.003   985597.023   985669.005
  1875:   985886.009   988174.016   988224.026   988444.005   988726.013
  1880:   988836.009   990100.001   990971.003   990971.023   991036.005
  1885:   991347.009   992689.013   992825.001   993825.018   993989.003
  1890:   993989.023   994061.005   994063.016   994113.026   994811.009
  1895:   994816.005   995274.009   998265.013   998507.001   999507.018
  1900:   999562.003   999562.023   999621.005   999836.009  1000626.016
  1905:  1000676.026  1000836.005  1001178.013  1001699.009  1005424.005
  1910:  1005610.009  1006208.001  1007208.018  1007415.003  1007415.023
  1915:  1007471.005  1007473.016  1007523.026  1008053.009  1010675.013
  1920:  1010871.005  1011474.009  1011960.001  1012960.018  1013171.003
  1925:  1013171.023  1013251.005  1013253.016  1013303.026  1013744.009
  1930:  1017105.013  1017230.001  1018210.003  1018210.023  1018275.005
  1935:  1018482.009  1020078.013  1020191.001  1021191.003  1021191.023
  1940:  1021262.005  1021452.009  1024267.016  1024317.026  1024492.005
  1945:  1024819.013  1024874.009  1025872.001  1026782.003  1026782.023
  1950:  1026861.005  1027117.009  1029164.013  1029300.001  1030300.018
  1955:  1030375.003  1030375.023  1030441.005  1030443.016  1030493.026
  1960:  1031088.009  1032995.013  1033101.001  1034101.018  1034129.003
  1965:  1034129.023  1034203.005  1034428.009  1034430.005  1034435.009
  1970:  1035708.016  1035758.026  1036045.005  1036260.013  1036429.009
  1975:  1037469.001  1038469.018  1038500.003  1038500.023  1038576.005
  1980:  1038578.016  1038628.026  1038983.009  1039070.005  1039075.009
  1985:  1041930.013  1042101.001  1043101.018  1043232.003  1043232.023
  1990:  1043304.005  1043564.009  1046459.016  1046509.026  1046659.005
  1995:  1047011.013  1047208.009  1047241.005  1047263.009  1047283.005
  2000:  1047326.009  1047347.005  1047406.009  1048385.001  1049333.003
  2005:  1049333.023  1049421.005  1049698.009  1053611.005  1053724.013
  2010:  1053988.009  1054253.001  1055237.003  1055237.023  1055315.005
  2015:  1055534.009  1059118.013  1059247.001  1060247.018  1060430.003
  2020:  1060430.023  1060504.005  1060712.009  1062309.016  1062359.026
  2025:  1062555.005  1062861.013  1062949.009  1063958.001  1064958.018
  2030:  1065015.003  1065015.023  1065085.005  1065087.016  1065137.026
  2035:  1065791.009  1067789.013  1067916.001  1068916.018  1068943.003
  2040:  1068943.023  1069021.005  1069023.016  1069073.026  1069762.009
  2045:  1069765.005  1069865.009  1072575.013  1072676.001  1073676.018
  2050:  1073777.003  1073777.023  1073851.005  1074106.009  1075006.016
  2055:  1075056.026  1075243.005  1075558.013  1075782.009  1076627.001
  2060:  1077540.003  1077540.023  1077620.005  1077896.009  1080623.013
  2065:  1080778.001  1081778.018  1081905.003  1081905.023  1081959.005
  2070:  1082181.009  1084235.005  1084432.009  1084438.005  1084446.009
  2075:  1084454.005  1084460.009  1084463.005  1084470.009  1085464.016
  2080:  1085514.026  1085727.005  1085735.009  1085736.005  1086016.013
  2085:  1086207.009  1086244.005  1086325.009  1086342.005  1086423.009
  2090:  1086473.005  1087089.009  1087110.005  1087160.009  1088702.005
  2095:  1088917.009  1089151.001  1090151.018  1090193.003  1090193.023
  2100:  1090263.005  1090265.016  1090315.026  1091461.009  1091817.013
  2105:  1092855.001  1093855.018  1093925.003  1093925.023  1094021.005
  2110:  1094326.009  1096326.016  1096376.026  1096574.005  1096878.013
  2115:  1097024.009  1097752.001  1098608.003  1098608.023  1098678.005
  2120:  1098940.009  1102981.013  1103137.001  1104137.018  1104332.003
  2125:  1104332.023  1104400.005  1104402.016  1104452.026  1104977.009
  2130:  1105000.005  1105017.009  1108954.013  1109092.001  1110092.018
  2135:  1110195.003  1110195.023  1110276.005  1110502.009  1111781.016
  2140:  1111831.026  1111956.005  1112333.013  1112666.009  1113619.001
  2145:  1114617.003  1114617.023  1114696.005  1114975.009  1117199.013
  2150:  1117332.001  1118332.018  1118552.003  1118552.023  1118619.005
  2155:  1118621.016  1118671.026  1119115.009  1119160.005  1119335.009
  2160:  1121823.013  1121963.001  1122963.018  1123047.003  1123047.023
  2165:  1123120.005  1123356.009  1124925.016  1124975.026  1125164.005
  2170:  1125477.013  1125778.009  1126902.001  1127902.018  1127981.003
  2175:  1127981.023  1128059.005  1128061.016  1128111.026  1128598.009
  2180:  1130263.013  1130691.001  1131602.003  1131602.023  1131705.005
  2185:  1131981.009  1131984.005  1131989.009  1135008.013  1135142.001
  2190:  1136142.018  1136325.003  1136325.023  1136360.005  1136362.016
  2195:  1136412.026  1137702.009  1139414.013  1148106.005  1148311.009
  2200:  1154358.001  1155322.003  1155322.023  1155408.005  1155631.009
  2205:  1159411.013  1159562.001  1160562.018  1160596.003  1160596.023
  2210:  1160692.005  1160916.009  1161937.005  1162365.009  1162386.005
  2215:  1162390.009  1162462.005  1162470.009  1164347.016  1164397.026
  2220:  1164677.005  1164899.013  1165125.009  1167807.001  1168762.003
  2225:  1168762.023  1168801.005  1169062.009  1172604.013  1172771.001
  2230:  1173612.003  1173612.023  1173695.005  1173964.009  1177998.013
  2235:  1178133.001  1178987.003  1178987.023  1179056.005  1179321.009
  2240:  1183559.013  1183794.001  1184690.003  1184690.023  1184762.005
  2245:  1185055.009  1185560.005  1185782.009  1187265.013  1187421.001
  2250:  1188421.018  1188513.003  1188513.023  1188588.005  1188825.009
  2255:  1189593.016  1189643.026  1189794.005  1190145.013  1190599.009
  2260:  1198235.005  1198340.009  1237729.001  1237962.003  1237962.023
  2265:  1238372.005  1238632.009  1241025.013  1243722.005  1243732.009
  2270:  1243733.005  1243905.009  1244251.001  1245251.018  1245558.003
  2275:  1245558.023  1245612.005  1245979.009  1248765.013  1248931.001
  2280:  1249931.018  1250036.003  1250036.023  1250117.005  1250119.016
  2285:  1250169.026  1250962.009  1251821.013  1257557.005  1257674.009
  2290:  1259968.005  1260147.009  1260358.001  1261358.018  1261468.003
  2295:  1261468.023  1261503.005  1261810.009  1261824.005  1261833.009
  2300:  1264658.016  1264708.026  1264813.005  1265210.013  1265383.009
  2305:  1269522.001  1270522.018  1270659.003  1270659.023  1270709.005
  2310:  1270711.016  1270761.026  1271607.009  1275263.013  1275439.001
  2315:  1276439.018  1276473.003  1276473.023  1276553.005  1276854.009
  2320:  1279208.016  1279258.026  1279354.005  1279760.013  1280321.009
  2325:  1281974.001  1282974.018  1283034.003  1283034.023  1283088.005
  2330:  1283090.016  1283140.026  1284266.009  1285142.013  1286707.005
  2335:  1287008.009  1287695.001  1288695.018  1288835.003  1288835.023
  2340:  1288847.005  1288849.016  1288899.026  1289452.009  1291401.013
  2345:  1292269.005  1292370.009  1292653.001  1293653.018  1293777.003
  2350:  1293777.023  1293834.005  1294103.009  1296100.005  1296292.009
  2355:  1296339.016  1296389.026  1296492.005  1296891.013  1297604.009
  2360:  1297708.005  1297713.009  1297757.005  1297990.009  1298897.001
  2365:  1299810.003  1299810.023  1299894.005  1300213.009  1302547.013
  2370:  1302816.005  1302993.009  1303298.001  1304298.018  1304401.003
  2375:  1304401.023  1304456.005  1304458.016  1304508.026  1304996.009
  2380:  1308160.013  1308281.001  1309281.018  1309368.003  1309368.023
  2385:  1309448.005  1309643.009  1311253.016  1311303.026  1311482.005
  2390:  1311743.009  1311805.013  1315341.001  1316341.018  1316350.003
  2395:  1316350.023  1316435.005  1316743.009  1317740.016  1317790.026
  2400:  1318175.005  1318292.013  1318522.009  1319863.001  1320779.003
  2405:  1320779.023  1320874.005  1321111.009  1323027.013  1323141.001
  2410:  1324138.003  1324138.023  1324194.005  1324460.009  1325697.013
  2415:  1325903.001  1326903.018  1327088.003  1327088.023  1327147.005
  2420:  1327149.016  1327199.026  1328059.009  1328122.005  1328250.009
  2425:  1331351.013  1331471.001  1332471.018  1332718.003  1332718.023
  2430:  1332787.005  1332789.016  1332839.026  1333787.009  1336641.013
  2435:  1337976.005  1337996.009  1338000.005  1338108.009  1338117.005
  2440:  1338121.009  1338732.001  1339680.003  1339680.023  1339730.005
  2445:  1339996.009  1344033.013  1344151.001  1345078.003  1345078.023
  2450:  1345146.005  1345358.009  1347949.013  1348080.001  1349065.003
  2455:  1349065.023  1349140.005  1349316.009  1350643.013  1350763.001
  2460:  1351763.018  1351869.003  1351869.023  1351920.005  1352114.009
  2465:  1354425.016  1354475.026  1354702.005  1354977.013  1355503.009
  2470:  1355980.001  1356929.003  1356929.023  1357019.005  1357244.009
  2475:  1360672.013  1360807.001  1361773.003  1361773.023  1361844.005
  2480:  1361936.009  1361967.005  1362086.009  1362093.005  1362112.009
  2485:  1362136.005  1362143.009  1362157.005  1362187.009  1364497.013
  2490:  1364674.001  1365654.003  1365654.023  1365693.005  1366012.009
  2495:  1366016.005  1366021.009  1369496.013  1371549.005  1371580.009
  2500:  1371907.001  1372833.003  1372833.023  1372873.005  1373111.009
  2505:  1376642.005  1376793.009  1377026.013  1377145.001  1378145.018
  2510:  1378183.003  1378183.023  1378226.005  1378403.009  1382231.016
  2515:  1382281.026  1382529.005  1382783.013  1383287.009  1386103.005
  2520:  1386127.009  1386129.005  1386323.009  1387686.001  1387921.003
  2525:  1387921.023  1387929.001  1388041.003  1428706.005  1428758.009
  2530:  1428783.005  1428795.009  1428823.005  1428827.009  1430859.013
  2535:  1431094.001  1432022.003  1432022.023  1432085.005  1432428.009
  2540:  1432434.005  1432442.009  1432514.005  1432523.009  1434628.005
  2545:  1434888.013  1435037.009  1435069.005  1435081.009  1435297.001
  2550:  1436297.018  1436316.003  1436316.023  1436357.005  1436359.016
  2555:  1436409.026  1437200.009  1438911.013  1442191.005  1442219.009
  2560:  1442224.005  1442468.009  1442912.001  1443912.018  1444184.003
  2565:  1444184.023  1444243.005  1444600.009  1447396.013  1447793.005
  2570:  1448039.009  1448257.001  1449191.003  1449191.023  1449256.005
  2575:  1449582.009  1449583.005  1449597.009  1449623.005  1449683.009
  2580:  1453259.013  1453408.001  1454408.018  1454411.003  1454411.023
  2585:  1454482.005  1454484.016  1454534.026  1455556.009  1458836.013
  2590:  1459084.001  1460084.018  1460129.003  1460129.023  1460178.005
  2595:  1460463.009  1461983.016  1462033.026  1462185.005  1462535.013
  2600:  1462960.009  1463475.005  1463482.009  1463502.005  1463597.009
  2605:  1464085.001  1465085.018  1465133.003  1465133.023  1465194.005
  2610:  1465196.016  1465246.026  1465902.009  1466898.013  1467347.001
  2615:  1468272.003  1468272.023  1468335.005  1468798.009  1470138.013
  2620:  1470339.001  1471339.018  1471433.003  1471433.023  1471513.005
  2625:  1471763.009  1475518.016  1475568.026  1475741.005  1476070.013
  2630:  1476373.009  1478492.001  1479411.003  1479411.023  1479491.005
  2635:  1479743.009  1481144.013  1481265.001  1482189.003  1482189.023
  2640:  1482263.005  1482480.009  1483399.005  1483603.009  1484916.013
  2645:  1485077.001  1486077.018  1486202.003  1486202.023  1486261.005
  2650:  1486263.016  1486313.026  1486726.009  1486772.005  1486945.009
  2655:  1489465.013  1489826.001  1490826.018  1490933.003  1490933.023
  2660:  1491002.005  1491216.009  1494657.016  1494707.026  1494895.005
  2665:  1495209.013  1495447.009  1498066.001  1499066.018  1499183.003
  2670:  1499183.023  1499255.005  1499257.016  1499307.026  1499995.009
B:
     0:        0.000      271.000        0.000      271.000        0.000
     5:      544.000        0.000        0.000        0.000      544.000
    10:        0.000        1.000        0.000      269.000        0.000
    15:        0.000      163.000        0.000      180.000        0.000
    20:        0.000        0.000        0.000      269.000        0.000
    25:        0.000      163.000        0.000        0.000        0.000
    30:        0.000
D:
     0:  2379167.000  2378051.000  2379168.000
E:
     0:     1000.000     1000.000     1250.000
P:
     0:        2.000        2.300        2.600        3.000        3.300
     5:        3.600        4.000        4.300        4.600        5.000
    10:        5.300        5.600        6.000        6.300        6.600
    15:        7.000        7.300        7.600        8.000
R:
     0:        0.000        1.000
T:
     0:        0.000        0.000        0.000        0.000
W:
     0:        0.000        0.000        0.000
