File: C:\MED-PC IV\Data\Reyes\BD\BD6120.999


Start Date: 05/07/26
End Date: 05/07/26
Subject: 120
Experiment: BD
Group: ERROR_M
Box: 4
Start Time: 12:29:00
End Time: 13:19:00
MSN: DRRD_error
C:       0.000
F:       1.000
G:       0.000
H:       0.000
I:       0.000
J:       0.000
K:    2000.000
L:       0.000
M:       0.000
N:       0.000
O:       0.000
Q:       0.000
S:    2500.000
U:  879985.000
V:       0.000
X:    3300.000
Y:    2602.000
Z:       1.000
A:
     0:      163.005      192.009      305.005      660.009      672.005
     5:      959.009     1086.005     1156.009     7652.005     7695.009
    10:     8010.005     8087.009    13197.005    13257.009    13798.005
    15:    14407.009    15000.013    15000.011    15494.001    15641.003
    20:    15641.023    15681.001    16506.003    16611.005    16855.009
    25:    19357.005    19725.009    19764.013    19932.001    20407.003
    30:    20407.023    20708.005    20870.009    23543.005    24032.009
    35:    24361.013    24493.001    25493.018    25615.003    25615.023
    40:    25635.001    25679.003    25868.005    26065.009    29173.016
    45:    29223.026    29400.005    29725.013    29736.009    29950.001
    50:    30583.003    30583.023    31112.005    31367.009    35615.013
    55:    35721.001    36391.003    36391.023    36460.005    36653.009
    60:    40463.013    40614.001    41395.003    41395.023    41464.005
    65:    41935.009    45617.013    45795.001    46759.003    46759.023
    70:    46845.005    47080.009    48648.013    48810.001    49714.003
    75:    49714.023    49796.005    50071.009    54041.005    54099.013
    80:    54284.009    54494.001    55490.003    55490.023    55554.005
    85:    55912.009    57779.005    58025.009    58357.013    58517.001
    90:    59517.018    59658.003    59658.023    59757.005    59759.016
    95:    59809.026    60208.009    61961.013    62124.001    63124.018
   100:    63245.003    63245.023    63328.005    63585.009    66333.016
   105:    66383.026    66511.005    66885.013    66971.009    67197.001
   110:    68142.003    68142.023    68238.005    68556.009    71541.013
   115:    71699.001    72699.018    72746.003    72746.023    72822.005
   120:    72824.016    72874.026    73207.009    74876.013    75047.001
   125:    76047.018    76123.003    76123.023    76230.005    76232.016
   130:    76282.026    76650.009    78584.013    78728.001    79602.003
   135:    79602.023    79723.005    80020.009    82226.013    82392.001
   140:    83392.018    83449.003    83449.023    83557.005    83910.009
   145:    84021.005    84176.009    85712.016    85762.026    85917.005
   150:    86144.009    86264.013    86413.001    87413.018    87509.003
   155:    87509.023    87617.005    87836.009    90622.016    90672.026
   160:    90866.005    91174.013    91291.009    91485.001    92485.018
   165:    92560.003    92560.023    92653.005    92655.016    92705.026
   170:    93638.009    97007.013    97152.001    98083.003    98083.023
   175:    98183.005    98461.009   102686.013   102829.001   103829.018
   180:   103940.003   103940.023   104053.005   104055.016   104105.026
   185:   104458.009   106607.013   106792.001   107748.003   107748.023
   190:   107846.005   108119.009   110149.013   110309.001   111282.003
   195:   111282.023   111368.005   111649.009   115371.013   115534.001
   200:   116534.018   116610.003   116610.023   116706.005   117087.009
   205:   117861.016   117911.026   118071.005   118287.009   118413.013
   210:   118541.001   119410.003   119410.023   119511.005   119743.009
   215:   121514.013   121690.001   122690.018   122755.003   122755.023
   220:   122849.005   122851.016   122901.026   123300.009   126053.013
   225:   126223.001   127202.003   127202.023   127306.005   127667.009
   230:   130959.013   131121.001   132079.003   132079.023   132194.005
   235:   132455.009   136347.013   136522.001   137522.018   137646.003
   240:   137646.023   137760.005   138021.009   140565.016   140615.026
   245:   140744.005   140984.009   141117.013   141245.001   142245.018
   250:   142328.003   142328.023   142430.005   142432.016   142482.026
   255:   143170.009   145484.013   145608.001   146561.003   146561.023
   260:   146661.005   146980.009   149464.013   149638.001   150631.003
   265:   150631.023   150737.005   150967.009   152540.013   152727.001
   270:   153695.003   153695.023   153791.005   154091.009   154257.005
   275:   154488.009   157594.013   157716.001   158716.018   158863.003
   280:   158863.023   158962.005   159219.009   159758.005   160018.009
   285:   160767.016   160817.026   161046.005   161319.013   161325.009
   290:   161566.001   162520.003   162520.023   162602.005   163147.009
   295:   165405.013   165569.001   166569.018   166635.003   166635.023
   300:   166743.005   166976.009   170048.016   170098.026   170229.005
   305:   170571.009   170600.013   170772.001   171769.003   171769.023
   310:   171864.005   172058.009   176167.013   176339.001   177339.018
   315:   177442.003   177442.023   177542.005   177544.016   177594.026
   320:   178196.009   179596.013   179748.001   180669.003   180669.023
   325:   180765.005   180995.009   184918.013   185030.001   186030.018
   330:   186247.003   186247.023   186340.005   186607.009   189495.016
   335:   189545.026   189708.005   190047.013   190099.009   190341.001
   340:   191341.018   191550.003   191550.023   191647.005   191649.016
   345:   191699.026   192673.009   193351.013   193652.001   194652.018
   350:   194837.003   194837.023   194920.005   194922.016   194972.026
   355:   195311.009   196474.013   196650.001   197650.018   197762.003
   360:   197762.023   197861.005   198071.009   200866.016   200916.026
   365:   201050.005   201279.009   201418.013   201539.001   202539.018
   370:   202905.003   202905.023   203024.005   203292.009   207527.013
   375:   207694.001   208694.018   208769.003   208769.023   208875.005
   380:   209138.009   210530.016   210580.026   210771.005   210992.009
   385:   211082.013   211246.001   212246.018   212317.003   212317.023
   390:   212432.005   212434.016   212484.026   212814.009   215786.013
   395:   215918.001   216839.003   216839.023   216932.005   217242.009
   400:   219585.013   219724.001   220724.018   220781.003   220781.023
   405:   220876.005   221201.009   224681.016   224731.026   224904.005
   410:   225233.013   225240.009   225467.001   226467.018   226632.003
   415:   226632.023   226715.005   226717.016   226767.026   227163.009
   420:   228919.013   229101.001   230064.003   230064.023   230183.005
   425:   230448.009   233336.013   233465.001   234457.003   234457.023
   430:   234557.005   234844.009   234927.005   235070.009   238060.013
   435:   238272.001   239272.018   239329.003   239329.023   239429.005
   440:   239431.016   239481.026   239809.009   241133.013   241307.001
   445:   242293.003   242293.023   242408.005   242665.009   245711.013
   450:   245855.001   246855.018   246937.003   246937.023   247040.005
   455:   247373.009   249195.016   249245.026   249535.005   249747.013
   460:   250014.009   250364.001   251364.018   251462.003   251462.023
   465:   251565.005   252025.009   253570.016   253620.026   253810.005
   470:   254122.013   254159.009   254390.001   255390.018   255535.003
   475:   255535.023   255614.005   255616.016   255666.026   256016.009
   480:   259468.013   259614.001   260614.018   260656.003   260656.023
   485:   260767.005   261076.009   261772.016   261822.026   262002.005
   490:   262324.013   262758.009   263166.001   264166.018   264215.003
   495:   264215.023   264395.005   264397.016   264447.026   264917.009
   500:   266749.013   266918.001   267918.018   267960.003   267960.023
   505:   268074.005   268394.009   270379.016   270429.026   270556.005
   510:   270758.009   270931.013   271121.001   272114.003   272114.023
   515:   272225.005   272493.009   276728.013   276868.001   277868.018
   520:   277964.003   277964.023   278069.005   278071.016   278121.026
   525:   278388.009   279923.013   280059.001   281059.018   281104.003
   530:   281104.023   281208.005   281540.009   284363.016   284413.026
   535:   284674.005   284915.013   284966.009   285222.001   286222.018
   540:   286358.003   286358.023   286425.005   286427.016   286477.026
   545:   286950.009   289479.013   289674.001   290657.003   290657.023
   550:   290752.005   291090.009   293055.013   293190.001   294190.018
   555:   294192.003   294192.023   294280.005   294573.009   294608.005
   560:   294824.009   295585.016   295635.026   295878.005   296137.013
   565:   296246.009   296503.001   297370.003   297370.023   297440.005
   570:   297793.009   300732.005   300743.013   301085.009   301417.001
   575:   302084.003   302084.023   302186.005   302467.009   302495.005
   580:   302701.009   306339.013   306470.001   307445.003   307445.023
   585:   307540.005   307826.009   311068.005   311347.009   311416.005
   590:   311633.009   311843.013   311991.001   312991.018   313004.003
   595:   313004.023   313090.005   313092.016   313142.026   313711.009
   600:   316294.013   316487.001   317487.018   317590.003   317590.023
   605:   317684.005   317686.016   317736.026   318147.009   319888.013
   610:   320032.001   321032.018   321168.003   321168.023   321252.005
   615:   321542.009   321652.005   321759.009   324783.005   325152.009
   620:   325257.016   325280.005   325307.026   325685.009   325809.013
   625:   325970.001   326970.003   326970.023   327061.005   327063.016
   630:   327113.026   327472.009   327489.005   327569.009   328765.013
   635:   328986.001   329917.003   329917.023   330022.005   330239.009
   640:   330306.005   330433.009   333825.013   333891.005   334313.009
   645:   334556.001   335339.003   335339.023   335431.005   336004.009
   650:   338084.013   338247.001   339175.003   339175.023   339275.005
   655:   339551.009   341778.013   341933.001   342863.003   342863.023
   660:   342965.005   343512.009   346468.013   346596.001   347560.003
   665:   347560.023   347648.005   348000.009   348072.005   348551.009
   670:   351651.013   351793.001   352785.003   352785.023   352880.005
   675:   353339.009   355016.005   355434.009   355611.005   355683.013
   680:   355801.009   356052.001   356816.003   356816.023   356893.005
   685:   357205.009   360696.013   360799.005   361179.009   361387.001
   690:   362387.018   362508.003   362508.023   362607.005   362907.009
   695:   364516.005   364672.009   366612.016   366662.026   366825.005
   700:   367089.009   367164.013   367376.001   368281.003   368281.023
   705:   368381.005   368757.009   371122.005   371624.009   371884.013
   710:   372019.001   372996.003   372996.023   373097.005   373304.009
   715:   374750.013   374891.001   375891.018   376037.003   376037.023
   720:   376139.005   376766.009   379644.016   379694.026   379823.005
   725:   380107.009   380196.013   380431.001   381329.003   381329.023
   730:   381487.005   382073.009   385140.013   385306.001   386306.018
   735:   386346.003   386346.023   386438.005   386440.016   386490.026
   740:   386881.009   389142.013   389319.001   390319.018   390425.003
   745:   390425.023   390531.005   390533.016   390583.026   390966.009
   750:   390980.005   391026.009   393735.013   393911.001   394911.018
   755:   394925.003   394925.023   395001.005   395550.009   396506.016
   760:   396556.026   396762.005   397058.013   397374.009   397999.001
   765:   398882.003   398882.023   398968.005   399302.009   402271.013
   770:   402458.001   403458.018   403464.003   403464.023   403546.005
   775:   403548.016   403598.026   403940.009   404650.005   404663.009
   780:   404676.005   405638.009   407750.013   407887.001   408887.018
   785:   409013.003   409013.023   409115.005   409418.009   410120.016
   790:   410170.026   410316.005   410573.009   410672.013   410861.001
   795:   411861.018   411863.003   411863.023   411961.005   411963.016
   800:   412013.026   412499.009   416315.013   416473.001   417406.003
   805:   417406.023   417501.005   417764.009   417780.005   417792.009
   810:   417805.005   417824.009   419654.013   419802.001   420802.018
   815:   420902.003   420902.023   421004.005   421312.009   422159.016
   820:   422209.026   422378.005   422646.009   422711.013   422930.001
   825:   423930.018   423988.003   423988.023   424101.005   424103.016
   830:   424153.026   424572.009   426655.013   426906.001   427857.003
   835:   427857.023   427989.005   428277.009   431142.013   431311.001
   840:   432162.003   432162.023   432270.005   432565.009   432649.005
   845:   432836.009   435573.013   435683.001   436683.018   436914.003
   850:   436914.023   437023.005   437261.009   437354.005   437420.009
   855:   437425.005   437452.009   438828.016   438878.026   439114.005
   860:   439380.013   439718.009   440086.001   441042.003   441042.023
   865:   441160.005   441492.009   444813.013   444985.005   445155.009
   870:   445366.001   446251.003   446251.023   446360.005   446645.009
   875:   448163.013   448324.001   449301.003   449301.023   449411.005
   880:   449702.009   452414.013   452546.001   453546.018   453549.003
   885:   453549.023   453655.005   453657.016   453707.026   454201.009
   890:   456509.013   456682.001   457682.018   457746.003   457746.023
   895:   457858.005   458322.009   461663.016   461713.026   461888.005
   900:   462215.013   462255.009   462590.001   463569.003   463569.023
   905:   463691.005   463942.009   467494.013   467652.001   468652.018
   910:   468730.003   468730.023   468837.005   468839.016   468889.026
   915:   469296.009   473391.013   473537.001   474462.003   474462.023
   920:   474556.005   474877.009   474905.005   475132.009   477317.005
   925:   477319.009   477324.005   477738.009   477798.005   477837.009
   930:   478059.013   478280.001   479250.003   479250.023   479347.005
   935:   479634.009   483350.013   483503.001   484503.018   484543.003
   940:   484543.023   484653.005   484955.009   486158.016   486208.026
   945:   486341.005   486710.013   486835.009   487192.001   488192.018
   950:   488349.003   488349.023   488455.005   488457.016   488507.026
   955:   489003.009   492809.013   492973.001   493962.003   493962.023
   960:   494076.005   494364.009   498579.013   498740.001   499740.018
   965:   499806.003   499806.023   499911.005   500159.009   500245.005
   970:   500475.009   502916.016   502966.026   503129.005   503468.013
   975:   503500.009   503845.001   504845.018   504882.003   504882.023
   980:   504993.005   504995.016   505045.026   505525.009   507347.013
   985:   507489.001   508489.018   508637.003   508637.023   508758.005
   990:   509038.009   511913.016   511963.026   512125.005   512436.009
   995:   512465.013   512957.001   513957.018   514108.003   514108.023
  1000:   514381.005   514383.016   514433.026   514978.009   517235.013
  1005:   517408.001   518401.003   518401.023   518507.005   518768.009
  1010:   522310.013   522493.001   523369.003   523369.023   523466.005
  1015:   523749.009   523793.005   523851.009   523870.005   524114.009
  1020:   525469.013   525685.001   526683.003   526683.023   526780.005
  1025:   527134.009   529283.013   529412.001   530399.003   530399.023
  1030:   530487.005   530781.009   532640.013   532785.001   533760.003
  1035:   533760.023   533871.005   534265.009   534339.005   534576.009
  1040:   536524.013   536685.001   537563.003   537563.023   537668.005
  1045:   538171.009   540671.013   540818.001   541818.018   541958.003
  1050:   541958.023   542066.005   542399.009   543371.016   543421.026
  1055:   543623.005   543923.013   544203.009   546569.001   547461.003
  1060:   547461.023   547554.005   547752.009   550164.005   550725.009
  1065:   550857.013   551027.001   551977.003   551977.023   552083.005
  1070:   552372.009   556086.013   585592.005   585761.009   600860.005
  1075:   601299.009   603447.005   603513.009   604081.001   604217.003
  1080:   604217.023   604267.001   604317.003   605070.005   605734.009
  1085:   608813.005   609090.009   609223.013   609483.001   610048.003
  1090:   610048.023   610108.005   610327.009   613261.013   613423.001
  1095:   614315.003   614315.023   614396.005   614973.009   617699.013
  1100:   617819.001   618791.003   618791.023   618886.005   619312.009
  1105:   622689.013   622826.001   623726.003   623726.023   623829.005
  1110:   624025.009   624042.005   624188.009   626482.013   626630.001
  1115:   627584.003   627584.023   627688.005   628117.009   630426.005
  1120:   630491.013   630881.009   631117.001   632117.018   632231.003
  1125:   632231.023   632325.005   632327.016   632377.026   632876.009
  1130:   634029.013   634292.001   635292.018   635348.003   635348.023
  1135:   635460.005   635681.009   636965.016   637015.026   637193.005
  1140:   637517.013   637651.009   637979.001   638493.003   638493.023
  1145:   638550.001   638594.003   639008.005   639579.009   642511.013
  1150:   642714.001   643679.003   643679.023   643774.005   644114.009
  1155:   646950.005   647410.009   647777.013   648578.001   649259.003
  1160:   649259.023   649334.005   649886.009   653487.013   653626.001
  1165:   654561.003   654561.023   654659.005   654999.009   656462.013
  1170:   656615.001   657615.018   657641.003   657641.023   657756.005
  1175:   658086.009   659561.016   659611.026   659790.005   660039.009
  1180:   660113.013   660315.001   661278.003   661278.023   661370.005
  1185:   661855.009   664373.013   664539.001   665539.018   665630.003
  1190:   665630.023   665724.005   665726.016   665776.026   666810.009
  1195:   670278.013   670465.001   671426.003   671426.023   671529.005
  1200:   671801.009   671871.005   672017.009   675832.013   675958.001
  1205:   676935.003   676935.023   677040.005   677278.009   678744.005
  1210:   679074.009   679543.013   679771.001   680771.018   680841.003
  1215:   680841.023   680945.005   680947.016   680997.026   681428.009
  1220:   682499.013   682827.001   683827.018   683893.003   683893.023
  1225:   683991.005   684255.009   686996.016   687046.026   687204.005
  1230:   687505.009   687548.013   687905.001   688905.018   688934.003
  1235:   688934.023   689038.005   689040.016   689090.026   689545.009
  1240:   690892.013   691529.001   692370.003   692370.023   692471.005
  1245:   692754.009   695624.013   695813.001   696813.018   696930.003
  1250:   696930.023   697034.005   697344.009   699339.016   699389.026
  1255:   699612.005   699891.013   700194.009   700583.001   701583.018
  1260:   701850.003   701850.023   701921.005   702221.009   703574.013
  1265:   704653.001   705653.018   705661.003   705661.023   705756.005
  1270:   706226.009   707561.016   707611.026   707728.005   708113.013
  1275:   708360.009   708707.001   709650.003   709650.023   709726.005
  1280:   709730.009   709736.005   709972.009   713529.013   713675.001
  1285:   714675.018   714858.003   714858.023   714927.005   714929.016
  1290:   714979.026   715415.009   717981.013   718200.001   719200.018
  1295:   719243.003   719243.023   719338.005   719340.016   719390.026
  1300:   720169.009   723392.013   723596.001   724588.003   724588.023
  1305:   724693.005   724981.009   725049.005   725200.009   728846.013
  1310:   729007.001   729956.003   729956.023   730044.005   730332.009
  1315:   730342.005   730392.009   732547.013   732688.001   733663.003
  1320:   733663.023   733763.005   734035.009   735916.013   736077.001
  1325:   737077.018   737188.003   737188.023   737286.005   737619.009
  1330:   738791.016   738841.026   739024.005   739237.009   739343.013
  1335:   739793.001   740415.003   740415.023   740511.005   740786.009
  1340:   744814.013   744986.001   745986.018   746003.003   746003.023
  1345:   746102.005   746451.009   746503.005   746530.009   746555.005
  1350:   746576.009   750107.016   750157.026   750380.005   750659.013
  1355:   750894.009   751234.001   752201.003   752201.023   752297.005
  1360:   752718.009   756300.013   756462.001   757462.018   757483.003
  1365:   757483.023   757570.005   757572.016   757622.026   758101.009
  1370:   759624.013   759798.001   760775.003   760775.023   760874.005
  1375:   761210.009   761259.005   761680.009   764377.013   764553.001
  1380:   765553.018   765601.003   765601.023   765697.005   765699.016
  1385:   765749.026   766192.009   766218.005   766346.009   768051.013
  1390:   768222.001   769200.003   769200.023   769306.005   769556.009
  1395:   772959.013   773139.001   774074.003   774074.023   774164.005
  1400:   774762.009   777345.005   777565.009   777967.013   778143.001
  1405:   779022.003   779022.023   779121.005   779435.009   782124.013
  1410:   782265.001   783265.018   783413.003   783413.023   783507.005
  1415:   784043.009   784142.005   784345.009   785349.005   785512.016
  1420:   785562.026   786064.013   786182.009   786823.001   787625.003
  1425:   787625.023   787709.005   788087.009   792012.013   792160.001
  1430:   793118.003   793118.023   793219.005   793647.009   793730.005
  1435:   794199.009   794417.005   794644.009   796522.013   796757.001
  1440:   797757.018   797915.003   797915.023   798021.005   798308.009
  1445:   798334.005   798619.009   799026.016   799076.026   799231.005
  1450:   799578.013   799659.009   800050.001   800914.003   800914.023
  1455:   801012.005   801320.009   803815.013   804016.001   804932.003
  1460:   804932.023   805033.005   805336.009   805391.005   805919.009
  1465:   806686.013   806854.001   807854.018   807879.003   807879.023
  1470:   807965.005   807967.016   808017.026   808940.009   812519.013
  1475:   812708.001   813605.003   813605.023   813696.005   814050.009
  1480:   815499.013   815673.001   816673.018   816691.003   816691.023
  1485:   816782.005   816784.016   816834.026   817256.009   819986.013
  1490:   820187.001   821187.018   821240.003   821240.023   821345.005
  1495:   821596.009   821619.005   822035.009   825150.016   825200.026
  1500:   825369.005   825702.013   825784.009   826477.001   826641.003
  1505:   826641.023   826670.001   826873.003   826906.001   826979.003
  1510:   827326.005   828018.009   831829.013   831978.001   832891.003
  1515:   832891.023   832993.005   833283.009   834646.013   834812.001
  1520:   835809.003   835809.023   835900.005   836184.009   836255.005
  1525:   836713.009   838053.013   838216.001   839141.003   839141.023
  1530:   839228.005   839733.009   841031.013   841255.001   842244.003
  1535:   842244.023   842317.005   842728.009   844820.013   844960.001
  1540:   845960.018   845964.003   845964.023   846044.005   846046.016
  1545:   846096.026   846498.009   848898.013   849083.001   850048.003
  1550:   850048.023   850151.005   850445.009   850454.005   850748.009
  1555:   852154.013   852193.005   852509.009   852926.001   853640.003
  1560:   853640.023   853720.005   853937.009   853973.005   853978.009
  1565:   856023.013   856189.001   857057.003   857057.023   857152.005
  1570:   857480.009   860305.013   860486.001   861486.003   861486.023
  1575:   861568.005   861926.009   862573.016   862623.026   862774.005
  1580:   863125.013   863385.009   864103.001   864940.003   864940.023
  1585:   864984.001   865031.003   865504.005   865509.009   865513.005
  1590:   865865.009   869007.013   869182.001   870018.003   870018.023
  1595:   870121.005   870435.009   873124.013   873292.001   874190.003
  1600:   874190.023   874278.005   874613.009   874671.005   874777.009
  1605:   878081.013   878218.001   879074.003   879074.023   879160.005
  1610:   879585.009   881813.013   881997.001   882885.003   882885.023
  1615:   882963.005   883280.009   886616.013   886766.001   887575.003
  1620:   887575.023   887668.005   888059.009   888168.005   888506.009
  1625:   888768.005   889353.009   891671.013   891817.001   892773.003
  1630:   892773.023   892862.005   893397.009   894865.013   895131.001
  1635:   896131.018   896318.003   896318.023   896399.005   896401.016
  1640:   896451.026   896958.009   899253.013   899385.001   900385.018
  1645:   900435.003   900435.023   900538.005   901245.009   902011.005
  1650:   902322.009   903193.016   903243.026   903422.005   903745.013
  1655:   903876.009   904431.001   905208.003   905208.023   905289.005
  1660:   905620.009   909423.005   909792.013   909939.009   910202.001
  1665:   911202.018   911319.003   911319.023   911431.005   911433.016
  1670:   911483.026   911890.009   911941.005   911944.009   913285.013
  1675:   914267.001   915267.018   915275.003   915275.023   915392.005
  1680:   915641.009   918897.016   918947.026   919073.005   919449.013
  1685:   919942.009   920848.001   921848.018   922021.003   922021.023
  1690:   922171.005   922523.009   923326.016   923376.026   923467.005
  1695:   923878.013   924172.009   924780.001   925780.018   925832.003
  1700:   925832.023   925942.005   925944.016   925994.026   926434.009
  1705:   928296.013   929552.001   930430.003   930430.023   930518.005
  1710:   930803.009   933521.013   933683.001   934478.003   934478.023
  1715:   934572.005   934950.009   936840.005   937431.009   937484.005
  1720:   937517.009   937806.005   937838.009   938375.013   938598.001
  1725:   939555.003   939555.023   939661.005   940043.009   941709.005
  1730:   942167.009   943814.013   944059.001   945059.018   945163.003
  1735:   945163.023   945268.005   945270.016   945320.026   945840.009
  1740:   948822.013   949122.001   950060.003   950060.023   950169.005
  1745:   950446.009   951513.005   951672.013   951956.009   952322.001
  1750:   953322.018   953428.003   953428.023   953528.005   953790.009
  1755:   954822.005   955227.009   955683.016   955733.026   955870.005
  1760:   956137.009   956235.013   956614.001   957614.018   957794.003
  1765:   957794.023   957898.005   958211.009   959903.016   959953.026
  1770:   960065.005   960420.009   960455.013   960816.001   961702.003
  1775:   961702.023   961811.005   962159.009   965814.013   965923.005
  1780:   966499.009   966885.001   967843.003   967843.023   967947.005
  1785:   968241.009   971869.005   972341.009   972450.013   972640.001
  1790:   973600.003   973600.023   973699.005   974015.009   977202.013
  1795:   977438.001   977583.003   977583.023   977591.001   977681.003
  1800:   977859.001   977945.003   978238.005   978616.009   979512.005
  1805:   979535.009   982391.013  1036874.005  1037302.009  1038178.005
  1810:  1038211.009  1039712.001  1040506.003  1040506.023  1040578.005
  1815:  1040977.009  1041035.005  1041214.009  1043231.013  1043456.001
  1820:  1043840.003  1043840.023  1043937.005  1044290.009  1045740.013
  1825:  1046109.001  1047109.018  1047167.003  1047167.023  1047263.005
  1830:  1047265.016  1047315.026  1047853.009  1047991.005  1048005.009
  1835:  1048011.005  1048087.009  1048232.005  1049317.013  1049747.009
  1840:  1050472.001  1051467.003  1051467.023  1051550.005  1051908.009
  1845:  1054053.013  1054253.001  1055253.018  1055357.003  1055357.023
  1850:  1055444.005  1055446.016  1055496.026  1056092.009  1057148.013
  1855:  1057379.001  1058379.018  1058461.003  1058461.023  1058565.005
  1860:  1058870.009  1061220.016  1061270.026  1061419.005  1061772.013
  1865:  1061951.009  1062242.001  1063242.018  1063496.003  1063496.023
  1870:  1063600.005  1063859.009  1067903.013  1068071.001  1069071.018
  1875:  1069160.003  1069160.023  1069254.005  1069599.009  1069660.005
  1880:  1070050.009  1070075.005  1070180.009  1071759.016  1071809.026
  1885:  1071891.005  1072166.009  1072311.013  1072601.001  1073601.018
  1890:  1073723.003  1073723.023  1073823.005  1073825.016  1073875.026
  1895:  1074397.009  1077527.013  1077715.001  1078715.018  1078802.003
  1900:  1078802.023  1078902.005  1078904.016  1078954.026  1079311.009
  1905:  1081256.013  1081770.001  1082673.003  1082673.023  1082774.005
  1910:  1083128.009  1083133.005  1083236.009  1083262.005  1083347.009
  1915:  1086577.013  1086773.001  1087773.018  1087881.003  1087881.023
  1920:  1087983.005  1088531.009  1089638.016  1089688.026  1089928.005
  1925:  1090190.013  1090570.009  1090921.001  1091921.018  1092031.003
  1930:  1092031.023  1092140.005  1092388.009  1093945.016  1093995.026
  1935:  1094219.005  1094497.013  1094631.009  1095039.001  1096039.018
  1940:  1096294.003  1096294.023  1096417.005  1096672.009  1096692.005
  1945:  1096966.009  1098220.013  1098422.001  1099401.003  1099401.023
  1950:  1099498.005  1099892.009  1099921.005  1099959.009  1100003.005
  1955:  1100061.009  1102151.013  1102322.001  1103224.003  1103224.023
  1960:  1103319.005  1103611.009  1103634.005  1103914.009  1104972.013
  1965:  1105337.001  1106337.018  1106616.003  1106616.023  1106722.005
  1970:  1107051.009  1108875.013  1109097.001  1110097.018  1110098.003
  1975:  1110098.023  1110180.005  1110182.016  1110232.026  1110924.009
  1980:  1111734.013  1111909.001  1112909.018  1113103.003  1113103.023
  1985:  1113209.005  1113211.016  1113261.026  1113759.009  1113774.005
  1990:  1114036.009  1116413.013  1116567.001  1117567.018  1117828.003
  1995:  1117828.023  1117949.005  1118236.009  1121452.013  1121626.001
  2000:  1122626.018  1122639.003  1122639.023  1122744.005  1123312.009
  2005:  1125249.016  1125299.026  1125496.005  1125801.013  1125832.009
  2010:  1126242.001  1127242.018  1127540.003  1127540.023  1127658.005
  2015:  1128476.009  1131661.013  1131854.001  1132854.018  1132894.003
  2020:  1132894.023  1132985.005  1133326.009  1133378.005  1133588.009
  2025:  1134990.016  1135040.026  1135217.005  1135542.013  1136217.009
  2030:  1136527.001  1137527.018  1137718.003  1137718.023  1137814.005
  2035:  1137816.016  1137866.026  1138347.009  1142168.013  1142330.001
  2040:  1143330.018  1143550.003  1143550.023  1143643.005  1143645.016
  2045:  1143695.026  1144128.009  1148197.013  1148363.001  1149363.018
  2050:  1149419.003  1149419.023  1149520.005  1150012.009  1151025.016
  2055:  1151075.026  1151198.005  1151577.013  1151665.009  1152174.001
  2060:  1153174.018  1153288.003  1153288.023  1153392.005  1153699.009
  2065:  1154897.016  1154947.026  1155108.005  1155449.013  1155648.009
  2070:  1156068.001  1157068.018  1157337.003  1157337.023  1157424.005
  2075:  1157827.009  1158606.005  1159176.009  1161077.013  1161360.001
  2080:  1162332.003  1162332.023  1162435.005  1163022.009  1166588.013
  2085:  1166767.001  1167767.018  1167820.003  1167820.023  1167915.005
  2090:  1167917.016  1167967.026  1168439.009  1171269.013  1173037.001
  2095:  1174037.018  1174215.003  1174215.023  1174283.005  1174769.009
  2100:  1175566.005  1176253.009  1177588.016  1177638.026  1177804.005
  2105:  1178140.013  1178585.009  1179001.001  1180001.018  1180365.003
  2110:  1180365.023  1180460.005  1180726.009  1182816.005  1183208.009
  2115:  1183463.013  1183639.001  1184623.003  1184623.023  1184706.005
  2120:  1185035.009  1185067.005  1185124.009  1185146.005  1185162.009
  2125:  1185168.005  1185201.009  1186509.013  1187130.001  1188130.018
  2130:  1188231.003  1188231.023  1188335.005  1188337.016  1188387.026
  2135:  1188819.009  1189407.005  1189414.009  1189430.005  1189663.009
  2140:  1190039.013  1190270.001  1191270.018  1191598.003  1191598.023
  2145:  1191693.005  1192008.009  1192057.005  1192212.009  1194564.005
  2150:  1194915.009  1195696.013  1195874.001  1196874.018  1196908.003
  2155:  1196908.023  1196997.005  1197246.009  1198802.016  1198852.026
  2160:  1199086.005  1199354.013  1199363.009  1200030.001  1201030.018
  2165:  1201312.003  1201312.023  1201376.001  1201404.003  1201696.005
  2170:  1202053.009  1204199.013  1204386.001  1205386.018  1205474.003
  2175:  1205474.023  1205566.005  1205568.016  1205618.026  1206058.009
  2180:  1209120.013  1209310.001  1210310.018  1210424.003  1210424.023
  2185:  1210520.005  1210522.016  1210572.026  1210980.009  1212074.013
  2190:  1212509.001  1213509.018  1213743.003  1213743.023  1213814.005
  2195:  1214075.009  1217619.016  1217669.026  1217848.005  1218171.013
  2200:  1218182.009  1218783.001  1219783.018  1219918.003  1219918.023
  2205:  1220005.005  1220007.016  1220057.026  1220511.009  1222709.013
  2210:  1222919.001  1223443.003  1223443.023  1223473.001  1223534.003
  2215:  1224002.005  1224012.009  1224026.005  1224343.009  1227505.013
  2220:  1227681.001  1228681.018  1228871.003  1228871.023  1228951.005
  2225:  1229232.009  1230606.016  1230656.026  1230820.005  1231158.013
  2230:  1231423.009  1232242.001  1233242.018  1233300.003  1233300.023
  2235:  1233361.001  1233399.003  1233681.005  1233889.009  1237336.016
  2240:  1237386.026  1237561.005  1237888.013  1237944.009  1238436.001
  2245:  1239436.018  1239593.003  1239593.023  1239685.005  1239687.016
  2250:  1239737.026  1240161.009  1244039.013  1244223.001  1245169.003
  2255:  1245169.023  1245256.005  1245511.009  1248909.013  1249112.001
  2260:  1250112.018  1250145.003  1250145.023  1250229.005  1250563.009
  2265:  1253534.016  1253584.026  1253704.005  1254086.013  1254470.009
  2270:  1254926.001  1255926.018  1256137.003  1256137.023  1256215.005
  2275:  1256217.016  1256267.026  1256734.009  1260769.013  1260922.001
  2280:  1261922.018  1261939.003  1261939.023  1262031.005  1262410.009
  2285:  1262473.005  1262614.009  1263186.016  1263236.026  1263426.005
  2290:  1263738.013  1264125.009  1264771.001  1265771.018  1265953.003
  2295:  1265953.023  1266071.005  1266073.016  1266123.026  1266636.009
  2300:  1268775.013  1268956.001  1269479.003  1269479.023  1269524.001
  2305:  1269570.003  1269890.005  1270282.009  1272193.013  1272388.001
  2310:  1273388.018  1273556.003  1273556.023  1273647.005  1273649.016
  2315:  1273699.026  1274363.009  1275201.013  1275794.001  1276794.018
  2320:  1277001.003  1277001.023  1277082.005  1277321.009  1279587.016
  2325:  1279637.026  1279865.005  1280139.013  1281145.009  1282143.001
  2330:  1283117.003  1283117.023  1283211.005  1283460.009  1286014.013
  2335:  1286218.001  1287218.018  1287300.003  1287300.023  1287384.005
  2340:  1287386.016  1287436.026  1288086.009  1290738.013  1290894.001
  2345:  1291894.018  1291958.003  1291958.023  1292050.005  1292452.009
  2350:  1295161.005  1295392.009  1295855.016  1295905.026  1296031.005
  2355:  1296407.013  1296541.009  1297344.001  1298344.018  1298451.003
  2360:  1298451.023  1298513.005  1298781.009  1300018.016  1300068.026
  2365:  1300239.005  1300570.013  1300576.009  1301033.001  1302033.018
  2370:  1302097.003  1302097.023  1302197.005  1302199.016  1302249.026
  2375:  1302601.009  1304748.005  1304901.013  1305040.009  1305317.001
  2380:  1306090.003  1306090.023  1306201.005  1306524.009  1307854.013
  2385:  1308126.001  1309126.018  1309130.003  1309130.023  1309237.005
  2390:  1309500.009  1310892.016  1310942.026  1311120.005  1311444.013
  2395:  1311918.009  1311920.005  1311960.009  1312471.001  1313471.018
  2400:  1313523.003  1313523.023  1313626.005  1313628.016  1313678.026
  2405:  1314074.009  1316480.013  1316706.001  1317706.018  1317814.003
  2410:  1317814.023  1317920.005  1318193.009  1318194.005  1318198.009
  2415:  1318925.016  1318975.026  1319132.005  1319477.013  1319865.009
  2420:  1319874.005  1319941.009  1320681.001  1321557.003  1321557.023
  2425:  1321619.001  1321657.003  1321968.005  1322136.009  1323388.005
  2430:  1323623.009  1325771.013  1325967.001  1326962.003  1326962.023
  2435:  1327071.005  1327316.009  1331224.013  1331466.001  1332450.003
  2440:  1332450.023  1332545.005  1332953.009  1334465.005  1334692.009
  2445:  1337048.013  1337364.001  1338364.018  1338399.003  1338399.023
  2450:  1338504.005  1338506.016  1338556.026  1339036.009  1341551.005
  2455:  1341708.013  1342025.009  1342535.001  1343437.003  1343437.023
  2460:  1343537.005  1343861.009  1347040.013  1347240.001  1348240.018
  2465:  1348304.003  1348304.023  1348407.005  1348671.009  1349712.016
  2470:  1349762.026  1349867.005  1350264.013  1350430.009  1352850.001
  2475:  1353850.018  1353852.003  1353852.023  1353943.005  1353945.016
  2480:  1353995.026  1354679.009  1357297.013  1357551.001  1358481.003
  2485:  1358481.023  1358593.005  1358808.009  1359337.005  1359517.009
  2490:  1360096.013  1360283.001  1361276.003  1361276.023  1361404.005
  2495:  1361654.009  1363207.013  1363407.001  1364407.018  1364418.003
  2500:  1364418.023  1364529.005  1364531.016  1364581.026  1365562.009
  2505:  1367233.013  1367469.001  1368469.018  1368579.003  1368579.023
  2510:  1368698.005  1368935.009  1370251.005  1370653.009  1371203.016
  2515:  1371253.026  1371428.005  1371717.009  1371755.013  1372153.001
  2520:  1373153.018  1373347.003  1373347.023  1373458.005  1373460.016
  2525:  1373510.026  1373877.009  1375525.005  1375725.009  1376662.013
  2530:  1379171.001  1380040.003  1380040.023  1380134.005  1380400.009
  2535:  1383437.013  1383654.001  1384545.003  1384545.023  1384645.005
  2540:  1385013.009  1388148.013  1388253.005  1388375.009  1389524.005
  2545:  1389743.009  1390313.001  1391259.003  1391259.023  1391356.005
  2550:  1391659.009  1391810.005  1392087.009  1392208.005  1392362.009
  2555:  1393359.013  1393566.001  1394532.003  1394532.023  1394618.005
  2560:  1395158.009  1395252.005  1395283.009  1397421.013  1397682.001
  2565:  1398666.003  1398666.023  1398764.005  1399034.009  1402120.005
  2570:  1402256.009  1402417.013  1405926.005  1406086.009  1459907.005
  2575:  1459991.009  1461254.005  1461368.009  1489723.005  1489729.009
  2580:  1490823.005  1490826.009  1490833.005  1490961.009  1491829.001
  2585:  1492732.003  1492732.023  1493081.005  1493544.009  1495584.013
  2590:  1495719.001  1496719.018  1496752.003  1496752.023  1496827.005
  2595:  1497165.009  1498482.016  1498532.026  1498761.005  1499034.013
  2600:  1499347.009  1499715.001
B:
     0:        0.000      302.000        0.000      301.000        0.000
     5:      500.000        0.000        0.000        0.000      500.000
    10:        0.000        1.000        0.000      288.000        0.000
    15:        0.000      138.000        0.000      147.000        0.000
    20:        0.000        0.000        0.000      287.000        0.000
    25:        0.000      138.000        0.000        0.000        0.000
    30:        0.000
D:
     0:  2379990.000  2379700.000  2376737.000
E:
     0:     1000.000     1000.000     1250.000
P:
     0:        2.000        2.300        2.600        3.000        3.300
     5:        3.600        4.000        4.300        4.600        5.000
    10:        5.300        5.600        6.000        6.300        6.600
    15:        7.000        7.300        7.600        8.000
R:
     0:        0.000        1.000
T:
     0:        0.000        0.000        0.000        0.000
W:
     0:        2.000        0.000        0.000
