File: C:\MED-PC IV\Data\Reyes\AY\AY4061.999


Start Date: 11/25/24
End Date: 11/25/24
Subject: 61
Experiment: AY
Group: LONG
Box: 2
Start Time: 14:48:52
End Time: 15:16:17
MSN: DRRD_timeout_retract
C:       0.000
F:       2.000
G:       0.000
H:       0.000
I:       0.000
J:       0.000
K:   10000.000
L:       0.000
M:       0.000
N:     100.000
O:       0.000
P:    5000.000
Q:       0.000
R:       0.000
S:       0.000
U: 1372786.000
V:       0.000
X:       0.000
Y:    1274.000
Z:       0.000
A:
     0:    15000.013    15000.011    15347.001    18084.003    18089.023
     5:    18089.021    18614.005    18667.009    18729.005    18761.009
    10:    18833.005    18912.009    18926.005    18938.009    19424.005
    15:    19516.009    19538.005    19546.009    23090.013    23090.011
    20:    23210.001    27719.003    27724.023    27724.021    27785.005
    25:    27942.009    32276.005    32336.009    32443.005    32449.009
    30:    32506.005    32510.009    32540.005    32545.009    32725.013
    35:    32725.011    32859.001    37859.018    39473.003    39479.016
    40:    39528.001    39529.026    39545.003    39550.023    39550.021
    45:    39561.005    40164.009    40236.005    40391.009    40464.005
    50:    40468.009    41546.005    41551.009    44551.013    44551.011
    55:    44664.001    45061.003    45066.023    45066.021    45075.001
    60:    45195.003    45435.005    45456.009    45508.005    45524.009
    65:    46093.005    46099.009    49464.005    49612.009    49738.005
    70:    49742.009    49839.005    49843.009    49846.005    49851.009
    75:    49858.005    49864.009    50067.013    50067.011    50170.001
    80:    55170.018    57661.003    57667.016    57705.005    57717.026
    85:    58469.009    59704.001    64704.018    67143.003    67149.016
    90:    67154.005    67199.026    67645.009    67765.005    67770.009
    95:    67793.005    67841.009    67850.005    67856.009    68183.001
   100:    73183.018    76620.003    76626.016    76643.005    76676.026
   105:    77100.009    77590.001    82590.018    86106.003    86112.016
   110:    86148.005    86162.026    87016.009    88481.001    93481.018
   115:    94047.003    94053.016    94103.026    94152.005    94650.009
   120:    95924.001   100924.018   102832.003   102838.016   102863.005
   125:   102888.026   103321.009   105361.001   110361.018   113003.003
   130:   113009.016   113059.026   113130.005   113619.009   115637.001
   135:   116677.003   116682.023   116682.021   116706.001   116849.003
   140:   117911.005   117932.009   117935.005   117940.009   117977.005
   145:   118013.009   118189.005   118348.009   118421.005   118450.009
   150:   118699.005   118712.009   119666.005   119726.009   121160.005
   155:   121165.009   121166.005   121171.009   121283.005   121310.009
   160:   121576.005   121683.013   121683.011   121713.009   121883.001
   165:   126883.018   129773.003   129779.016   129829.026   129854.005
   170:   130604.009   131638.001   136638.018   140352.003   140358.016
   175:   140408.026   140474.005   140978.009   141816.001   146816.018
   180:   146966.003   146972.016   146977.001   147022.026   147592.003
   185:   147597.023   147597.021   147655.005   147667.009   147670.005
   190:   148087.009   152362.005   152594.009   152598.013   152598.011
   195:   152631.005   152634.009   152752.001   157752.018   159031.003
   200:   159037.016   159073.005   159087.026   159463.009   159525.005
   205:   159530.009   160181.001   165181.018   168711.003   168717.016
   210:   168767.026   168775.005   169317.009   169328.005   169338.009
   215:   169381.005   169398.009   170726.001   171899.003   171904.023
   220:   171904.021   172625.005   172634.009   172834.005   173048.009
   225:   173877.005   173887.009   175805.005   175838.009   176905.013
   230:   176905.011   177010.001   182010.018   183045.003   183051.016
   235:   183101.026   183134.005   184126.009   185321.001   190225.003
   240:   190230.023   190230.021   190243.001   190361.003   191082.005
   245:   191192.009   191466.005   191604.009   192160.005   192163.009
   250:   195231.013   195231.011   195375.001   200375.018   201349.003
   255:   201355.016   201395.005   201405.026   201954.009   201982.005
   260:   201989.009   202000.005   202006.009   202451.001   207451.018
   265:   210227.003   210233.016   210283.026   210298.005   210830.009
   270:   210863.005   210901.009   211651.001   216651.018   220889.003
   275:   220895.016   220945.026   220975.001   221106.003   221111.023
   280:   221111.021   221416.005   221984.009   224297.005   224404.009
   285:   224749.005   224884.009   226112.013   226112.011   226244.001
   290:   228840.003   228845.023   228845.021   228903.001   229006.003
   295:   229152.005   229189.009   229190.005   229197.009   229199.005
   300:   229462.009   229784.005   229789.009   229922.005   229927.009
   305:   232601.005   232635.009   232795.005   232932.009   233133.005
   310:   233164.009   233303.005   233536.009   233846.013   233846.011
   315:   233972.001   234769.003   234774.023   234774.021   235203.005
   320:   235225.009   235226.005   235231.009   235333.005   235343.009
   325:   235344.005   235362.009   236404.005   236408.009   236409.005
   330:   236455.009   236651.005   236686.009   239775.013   239775.011
   335:   239891.001   241117.003   241122.023   241122.021   241877.005
   340:   241929.009   242047.005   242055.009   242065.005   242115.009
   345:   242144.005   242195.009   242219.005   242332.009   242616.005
   350:   242835.009   243702.005   243771.009   243888.005   244214.009
   355:   246123.013   246123.011   246253.001   251253.018   253488.003
   360:   253494.016   253518.005   253544.026   254041.009   254044.005
   365:   254061.009   254762.001   255512.003   255517.023   255517.021
   370:   255537.001   256559.003   257007.005   257043.009   257313.005
   375:   257491.009   260518.013   260518.011   260673.001   265673.018
   380:   267984.003   267990.016   268040.026   268074.005   268428.009
   385:   268531.005   268535.009   269197.001   274197.018   278839.003
   390:   278845.016   278895.026   278900.005   279281.009   279297.005
   395:   279303.009   279325.005   279333.009   279334.005   279360.009
   400:   281148.001   286148.018   289998.003   290004.016   290054.026
   405:   290078.005   290533.009   291547.005   291553.009   291909.001
   410:   292048.003   292053.023   292053.021   294294.005   294507.009
   415:   296155.005   296185.009   296201.005   296227.009   296392.005
   420:   296571.009   296605.005   296636.009   296657.005   296684.009
   425:   296698.005   296709.009   297054.013   297054.011   297170.001
   430:   297471.003   297476.023   297476.021   297486.001   297576.003
   435:   298067.005   298101.009   298133.005   298138.009   302207.005
   440:   302253.009   302414.005   302418.009   302430.005   302477.013
   445:   302477.011   302503.009   302509.005   302512.009   302521.005
   450:   302529.009   302531.005   302535.009   302651.001   307651.018
   455:   308938.003   308944.016   308994.026   309065.005   309749.009
   460:   309788.005   309794.009   309890.005   309894.009   310304.001
   465:   310327.003   310332.023   310332.021   313455.005   313518.009
   470:   313534.005   313573.009   313584.005   313706.009   313974.005
   475:   314094.009   314229.005   314266.009   314289.005   314626.009
   480:   315333.013   315333.011   315445.001   320445.018   324300.003
   485:   324306.016   324356.026   324397.005   324958.009   325075.005
   490:   325082.009   325092.005   325105.009   325587.001   330587.018
   495:   333547.003   333553.016   333603.026   333654.005   334108.009
   500:   334846.001   339846.018   342303.003   342309.016   342359.026
   505:   342409.005   342803.009   344197.001   346227.003   346232.023
   510:   346232.021   346566.005   346582.009   346611.005   346679.009
   515:   346702.005   347047.009   347166.005   347172.009   347174.005
   520:   347181.009   349968.005   350079.009   351233.013   351233.011
   525:   351473.001   356473.018   356747.003   356753.016   356803.026
   530:   356846.005   357678.009   359272.001   364272.018   366925.003
   535:   366931.016   366981.026   366984.005   367686.009   367695.005
   540:   367701.009   368818.001   370507.003   370512.023   370512.021
   545:   371275.005   371317.009   373315.005   373339.009   373362.005
   550:   373395.009   373448.005   373659.009   374301.005   374460.009
   555:   374479.005   374530.009   374613.005   374621.009   374625.005
   560:   374637.009   374649.005   374660.009   375493.005   375513.013
   565:   375513.011   375533.009   375643.001   380643.018   382742.003
   570:   382748.016   382798.026   382808.005   383248.009   384745.001
   575:   384781.003   384786.023   384786.021   384827.001   384902.003
   580:   387233.005   387240.009   387244.005   387338.009   387912.005
   585:   387947.009   388261.005   388318.009   388875.005   388885.009
   590:   389090.005   389110.009   389155.005   389204.009   389232.005
   595:   389253.009   389296.005   389364.009   389787.013   389787.011
   600:   389914.001   394914.018   397744.003   397750.016   397800.026
   605:   397819.005   398358.009   399261.001   404261.018   406503.003
   610:   406509.016   406559.026   406611.005   407218.009   408242.001
   615:   413242.018   417198.003   417204.016   417254.026   417306.005
   620:   417709.009   419414.001   424414.018   428353.003   428359.016
   625:   428409.026   428487.005   429429.009   430234.005   430238.009
   630:   430282.005   430288.009   430295.005   430300.009   431066.001
   635:   431106.003   431111.023   431111.021   431159.001   431210.003
   640:   435132.005   435391.009   435767.005   435786.009   435791.005
   645:   435812.009   435977.005   435982.009   435983.005   436008.009
   650:   436112.013   436112.011   436269.005   436276.009   436409.001
   655:   441409.018   443948.003   443954.016   443971.001   444004.026
   660:   444013.003   444018.023   444018.021   444056.005   444543.009
   665:   445205.005   445209.009   446158.005   446183.009   446383.005
   670:   446395.009   446768.005   446800.009   448171.005   448206.009
   675:   448208.005   448242.009   449019.013   449019.011   449135.001
   680:   454135.018   458107.003   458113.016   458163.026   458250.005
   685:   458627.009   458662.005   458673.009   458682.005   458687.009
   690:   460274.001   460316.003   460321.023   460321.021   460335.001
   695:   460420.003   462649.005   462709.009   465322.013   465322.011
   700:   465525.001   465585.003   465590.023   465590.021   465597.001
   705:   466355.003   467231.005   467316.009   467360.005   467579.009
   710:   467627.005   467641.009   470591.013   470591.011   470707.001
   715:   475707.018   480108.003   480114.016   480164.026   480166.005
   720:   480656.009   481761.001   481845.003   481850.023   481850.021
   725:   481891.001   481949.003   482703.005   482728.009   482730.005
   730:   482742.009   483347.005   483352.009   483355.005   483361.009
   735:   483402.005   483411.009   485894.005   485944.009   486851.013
   740:   486851.011   486965.001   487237.003   487242.023   487242.021
   745:   487253.001   487343.003   489280.005   489322.009   489534.005
   750:   489578.009   491167.005   491197.009   491209.005   491227.009
   755:   491266.005   491403.009   491607.005   491612.009   491624.005
   760:   491630.009   491838.005   491883.009   491906.005   492238.009
   765:   492243.013   492243.011   492272.005   492277.009   492369.001
   770:   497369.018   499747.003   499753.016   499803.026   499820.005
   775:   500270.009   500278.005   500291.009   500302.005   500326.009
   780:   500738.001   502635.003   502640.023   502640.021   504633.005
   785:   504899.009   504913.005   504937.009   505471.005   505753.009
   790:   506453.005   506462.009   506472.005   506479.009   506618.005
   795:   506631.009   506995.005   507102.009   507641.013   507641.011
   800:   508032.001   513032.018   513822.003   513828.005   513828.016
   805:   513878.026   514547.009   514595.005   514601.009   515246.001
   810:   517650.003   517655.023   517655.021   518130.005   518178.009
   815:   518182.005   518189.009   518191.005   518206.009   519951.005
   820:   519956.009   519981.005   520001.009   520002.005   520024.009
   825:   520050.005   520059.009   520446.005   520664.009   522656.013
   830:   522656.011   523288.001   528288.018   529343.003   529349.016
   835:   529386.005   529399.026   529838.009   530685.001   531161.003
   840:   531166.023   531166.021   531191.001   531463.003   533032.005
   845:   533330.009   533992.005   534012.009   534282.005   534314.009
   850:   536167.013   536167.011   536680.001   541680.018   544028.003
   855:   544034.016   544072.005   544084.026   544477.009   545940.001
   860:   550940.018   555543.003   555549.016   555551.001   555599.026
   865:   555605.003   555610.023   555610.021   555647.005   556276.009
   870:   557403.005   557464.009   559889.005   559949.009   560000.005
   875:   560005.009   560222.005   560429.009   560611.013   560611.011
   880:   560725.001   565725.018   568858.003   568864.016   568914.026
   885:   568955.005   569506.009   570901.001   571613.003   571618.023
   890:   571618.021   571634.001   571971.003   573759.005   573937.009
   895:   573952.005   573954.009   573958.005   573963.009   574128.005
   900:   574162.009   576619.013   576619.011   576737.001   581737.018
   905:   587813.003   587819.016   587820.001   587869.026   587924.003
   910:   587929.023   587929.021   588011.005   588485.009   588529.005
   915:   588576.009   588656.005   589028.009   589778.005   589784.009
   920:   589797.005   589864.009   592730.005   592734.009   592735.005
   925:   592745.009   592930.013   592930.011   593078.001   597420.003
   930:   597425.023   597425.021   597443.001   597539.003   599187.005
   935:   599389.009   599390.005   599428.009   599441.005   599446.009
   940:   599601.005   599621.009   600370.005   600375.009   600527.005
   945:   600569.009   601198.005   601209.009   602426.013   602426.011
   950:   602615.005   602620.009   602802.001   607802.018   610885.003
   955:   610891.016   610941.026   610951.005   611734.009   611806.005
   960:   611810.009   613087.001   616306.003   616311.023   616311.021
   965:   618184.005   618193.009   618213.005   618287.009   618299.005
   970:   618716.009   619309.005   619343.009   619433.005   619464.009
   975:   619478.005   619836.009   620061.005   620070.009   620857.005
   980:   620882.009   620890.005   620932.009   621016.005   621051.009
   985:   621053.005   621088.009   621097.005   621102.009   621219.005
   990:   621312.013   621312.011   621347.009   621406.005   621415.009
   995:   621463.001   626463.018   629423.003   629429.016   629470.005
  1000:   629479.026   629905.009   630008.005   630032.009   631391.001
  1005:   631527.003   631532.023   631532.021   631572.001   631648.003
  1010:   633909.005   633921.009   633949.005   634014.009   636533.013
  1015:   636533.011   636771.001   641771.018   647218.003   647224.016
  1020:   647264.005   647274.026   647916.009   648971.001   650871.003
  1025:   650876.023   650876.021   655877.013   655877.011   656031.001
  1030:   657868.003   657873.023   657873.021   658255.005   658311.009
  1035:   658373.005   658399.009   660440.005   660444.009   660480.005
  1040:   660490.009   662874.013   662874.011   663004.001   663974.003
  1045:   663979.023   663979.021   664602.005   664608.009   664609.005
  1050:   664615.009   664618.005   664634.009   664647.005   664744.009
  1055:   664951.005   664981.009   667479.005   667560.009   667694.005
  1060:   667722.009   668003.005   668783.009   668980.013   668980.011
  1065:   669094.001   674094.018   677905.003   677911.016   677961.026
  1070:   678006.005   678531.009   680007.001   680355.003   680360.023
  1075:   680360.021   680373.001   680457.003   682476.005   682490.009
  1080:   682492.005   682499.009   682503.005   682532.009   682573.005
  1085:   683111.009   684091.005   684121.009   684267.005   684277.009
  1090:   684492.005   684695.009   684826.005   684961.009   685152.005
  1095:   685175.009   685361.013   685361.011   685476.001   690476.018
  1100:   690590.003   690596.016   690646.026   690868.005   691813.009
  1105:   691818.005   691826.009   692786.001   693165.003   693170.023
  1110:   693170.021   693181.001   693312.003   694027.005   694049.009
  1115:   694094.005   694277.009   698171.013   698171.011   698281.001
  1120:   703281.018   707221.003   707227.016   707243.001   707277.026
  1125:   707281.003   707286.023   707286.021   707326.005   707969.009
  1130:   711171.005   711172.009   711288.005   711431.009   711765.005
  1135:   711968.009   712150.005   712287.013   712287.011   712433.009
  1140:   712572.001   717572.018   723028.003   723034.016   723084.026
  1145:   723128.005   723574.009   724823.001   725016.003   725021.023
  1150:   725021.021   725037.001   725150.003   727740.005   728026.009
  1155:   728140.005   728553.009   730022.013   730022.011   730129.001
  1160:   730556.003   730561.023   730561.021   730579.001   730661.003
  1165:   731134.005   731153.009   731170.005   731191.009   731350.005
  1170:   731473.009   731609.005   731611.009   734237.005   734243.009
  1175:   734244.005   734286.009   734403.005   734408.009   735562.013
  1180:   735562.011   735684.001   737912.003   737917.023   737917.021
  1185:   737950.005   737956.009   738455.005   738665.009   738724.005
  1190:   739061.009   739947.005   739952.009   739955.005   739959.009
  1195:   742871.005   742918.013   742918.011   743055.009   743221.001
  1200:   748221.018   750920.003   750926.016   750957.005   750976.026
  1205:   751534.009   753006.001   758006.018   761404.003   761410.016
  1210:   761460.026   761487.005   762070.009   762980.001   763146.003
  1215:   763151.023   763151.021   763193.001   763243.003   766712.005
  1220:   766895.009   766930.005   766957.009   766981.005   767144.009
  1225:   768152.013   768152.011   772148.001   777148.018   778589.003
  1230:   778595.016   778645.026   778673.005   779212.009   783721.005
  1235:   783732.009   783738.005   783742.009   784073.001   789073.018
  1240:   792403.003   792409.016   792449.005   792459.026   793167.009
  1245:   794736.001   795425.003   795430.023   795430.021   797009.005
  1250:   797029.009   797104.005   797342.009   800302.005   800431.013
  1255:   800431.011   800441.009   800572.001   805572.018   809792.003
  1260:   809798.016   809825.005   809848.026   810599.009   812082.001
  1265:   817082.018   822615.003   822621.016   822671.026   822673.061
  1270:   822674.061   822675.061   822676.061   822677.061
B:
     0:        0.000      121.000        0.000      121.000        0.000
     5:      340.000        0.000        0.000        0.000      340.000
    10:        0.000       46.000        0.000       46.000        0.000
    15:        0.000       55.000        0.000       55.000        0.000
    20:        0.000       45.000        0.000       45.000        0.000
    25:        0.000       55.000        0.000        0.000        0.000
    30:        0.000
D:
     0:  2195400.000  2184868.000  2195401.000
E:
     0:     5000.000     5000.000
T:
     0:        0.000        0.000        0.000        0.000
W:
     0:        0.000        0.000        0.000
