File: C:\MED-PC IV\Data\Reyes\AY\AY4074.999


Start Date: 11/25/24
End Date: 11/25/24
Subject: 74
Experiment: AY
Group: SHORT
Box: 6
Start Time: 14:48:52
End Time: 15:11:51
MSN: DRRD_timeout_retract
C:       0.000
F:       0.000
G:       0.000
H:       0.000
I:       0.000
J:       0.000
K:   10000.000
L:       0.000
M:       0.000
N:     100.000
O:       0.000
P:    2500.000
Q:       0.000
R:       0.000
S:       0.000
U: 1372786.000
V:       0.000
X:       0.000
Y:    1310.000
Z:       0.000
A:
     0:      602.005     1029.009     7041.005     8201.009     8328.005
     5:     8575.009     8849.005     9275.009    11506.005    11752.009
    10:    12579.005    12805.009    15000.013    15000.011    15165.001
    15:    19534.003    19539.023    19539.021    19594.005    19919.009
    20:    19980.005    20128.009    22040.013    22040.011    22218.001
    25:    22561.003    22566.023    22566.021    22954.005    23137.009
    30:    23379.005    23432.009    25067.013    25067.011    25121.001
    35:    25150.003    25155.023    25155.021    25171.001    25209.003
    40:    27656.013    27656.011    27806.001    28207.003    28212.023
    45:    28212.021    28238.001    28316.003    28550.005    29896.009
    50:    29924.005    30679.009    30713.013    30713.011    30714.005
    55:    30761.009    30862.005    30870.009    31267.001    33275.003
    60:    33280.023    33280.021    33374.005    33651.009    35173.005
    65:    35346.009    35781.013    35781.011    36523.005    36527.009
    70:    36661.005    36665.009    37002.001    41791.003    41796.023
    75:    41796.021    41855.005    42338.009    44297.013    44297.011
    80:    44729.001    44999.003    45004.023    45004.021    45023.001
    85:    45139.003    45570.005    45833.009    45852.005    45885.009
    90:    46017.005    46184.009    46656.005    46925.009    46987.005
    95:    47505.013    47505.011    47793.009    48071.005    48305.009
   100:    48517.005    48524.009    48849.001    53849.018    54896.003
   105:    54902.016    54952.026    54965.005    58329.009    58363.005
   110:    58370.009    58442.005    58448.009    58528.005    58534.009
   115:    58880.001    61893.003    61898.023    61898.021    61914.001
   120:    62227.003    62498.005    62627.009    62827.005    62933.009
   125:    63187.005    63634.009    64399.013    64399.011    65155.001
   130:    70155.018    70244.003    70250.016    70300.026    70319.005
   135:    71719.009    72081.001    77081.018    80278.003    80284.016
   140:    80334.026    80354.005    81100.009    81122.005    81346.009
   145:    81362.005    81501.009    81825.001    81976.003    81981.023
   150:    81981.021    81993.001    82222.003    82720.005    82819.009
   155:    83655.005    84482.013    84482.011    84586.009    85046.005
   160:    85322.009    85331.005    85334.009    85338.005    85411.009
   165:    85420.005    85433.009    85471.005    85474.009    85584.005
   170:    85850.009    86029.005    86032.009    86359.001    91359.018
   175:    92754.003    92760.016    92810.026    92822.005    94110.009
   180:    94542.001    96359.003    96364.023    96364.021    96372.001
   185:    96750.003    97167.005    97442.009    97675.005    98097.009
   190:    98551.005    98865.013    98865.011    98919.009    98954.005
   195:    98957.009    99083.005    99088.009    99469.001   104469.018
   200:   105718.003   105724.016   105774.026   105786.005   106872.009
   205:   107223.001   112223.018   112691.003   112697.016   112747.026
   210:   112825.005   114062.009   114102.005   114106.009   114766.001
   215:   115286.003   115291.023   115291.021   115300.001   115571.003
   220:   115801.005   115838.009   115891.005   115924.009   115934.005
   225:   116197.009   117141.005   117143.009   117225.005   117792.013
   230:   117792.011   117868.009   118092.005   120523.009   120568.005
   235:   120581.009   120741.005   120747.009   121190.001   124662.003
   240:   124667.023   124667.021   124685.001   125415.003   125668.005
   245:   126320.009   126326.005   126479.009   126560.005   127011.009
   250:   127035.005   127168.013   127168.011   127423.009   127512.005
   255:   127525.009   127846.005   128867.009   128909.005   128918.009
   260:   129856.001   134856.018   136231.003   136237.016   136287.026
   265:   136300.005   137438.009   138050.001   140780.003   140785.023
   270:   140785.021   140791.001   141109.003   141416.005   141550.009
   275:   141623.005   141751.009   141923.005   142053.009   142193.005
   280:   142740.009   142935.005   143286.013   143286.011   143382.009
   285:   143455.005   143461.009   143765.005   143868.009   143869.005
   290:   144308.009   144320.005   144324.009   144540.005   144770.009
   295:   144832.005   144835.009   145455.001   150455.018   151505.003
   300:   151511.016   151561.026   151581.005   154115.009   154502.001
   305:   159502.018   162424.003   162430.016   162480.026   162534.005
   310:   163748.009   163762.005   163882.009   164358.001   164901.003
   315:   164906.023   164906.021   164917.001   165034.003   165481.005
   320:   165487.009   165518.005   165706.009   165801.005   165804.009
   325:   165809.005   166245.009   166642.005   166778.009   166779.005
   330:   167407.013   167407.011   167596.009   168059.005   168162.009
   335:   168172.005   168174.009   168196.005   168302.009   168966.001
   340:   173855.003   173860.023   173860.021   173948.005   175176.009
   345:   175293.005   175309.009   175331.005   175337.009   175556.005
   350:   176361.013   176361.011   176455.009   176696.005   176699.009
   355:   177236.001   182236.018   184713.003   184719.016   184769.026
   360:   184783.005   185679.009   185690.005   186404.009   186974.001
   365:   191974.018   193446.003   193452.016   193502.026   193619.005
   370:   194183.009   194272.005   194440.009   195049.001   200049.018
   375:   202928.003   202934.016   202984.026   202993.005   204204.009
   380:   204662.001   209662.018   211324.003   211330.016   211380.026
   385:   211420.005   211899.009   214235.001   219235.018   221814.003
   390:   221820.016   221870.026   221897.005   223239.009   223750.001
   395:   228750.018   228899.003   228905.016   228955.026   229007.005
   400:   230103.009   230696.001   235144.003   235149.023   235149.021
   405:   235233.005   236133.009   236157.005   236170.009   237650.013
   410:   237650.011   237807.001   238259.003   238264.023   238264.021
   415:   238290.001   238378.003   238726.005   239303.009   239752.005
   420:   239802.009   239820.005   240038.009   240381.005   240384.009
   425:   240395.005   240647.009   240765.013   240765.011   240770.005
   430:   240772.009   240999.005   241012.009   242008.005   242014.009
   435:   242124.005   242131.009   242769.001   247317.003   247322.023
   440:   247322.021   247352.001   247424.003   247758.005   248239.009
   445:   248254.005   248489.009   248516.005   248569.009   249687.005
   450:   249823.013   249823.011   250091.009   250701.001   255701.018
   455:   257041.003   257047.016   257097.026   257115.005   259708.009
   460:   260429.001   265429.018   265600.003   265606.016   265656.026
   465:   265677.005   266459.009   266953.001   267290.003   267295.023
   470:   267295.021   267344.001   267421.003   269796.013   269796.011
   475:   270391.001   273048.003   273053.023   273053.021   273067.001
   480:   273619.003   273788.005   274635.009   274664.005   274695.009
   485:   275554.013   275554.011   275562.005   275632.009   276305.001
   490:   280839.003   280844.023   280844.021   280923.005   281322.009
   495:   281337.005   281355.009   282898.005   283229.009   283232.005
   500:   283242.009   283345.013   283345.011   283464.005   283678.009
   505:   284078.005   284160.009   284772.001   287578.003   287583.023
   510:   287583.021   287586.001   287966.003   288240.005   288747.009
   515:   288835.005   289165.009   289312.005   289777.009   289790.005
   520:   289833.009   289997.005   290001.009   290084.013   290084.011
   525:   291468.005   291472.009   291619.005   291622.009   291739.005
   530:   291813.009   292314.001   297314.018   299970.003   299976.016
   535:   300026.026   300062.005   300538.009   300577.005   300981.009
   540:   301424.001   301461.003   301466.023   301466.021   301490.001
   545:   301718.003   302056.005   302081.009   302199.005   302561.009
   550:   302671.005   302885.009   303967.013   303967.011   305154.001
   555:   310154.018   311127.003   311133.016   311143.001   311183.026
   560:   311255.003   311260.023   311260.021   311278.005   311695.009
   565:   311730.005   311747.009   312561.005   312622.009   313761.013
   570:   313761.011   313871.001   314349.003   314354.023   314354.021
   575:   314380.001   314462.003   315536.005   315683.009   316855.013
   580:   316855.011   317009.001   317588.003   317593.023   317593.021
   585:   317623.001   317702.003   318133.005   318728.009   318928.005
   590:   319278.009   319331.005   319356.009   319559.005   320094.013
   595:   320094.011   321510.009   321731.005   321732.009   322819.001
   600:   327819.018   328849.003   328855.016   328905.026   328921.005
   605:   330824.009   330886.005   330890.009   331421.001   334816.003
   610:   334821.023   334821.021   334900.005   335189.009   335263.005
   615:   336164.009   336435.005   336575.009   336679.005   336682.009
   620:   336812.005   336815.009   337322.013   337322.011   337487.001
   625:   337690.003   337695.023   337695.021   337750.001   337798.003
   630:   340196.013   340196.011   341524.001   341600.003   341605.023
   635:   341605.021   342030.005   342550.009   342796.005   342801.009
   640:   344106.013   344106.011   344859.001   349859.018   351413.003
   645:   351419.016   351469.026   351559.005   352028.009   352525.001
   650:   357240.003   357245.023   357245.021   357415.005   357533.009
   655:   357627.005   358005.009   358020.005   358031.009   359746.013
   660:   359746.011   359870.001   360119.003   360124.023   360124.021
   665:   360149.001   360234.003   362625.013   362625.011   362827.001
   670:   362977.003   362982.023   362982.021   363034.001   363089.003
   675:   363476.005   363678.009   364205.005   364986.009   365483.013
   680:   365483.011   365607.005   365672.009   366052.001   371052.018
   685:   372270.003   372276.016   372326.026   372347.005   373377.009
   690:   373395.005   373459.009   373999.001   378466.003   378471.023
   695:   378471.021   378569.005   379267.009   379300.005   379344.009
   700:   380972.013   380972.011   381187.001   381318.003   381323.023
   705:   381323.021   381356.001   381433.003   383824.013   383824.011
   710:   384017.001   384817.003   384822.023   384822.021   384850.001
   715:   384932.003   385942.005   386563.009   386777.005   386886.009
   720:   386888.005   386896.009   386906.005   387092.009   387323.013
   725:   387323.011   387653.001   392653.018   392853.003   392859.016
   730:   392909.026   393003.005   393694.009   393717.005   393767.009
   735:   393794.005   393874.009   394389.001   398552.003   398557.023
   740:   398557.021   398652.005   399571.009   399633.005   399650.009
   745:   401058.013   401058.011   401187.001   401300.003   401305.023
   750:   401305.021   401365.001   401401.003   401980.005   402631.009
   755:   403681.005   403687.009   403806.013   403806.011   403878.005
   760:   403887.009   404452.001   409452.018   409993.003   409999.016
   765:   410049.026   410164.005   410777.009   411398.001   416398.018
   770:   416955.003   416961.016   417011.026   417108.005   417583.009
   775:   417872.005   418327.009   418816.001   418827.003   418832.023
   780:   418832.021   421333.013   421333.011   421751.001   421869.003
   785:   421874.023   421874.021   423712.005   424326.009   424375.013
   790:   424375.011   424507.005   424612.009   424980.005   425365.009
   795:   426132.005   426779.009   426913.005   426916.009   426940.005
   800:   427123.009   427200.005   428146.009   428871.005   428941.009
   805:   428949.005   429407.009   429414.005   429972.009   430001.005
   810:   430010.009   430099.005   430106.009   430149.005   430153.009
   815:   430190.005   430197.009   430246.005   430253.009   430318.005
   820:   430326.009   431069.001   436069.018   436184.003   436190.016
   825:   436240.026   436290.005   437868.009   438376.001   441981.003
   830:   441986.023   441986.021   442517.005   442970.009   443084.005
   835:   443231.009   443677.005   444009.009   444284.005   444487.013
   840:   444487.011   444671.009   445152.005   446342.009   446359.005
   845:   446584.009   446664.005   447192.009   447417.005   448767.009
   850:   448926.005   449114.009   449632.005   449638.009   449800.005
   855:   449805.009   449943.005   451274.009   451410.005   451419.009
   860:   451463.005   451471.009   451515.005   451521.009   452040.001
   865:   457040.018   457524.003   457530.016   457580.026   457655.005
   870:   458509.009   458530.005   458706.009   459192.001   464192.018
   875:   464329.003   464335.016   464385.026   464449.005   465317.009
   880:   465357.005   466183.009   466721.001   471470.003   471475.023
   885:   471475.021   471546.005   472674.009   472837.005   473160.009
   890:   473194.005   473221.009   473460.005   473484.009   473513.005
   895:   473519.009   473976.013   473976.011   474126.001   474360.003
   900:   474365.023   474365.021   474393.001   474471.003   474965.005
   905:   475155.009   475182.005   475518.009   475679.005   476177.009
   910:   476203.005   476264.009   476484.005   476486.009   476649.005
   915:   476655.009   476866.013   476866.011   477579.001   482569.003
   920:   482574.023   482574.021   482685.005   483102.009   483119.005
   925:   483445.009   485075.013   485075.011   485273.001   485505.003
   930:   485510.023   485510.021   485567.001   485614.003   486290.005
   935:   486392.009   486577.005   486584.009   488011.013   488011.011
   940:   488181.001   488555.003   488560.023   488560.021   488601.001
   945:   488671.003   491061.013   491061.011   492259.001   496522.003
   950:   496527.023   496527.021   496760.005   497201.009   497205.005
   955:   497232.009   497242.005   497436.009   497884.005   497976.009
   960:   498159.005   498226.009   499028.013   499028.011   502283.005
   965:   502422.009   502918.001   507918.018   508498.003   508504.016
   970:   508554.026   508625.005   510053.009   510551.001   515551.018
   975:   515998.003   516004.016   516054.026   516074.005   517583.009
   980:   517612.005   517647.009   518101.001   522230.003   522235.023
   985:   522235.021   522293.005   522651.009   524736.013   524736.011
   990:   525550.001   530550.018   530767.003   530773.016   530823.026
   995:   530950.005   531863.009   531968.005   531983.009   532598.001
  1000:   537598.018   538396.003   538402.016   538452.026   538522.005
  1005:   540061.009   540067.005   540280.009   540916.001   545916.018
  1010:   545994.003   546000.016   546050.026   546135.005   547259.009
  1015:   547302.005   547649.009   548273.001   552152.003   552157.023
  1020:   552157.021   552263.005   552597.009   552628.005   552648.009
  1025:   552667.005   552847.009   554658.013   554658.011   556605.001
  1030:   557700.003   557705.023   557705.021   557722.001   558165.003
  1035:   558386.005   558410.009   558458.005   559897.009   559925.005
  1040:   559929.009   560206.013   560206.011   560396.005   560401.009
  1045:   560442.005   560452.009   560500.005   560506.009   560970.001
  1050:   565970.018   566361.003   566367.016   566417.026   566429.005
  1055:   567709.009   568294.001   571144.003   571149.023   571149.021
  1060:   571157.001   571656.003   571940.005   571947.009   573650.013
  1065:   573650.011   574534.001   575121.003   575126.023   575126.021
  1070:   575511.005   576214.009   576661.005   577627.013   577627.011
  1075:   577810.009   577820.005   577831.009   577868.005   577875.009
  1080:   577908.005   577919.009   577960.005   577969.009   578024.005
  1085:   578034.009   578067.005   578073.009   578117.005   578126.009
  1090:   578191.005   578194.009   578251.005   578257.009   578808.005
  1095:   578823.009   579027.001   584027.018   584518.003   584524.016
  1100:   584574.026   584608.005   585878.009   585893.005   586267.009
  1105:   586325.005   586327.009   586770.001   591770.018   591916.003
  1110:   591922.016   591972.026   592058.005   593315.009   593355.005
  1115:   593520.009   593546.005   593820.009   594338.001   599338.018
  1120:   599583.003   599589.016   599639.026   599751.005   600212.009
  1125:   600228.005   601036.009   601487.001   606066.003   606071.023
  1130:   606071.021   606082.001   606101.003   607096.005   608414.009
  1135:   608532.005   608535.009   608572.013   608572.011   608581.005
  1140:   608584.009   608783.005   608788.009   608873.005   608878.009
  1145:   609342.001   612334.003   612339.023   612339.021   612354.001
  1150:   612756.003   612998.005   613009.009   613022.005   614840.013
  1155:   614840.011   614931.009   615001.005   615013.009   615047.005
  1160:   615059.009   615100.005   615111.009   615140.005   615150.009
  1165:   615193.005   615196.009   615244.005   615249.009   615338.005
  1170:   615346.009   615600.005   615606.009   615730.005   615739.009
  1175:   615798.005   615808.009   616255.001   621255.018   622499.003
  1180:   622505.016   622555.026   622584.005   624294.009   624306.005
  1185:   624313.009   624890.001   629890.018   630477.003   630483.016
  1190:   630533.026   630598.005   632931.009   633122.005   633129.009
  1195:   633657.005   633664.009   634160.001   638927.003   638932.023
  1200:   638932.021   638985.005   639626.009   639691.005   639873.009
  1205:   641433.013   641433.011   641843.001   644592.003   644597.023
  1210:   644597.021   644607.001   644959.003   645284.005   647098.013
  1215:   647098.011   647162.009   647223.005   647232.009   647337.005
  1220:   647346.009   647446.005   647451.009   647621.005   647627.009
  1225:   648033.001   652999.003   653004.023   653004.021   653110.005
  1230:   653829.009   653931.005   653934.009   655041.005   655045.009
  1235:   655057.005   655060.009   655505.013   655505.011   656222.001
  1240:   660495.003   660500.023   660500.021   660569.005   661153.009
  1245:   662473.005   662481.009   662497.005   663001.013   663001.011
  1250:   663033.009   663069.005   663074.009   663083.005   663550.009
  1255:   663581.005   663585.009   663625.005   663632.009   665009.001
  1260:   670009.018   670119.003   670125.016   670169.005   670175.026
  1265:   671861.009   671883.005   671975.009   671997.005   672092.009
  1270:   672601.001   677601.018   677636.003   677642.016   677692.026
  1275:   677761.005   679092.009   679603.001   684603.018   684773.003
  1280:   684779.016   684829.026   684925.005   685375.009   685444.005
  1285:   685941.009   685959.005   686021.009   686076.005   686249.009
  1290:   686767.001   686816.003   686821.023   686821.021   686845.001
  1295:   687171.003   687429.005   687575.009   687932.005   688154.009
  1300:   688296.005   688809.009   688894.005   689322.013   689322.011
  1305:   689323.061   689324.061   689325.061   689326.061   689327.061
B:
     0:        0.000      133.000        0.000      133.000        0.000
     5:      340.000        0.000        0.000        0.000      339.000
    10:        0.000       59.000        0.000       59.000        0.000
    15:        0.000       42.000        0.000       42.000        0.000
    20:        0.000       58.000        0.000       58.000        0.000
    25:        0.000       42.000        0.000        0.000        0.000
    30:        0.000
D:
     0:  2059601.000  2059553.000  2059602.000
E:
     0:     5000.000     5000.000
T:
     0:        0.000        0.000        0.000        0.000
W:
     0:        0.000        2.000        0.000
