File: C:\MED-PC IV\Data\Aila\AN\AN0017.999


Start Date: 03/18/19
End Date: 03/18/19
Subject: 17
Experiment: AN
Group: PilotoAumentoCriterioLin
Box: 1
Start Time: 16:02:22
End Time: 17:02:22
MSN: DRRD_long
C:       0.000
F:       0.000
G:       0.000
H:       0.000
I:       0.000
J:       0.000
K:      35.000
L:       0.000
M:       0.000
N:       0.000
O:       0.000
P:       0.000
Q:       0.000
R:       0.000
S:       0.000
U:  244597.000
V:       0.000
W:       2.000
X:       0.000
Y:     441.000
Z:       0.000
A:
     0:    15000.011    15910.001    17164.003    35752.001    35855.003
     5:    36694.001    37225.003    52356.001    52497.003    52581.001
    10:    53929.003    54884.001    54930.003   161527.001   162991.003
    15:   171315.001   172395.003   174362.001   176036.003   177181.001
    20:   178658.003   191519.001   191849.003   212765.002   214015.004
    25:   216640.001   218177.003   226469.001   226556.003   228013.001
    30:   228444.003   238045.001   239197.003   244648.001   246376.003
    35:   248036.001   248710.003   255354.002   255791.004   281798.001
    40:   283286.003   296010.001   297004.003   317077.001   318827.018
    45:   318933.003   318939.016   318989.026   319000.001   319156.003
    50:   339748.001   341467.003   343692.001   345442.018   345538.003
    55:   345544.016   345594.026   367591.001   368391.003   374425.001
    60:   375509.003   377622.001   379179.003   381653.001   383403.018
    65:   383571.003   383577.016   383627.026   402683.001   403233.003
    70:   404032.001   405337.003   407183.001   408933.018   409327.003
    75:   409333.016   409383.026   426456.001   428148.003   430268.001
    80:   431829.003   433380.001   435130.018   435557.003   435563.016
    85:   435613.026   455940.001   456703.003   456857.001   456956.003
    90:   460397.001   460917.003   461665.001   461771.003   465348.001
    95:   465655.003   477211.001   478021.003   478986.001   480660.003
   100:   483088.001   483497.003   483894.001   485644.018   485886.003
   105:   485892.016   485942.026   504548.001   506298.018   506426.003
   110:   506432.016   506482.026   507989.001   509634.003   530959.001
   115:   532033.003   532423.001   532566.003   539892.001   541562.003
   120:   546764.001   548093.003   555134.002   555504.004   570705.001
   125:   571766.003   577552.001   578124.003   578883.001   580313.003
   130:   583494.001   584098.003   587518.001   589268.018   589836.003
   135:   589842.016   589892.026   609587.001   611184.003   613091.001
   140:   613151.003   616481.001   617083.003   622765.001   624515.018
   145:   624840.003   624846.016   624896.026   652203.001   653550.003
   150:   654765.001   656263.003   659716.001   660465.003   662538.001
   155:   663108.003   671337.001   672806.003   673825.001   675280.003
   160:   676621.001   677015.003   682182.001   683932.018   684350.003
   165:   684356.016   684406.026   707630.001   708945.003   735310.001
   170:   736341.003   754178.001   755522.003   765328.001   767078.018
   175:   767427.003   767433.016   767483.026   789549.001   789908.003
   180:   790567.001   792133.003   796303.001   797713.003   800044.001
   185:   801794.018   801932.003   801938.016   801988.026   822518.001
   190:   824143.003   825457.001   827143.003   831530.001   833122.003
   195:   835516.001   836141.003   840314.001   841376.003   841749.001
   200:   842190.003   846109.001   846932.003   850303.001   851765.003
   205:   853973.001   855226.003   859091.001   860841.018   861087.003
   210:   861093.016   861143.026   887253.001   888716.003   890639.001
   215:   891994.003   894462.001   896212.018   896219.003   896225.016
   220:   896275.026   914869.001   916437.003   921812.001   922983.003
   225:   927388.001   927469.003   929772.001   930615.003   935040.001
   230:   936269.003   942507.001   942831.003   956729.001   958479.018
   235:   958534.003   958540.016   958590.026   977972.001   979155.003
   240:   980489.001   981762.003   989091.001   990645.003  1004266.001
   245:  1005756.003  1035500.001  1037082.003  1038623.001  1039948.003
   250:  1051228.001  1051723.003  1064000.001  1065392.003  1079117.001
   255:  1080256.003  1091966.001  1093354.003  1096446.001  1097658.003
   260:  1110833.001  1112582.003  1119883.001  1121633.018  1121639.003
   265:  1121645.016  1121695.026  1154502.001  1154868.003  1172149.001
   270:  1173465.003  1177097.001  1177631.003  1178442.001  1178673.003
   275:  1190228.001  1191249.003  1192362.001  1194034.003  1209700.001
   280:  1211450.018  1211528.003  1211534.016  1211584.026  1229123.001
   285:  1230554.003  1233011.001  1234753.003  1240048.001  1241798.018
   290:  1242108.003  1242114.016  1242164.026  1264354.001  1265932.003
   295:  1270615.001  1272249.003  1274511.001  1276261.018  1276518.003
   300:  1276524.016  1276574.026  1278217.001  1278579.003  1285522.001
   305:  1285613.003  1287639.001  1289389.018  1289680.003  1289686.016
   310:  1289736.026  1304963.001  1306191.003  1312450.001  1313978.003
   315:  1316379.001  1317903.003  1319063.001  1320620.003  1325590.001
   320:  1327187.003  1343921.001  1344264.003  1348276.001  1349896.003
   325:  1359435.001  1360799.003  1362421.001  1363941.003  1396766.001
   330:  1398516.018  1398667.003  1398673.016  1398723.026  1420163.001
   335:  1420422.003  1420477.001  1421727.003  1423711.001  1425461.018
   340:  1425501.003  1425507.016  1425557.026  1456764.001  1458366.003
   345:  1463340.001  1465042.003  1466769.001  1468118.003  1478231.001
   350:  1479647.003  1499793.001  1501255.003  1511393.001  1512283.003
   355:  1512392.001  1512638.003  1520163.001  1521913.018  1522023.003
   360:  1522029.016  1522079.026  1541516.001  1542239.003  1543428.001
   365:  1545110.003  1559970.001  1561720.018  1562001.003  1562007.016
   370:  1562057.026  1582713.001  1584463.018  1584914.003  1584920.016
   375:  1584970.026  1600867.001  1601635.003  1612344.001  1613566.003
   380:  1617929.001  1618667.003  1619505.001  1619769.003  1622285.001
   385:  1622478.003  1622634.001  1623019.003  1624178.001  1624345.003
   390:  1630168.001  1631857.003  1632773.001  1634523.018  1634743.003
   395:  1634749.016  1634799.026  1661775.001  1662626.003  1670431.001
   400:  1671051.003  1677820.001  1677999.003  1678349.001  1678712.003
   405:  1679140.001  1679613.003  1688264.001  1688899.003  1698041.001
   410:  1699479.003  1707334.001  1708674.003  1710196.001  1711720.003
   415:  1715781.001  1717531.018  1717724.003  1717730.016  1717780.026
   420:  1738267.001  1739992.003  1747775.001  1747849.003  1748029.001
   425:  1749620.003  1749693.001  1749742.003  1751144.001  1752751.003
   430:  1773598.001  1774070.003  1774249.001  1774793.003  1774825.001
   435:  1774958.003  1788803.001  1788979.003  1789032.001  1789879.003
   440:  1799336.001
B:
     0:        0.000      177.000        3.000      176.000        3.000
     5:        0.000        0.000        0.000        0.000        0.000
    10:        0.000        1.000        0.000        0.000        0.000
    15:        0.000       27.000        0.000       27.000        0.000
    20:        0.000        0.000        0.000        0.000        0.000
    25:        0.000       27.000        0.000        0.000        0.000
    30:        0.000
D:
     0:  2044602.000  2043933.000  2034476.000
E:
     0:     1750.000     1750.000
T:
     0:        0.000        0.000        0.000        0.000
