File: C:\MED-PC IV\Data\Aila\AN\AN0013.999


Start Date: 03/18/19
End Date: 03/18/19
Subject: 13
Experiment: AN
Group: PilotoAumentoCriterioLin
Box: 3
Start Time: 21:20:39
End Time: 22:20:39
MSN: DRRD_long
C:       0.000
F:       0.000
G:       0.000
H:       0.000
I:       0.000
J:       0.000
K:      35.000
L:       0.000
M:       0.000
N:       0.000
O:       0.000
P:       0.000
Q:       0.000
R:       0.000
S:       0.000
U:    1936.000
V:       0.000
W:       0.000
X:       0.000
Y:     428.000
Z:       0.000
A:
     0:     5832.001     6648.003    15000.011    22737.001    23817.003
     5:    27755.001    28786.003    41117.001    41474.003    74363.002
    10:    74744.004    75894.001    76720.003    78870.001    79210.003
    15:    79855.001    80336.003    94734.001    95679.003   119397.001
    20:   120381.003   125815.001   126996.003   128928.001   129611.003
    25:   131048.001   132194.003   146948.002   148090.004   156424.001
    30:   157217.003   181828.001   182707.003   192941.001   194058.003
    35:   194704.001   195658.003   197865.001   199287.003   200461.001
    40:   201979.003   203279.001   204911.003   223824.001   224551.003
    45:   246507.001   247395.003   249249.001   250053.003   256845.001
    50:   257937.003   259306.001   260560.003   263253.001   264818.003
    55:   284194.001   284356.003   284460.001   285356.003   287223.001
    60:   288207.003   292891.001   293256.003   296684.001   297862.003
    65:   300083.001   301803.003   323764.001   324813.003   334837.001
    70:   335721.003   338660.001   339549.003   386600.001   387627.003
    75:   398085.001   399246.003   406724.001   407852.003   428259.001
    80:   429483.003   430965.001   432215.003   434185.001   435641.003
    85:   436839.001   437259.003   437572.001   439036.003   439979.001
    90:   441717.003   442699.001   443459.003   468166.001   469145.003
    95:   473666.001   473862.003   494835.002   495270.004   585910.001
   100:   586072.003   586336.001   587390.003   588954.001   589013.003
   105:   595395.001   596164.003   597179.001   597364.003   634639.001
   110:   635431.003   635996.001   636784.003   637991.001   639304.003
   115:   641040.001   642732.003   647402.001   649102.003   652202.001
   120:   653707.003   654729.001   655580.003   664091.001   665285.003
   125:   670118.001   671110.003   717416.001   718788.003   720970.001
   130:   722254.003   746570.002   746734.004   749968.001   750592.003
   135:   822665.001   823830.003   824615.001   825832.003   827752.001
   140:   829470.003   830761.001   832319.003   856656.001   858023.003
   145:   860164.001   861001.003   891014.001   891944.003   910921.001
   150:   912421.003   914767.001   916277.003   918080.001   919583.003
   155:   924677.001   926259.003   936356.001   937660.003   938852.001
   160:   940586.003   941758.001   943508.018   943631.003   943637.016
   165:   943687.026   960848.001   962057.003   964729.001   966447.003
   170:   967437.001   968749.003   970439.001   972189.018   972291.003
   175:   972297.016   972347.026   979492.001   980989.003   981613.001
   180:   983311.003   984811.001   986438.003   987652.001   989402.018
   185:   989466.003   989472.016   989522.026  1012688.001  1013900.003
   190:  1014762.001  1016154.003  1016964.001  1018351.003  1021458.001
   195:  1023062.003  1023896.001  1025646.018  1025912.003  1025918.016
   200:  1025945.001  1025968.026  1026019.003  1032587.001  1033797.003
   205:  1034642.001  1035055.003  1036677.001  1037561.003  1039926.001
   210:  1041296.003  1042052.001  1043077.003  1044402.001  1045714.003
   215:  1053038.001  1054788.018  1054809.003  1054815.016  1054865.026
   220:  1061119.001  1062180.003  1062883.001  1064264.003  1065005.001
   225:  1066586.003  1068779.001  1070246.003  1083629.001  1084749.003
   230:  1085843.001  1087138.003  1088858.001  1089089.003  1108763.001
   235:  1109795.003  1110795.001  1111776.003  1113026.001  1114251.003
   240:  1115601.001  1116743.003  1124506.001  1126054.003  1138315.001
   245:  1139617.003  1141113.001  1142863.018  1143231.003  1143237.016
   250:  1143287.026  1150195.001  1151234.003  1151937.001  1153229.003
   255:  1155634.001  1157073.003  1157623.001  1158804.003  1159552.001
   260:  1160825.003  1162568.001  1163287.003  1163316.001  1164351.003
   265:  1168047.001  1169518.003  1170478.001  1171631.003  1173303.001
   270:  1174526.003  1175346.001  1176600.003  1178459.001  1179944.003
   275:  1180760.001  1181838.003  1189691.001  1190760.003  1212725.001
   280:  1213592.003  1214385.001  1215428.003  1216545.001  1217671.003
   285:  1218599.001  1219059.003  1219081.001  1219757.003  1220980.001
   290:  1222610.003  1226406.001  1227436.003  1234782.001  1235824.003
   295:  1247045.001  1247737.003  1248723.001  1249884.003  1250782.001
   300:  1251057.003  1251228.001  1252710.003  1256732.001  1257969.003
   305:  1258410.001  1260074.003  1261135.001  1262765.003  1263646.001
   310:  1264289.003  1264415.001  1265715.003  1266985.001  1268631.003
   315:  1271051.001  1272417.003  1277751.001  1277953.003  1278979.001
   320:  1279582.003  1377510.001  1378645.003  1381335.001  1382111.003
   325:  1384169.001  1385067.003  1386902.001  1387256.003  1387670.001
   330:  1388174.003  1388363.001  1388543.003  1389989.001  1391713.003
   335:  1405100.001  1405910.003  1414943.001  1415802.003  1417162.001
   340:  1418355.003  1420374.001  1420556.003  1425130.001  1426658.003
   345:  1427827.001  1428165.003  1433465.001  1434060.003  1462959.001
   350:  1464233.003  1465389.001  1466981.003  1467798.001  1469298.003
   355:  1470181.001  1471931.018  1473294.003  1473300.016  1473350.026
   360:  1513333.001  1515072.003  1517953.001  1519703.018  1519737.003
   365:  1519743.016  1519793.026  1529405.001  1530998.003  1531858.001
   370:  1533122.003  1534330.001  1536080.018  1536239.003  1536245.016
   375:  1536295.026  1548838.001  1549726.003  1555721.001  1557218.003
   380:  1558281.001  1559510.003  1560150.001  1561695.003  1573928.001
   385:  1575212.003  1576653.001  1577744.003  1586687.001  1588137.003
   390:  1596621.001  1597470.003  1599495.001  1600838.003  1602078.001
   395:  1603301.003  1605323.001  1606350.003  1608503.001  1609777.003
   400:  1610946.001  1612071.003  1613151.001  1614631.003  1617037.001
   405:  1618327.003  1632517.001  1632608.003  1637196.001  1638008.003
   410:  1639351.001  1640504.003  1642993.001  1644527.003  1715166.001
   415:  1715328.003  1716627.001  1716897.003  1727236.001  1728133.003
   420:  1728805.001  1730129.003  1732457.001  1732826.003  1736526.001
   425:  1737142.003  1738490.001  1739769.003
B:
     0:        0.000      196.000        4.000      196.000        4.000
     5:        0.000        0.000        0.000        0.000        0.000
    10:        0.000        1.000        0.000        0.000        0.000
    15:        0.000        9.000        0.000        9.000        0.000
    20:        0.000        0.000        0.000        0.000        0.000
    25:        0.000        9.000        0.000        0.000        0.000
    30:        0.000
D:
     0:  1741704.000  1740426.000  1741705.000
E:
     0:     1750.000     1750.000
T:
     0:        0.000        0.000        0.000        0.000
