File: C:\MED-PC IV\Data\Aila\AN\AN0019.999



Start Date: 03/27/19
End Date: 03/27/19
Subject: 19
Experiment: AN
Group: PilotoAumentoCriterioLin
Box: 3
Start Time: 16:52:08
End Time: 17:52:08
MSN: DRRD_long2
C:       0.000
F:       0.000
G:       0.000
H:       0.000
I:       0.000
J:       0.000
K:      50.000
L:       0.000
M:       0.000
N:       0.000
O:       0.000
P:       0.000
Q:       0.000
R:       0.000
S:       0.000
U:42807505.000
V:       0.000
W:       0.000
X:       0.000
Y:     455.000
Z:       0.000
A:
     0:    15000.011    64996.001    65389.003    69124.001    69262.003
     5:    69281.001    71427.003    72262.001    73711.003    97772.002
    10:    98179.004   109453.001   109589.003   122234.001   122363.003
    15:   122488.001   124988.018   125556.003   125562.016   125612.026
    20:   180452.001   182747.003   183817.001   185446.003   186326.001
    25:   187194.003   201537.001   202812.003   208273.001   208418.003
    30:   208557.001   210497.003   211570.001   213199.003   222860.002
    35:   223087.004   225372.002   226107.004   227539.001   229535.003
    40:   233260.001   233611.003   245110.001   247610.018   247825.003
    45:   247831.016   247881.026   269099.001   270785.003   271652.001
    50:   271709.003   271736.001   273572.003   291687.001   291874.003
    55:   292128.001   293930.003   295183.001   296886.003   303478.001
    60:   303691.003   303858.001   306021.003   306855.001   308664.003
    65:   330153.001   332519.003   333429.001   334493.003   337681.001
    70:   340181.018   340420.003   340426.016   340476.026   416682.001
    75:   418715.003   420810.001   422837.003   423907.001   425982.003
    80:   429059.001   431359.003   437683.001   440160.003   441005.001
    85:   441439.003   441554.001   442661.003   444153.001   446318.003
    90:   448684.001   451091.003   451134.001   452231.003   452260.001
    95:   452507.003   458490.001   460990.018   461510.003   461516.016
   100:   461566.026   477555.001   479579.003   480361.001   480911.003
   105:   484836.001   487336.018   487568.003   487574.016   487624.026
   110:   515069.001   516464.003   521217.001   523717.018   523977.003
   115:   523983.016   524033.026   534698.001   534826.003   535402.001
   120:   536804.003   542737.001   543126.003   558019.001   558069.003
   125:   558252.001   559976.003   568022.001   569964.003   574281.001
   130:   576781.018   576934.003   576940.016   576990.026   592209.001
   135:   592379.003   596868.001   597645.003   597850.001   599412.003
   140:   600200.001   601132.003   603918.001   606418.018   606826.003
   145:   606832.016   606882.026   634510.001   635007.003   654118.001
   150:   654381.003   664686.001   666007.003   667151.001   668926.003
   155:   676785.001   678381.003   693267.001   693503.003   693605.001
   160:   694397.003   697365.001   699865.018   700340.003   700346.016
   165:   700396.026   721390.001   723890.018   723980.003   723986.016
   170:   724036.026   740663.001   743163.018   743441.003   743447.016
   175:   743497.026   743499.017   757602.001   757787.003   757970.001
   180:   760061.003   764527.001   764861.003   764977.001   766638.003
   185:   768678.001   768737.003   780298.001   780352.003   780414.001
   190:   782641.003   783192.001   784548.003   785565.001   787953.003
   195:   791556.001   791753.003   791942.001   794429.003   796184.001
   200:   797812.003   797847.001   797970.003   800395.001   802422.003
   205:   805754.001   808254.018   808376.003   808382.016   808432.026
   210:   824832.001   827332.018   828161.003   828167.016   828217.026
   215:   843852.001   846352.018   846474.003   846480.016   846530.026
   220:   846532.017   863163.001   865273.003   865828.001   868328.018
   225:   868441.003   868447.016   868497.026   885185.001   885446.003
   230:   885603.001   887999.003   897105.001   897769.003   897865.001
   235:   897946.003   901468.001   903493.003   905576.001   906767.003
   240:   913190.001   913596.003   914029.001   916238.003   918531.001
   245:   920761.003   929984.001   932009.003   933852.001   935105.003
   250:   939636.001   940020.003   945010.001   947062.003   948168.001
   255:   950506.003   952587.001   952966.003   957727.001   960227.018
   260:   960815.003   960821.016   960871.026   977601.001   979464.003
   265:   988562.001   991057.003   992608.001   995108.018   995208.003
   270:   995214.016   995264.026  1016451.001  1018825.003  1019768.001
   275:  1019887.003  1033657.001  1034171.003  1037839.001  1038855.003
   280:  1041102.001  1043071.003  1047071.001  1049571.018  1049899.003
   285:  1049905.016  1049955.026  1074559.001  1077059.018  1077597.003
   290:  1077603.016  1077653.026  1110566.001  1113066.018  1113264.003
   295:  1113270.016  1113320.026  1113322.017  1131652.001  1134152.018
   300:  1134410.003  1134416.016  1134466.026  1158179.001  1160044.003
   305:  1160761.001  1162592.003  1164091.001  1165335.003  1170093.001
   310:  1170535.003  1170597.001  1172722.003  1173954.001  1174764.003
   315:  1174979.001  1176010.003  1177810.001  1180292.003  1181552.001
   320:  1183172.003  1188527.001  1189570.003  1190124.001  1192076.003
   325:  1192793.001  1194038.003  1195687.001  1196646.003  1206151.001
   330:  1208082.003  1209498.001  1211412.003  1222234.001  1224734.018
   335:  1224959.003  1224965.016  1225015.026  1242106.001  1244331.003
   340:  1246173.001  1247525.003  1247717.001  1248681.003  1249499.001
   345:  1250534.003  1261358.001  1263329.003  1267778.001  1269704.003
   350:  1366261.001  1368761.018  1368807.003  1368813.016  1368863.026
   355:  1393865.001  1394146.003  1403245.001  1404594.003  1408175.001
   360:  1410163.003  1414177.001  1416168.003  1431885.001  1432475.003
   365:  1433104.001  1433895.003  1446338.001  1447795.003  1471603.001
   370:  1474084.003  1475060.001  1475227.003  1476214.001  1476332.003
   375:  1476868.001  1478912.003  1493429.001  1495833.003  1497073.001
   380:  1499167.003  1504803.001  1506572.003  1511004.001  1513474.003
   385:  1519273.001  1521062.003  1522950.001  1525404.003  1536262.001
   390:  1538641.003  1540294.001  1542794.018  1543379.003  1543385.016
   395:  1543435.026  1569160.001  1570793.003  1571639.001  1571837.003
   400:  1598924.001  1601105.003  1602113.001  1603817.003  1608349.001
   405:  1610795.003  1612036.001  1613638.003  1615489.001  1616857.003
   410:  1622439.001  1622523.003  1622582.001  1624897.003  1626234.001
   415:  1628113.003  1639995.001  1642495.018  1642886.003  1642892.016
   420:  1642942.026  1657458.001  1659105.003  1675599.001  1676973.003
   425:  1678553.001  1679672.003  1705224.001  1705821.003  1709836.001
   430:  1710711.003  1722401.001  1724056.003  1725132.001  1727632.018
   435:  1727844.003  1727850.016  1727900.026  1754721.001  1756965.003
   440:  1759032.001  1760994.003  1762771.001  1763265.003  1768573.001
   445:  1768836.003  1769613.001  1771490.003  1774216.001  1776716.018
   450:  1776767.003  1776773.016  1776823.026  1797297.001  1799748.003
B:
     0:        0.000      182.000        3.000      182.000        3.000
     5:        0.000        0.000        0.000        0.000        0.000
    10:        0.000        1.000        0.000        0.000        0.000
    15:        0.000       27.000        3.000       27.000        0.000
    20:        0.000        0.000        0.000        0.000        0.000
    25:        0.000       27.000        0.000        0.000        0.000
    30:        0.000
D:
     0: 44607252.000 44604802.000 44607253.000
E:
     0:     2500.000     2500.000
T:
     0:        0.000        0.000        0.000        0.000
