File: C:\MED-PC IV\Data\Aila\AN\AN0011.999


Start Date: 03/18/19
End Date: 03/18/19
Subject: 11
Experiment: AN
Group: PilotoAumentoCriterioLin
Box: 1
Start Time: 21:20:39
End Time: 22:20:39
MSN: DRRD_long
C:       0.000
F:       0.000
G:       0.000
H:       0.000
I:       0.000
J:       0.000
K:      30.000
L:       0.000
M:       0.000
N:       0.000
O:       0.000
P:       0.000
Q:       0.000
R:       0.000
S:       0.000
U:    1936.000
V:       0.000
W:       0.000
X:       0.000
Y:     950.000
Z:       0.000
A:
     0:     7799.001     8114.003     8269.001     8602.003     8985.001
     5:     9321.003     9675.001    10099.003    10180.001    10286.003
    10:    10397.001    10914.003    11052.001    11493.003    15000.011
    15:    43852.002    44338.004    44893.002    45401.004    46804.001
    20:    48304.018    49107.003    49113.016    49163.026    57199.001
    25:    57427.003    57489.001    57580.003    57655.001    57758.003
    30:    57901.001    58040.003    60361.001    60859.003    61173.001
    35:    61491.003    61503.001    61525.003    61713.001    61733.003
    40:    61769.001    62064.003    68863.002    69335.004    69653.002
    45:    70317.004    70913.001    71121.003    71143.001    71222.003
    50:    71249.001    71669.003    73445.001    73810.003    73996.001
    55:    74170.003    74235.001    74376.003    74483.001    74696.003
    60:    82767.002    83233.004    84912.001    85667.003    98266.002
    65:    98602.004   115394.001   115695.003   123135.001   124070.003
    70:   127065.001   127174.003   127310.001   127498.003   127846.001
    75:   128237.003   128283.001   128537.003   128636.001   128815.003
    80:   128918.001   128985.003   129723.001   130110.003   146023.001
    85:   146283.003   147554.001   148170.003   150006.001   150492.003
    90:   152264.001   152309.003   152414.001   153017.003   153081.001
    95:   153294.003   153350.001   153924.003   160077.001   160170.003
   100:   161599.002   162254.004   164709.002   164965.004   168231.001
   105:   168403.003   168421.001   168465.003   168492.001   169090.003
   110:   169260.001   169619.003   171037.001   171223.003   171289.001
   115:   171435.003   171515.001   171611.003   172241.001   172937.003
   120:   175276.001   175914.003   185239.001   186174.003   190126.001
   125:   190330.003   190649.001   191002.003   191465.001   192136.003
   130:   192346.001   192689.003   193722.001   194148.003   194183.001
   135:   194227.003   194268.001   194663.003   207246.001   207307.003
   140:   219774.001   220710.003   221598.001   222643.003   223963.001
   145:   224239.003   224321.001   224771.003   225783.001   225945.003
   150:   226087.001   226600.003   227090.001   227211.003   227406.001
   155:   227967.003   229005.001   229186.003   235122.001   235370.003
   160:   242306.002   242699.004   249059.001   249327.003   266750.001
   165:   267033.003   267940.001   269440.018   269559.003   269565.016
   170:   269615.026   276123.001   276229.003   277282.001   278140.003
   175:   278699.001   279313.003   291245.001   292745.018   293066.003
   180:   293072.016   293122.026   310892.001   311018.003   311120.001
   185:   311368.003   312207.001   312883.003   312909.001   312990.003
   190:   313011.001   313413.003   313616.001   314243.003   314891.001
   195:   315559.003   316271.001   316417.003   316512.001   316733.003
   200:   326492.001   326530.003   326824.001   327078.003   328892.001
   205:   329037.003   333001.001   333194.003   333206.001   333594.003
   210:   334613.001   334929.003   335180.001   335219.003   336151.001
   215:   337013.003   337071.001   337465.003   338036.001   338433.003
   220:   338552.001   338701.003   339485.001   340053.003   343306.001
   225:   343656.003   343707.001   344161.003   345392.001   346267.003
   230:   346302.001   346721.003   346903.001   347072.003   350155.001
   235:   351278.003   351869.001   352184.003   352512.001   352638.003
   240:   352764.001   353072.003   377084.001   378358.003   379877.001
   245:   379953.003   380166.001   380487.003   380561.001   380881.003
   250:   380924.001   381258.003   387540.001   388622.003   390205.001
   255:   390591.003   390698.001   391528.003   392007.001   393275.003
   260:   393323.001   393667.003   393787.001   394391.003   402149.002
   265:   402385.004   402612.002   404245.004   408831.001   408974.003
   270:   409206.001   409282.003   409772.001   410460.003   410567.001
   275:   410589.003   412661.001   412757.003   413975.001   414103.003
   280:   428137.001   428839.003   429071.001   429685.003   430667.001
   285:   430724.003   430795.001   431181.003   431237.001   431447.003
   290:   431525.001   431611.003   432064.001   433119.003   434711.001
   295:   434928.003   435491.001   435719.003   436059.001   436114.003
   300:   436188.001   436570.003   441670.001   441961.003   449213.002
   305:   449823.004   459958.001   461176.003   461295.001   461461.003
   310:   461494.001   461757.003   461933.001   462110.003   462212.001
   315:   462379.003   463109.001   463405.003   463545.001   463963.003
   320:   465409.001   465670.003   465735.001   466250.003   476229.001
   325:   476256.003   476365.001   477246.003   477367.001   477432.003
   330:   477517.001   477862.003   477900.001   478142.003   514641.001
   335:   515255.003   515461.001   516067.003   517018.001   517215.003
   340:   517381.001   517933.003   518677.001   518789.003   518931.001
   345:   520060.003   520103.001   520191.003   520302.001   521080.003
   350:   531669.001   532365.003   532899.001   532985.003   533218.001
   355:   533569.003   541981.001   542574.003   542675.001   542899.003
   360:   543239.001   543606.003   547218.002   547484.004   551397.001
   365:   551821.003   552059.001   553559.018   554012.003   554018.016
   370:   554068.026   576767.001   577150.003   577287.001   577711.003
   375:   587979.002   589450.004   605124.001   606113.003   606153.001
   380:   606851.003   609012.001   609475.003   609623.001   610195.003
   385:   610396.001   611364.003   611507.001   612231.003   615267.001
   390:   615395.003   615671.001   616720.003   616882.001   617522.003
   395:   619401.001   619929.003   619993.001   620621.003   620757.001
   400:   620869.003   620922.001   621587.003   621913.001   622512.003
   405:   637997.001   638053.003   642661.001   643325.003   643452.001
   410:   643888.003   645549.001   645863.003   646093.001   646315.003
   415:   647352.001   647509.003   647556.001   648012.003   648184.001
   420:   648344.003   648392.001   648736.003   649413.001   650143.003
   425:   665688.002   667091.004   668099.001   669019.003   669447.001
   430:   670034.003   673347.001   673846.003   673912.001   673974.003
   435:   676899.001   677338.003   677974.001   678256.003   681857.001
   440:   682621.003   683032.001   683115.003   691188.001   691614.003
   445:   691682.001   691952.003   692061.001   692176.003   692230.001
   450:   692944.003   693780.001   693904.003   693925.001   694451.003
   455:   694549.001   695278.003   698924.001   699487.003   700252.001
   460:   701226.003   707513.001   708519.003   711655.001   712255.003
   465:   712307.001   712446.003   712605.001   713174.003   714301.001
   470:   714610.003   714667.001   714902.003   715154.001   716071.003
   475:   721115.001   721382.003   723584.001   723760.003   723985.001
   480:   724269.003   724563.001   725315.003   729507.001   729560.003
   485:   729740.001   730966.003   731130.001   731507.003   733543.002
   490:   734175.004   740631.001   740769.003   742326.001   743141.003
   495:   748459.001   749024.003   749072.001   750173.003   750364.001
   500:   750705.003   750805.001   750961.003   750987.001   751270.003
   505:   766851.001   767042.003   767343.001   768502.003   770011.001
   510:   770505.003   774376.001   775161.003   775214.001   776197.003
   515:   776424.001   776840.003   802390.002   802898.004   824061.001
   520:   824331.003   824469.001   824596.003   845736.001   846521.003
   525:   855276.001   856694.003   879892.001   881392.018   881886.003
   530:   881892.016   881942.026   905637.001   907137.018   907318.003
   535:   907324.016   907374.026   919459.001   920842.003   922176.001
   540:   922419.003   922513.001   923030.003   928151.001   929414.003
   545:   934297.001   934591.003   934810.001   935007.003   935193.001
   550:   935435.003   935479.001   935825.003   936172.001   936338.003
   555:   937822.001   938010.003   938336.001   938984.003   939045.001
   560:   939300.003   939392.001   939701.003   943461.001   944335.003
   565:   944536.001   944797.003   946388.001   946681.003   946743.001
   570:   946919.003   947037.001   947720.003   948524.001   949093.003
   575:   957567.001   958796.003   959504.001   960316.003   960330.001
   580:   960364.003   960394.001   960566.003   960716.001   961050.003
   585:   961167.001   961430.003   967909.001   969299.003   969373.001
   590:   969600.003   970802.001   970941.003   971003.001   971154.003
   595:   971487.001   971615.003   971793.001   972249.003   977963.001
   600:   978629.003   978723.001   979382.003   981002.001   981517.003
   605:   981628.001   982013.003   982160.001   983129.003   987123.001
   610:   987235.003   991659.001   992207.003   992280.001   992908.003
   615:   993096.001   993312.003   996191.001   996843.003   996859.001
   620:   997543.003  1012922.001  1014054.003  1017138.001  1017327.003
   625:  1017389.001  1017966.003  1018405.001  1018540.003  1019934.001
   630:  1021333.003  1023590.001  1024280.003  1030918.001  1032418.018
   635:  1032981.003  1032987.016  1033037.026  1047184.001  1047243.003
   640:  1047485.001  1047971.003  1048299.001  1048649.003  1052349.001
   645:  1052810.003  1053028.001  1053524.003  1054908.001  1055170.003
   650:  1055606.001  1056040.003  1061609.001  1061938.003  1063029.001
   655:  1063601.003  1063718.001  1064087.003  1070360.001  1070419.003
   660:  1071087.001  1071593.003  1079123.001  1079785.003  1079866.001
   665:  1080014.003  1080334.001  1080582.003  1080673.001  1080880.003
   670:  1101791.001  1102408.003  1103310.001  1104030.003  1105761.001
   675:  1106616.003  1106783.001  1107668.003  1112410.001  1112538.003
   680:  1113418.001  1113716.003  1113759.001  1113961.003  1114134.001
   685:  1114919.003  1115492.001  1116804.003  1126410.001  1127213.003
   690:  1127329.001  1127905.003  1127997.001  1128326.003  1130032.001
   695:  1130371.003  1130432.001  1131264.003  1132052.001  1132503.003
   700:  1150813.001  1151435.003  1156505.002  1156704.004  1161799.001
   705:  1162161.003  1164074.001  1164299.003  1164432.001  1165508.003
   710:  1170601.001  1171355.003  1191618.001  1192099.003  1196640.001
   715:  1197911.003  1198678.001  1199150.003  1202203.001  1203318.003
   720:  1204676.001  1204786.003  1212388.001  1213179.003  1214807.001
   725:  1214904.003  1215288.001  1215803.003  1216200.001  1216434.003
   730:  1217217.001  1217646.003  1217724.001  1218049.003  1226395.001
   735:  1227283.003  1227299.001  1227632.003  1231849.001  1232016.003
   740:  1232303.001  1233220.003  1292422.001  1293922.018  1294000.003
   745:  1294006.016  1294056.026  1307651.001  1308558.003  1311454.001
   750:  1311907.003  1317255.001  1317637.003  1318299.001  1318359.003
   755:  1318484.001  1318969.003  1321654.001  1322603.003  1322666.001
   760:  1323095.003  1327081.001  1327757.003  1328036.001  1328406.003
   765:  1329566.001  1329794.003  1329890.001  1331004.003  1333358.001
   770:  1334428.003  1334516.001  1334805.003  1334878.001  1335390.003
   775:  1340907.001  1340992.003  1341210.001  1341461.003  1341553.001
   780:  1342434.003  1342657.001  1343474.003  1355488.001  1356238.003
   785:  1356326.001  1356830.003  1357630.001  1357743.003  1357819.001
   790:  1358102.003  1361403.001  1361537.003  1361952.001  1362232.003
   795:  1376024.001  1376655.003  1376740.001  1377218.003  1377321.001
   800:  1377508.003  1378225.001  1379278.003  1380628.001  1380960.003
   805:  1387331.001  1387858.003  1392788.001  1393353.003  1393443.001
   810:  1393779.003  1396235.001  1396687.003  1396963.001  1397533.003
   815:  1405791.001  1406252.003  1408661.001  1408840.003  1412148.001
   820:  1413117.003  1413298.001  1413813.003  1413997.001  1414230.003
   825:  1414369.001  1415167.003  1423823.001  1423852.003  1423899.001
   830:  1423971.003  1424225.001  1424741.003  1424939.001  1425059.003
   835:  1425177.001  1425613.003  1437386.001  1438369.003  1458892.001
   840:  1459419.003  1459857.001  1460490.003  1463642.001  1463760.003
   845:  1463846.001  1464115.003  1464235.001  1464527.003  1464619.001
   850:  1464875.003  1470099.001  1471025.003  1472660.001  1473526.003
   855:  1473799.001  1473919.003  1482217.001  1482577.003  1482974.001
   860:  1484222.003  1487686.002  1487848.004  1497694.001  1497998.003
   865:  1498098.001  1498233.003  1500560.001  1501012.003  1501148.001
   870:  1501463.003  1501639.001  1502089.003  1518320.001  1518585.003
   875:  1522945.001  1523799.003  1524026.001  1524437.003  1530985.001
   880:  1531370.003  1533263.001  1533457.003  1533536.001  1533996.003
   885:  1534219.001  1534641.003  1535098.001  1535414.003  1551842.001
   890:  1551901.003  1551995.001  1552072.003  1552202.001  1552582.003
   895:  1552828.001  1552967.003  1599275.001  1599928.003  1605912.001
   900:  1606732.003  1609444.001  1609772.003  1612343.001  1612712.003
   905:  1643695.001  1644227.003  1644334.001  1644692.003  1645053.001
   910:  1645378.003  1649125.001  1649242.003  1649306.001  1650458.003
   915:  1660614.001  1661026.003  1661105.001  1662234.003  1674875.001
   920:  1675461.003  1675885.001  1676119.003  1678488.001  1679073.003
   925:  1682131.001  1683631.018  1683744.003  1683750.016  1683800.026
   930:  1716687.001  1717521.003  1720708.001  1721563.003  1722296.001
   935:  1723370.003  1723415.001  1723726.003  1728470.001  1729075.003
   940:  1736379.001  1737170.003  1737363.001  1737832.003  1739513.001
   945:  1739796.003  1739957.001  1740174.003  1740341.001  1740897.003
B:
     0:        0.000      442.000       19.000      442.000       19.000
     5:        0.000        0.000        0.000        0.000        0.000
    10:        0.000        1.000        0.000        0.000        0.000
    15:        0.000        9.000        0.000        9.000        0.000
    20:        0.000        0.000        0.000        0.000        0.000
    25:        0.000        9.000        0.000        0.000        0.000
    30:        0.000
D:
     0:  1742832.000  1742277.000  1742833.000
E:
     0:     1500.000     1500.000
T:
     0:        0.000        0.000        0.000        0.000
