File: C:\MED-PC IV\Data\Aila\AN\AN0014.999


Start Date: 03/21/19
End Date: 03/21/19
Subject: 14
Experiment: AN
Group: PilotoAumentoCriterioExp
Box: 4
Start Time: 21:57:36
End Time: 22:57:35
MSN: DRRD_long_exp
C:       0.000
F:       0.000
G:       0.000
H:       0.000
I:       0.000
J:       0.000
K:      33.000
L:       0.000
M:       0.000
N:       0.000
O:       0.000
P:       0.000
Q:       0.000
R:       0.000
S:       0.000
U:    1722.000
V:       0.000
W:       0.000
X:       0.000
Y:    2095.000
Z:       0.000
A:
     0:    14551.001    15000.011    15508.003    26096.001    27625.003
     5:    29002.001    29877.003    32382.001    32699.003    49370.001
    10:    50622.003    51095.001    51317.003    52972.001    53208.003
    15:    53566.001    54227.003    54305.001    54373.003    54852.001
    20:    55028.003    55099.001    55401.003    55504.001    55660.003
    25:    58134.001    58223.003    58288.001    58791.003    60883.001
    30:    61500.003    61576.001    62016.003    66824.001    67208.003
    35:    67537.001    68335.003    68947.001    70597.018    70627.003
    40:    70633.016    70683.026    74005.001    74096.003    75621.001
    45:    76167.003    76495.001    77773.003    78188.001    79135.003
    50:    81140.001    81342.003    81395.001    81794.003    83986.001
    55:    84224.003    84282.001    84800.003    84932.001    85144.003
    60:    85856.001    86100.003    86952.001    87151.003    87225.001
    65:    87252.003    87331.001    87997.003    89386.001    89770.003
    70:    91427.001    92216.003    92405.001    92769.003    94555.001
    75:    95585.003    95693.001    95956.003    97968.001    98849.003
    80:    98878.001    98939.003    99010.001    99392.003   100945.001
    85:   101139.003   105939.001   106242.003   106313.001   107283.003
    90:   108015.001   108307.003   108365.001   108709.003   108883.001
    95:   109426.003   114803.001   115665.003   115746.001   116330.003
   100:   116955.001   117438.003   117507.001   118047.003   118075.001
   105:   118129.003   118173.001   118517.003   120245.001   121115.003
   110:   122964.001   124197.003   124226.001   125008.003   125758.001
   115:   126888.003   128590.001   129243.003   129840.001   130038.003
   120:   130128.001   130278.003   130300.001   130700.003   130748.001
   125:   130821.003   130883.001   131719.003   131886.001   132354.003
   130:   133067.001   133424.003   133577.001   133608.003   133683.001
   135:   134490.003   134973.001   135362.003   135434.001   135699.003
   140:   135745.001   135817.003   135853.001   135950.003   136028.001
   145:   136107.003   136183.001   136244.003   136317.001   136475.003
   150:   136800.001   137085.003   142391.001   143221.003   143605.001
   155:   144786.003   144811.001   144860.003   144899.001   145122.003
   160:   145213.001   145310.003   145329.001   145450.003   145497.001
   165:   146189.003   147001.001   147260.003   147300.001   147872.003
   170:   148891.001   149512.003   149803.001   149993.003   150070.001
   175:   150909.003   150993.001   151097.003   151302.001   152172.003
   180:   152758.001   152936.003   155851.001   156433.003   163899.001
   185:   164548.003   165082.001   165444.003   165486.001   166131.003
   190:   166457.001   166868.003   168583.001   169521.003   169868.001
   195:   170479.003   170500.001   171468.003   173080.001   174598.003
   200:   175399.001   177026.003   177574.001   177795.003   178043.001
   205:   178074.003   178425.001   178692.003   178755.001   180209.003
   210:   181222.001   181430.003   181445.001   181838.003   182156.001
   215:   182283.003   182331.001   182403.003   182421.001   182466.003
   220:   182536.001   183711.003   184232.001   184314.003   185024.001
   225:   185779.003   187120.001   187433.003   187536.001   188581.003
   230:   188654.001   188858.003   188939.001   189558.003   189634.001
   235:   189738.003   189901.001   190096.003   191332.001   192664.003
   240:   193108.001   193501.003   195093.001   195954.003   196000.001
   245:   196330.003   196356.001   196409.003   196464.001   196910.003
   250:   197504.001   198185.003   198799.001   199842.003   200900.001
   255:   201347.003   201986.001   202643.003   202676.001   202765.003
   260:   202815.001   203125.003   203150.001   203285.003   203347.001
   265:   203926.003   215726.001   215871.003   215926.001   216086.003
   270:   216127.001   216313.003   216955.001   217486.003   226772.001
   275:   226919.003   226967.001   227477.003   238723.001   239432.003
   280:   240824.001   241528.003   242605.001   243637.003   244342.001
   285:   245599.003   247118.001   248159.003   248522.001   250172.018
   290:   250561.003   250567.016   250617.026   256343.001   256504.003
   295:   256778.001   256930.003   257010.001   257262.003   259604.001
   300:   260893.003   261554.001   262856.003   263347.001   264244.003
   305:   264299.001   265178.003   266606.001   266834.003   266993.001
   310:   268006.003   269151.001   270131.003   270257.001   270411.003
   315:   270864.001   270976.003   271003.001   271779.003   272808.001
   320:   273554.003   273622.001   274327.003   279429.001   279965.003
   325:   280785.001   282027.003   282565.001   284089.003   284593.001
   330:   285097.003   285516.001   286267.003   286453.001   286806.003
   335:   286993.001   287994.003   289946.001   290056.003   290614.001
   340:   291752.003   292723.001   293164.003   293343.001   293438.003
   345:   293795.001   294414.003   306468.001   306818.003   306902.001
   350:   307480.003   308955.001   309402.003   309431.001   309453.003
   355:   309880.001   310282.003   310371.001   310682.003   310766.001
   360:   310899.003   316467.001   317235.003   317252.001   318305.003
   365:   319296.001   320139.003   320897.001   321386.003   321770.001
   370:   322112.003   322146.001   323796.018   323984.003   323990.016
   375:   324040.026   327070.001   327130.003   327195.001   328287.003
   380:   328914.001   329881.003   329974.001   330246.003   331663.001
   385:   333287.003   334259.001   334498.003   334512.001   335524.003
   390:   335635.001   335932.003   337467.001   337559.003   337607.001
   395:   338554.003   338679.001   338779.003   339034.001   339164.003
   400:   342408.001   343382.003   343426.001   343486.003   343529.001
   405:   343609.003   343652.001   345030.003   345330.001   346030.003
   410:   346627.001   346750.003   348385.001   348564.003   349007.001
   415:   349374.003   349421.001   349675.003   349717.001   349833.003
   420:   353728.001   355132.003   355209.001   356403.003   359869.001
   425:   361519.018   361680.003   361686.016   361736.026   367092.001
   430:   367787.003   370984.001   371306.003   371345.001   372081.003
   435:   372672.001   372899.003   372966.001   373204.003   373265.001
   440:   374568.003   374638.001   374837.003   380674.001   380726.003
   445:   380770.001   380810.003   380862.001   382512.018   382694.003
   450:   382700.016   382750.026   385955.001   386097.003   389116.001
   455:   390136.003   390783.001   391183.003   391228.001   391312.003
   460:   392976.001   393041.003   393091.001   394053.003   395346.001
   465:   396081.003   397801.001   398325.003   398350.001   398432.003
   470:   398509.001   398644.003   398718.001   399797.003   400661.001
   475:   401130.003   401297.001   401644.003   401906.001   402494.003
   480:   403273.001   404417.003   404496.001   405544.003   406705.001
   485:   407301.003   409002.001   409656.003   411463.001   411696.003
   490:   411723.001   412446.003   412923.001   413157.003   413238.001
   495:   413529.003   413664.001   413948.003   414581.001   414700.003
   500:   415388.001   415757.003   415791.001   416013.003   416095.001
   505:   416828.003   417715.001   418602.003   418909.001   419484.003
   510:   420189.001   420498.003   420543.001   421088.003   421178.001
   515:   422505.003   424034.001   425446.003   425994.001   426279.003
   520:   426301.001   427075.003   427113.001   427335.003   427447.001
   525:   428532.003   429931.001   429976.003   430386.001   431403.003
   530:   431497.001   432006.003   433076.001   433307.003   433461.001
   535:   433490.003   433553.001   433626.003   433760.001   433879.003
   540:   433970.001   434183.003   434272.001   434672.003   437111.001
   545:   437150.003   437232.001   437565.003   438818.001   439915.003
   550:   439986.001   440031.003   440119.001   441039.003   441218.001
   555:   441251.003   441767.001   442124.003   443430.001   444473.003
   560:   444532.001   444588.003   444716.001   444922.003   445043.001
   565:   445155.003   445256.001   445797.003   451341.001   452990.003
   570:   453768.001   454971.003   455329.001   456620.003   457402.001
   575:   458921.003   459267.001   459879.003   460426.001   460847.003
   580:   461083.001   461131.003   461254.001   461996.003   464608.001
   585:   464735.003   464864.001   465166.003   465180.001   465848.003
   590:   466375.001   466534.003   467197.001   467915.003   468761.001
   595:   470218.003   470749.001   471479.003   471555.001   472711.003
   600:   473715.001   474890.003   475298.001   476948.018   477177.003
   605:   477183.016   477233.026   482218.001   483016.003   483723.001
   610:   485087.003   485812.001   487273.003   487679.001   488420.003
   615:   488485.001   488576.003   488626.001   489995.003   490544.001
   620:   490978.003   491117.001   491155.003   491224.001   492325.003
   625:   492955.001   493305.003   493846.001   493933.003   494045.001
   630:   494131.003   494699.001   494893.003   494934.001   495573.003
   635:   495787.001   496374.003   499523.001   500367.003   500427.001
   640:   500580.003   502247.001   502490.003   502531.001   503423.003
   645:   504294.001   505192.003   505788.001   507285.003   508384.001
   650:   509342.003   509681.001   510903.003   511379.001   512376.003
   655:   512436.001   513718.003   514455.001   515390.003   515612.001
   660:   516465.003   525899.001   527402.003   528148.001   529345.003
   665:   529677.001   530353.003   530374.001   530886.003   531617.001
   670:   531847.003   532220.001   533870.018   534386.003   534392.016
   675:   534442.026   536982.001   537633.003   538241.001   539814.003
   680:   540511.001   541309.003   541848.001   543152.003   543668.001
   685:   545318.018   545506.003   545512.016   545562.026   548668.001
   690:   549271.003   549895.001   551268.003   551673.001   553302.003
   695:   554159.001   555305.003   555721.001   557371.018   557388.003
   700:   557394.016   557444.026   561525.001   561678.003   561737.001
   705:   561770.003   561866.001   562383.003   562634.001   562745.003
   710:   564012.001   565310.003   566747.001   566863.003   567113.001
   715:   568187.003   568886.001   570325.003   570721.001   570936.003
   720:   571310.001   571654.003   573519.001   574767.003   575743.001
   725:   576955.003   577624.001   579100.003   579532.001   580386.003
   730:   580830.001   582041.003   582690.001   583956.003   590212.001
   735:   591252.003   591762.001   593014.003   593632.001   594908.003
   740:   595223.001   596042.003   596616.001   598266.018   598285.003
   745:   598291.016   598341.026   600303.001   601694.003   602379.001
   750:   603458.003   604085.001   605249.003   605634.001   606703.003
   755:   607466.001   608691.003   610956.001   611594.003   611634.001
   760:   612399.003   612799.001   614050.003   614436.001   616022.003
   765:   616970.001   617906.003   619074.001   620198.003   620600.001
   770:   621863.003   622638.001   623016.003   623407.001   624289.003
   775:   624316.001   624576.003   627639.001   627787.003   627833.001
   780:   629004.003   629512.001   630047.003   630134.001   630917.003
   785:   631531.001   631819.003   631897.001   632078.003   632239.001
   790:   633222.003   637017.001   638364.003   638864.001   639816.003
   795:   639826.001   640285.003   640963.001   642160.003   642545.001
   800:   643312.003   643386.001   644343.003   646293.001   646476.003
   805:   646545.001   646807.003   647694.001   647936.003   647957.001
   810:   648520.003   648660.001   649142.003   649892.001   650858.003
   815:   651806.001   652052.003   652140.001   652637.003   652867.001
   820:   653102.003   654328.001   654611.003   654689.001   655973.003
   825:   656439.001   656563.003   656677.001   657319.003   658480.001
   830:   658641.003   658745.001   659525.003   661027.001   661132.003
   835:   661181.001   661627.003   661845.001   662261.003   662892.001
   840:   664203.003   664844.001   665818.003   667872.001   669205.003
   845:   671012.001   672215.003   672609.001   673972.003   674259.001
   850:   674515.003   674555.001   676141.003   679634.001   680669.003
   855:   681330.001   682980.018   683166.003   683172.016   683222.026
   860:   687452.001   687897.003   688428.001   689798.003   697471.001
   865:   698629.003   698945.001   700232.003   700658.001   701938.003
   870:   702349.001   703482.003   703937.001   704526.003   704570.001
   875:   705274.003   706094.001   706278.003   706326.001   706614.003
   880:   706636.001   706985.003   707493.001   708331.003   708384.001
   885:   709313.003   709793.001   711016.003   711753.001   712868.003
   890:   713562.001   713901.003   713934.001   715026.003   715475.001
   895:   716012.003   716047.001   716697.003   717223.001   718481.003
   900:   719129.001   719201.003   721645.001   722753.003   723234.001
   905:   724508.003   725067.001   726077.003   726986.001   727088.003
   910:   728066.001   728637.003   729575.001   729718.003   729753.001
   915:   730690.003   731155.001   732360.003   733078.001   734414.003
   920:   734765.001   735156.003   735194.001   735679.003   736392.001
   925:   737075.003   741818.001   743109.003   743567.001   744744.003
   930:   745104.001   745653.003   746038.001   746228.003   746993.001
   935:   748278.003   748759.001   750109.003   750762.001   751014.003
   940:   751168.001   751775.003   753571.001   754806.003   755213.001
   945:   756460.003   756495.001   756549.003   756835.001   758412.003
   950:   765393.001   766334.003   766894.001   768063.003   768583.001
   955:   769672.003   770268.001   771346.003   772002.001   773354.003
   960:   773897.001   774204.003   774292.001   775574.003   776389.001
   965:   777359.003   777656.001   778818.003   780462.001   781746.003
   970:   782138.001   783468.003   783842.001   783938.003   784071.001
   975:   784207.003   784562.001   784728.003   784781.001   785411.003
   980:   785432.001   786130.003   786628.001   786713.003   787068.001
   985:   787761.003   787843.001   788946.003   789727.001   791377.018
   990:   791513.003   791519.016   791569.026   794770.001   795859.003
   995:   796577.001   797716.003   798560.001   799934.003   800442.001
  1000:   801121.003   801204.001   801840.003   802459.001   802761.003
  1005:   802905.001   803325.003   803423.001   804496.003   805532.001
  1010:   807182.018   807239.003   807245.016   807295.026   810122.001
  1015:   810183.003   810426.001   810594.003   810712.001   811777.003
  1020:   812246.001   813184.003   826398.001   827322.003   827413.001
  1025:   827461.003   827506.001   827797.003   829403.001   831053.018
  1030:   831084.003   831090.016   831140.026   833446.001   834467.003
  1035:   835102.001   835803.003   837885.001   838716.003   839057.001
  1040:   840114.003   840867.001   842046.003   842525.001   843674.003
  1045:   844167.001   844817.003   844851.001   844976.003   845006.001
  1050:   845170.003   846742.001   847796.003   847882.001   848896.003
  1055:   849546.001   850626.003   851134.001   852223.003   853132.001
  1060:   853286.003   854616.001   854760.003   854800.001   855711.003
  1065:   857867.001   858266.003   859901.001   860552.003   860589.001
  1070:   860714.003   861640.001   862722.003   867428.001   868366.003
  1075:   868994.001   870243.003   871099.001   872134.003   872529.001
  1080:   873183.003   873759.001   874401.003   874439.001   874743.003
  1085:   875542.001   876654.003   877192.001   878344.003   878918.001
  1090:   880295.003   880750.001   880931.003   880960.001   882166.003
  1095:   882808.001   883646.003   883673.001   883935.003   885546.001
  1100:   887196.018   887300.003   887306.016   887356.026   889737.001
  1105:   891047.003   891765.001   892681.003   893400.001   894519.003
  1110:   895080.001   896194.003   897066.001   898317.003   899174.001
  1115:   899392.003   899502.001   900673.003   902553.001   903188.003
  1120:   903358.001   903663.003   908593.001   908695.003   908768.001
  1125:   909829.003   910673.001   911524.003   911866.001   913134.003
  1130:   913720.001   914992.003   915405.001   916634.003   917197.001
  1135:   918459.003   918824.001   919579.003   919638.001   919760.003
  1140:   919800.001   920655.003   921847.001   923035.003   923510.001
  1145:   924064.003   924099.001   924710.003   925194.001   925928.003
  1150:   926120.001   926325.003   927295.001   927601.003   927679.001
  1155:   928634.003   930087.001   931299.003   931674.001   932918.003
  1160:   933429.001   934373.003   934712.001   935796.003   936546.001
  1165:   937450.003   937958.001   938616.003   938664.001   939163.003
  1170:   939555.001   940171.003   940388.001   940682.003   941501.001
  1175:   942833.003   943339.001   943578.003   943607.001   944766.003
  1180:   945358.001   945904.003   946473.001   947360.003   947796.001
  1185:   948429.003   948483.001   948558.003   948597.001   949714.003
  1190:   950749.001   951684.003   952074.001   952605.003   953010.001
  1195:   953771.003   955107.001   956104.003   956975.001   958387.003
  1200:   959216.001   960457.003   960936.001   962023.003   962605.001
  1205:   962940.003   963004.001   964156.003   964655.001   965216.003
  1210:   972316.001   972374.003   972586.001   973327.003   973868.001
  1215:   975269.003   975812.001   977462.018   977628.003   977634.016
  1220:   977684.026   982755.001   983376.003   983744.001   984921.003
  1225:   985485.001   986792.003   987248.001   988702.003   989073.001
  1230:   990426.003   991040.001   991264.003   991286.001   991313.003
  1235:   991631.001   992005.003   997074.001   997932.003   998536.001
  1240:   999776.003  1000301.001  1001370.003  1001761.001  1003070.003
  1245:  1003453.001  1003756.003  1003786.001  1004112.003  1004146.001
  1250:  1005000.003  1006259.001  1007004.003  1007095.001  1007259.003
  1255:  1007810.001  1008130.003  1008213.001  1008369.003  1008444.001
  1260:  1008503.003  1008570.001  1008729.003  1008847.001  1009291.003
  1265:  1010824.001  1011238.003  1011423.001  1011832.003  1013801.001
  1270:  1013874.003  1013932.001  1014647.003  1014941.001  1016095.003
  1275:  1016659.001  1018309.018  1018444.003  1018450.016  1018500.026
  1280:  1020582.001  1021411.003  1021714.001  1022501.003  1023100.001
  1285:  1024200.003  1024818.001  1025932.003  1026422.001  1027191.003
  1290:  1027502.001  1027928.003  1028636.001  1029525.003  1029652.001
  1295:  1030356.003  1030685.001  1031070.003  1031100.001  1031628.003
  1300:  1031647.001  1032368.003  1033975.001  1035207.003  1035570.001
  1305:  1036279.003  1036731.001  1037210.003  1037244.001  1038162.003
  1310:  1038517.001  1039249.003  1039395.001  1039547.003  1039662.001
  1315:  1040395.003  1041390.001  1042616.003  1043010.001  1044289.003
  1320:  1045067.001  1046717.018  1046796.003  1046802.016  1046852.026
  1325:  1049407.001  1050448.003  1051049.001  1052138.003  1052614.001
  1330:  1054264.018  1054636.003  1054642.016  1054692.026  1057637.001
  1335:  1058379.003  1058926.001  1060154.003  1060731.001  1062045.003
  1340:  1062728.001  1063704.003  1064121.001  1064737.003  1064812.001
  1345:  1065345.003  1066535.001  1067735.003  1071380.001  1072642.003
  1350:  1073258.001  1074506.003  1075102.001  1076545.003  1077202.001
  1355:  1078271.003  1079024.001  1080020.003  1081038.001  1081693.003
  1360:  1081794.001  1082598.003  1083849.001  1085480.003  1086060.001
  1365:  1087294.003  1087918.001  1088271.003  1088498.001  1088651.003
  1370:  1088851.001  1089639.003  1094828.001  1095762.003  1096376.001
  1375:  1097373.003  1097724.001  1097954.003  1099950.001  1101232.003
  1380:  1101730.001  1103017.003  1104048.001  1104406.003  1104470.001
  1385:  1105893.003  1106846.001  1107860.003  1108321.001  1109730.003
  1390:  1110268.001  1111691.003  1112135.001  1113785.018  1113827.003
  1395:  1113833.016  1113883.026  1116241.001  1117467.003  1117973.001
  1400:  1119101.003  1119616.001  1120861.003  1121897.001  1123046.003
  1405:  1123980.001  1125016.003  1125679.001  1126535.003  1126886.001
  1410:  1128112.003  1128779.001  1130302.003  1130757.001  1132407.018
  1415:  1132636.003  1132642.016  1132692.026  1135405.001  1136546.003
  1420:  1137184.001  1137400.003  1137586.001  1137912.003  1139011.001
  1425:  1139206.003  1139297.001  1139392.003  1140822.001  1141354.003
  1430:  1141504.001  1141880.003  1143123.001  1144344.003  1144717.001
  1435:  1145436.003  1145518.001  1145584.003  1145654.001  1146466.003
  1440:  1146919.001  1147130.003  1147176.001  1147367.003  1147445.001
  1445:  1147565.003  1147631.001  1147713.003  1147771.001  1147938.003
  1450:  1147976.001  1148619.003  1153307.001  1154617.003  1167911.001
  1455:  1168570.003  1169772.001  1170885.003  1171556.001  1172723.003
  1460:  1173344.001  1174812.003  1175589.001  1176704.003  1177687.001
  1465:  1179108.003  1182037.001  1183022.003  1183454.001  1184582.003
  1470:  1185285.001  1186799.003  1187494.001  1189028.003  1189534.001
  1475:  1190510.003  1190541.001  1191266.003  1191765.001  1192486.003
  1480:  1192508.001  1192891.003  1193805.001  1195136.003  1195690.001
  1485:  1196594.003  1198144.001  1199161.003  1199604.001  1200459.003
  1490:  1200870.001  1201192.003  1202401.001  1202898.003  1202980.001
  1495:  1203637.003  1205854.001  1206114.003  1206150.001  1207072.003
  1500:  1207537.001  1209017.003  1209941.001  1210997.003  1211460.001
  1505:  1212781.003  1214776.001  1215730.003  1216804.001  1218168.003
  1510:  1218565.001  1220211.003  1221249.001  1222615.003  1223094.001
  1515:  1224305.003  1224934.001  1225919.003  1226184.001  1226949.003
  1520:  1227932.001  1229382.003  1230109.001  1230186.003  1230232.001
  1525:  1230352.003  1230931.001  1232192.003  1232822.001  1234191.003
  1530:  1238034.001  1239223.003  1239742.001  1241301.003  1241663.001
  1535:  1242936.003  1243631.001  1243971.003  1244119.001  1244316.003
  1540:  1244380.001  1245037.003  1245930.001  1247287.003  1248045.001
  1545:  1248294.003  1248390.001  1248698.003  1249344.001  1249882.003
  1550:  1258141.001  1258836.003  1259383.001  1260504.003  1260889.001
  1555:  1262202.003  1262694.001  1264218.003  1264738.001  1265505.003
  1560:  1265551.001  1266451.003  1267483.001  1267816.003  1279935.001
  1565:  1280251.003  1280352.001  1280903.003  1281737.001  1282389.003
  1570:  1285239.001  1286022.003  1286492.001  1287969.003  1288799.001
  1575:  1289914.003  1290489.001  1291209.003  1291318.001  1292102.003
  1580:  1292595.001  1292706.003  1293350.001  1294575.003  1294849.001
  1585:  1295124.003  1296015.001  1297496.003  1307303.001  1308005.003
  1590:  1311212.001  1312325.003  1312738.001  1314126.003  1315298.001
  1595:  1316647.003  1319319.001  1319980.003  1323077.001  1324316.003
  1600:  1325185.001  1326402.003  1327919.001  1329297.003  1331183.001
  1605:  1332483.003  1334059.001  1335709.018  1335733.003  1335739.016
  1610:  1335789.026  1339491.001  1340579.003  1341371.001  1342158.003
  1615:  1344082.001  1345143.003  1346164.001  1347279.003  1347839.001
  1620:  1349275.003  1352475.001  1353588.003  1354275.001  1354456.003
  1625:  1354765.001  1354851.003  1354876.001  1355739.003  1356542.001
  1630:  1358153.003  1359214.001  1359368.003  1359415.001  1359888.003
  1635:  1359911.001  1360103.003  1360131.001  1361019.003  1364230.001
  1640:  1365315.003  1372550.001  1373881.003  1374796.001  1376109.003
  1645:  1376998.001  1378363.003  1378905.001  1380134.003  1381339.001
  1650:  1381549.003  1381608.001  1383238.003  1384052.001  1384932.003
  1655:  1384971.001  1386189.003  1387657.001  1388871.003  1389492.001
  1660:  1390110.003  1390194.001  1390435.003  1390462.001  1390674.003
  1665:  1390715.001  1390755.003  1391264.001  1391663.003  1391706.001
  1670:  1392533.003  1393919.001  1394203.003  1394428.001  1394767.003
  1675:  1394854.001  1394922.003  1394973.001  1396004.003  1398243.001
  1680:  1399407.003  1400626.001  1402115.003  1402783.001  1404433.018
  1685:  1404510.003  1404516.016  1404566.026  1407021.001  1408370.003
  1690:  1409200.001  1410823.003  1413216.001  1413752.003  1413827.001
  1695:  1413890.003  1414282.001  1414862.003  1415885.001  1417199.003
  1700:  1417668.001  1418930.003  1419615.001  1421228.003  1421830.001
  1705:  1423045.003  1424659.001  1426280.003  1426867.001  1427066.003
  1710:  1430166.001  1431562.003  1432218.001  1432985.003  1433000.001
  1715:  1433711.003  1434971.001  1435652.003  1435704.001  1436351.003
  1720:  1436790.001  1438090.003  1438976.001  1439859.003  1440361.001
  1725:  1441818.003  1442713.001  1443531.003  1445058.001  1446135.003
  1730:  1447257.001  1448424.003  1449507.001  1450681.003  1451266.001
  1735:  1452916.018  1453099.003  1453105.016  1453155.026  1455734.001
  1740:  1457049.003  1457776.001  1459073.003  1459880.001  1460793.003
  1745:  1461188.001  1462838.018  1462871.003  1462877.016  1462927.026
  1750:  1465329.001  1466979.018  1467022.003  1467028.016  1467078.026
  1755:  1472560.001  1473328.003  1475177.001  1475813.003  1477150.001
  1760:  1477938.003  1486545.001  1487163.003  1488304.001  1488900.003
  1765:  1489656.001  1490788.003  1492033.001  1492963.003  1493551.001
  1770:  1493732.003  1493857.001  1494291.003  1494721.001  1496074.003
  1775:  1496671.001  1498022.003  1499002.001  1499763.003  1500459.001
  1780:  1501838.003  1503005.001  1503992.003  1504730.001  1506049.003
  1785:  1506810.001  1508255.003  1509015.001  1509767.003  1510386.001
  1790:  1511711.003  1513276.001  1514249.003  1514841.001  1515793.003
  1795:  1516531.001  1517295.003  1518700.001  1520043.003  1520699.001
  1800:  1521590.003  1521665.001  1522508.003  1523338.001  1524777.003
  1805:  1525695.001  1527220.003  1527829.001  1528872.003  1529997.001
  1810:  1531040.003  1531557.001  1533005.003  1533795.001  1534155.003
  1815:  1534191.001  1535028.003  1536405.001  1537460.003  1538078.001
  1820:  1539340.003  1539921.001  1541191.003  1541808.001  1542656.003
  1825:  1542695.001  1543643.003  1544380.001  1544819.003  1544864.001
  1830:  1544929.003  1544964.001  1546051.003  1546411.001  1546835.003
  1835:  1547354.001  1547812.003  1547986.001  1548050.003  1548125.001
  1840:  1548182.003  1548204.001  1548969.003  1550322.001  1550786.003
  1845:  1550818.001  1550889.003  1550934.001  1551115.003  1551135.001
  1850:  1552496.003  1554863.001  1556178.003  1556756.001  1557846.003
  1855:  1558295.001  1558558.003  1558610.001  1558983.003  1559149.001
  1860:  1559932.003  1561128.001  1561422.003  1561447.001  1561520.003
  1865:  1561615.001  1562196.003  1563061.001  1563911.003  1564298.001
  1870:  1565234.003  1565293.001  1566286.003  1567200.001  1567401.003
  1875:  1567438.001  1569088.018  1569158.003  1569164.016  1569214.026
  1880:  1572230.001  1573212.003  1573881.001  1574932.003  1575499.001
  1885:  1575766.003  1575805.001  1576840.003  1577849.001  1578620.003
  1890:  1578733.001  1579722.003  1580370.001  1580961.003  1581102.001
  1895:  1581670.003  1582075.001  1582513.003  1583570.001  1583822.003
  1900:  1583872.001  1585469.003  1586219.001  1587190.003  1587633.001
  1905:  1588820.003  1589531.001  1590111.003  1590346.001  1591437.003
  1910:  1594089.001  1595476.003  1598196.001  1599846.018  1600035.003
  1915:  1600041.016  1600091.026  1602614.001  1603395.003  1603928.001
  1920:  1605346.003  1606500.001  1607733.003  1608301.001  1609434.003
  1925:  1611346.001  1612155.003  1612194.001  1612544.003  1612595.001
  1930:  1613526.003  1613998.001  1615616.003  1616549.001  1617405.003
  1935:  1617459.001  1618616.003  1622304.001  1622360.003  1622416.001
  1940:  1623124.003  1623173.001  1623467.003  1625451.001  1625469.003
  1945:  1625515.001  1625694.003  1625768.001  1626396.003  1626443.001
  1950:  1626500.003  1628554.001  1629312.003  1629379.001  1630237.003
  1955:  1638076.001  1639041.003  1639563.001  1640609.003  1641133.001
  1960:  1642614.003  1651193.001  1652304.003  1663299.001  1664639.003
  1965:  1665464.001  1666069.003  1666691.001  1667211.003  1667284.001
  1970:  1667490.003  1668310.001  1669602.003  1670524.001  1671763.003
  1975:  1673216.001  1674236.003  1674843.001  1676203.003  1680873.001
  1980:  1682088.003  1682649.001  1684164.003  1690668.001  1691995.003
  1985:  1692612.001  1693064.003  1693099.001  1694378.003  1695279.001
  1990:  1696080.003  1696128.001  1697009.003  1697871.001  1699316.003
  1995:  1700117.001  1701767.018  1701942.003  1701948.016  1701998.026
  2000:  1705659.001  1706555.003  1707681.001  1708863.003  1709840.001
  2005:  1711093.003  1713329.001  1714688.003  1715704.001  1716155.003
  2010:  1716200.001  1717315.003  1717892.001  1718792.003  1719426.001
  2015:  1720181.003  1720857.001  1721128.003  1721987.001  1723552.003
  2020:  1724385.001  1725646.003  1726290.001  1727933.003  1728766.001
  2025:  1729629.003  1730447.001  1731736.003  1732460.001  1732978.003
  2030:  1735246.001  1736225.003  1736708.001  1737404.003  1737583.001
  2035:  1738133.003  1738604.001  1739795.003  1740479.001  1741837.003
  2040:  1742622.001  1743801.003  1744547.001  1744975.003  1744997.001
  2045:  1745056.003  1745084.001  1745590.003  1745624.001  1745966.003
  2050:  1746460.001  1747207.003  1747286.001  1748300.003  1749145.001
  2055:  1749300.003  1749337.001  1750349.003  1751763.001  1752499.003
  2060:  1752554.001  1753646.003  1753874.001  1754155.003  1755039.001
  2065:  1755179.003  1755274.001  1755316.003  1755385.001  1755424.003
  2070:  1755449.001  1755781.003  1755848.001  1757018.003  1758023.001
  2075:  1758788.003  1758845.001  1759865.003  1762564.001  1763032.003
  2080:  1763062.001  1764173.003  1765118.001  1765911.003  1766097.001
  2085:  1767073.003  1768096.001  1769746.018  1770302.003  1770308.016
  2090:  1770358.026  1777603.001  1778639.003  1785788.001  1786570.003
B:
     0:        0.000     1002.000        0.000     1002.000        0.000
     5:        0.000        0.000        0.000        0.000        0.000
    10:        0.000        1.000        0.000        0.000        0.000
    15:        0.000       30.000        0.000       30.000        0.000
    20:        0.000        0.000        0.000        0.000        0.000
    25:        0.000       30.000        0.000        0.000        0.000
    30:        0.000
D:
     0:  1788291.000  1787510.000  1788292.000
E:
     0:     1650.000     1650.000
T:
     0:        0.000        0.000        0.000        0.000
