File: C:\MED-PC IV\Data\Aila\AN\AN0021.999


Start Date: 03/11/19
End Date: 03/11/19
Subject: 21
Experiment: AN
Group: PilotoAumentoCriterioExp
Box: 5
Start Time: 19:43:00
End Time: 20:43:00
MSN: DRRD_long_exp
C:       0.000
F:       0.000
G:       0.000
H:       0.000
I:       0.000
J:       0.000
K:      25.000
L:       0.000
M:       0.000
N:       0.000
O:       0.000
P:       0.000
Q:       0.000
R:       0.000
S:       0.000
U:    3465.000
V:       0.000
W:       0.000
X:       0.000
Y:     993.000
Z:       0.000
A:
     0:    14683.001    15000.011    16236.003    28186.002    28785.004
     5:    41224.001    42085.003    42944.001    43268.003    43316.001
    10:    43634.003    50087.001    50813.003    51407.001    52422.003
    15:    69636.002    70278.004    74074.001    74849.003    75722.001
    20:    76798.003    78288.001    79498.003    80955.001    82202.003
    25:   101137.001   101686.003   114501.001   114928.003   116066.001
    30:   116969.003   117501.001   118033.003   119150.001   119816.003
    35:   126395.001   126713.003   131496.002   132403.004   132961.001
    40:   133511.003   134243.001   135300.003   136546.001   137262.003
    45:   137320.001   137693.003   143137.001   143579.003   145947.002
    50:   146396.004   152073.001   153111.003   154157.001   155407.018
    55:   155721.003   155727.016   155777.026   166705.001   167174.003
    60:   167243.001   167433.003   186091.001   186659.003   197686.001
    65:   198472.003   199748.001   200678.003   205485.001   206398.003
    70:   207543.001   208494.003   208951.001   209695.003   209731.001
    75:   210287.003   215186.001   215352.003   216868.001   218118.018
    80:   218390.003   218396.016   218446.026   228270.001   228649.003
    85:   230108.001   231100.003   236808.001   237550.003   240438.001
    90:   240966.003   248080.002   248407.004   248692.001   249285.003
    95:   251538.001   252390.003   254936.001   255860.003   256812.001
   100:   257262.003   257298.001   257548.003   264195.001   265116.003
   105:   267111.001   267959.003   274180.001   274735.003   276011.001
   110:   277261.018   277338.003   277344.016   277394.026   285560.001
   115:   286228.003   287569.001   288345.003   290734.001   291984.018
   120:   292067.003   292073.016   292123.026   302566.001   303214.003
   125:   304161.001   305125.003   305990.001   306977.003   306992.001
   130:   307184.003   314348.001   315390.003   315408.001   315424.003
   135:   315995.001   316420.003   316450.001   317550.003   318825.001
   140:   320075.018   320182.003   320188.016   320238.026   327198.001
   145:   327804.003   327818.001   327831.003   329342.001   330137.003
   150:   334293.001   335039.003   335069.001   335325.003   336848.001
   155:   337534.003   337575.001   337818.003   337853.001   338066.003
   160:   338754.001   339865.003   344136.001   344818.003   347772.001
   165:   348103.003   349518.001   350261.003   356606.001   357432.003
   170:   359288.001   360381.003   361320.001   362169.003   362215.001
   175:   362278.003   363018.001   364268.018   364312.003   364318.016
   180:   364368.026   374490.001   375293.003   377601.001   378299.003
   185:   379401.001   380506.003   382446.001   383306.003   383347.001
   190:   383612.003   389077.001   390127.003   390777.001   391755.003
   195:   392945.001   393843.003   394210.001   394307.003   394392.001
   200:   394887.003   394916.001   395341.003   396296.001   397391.003
   205:   401081.002   401347.004   402195.001   402844.003   403851.001
   210:   404851.003   405702.001   406551.003   406586.001   407139.003
   215:   412543.001   413005.003   413997.001   415247.018   415374.003
   220:   415380.016   415386.001   415430.026   415616.003   423920.001
   225:   424211.003   425516.001   426574.003   427883.001   428825.003
   230:   430251.001   431501.018   432119.003   432125.016   432148.001
   235:   432175.026   432399.003   438543.001   438844.003   440986.001
   240:   441744.003   443147.001   444320.003   445453.001   445891.003
   245:   445935.001   446226.003   455544.001   456374.003   458908.001
   250:   459819.003   460575.001   460855.003   460896.001   461158.003
   255:   461468.001   462718.018   463301.003   463307.016   463357.026
   260:   475084.001   475730.003   477481.001   478118.003   478941.001
   265:   479563.003   481448.001   482136.003   492761.001   493451.003
   270:   494513.001   495358.003   496656.001   497177.003   497217.001
   275:   497454.003   498845.001   499439.003   499470.001   499851.003
   280:   500861.001   501075.003   501337.001   502587.018   507067.003
   285:   507073.016   507123.026   515249.001   515925.003   522367.001
   290:   523104.003   537152.001   537737.003   539518.001   540288.003
   295:   541248.001   542205.003   542241.001   543491.018   548570.003
   300:   548576.016   548626.026   554764.001   556014.018   557936.003
   305:   557942.016   557992.026   564542.001   565396.003   566165.001
   310:   567003.003   569371.001   569689.003   570623.002   570864.004
   315:   574211.001   574710.003   575344.001   575606.003   575642.001
   320:   576213.003   576241.001   576501.003   577723.001   577947.003
   325:   577987.001   578090.003   578131.001   578405.003   578458.001
   330:   578680.003   578710.001   579303.003   579354.001   579491.003
   335:   583983.001   584772.003   585421.001   586198.003   586511.001
   340:   586532.003   587174.001   588424.018   588464.003   588470.016
   345:   588498.001   588520.026   588641.003   594752.001   595388.003
   350:   597076.001   597964.003   598832.001   599410.003   599442.001
   355:   599680.003   608255.001   609105.003   609887.001   610815.003
   360:   611763.001   611847.003   611940.001   612794.003   612859.001
   365:   613262.003   615387.002   615919.004   620766.001   621558.003
   370:   622402.001   623652.018   623763.003   623769.016   623819.026
   375:   630944.001   631855.003   634199.001   634802.003   641869.001
   380:   642800.003   643759.001   644447.003   644486.001   644727.003
   385:   646598.001   647848.018   647901.003   647907.016   647957.026
   390:   656693.001   657483.003   659758.001   659948.003   660049.001
   395:   660269.003   660296.001   660876.003   660899.001   661251.003
   400:   661795.001   662762.003   662809.001   663461.003   674017.001
   405:   674596.003   675628.001   676748.003   678364.001   679577.003
   410:   681759.001   682967.003   687907.002   688122.004   688305.002
   415:   688582.004   688914.001   689432.003   690213.001   690982.003
   420:   691712.001   692461.003   693390.001   694048.003   694090.001
   425:   694436.003   697252.002   698673.004   698791.002   699937.004
   430:   700976.001   701817.003   705072.002   705842.004   705890.002
   435:   706812.004   707061.002   707210.004   707718.002   708035.004
   440:   712436.001   713376.003   715270.001   715973.003   717390.001
   445:   718303.003   719395.001   720645.018   720876.003   720882.016
   450:   720932.026   726555.001   727116.003   739808.001   740795.003
   455:   745633.001   746596.003   746637.001   746725.003   747932.001
   460:   749182.018   749341.003   749347.016   749397.026   756204.001
   465:   757025.003   758881.001   759836.003   759855.001   760378.003
   470:   761181.001   762333.003   763999.001   765118.003   766893.001
   475:   768143.018   772906.003   772912.016   772962.026   781577.001
   480:   782636.003   784478.001   785449.003   785513.001   786003.003
   485:   787158.001   787947.003   789368.001   790328.003   790375.001
   490:   790622.003   792970.001   794220.018   794297.003   794303.016
   495:   794353.026   804975.001   805769.003   806885.001   807835.003
   500:   815614.001   816503.003   817852.001   819068.003   820384.001
   505:   821634.018   821815.003   821821.016   821871.026   830308.001
   510:   830868.003   838665.001   838886.003   839018.001   839400.003
   515:   840734.001   841665.003   845371.001   846613.003   846636.001
   520:   846947.003   848642.001   849204.003   849242.001   849498.003
   525:   850561.001   851593.003   855015.001   856265.018   856600.003
   530:   856606.016   856656.026   865401.001   866447.003   869555.001
   535:   870213.003   870229.001   870612.003   870639.001   871889.018
   540:   873531.003   873537.016   873579.001   873587.026   873755.003
   545:   882813.001   883776.003   885184.001   885360.003   885389.001
   550:   886458.003   894866.001   895953.003   897067.001   897948.003
   555:   897961.001   899211.018   899340.003   899346.016   899396.026
   560:   899570.001   899661.003   910076.001   911188.003   912862.001
   565:   913800.003   913893.001   914401.003   915269.001   916519.018
   570:   916796.003   916802.016   916852.026   917015.001   917025.003
   575:   924395.001   924901.003   927262.001   927956.003   927993.001
   580:   929183.003   930000.001   930821.003   930852.001   931345.003
   585:   931924.001   932053.003   932101.001   933175.003   938976.001
   590:   939792.003   942133.002   943139.004   947214.001   948464.018
   595:   948599.003   948605.016   948655.026   956248.001   957092.003
   600:   958415.001   959535.003   959544.001   959854.003   965709.001
   605:   966624.003   968214.001   968994.003   969054.001   969396.003
   610:   969444.001   969652.003   969785.001   969976.003   970762.001
   615:   971647.003   981325.001   982089.003   982935.001   984141.003
   620:   984183.001   984402.003   994031.001   994694.003   995552.001
   625:   996402.003   997230.001   997643.003   997705.001   998674.003
   630:  1007201.001  1008148.003  1010048.001  1010744.003  1014904.001
   635:  1015435.003  1016484.001  1016651.003  1016822.001  1017109.003
   640:  1017154.001  1018017.003  1018059.001  1018179.003  1020874.001
   645:  1021766.003  1027457.001  1028422.003  1029032.001  1029111.003
   650:  1029305.001  1029903.003  1029935.001  1030183.003  1036845.002
   655:  1037140.004  1037422.001  1037966.003  1037980.001  1037989.003
   660:  1039452.001  1040167.003  1041591.001  1042187.003  1046165.001
   665:  1046889.003  1049942.001  1050922.003  1050971.001  1051150.003
   670:  1051289.001  1051395.003  1053270.001  1054415.003  1058667.001
   675:  1059917.018  1060271.003  1060277.016  1060327.026  1072318.001
   680:  1072994.003  1075392.001  1075728.003  1078165.001  1078208.003
   685:  1087037.001  1088091.003  1090720.001  1091690.003  1092939.001
   690:  1093604.003  1093637.001  1094075.003  1094133.001  1094308.003
   695:  1100535.001  1101686.003  1103275.001  1104082.003  1104128.001
   700:  1104733.003  1115735.001  1116764.003  1119485.001  1120128.003
   705:  1120182.001  1120463.003  1124835.001  1125932.003  1128722.002
   710:  1129272.004  1130433.001  1131269.003  1131299.001  1131844.003
   715:  1132887.001  1133523.003  1133634.001  1133724.003  1141522.001
   720:  1142698.003  1145536.001  1146617.003  1149184.001  1150186.003
   725:  1153230.001  1154269.003  1156386.001  1157251.003  1157281.001
   730:  1157653.003  1168397.001  1168651.003  1171972.001  1172938.003
   735:  1182081.001  1182230.003  1206735.001  1207985.018  1208375.003
   740:  1208381.016  1208431.026  1218127.001  1219236.003  1223019.001
   745:  1223727.003  1223790.001  1224413.003  1224476.001  1224743.003
   750:  1226272.001  1226884.003  1226929.001  1227354.003  1227370.001
   755:  1227840.003  1232402.001  1233371.003  1237648.001  1238072.003
   760:  1240021.001  1240448.003  1240488.001  1240969.003  1256130.001
   765:  1257046.003  1263739.001  1264160.003  1266492.001  1267333.003
   770:  1267349.001  1267639.003  1269586.001  1270510.003  1272197.001
   775:  1273414.003  1273467.001  1273711.003  1278868.001  1280118.018
   780:  1280919.003  1280925.016  1280975.026  1291270.001  1292221.003
   785:  1307080.001  1307525.003  1320719.001  1321560.003  1324906.001
   790:  1325850.003  1333329.001  1333873.003  1341807.002  1341848.004
   795:  1342077.002  1342197.004  1342997.001  1343933.003  1346107.001
   800:  1347111.003  1348125.001  1348641.003  1348660.001  1348979.003
   805:  1348995.001  1349137.003  1354595.001  1355124.003  1357493.001
   810:  1358151.003  1358207.001  1359457.018  1359664.003  1359670.016
   815:  1359720.026  1374158.001  1375069.003  1384770.001  1385692.003
   820:  1404785.001  1405541.003  1408539.001  1408970.003  1414374.001
   825:  1415624.018  1415790.003  1415796.016  1415846.026  1424700.001
   830:  1425411.003  1427605.001  1428481.003  1430524.001  1431382.003
   835:  1431420.001  1431907.003  1439938.001  1440274.003  1440764.001
   840:  1441062.003  1445452.001  1446163.003  1446203.001  1446928.003
   845:  1447184.001  1447293.003  1448350.001  1449183.003  1449220.001
   850:  1449700.003  1454698.001  1455507.003  1457127.001  1458189.003
   855:  1460387.001  1461330.003  1461565.001  1461751.003  1463591.001
   860:  1463733.003  1463799.001  1464538.003  1465870.001  1466751.003
   865:  1471328.001  1472578.018  1472615.003  1472621.016  1472671.026
   870:  1484244.001  1484642.003  1497827.002  1498004.004  1502606.001
   875:  1502670.003  1502771.001  1503487.003  1504677.001  1505623.003
   880:  1506672.001  1507299.003  1507341.001  1507951.003  1509348.001
   885:  1509981.003  1509997.001  1510268.003  1535068.001  1536183.003
   890:  1538982.001  1539586.003  1556328.001  1557294.003  1558546.001
   895:  1559281.003  1560336.001  1561473.003  1567993.001  1568880.003
   900:  1570972.001  1572163.003  1579205.001  1580224.003  1584290.001
   905:  1584548.003  1584591.001  1585130.003  1586541.001  1586865.003
   910:  1586908.001  1587357.003  1592965.001  1593918.003  1596429.001
   915:  1597483.003  1598974.001  1600224.018  1600279.003  1600285.016
   920:  1600335.026  1613352.001  1614151.003  1619470.002  1619894.004
   925:  1623838.001  1625022.003  1626691.001  1627824.003  1633114.001
   930:  1634364.018  1634500.003  1634506.016  1634537.001  1634552.003
   935:  1634556.026  1643164.001  1643726.003  1652088.001  1653220.003
   940:  1661885.001  1662547.003  1664227.001  1665256.003  1666677.001
   945:  1667051.003  1667096.001  1667541.003  1668894.001  1669860.003
   950:  1674838.001  1676088.018  1676248.003  1676254.016  1676304.026
   955:  1686669.001  1687892.003  1690384.001  1690957.003  1692113.001
   960:  1693363.018  1693520.003  1693526.016  1693576.026  1706886.001
   965:  1708041.003  1709703.001  1709796.003  1709845.001  1710729.003
   970:  1713339.001  1714589.018  1714835.003  1714841.016  1714891.026
   975:  1726506.001  1727459.003  1727515.001  1727791.003  1727873.001
   980:  1729123.018  1755809.003  1755815.016  1755865.026  1769198.001
   985:  1769846.003  1773273.001  1774523.018  1774585.003  1774591.016
   990:  1774641.026  1787576.001  1787904.003
B:
     0:        0.000      416.000       23.000      416.000       23.000
     5:        0.000        0.000        0.000        0.000        0.000
    10:        0.000        1.000        0.000        0.000        0.000
    15:        0.000       38.000        0.000       38.000        0.000
    20:        0.000        0.000        0.000        0.000        0.000
    25:        0.000       38.000        0.000        0.000        0.000
    30:        0.000
D:
     0:  1791368.000  1791041.000  1791369.000
E:
     0:     1250.000     1250.000
T:
     0:        0.000        0.000        0.000        0.000
