File: C:\MED-PC IV\Data\Aila\AN\AN0020.999


Start Date: 03/13/19
End Date: 03/13/19
Subject: 20
Experiment: AN
Group: PilotoAumentoCriterioExp
Box: 4
Start Time: 18:10:00
End Time: 19:10:00
MSN: DRRD_long_exp
C:       0.000
F:       1.000
G:       0.000
H:       0.000
I:       0.000
J:       0.000
K:      54.000
L:       0.000
M:       0.000
N:       0.000
O:       0.000
P:       0.000
Q:       0.000
R:       0.000
S:       0.000
U:    6939.000
V:       0.000
W:       0.000
X:       0.000
Y:    1169.000
Z:       0.000
A:
     0:    15000.011    26004.001    27285.003    28199.001    29770.003
     5:    30995.001    31377.003    31412.001    31520.003    31564.001
    10:    33959.003    34826.001    36466.003    36799.001    39499.018
    15:    39720.003    39726.016    39776.026    53751.001    56412.003
    20:    57395.001    59749.003    60433.001    60571.003    60617.001
    25:    60878.003    60894.001    60907.003    60946.001    61805.003
    30:    61939.001    61966.003    62961.001    64986.003    65553.001
    35:    65708.003    65737.001    66051.003    66074.001    66216.003
    40:    66249.001    67853.003    68111.001    68154.003    69213.001
    45:    70488.003    70514.001    70933.003    70976.001    71904.003
    50:    73113.001    74355.003    74369.001    75631.003    78095.001
    55:    80247.003    80670.001    80787.003    80838.001    80948.003
    60:    80997.001    82973.003    83535.001    84018.003    84063.001
    65:    85609.003    86263.001    87845.003    89084.001    91324.003
    70:    92543.001    93499.003    93543.001    93713.003    93774.001
    75:    93949.003    93988.001    95126.003    96208.001    97114.003
    80:    97183.001    98461.003    98519.001    99215.003    99963.001
    85:   102024.003   102115.001   102197.003   102225.001   102571.003
    90:   102623.001   102904.003   104029.001   105486.003   105519.001
    95:   107281.003   107815.001   107929.003   107967.001   108215.003
   100:   108242.001   109126.003   109142.001   109984.003   110370.001
   105:   110495.003   112883.001   115306.003   116023.001   117551.003
   110:   121217.001   121568.003   128674.001   130022.003   132821.001
   115:   133882.003   133910.001   134744.003   135755.001   136081.003
   120:   136115.001   136176.003   136226.001   136630.003   136649.001
   125:   138055.003   139041.001   141374.003   142218.001   143993.003
   130:   144228.001   144266.003   145126.001   147217.003   147486.001
   135:   147689.003   149665.001   151552.003   152290.001   154990.018
   140:   155108.003   155114.016   155164.026   155227.001   155337.003
   145:   170231.001   170310.003   170343.001   172685.003   174520.001
   150:   174764.003   174846.001   174865.003   174877.001   177020.003
   155:   177656.001   177760.003   178867.001   179465.003   179488.001
   160:   180278.003   180306.001   181259.003   182043.001   183992.003
   165:   184665.001   187365.018   187500.003   187506.016   187556.026
   170:   202931.001   203334.003   204912.001   206521.003   206535.001
   175:   207289.003   208002.001   210484.003   211223.001   212811.003
   180:   212822.001   214549.003   220621.001   221467.003   221482.001
   185:   222980.003   223847.001   224237.003   224309.001   224532.003
   190:   224590.001   226238.003   227283.001   227858.003   227924.001
   195:   228098.003   228146.001   228786.003   228808.001   230041.003
   200:   230996.001   231931.003   231953.001   233604.003   234671.001
   205:   235210.003   235230.001   237274.003   238402.001   239685.003
   210:   239732.001   240948.003   247847.001   250547.018   250854.003
   215:   250860.016   250910.026   261666.001   262147.003   262201.001
   220:   262920.003   262950.001   264754.003   265433.001   265581.003
   225:   265644.001   265723.003   265744.001   266529.003   266547.001
   230:   267045.003   268010.001   268077.003   268556.001   269289.003
   235:   269299.001   270298.003   280893.001   281437.003   297331.001
   240:   299393.003   300010.001   302438.003   303235.001   303761.003
   245:   303808.001   305472.003   305510.001   306104.003   306970.001
   250:   309670.018   309676.003   309682.016   309732.026   313768.001
   255:   315906.003   319232.001   319501.003   320135.001   322006.003
   260:   322034.001   322711.003   323410.001   323951.003   324020.001
   265:   324139.003   324190.001   325027.003   325042.001   326008.003
   270:   326253.001   326676.003   327921.001   328021.003   328163.001
   275:   329267.003   329285.001   329630.003   332271.001   332805.003
   280:   335711.001   337748.003   338387.001   338763.003   338830.001
   285:   339170.003   339181.001   339512.003   339565.001   340110.003
   290:   340212.001   340327.003   341043.001   342847.003   343559.001
   295:   344495.003   344511.001   345549.003   345700.001   346001.003
   300:   346700.001   349214.003   351255.001   353925.003   354726.001
   305:   355935.003   356247.001   356723.003   356767.001   357354.003
   310:   357894.001   360123.003   360777.001   362045.003   362706.001
   315:   363664.003   363714.001   365316.003   366083.001   366794.003
   320:   366827.001   368051.003   369820.001   370259.003   370305.001
   325:   370589.003   370635.001   370944.003   371077.001   371888.003
   330:   372453.001   374728.003   376646.001   377799.003   379245.001
   335:   379662.003   379707.001   380445.003   380452.001   381817.003
   340:   382814.001   385357.003   391577.001   391892.003   392034.001
   345:   394674.003   395784.001   396868.003   396919.001   397727.003
   350:   398259.001   398305.003   398350.001   400873.003   401536.001
   355:   402423.003   402436.001   404064.003   405085.001   405472.003
   360:   405528.001   405704.003   405751.001   407663.003   409093.001
   365:   411412.003   412031.001   413259.003   413271.001   413319.003
   370:   413327.001   414527.003   415623.001   417288.003   417315.001
   375:   417425.003   417437.001   418924.003   423892.001   423989.003
   380:   424005.001   426099.003   426605.001   429258.003   429938.001
   385:   430722.003   430764.001   432883.003   433528.001   435484.003
   390:   435507.001   436094.003   437073.001   439010.003   440089.001
   395:   440909.003   441004.001   441018.003   441056.001   441700.003
   400:   441720.001   443231.003   443896.001   446596.018   446700.003
   405:   446706.016   446756.026   460903.001   462452.003   462499.001
   410:   463953.003   479110.001   479383.003   479524.001   481112.003
   415:   481166.001   481661.003   482494.001   482688.003   482804.001
   420:   484844.003   487493.001   489674.003   490137.001   491507.003
   425:   512148.001   513507.003   514190.001   516342.003   516989.001
   430:   519548.003   520218.001   520319.003   520358.001   521793.003
   435:   521802.001   522912.003   523598.001   523959.003   523989.001
   440:   525238.003   525887.001   528587.018   528769.003   528775.016
   445:   528825.026   539156.001   541575.003   542514.001   544415.003
   450:   544475.001   545670.003   546378.001   549078.018   549122.003
   455:   549128.016   549178.026   562768.001   564637.003   566030.001
   460:   566235.003   566273.001   566387.003   566467.001   567820.003
   465:   568192.001   568287.003   569571.001   571068.003   571453.001
   470:   572159.003   584932.001   585831.003   585854.001   587569.003
   475:   588266.001   589323.003   589684.001   589979.003   590977.001
   480:   593077.003   593614.001   596206.003   597196.001   599216.003
   485:   599940.001   601624.003   602363.001   602681.003   602748.001
   490:   602835.003   602881.001   603179.003   603191.001   605221.003
   495:   605886.001   606748.003   606763.001   607581.003   607633.001
   500:   608482.003   609163.001   611197.003   611977.001   614424.003
   505:   616183.001   616907.003   616940.001   618990.003   619632.001
   510:   621792.003   622694.001   624956.003   625446.001   628146.018
   515:   628304.003   628310.016   628322.001   628360.026   628901.003
   520:   639852.001   640114.003   645588.001   646072.003   647622.001
   525:   647659.003   647705.001   649986.003   650565.001   650691.003
   530:   650727.001   653189.003   653748.001   656151.003   656981.001
   535:   658748.003   658807.001   658980.003   660180.001   660388.003
   540:   661308.001   661445.003   662156.001   664659.003   664740.001
   545:   665187.003   665839.001   666657.003   666679.001   667295.003
   550:   667353.001   668323.003   670430.001   672550.003   672675.001
   555:   672783.003   673703.001   674915.003   674946.001   676726.003
   560:   677494.001   678244.003   678289.001   680411.003   681248.001
   565:   683710.003   685162.001   687278.003   687304.001   687616.003
   570:   687633.001   688376.003   689413.001   690111.003   690136.001
   575:   690422.003   690467.001   692314.003   693515.001   695677.003
   580:   696422.001   696568.003   696625.001   698183.003   699705.001
   585:   699836.003   699884.001   699958.003   700075.001   700621.003
   590:   700698.001   700779.003   700828.001   700983.003   701021.001
   595:   701204.003   701276.001   702719.003   703396.001   704181.003
   600:   704258.001   704540.003   704707.001   704989.003   705037.001
   605:   706282.003   706686.001   709386.018   710074.003   710080.016
   610:   710130.026   729362.001   732062.018   732282.003   732288.016
   615:   732338.026   746603.001   746989.003   747374.001   749383.003
   620:   749400.001   749857.003   751589.001   754259.003   755089.001
   625:   757420.003   757961.001   760661.018   760930.003   760936.016
   630:   760986.026   772135.001   772339.003   772631.001   773678.003
   635:   773789.001   776489.018   776738.003   776744.016   776794.026
   640:   790902.001   791159.003   791263.001   792440.003   793286.001
   645:   793387.003   793440.001   795740.003   796275.001   798570.003
   650:   799300.001   801049.003   801179.001   802247.003   803032.001
   655:   805576.003   806351.001   809051.018   809069.003   809075.016
   660:   809125.026   818840.001   821540.018   821802.003   821808.016
   665:   821858.026   833212.001   833339.003   833612.001   833932.003
   670:   834625.001   835300.003   848234.001   850699.003   851454.001
   675:   853231.003   853322.001   853474.003   854960.001   857249.003
   680:   857269.001   857574.003   858314.001   858768.003   858788.001
   685:   860242.003   861417.001   861895.003   861921.001   863205.003
   690:   864011.001   864893.003   865379.001   866046.003   868077.001
   695:   868643.003   868797.001   870729.003   871434.001   873564.003
   700:   874184.001   876213.003   876984.001   879260.003   879275.001
   705:   879606.003   879671.001   880078.003   882164.001   883762.003
   710:   883849.001   884408.003   885238.001   887938.018   888007.003
   715:   888013.016   888063.026   897671.001   899469.003   900351.001
   720:   903051.018   903383.003   903389.016   903439.026   919824.001
   725:   920090.003   920128.001   920739.003   921395.001   923372.003
   730:   924135.001   926342.003   927117.001   927415.003   927447.001
   735:   928722.003   929654.001   929743.003   929799.001   932333.003
   740:   933112.001   933876.003   933920.001   935291.003   936824.001
   745:   937763.003   937771.001   939092.003   939725.001   941874.003
   750:   942718.001   945374.003   946453.001   948781.003   949428.001
   755:   952103.003   953345.001   955540.003   955556.001   956499.003
   760:   957205.001   959905.018   959964.003   959970.016   960020.026
   765:   989715.001   991546.003   993415.001   995172.003   995321.001
   770:   995719.003   996400.001   998874.003  1000340.001  1002849.003
   775:  1003702.001  1005362.003  1006353.001  1007681.003  1007724.001
   780:  1008450.003  1008554.001  1009094.003  1009732.001  1010011.003
   785:  1010028.001  1011980.003  1012611.001  1013047.003  1013135.001
   790:  1013582.003  1013651.001  1015364.003  1016440.001  1019140.018
   795:  1019628.003  1019634.016  1019684.026  1032783.001  1034299.003
   800:  1035219.001  1037540.003  1038581.001  1041281.018  1042088.003
   805:  1042094.016  1042144.026  1051728.001  1051846.003  1051950.001
   810:  1052521.003  1056646.001  1058715.003  1059484.001  1059591.003
   815:  1059636.001  1061404.003  1061990.001  1063868.003  1063900.001
   820:  1064898.003  1065524.001  1067795.003  1068747.001  1071000.003
   825:  1071741.001  1074114.003  1074857.001  1075489.003  1075541.001
   830:  1075828.003  1075878.001  1076396.003  1076418.001  1077794.003
   835:  1079416.001  1079613.003  1079628.001  1081839.003  1082636.001
   840:  1085336.018  1085428.003  1085434.016  1085484.026  1106016.001
   845:  1107915.003  1109297.001  1111784.003  1112953.001  1115049.003
   850:  1115124.001  1115652.003  1116251.001  1118951.018  1119043.003
   855:  1119049.016  1119099.026  1130668.001  1133120.003  1133939.001
   860:  1136639.018  1137172.003  1137178.016  1137228.026  1158000.001
   865:  1158252.003  1158308.001  1160376.003  1161690.001  1163466.003
   870:  1164291.001  1166978.003  1167602.001  1169175.003  1169248.001
   875:  1170039.003  1170930.001  1172837.003  1173874.001  1175237.003
   880:  1175273.001  1177029.003  1177999.001  1180168.003  1180189.001
   885:  1181143.003  1182588.001  1185056.003  1185784.001  1186851.003
   890:  1186908.001  1188786.003  1190343.001  1191988.003  1192648.001
   895:  1194802.003  1195541.001  1198241.018  1198957.003  1198963.016
   900:  1199013.026  1214969.001  1217669.018  1217670.003  1217676.016
   905:  1217726.026  1233218.001  1234240.003  1234877.001  1237464.003
   910:  1238293.001  1239737.003  1239802.001  1240511.003  1241421.001
   915:  1242608.003  1242639.001  1243852.003  1244645.001  1246697.003
   920:  1247395.001  1250095.018  1250411.003  1250417.016  1250467.026
   925:  1263759.001  1264829.003  1264857.001  1266695.003  1267980.001
   930:  1269414.003  1269422.001  1270530.003  1271281.001  1273329.003
   935:  1274734.001  1277434.018  1277748.003  1277754.016  1277804.026
   940:  1294174.001  1294603.003  1294660.001  1295932.003  1296898.001
   945:  1297652.003  1314824.001  1316136.003  1317053.001  1319447.003
   950:  1320419.001  1322880.003  1323632.001  1326325.003  1326997.001
   955:  1329515.003  1330359.001  1331361.003  1331394.001  1332830.003
   960:  1333805.001  1335778.003  1336671.001  1339050.003  1340973.001
   965:  1343434.003  1344064.001  1345034.003  1345132.001  1345947.003
   970:  1347013.001  1349713.018  1350089.003  1350095.016  1350145.026
   975:  1380726.001  1381882.003  1383439.001  1385425.003  1388422.001
   980:  1388516.003  1388606.001  1391143.003  1392007.001  1394707.018
   985:  1394888.003  1394894.016  1394944.026  1409739.001  1410925.003
   990:  1412137.001  1414044.003  1414728.001  1416854.003  1416904.001
   995:  1417402.003  1418498.001  1421198.018  1421438.003  1421444.016
  1000:  1421494.026  1434353.001  1435673.003  1437121.001  1439082.003
  1005:  1440014.001  1442274.003  1443008.001  1445564.003  1446447.001
  1010:  1449147.018  1449201.003  1449207.016  1449257.026  1480836.001
  1015:  1482545.003  1483379.001  1483828.003  1483864.001  1485185.003
  1020:  1486222.001  1488922.018  1489062.003  1489068.016  1489118.026
  1025:  1500446.001  1502634.003  1503631.001  1505815.003  1505913.001
  1030:  1506041.003  1508724.001  1511424.018  1511566.003  1511572.016
  1035:  1511622.026  1522231.001  1522652.003  1523132.001  1524406.003
  1040:  1525661.001  1526870.003  1526920.001  1527604.003  1528741.001
  1045:  1531414.003  1532248.001  1534397.003  1535313.001  1538013.018
  1050:  1538225.003  1538231.016  1538281.026  1547727.001  1548200.003
  1055:  1548963.001  1551440.003  1552423.001  1553624.003  1553662.001
  1060:  1555067.003  1555727.001  1558427.018  1558642.003  1558648.016
  1065:  1558698.026  1569353.001  1571387.003  1572854.001  1574661.003
  1070:  1576014.001  1578443.003  1579410.001  1580424.003  1580462.001
  1075:  1582262.003  1583060.001  1585760.018  1585863.003  1585869.016
  1080:  1585919.026  1602303.001  1603016.003  1608984.001  1609507.003
  1085:  1610887.001  1613587.018  1613593.003  1613599.016  1613649.026
  1090:  1624694.001  1624823.003  1624939.001  1626615.003  1628366.001
  1095:  1629452.003  1629563.001  1630677.003  1651414.001  1654114.018
  1100:  1654139.003  1654145.016  1654195.026  1676426.001  1676654.003
  1105:  1678004.001  1679442.003  1680203.001  1681431.003  1682071.001
  1110:  1682649.003  1683402.001  1685965.003  1686915.001  1689508.003
  1115:  1694349.001  1696033.003  1696931.001  1699595.003  1700479.001
  1120:  1703054.003  1704182.001  1706882.018  1707094.003  1707100.016
  1125:  1707150.026  1718994.001  1721327.003  1722569.001  1724941.003
  1130:  1725829.001  1728529.018  1729403.003  1729409.016  1729459.026
  1135:  1740636.001  1742469.003  1744121.001  1746206.003  1747026.001
  1140:  1749696.003  1750733.001  1750955.003  1752024.001  1754392.003
  1145:  1755848.001  1758353.003  1759448.001  1761007.003  1761038.001
  1150:  1761721.003  1762502.001  1765202.018  1765328.003  1765334.016
  1155:  1765384.026  1775402.001  1775640.003  1776092.001  1776988.003
  1160:  1785034.001  1786471.003  1788027.001  1790438.003  1791900.001
  1165:  1794600.018  1794811.003  1794817.016  1794867.026
B:
     0:        0.000      521.000        0.000      521.000        0.000
     5:        0.000        0.000        0.000        0.000        0.000
    10:        0.000        1.000        0.000        0.000        0.000
    15:        0.000       42.000        0.000       42.000        0.000
    20:        0.000        0.000        0.000        0.000        0.000
    25:        0.000       42.000        0.000        0.000        0.000
    30:        0.000
D:
     0:  1801749.000  1798839.000  1801750.000
E:
     0:     2700.000     2700.000
T:
     0:        0.000        0.000        0.000        0.000
