File: C:\MED-PC IV\Data\Aila\AN\AN0013.999


Start Date: 03/27/19
End Date: 03/27/19
Subject: 13
Experiment: AN
Group: PilotoAumentoCriterioLin
Box: 3
Start Time: 21:02:17
End Time: 22:02:17
MSN: DRRD_long
C:       0.000
F:       1.000
G:       0.000
H:       0.000
I:       0.000
J:       0.000
K:      40.000
L:       0.000
M:       0.000
N:       0.000
O:       0.000
P:       0.000
Q:       0.000
R:       0.000
S:       0.000
U:    2299.000
V:       0.000
W:       0.000
X:       0.000
Y:     347.000
Z:       0.000
A:
     0:    11743.001    11826.003    14023.001    14568.003    15000.011
     5:    18153.002    18588.004    28734.001    29020.003    29068.001
    10:    29364.003    36350.002    36395.004    36415.002    36776.004
    15:    37370.001    38279.003    39501.001    39743.003    88271.001
    20:    88448.003    88519.001    88556.003   123310.001   124075.003
    25:   126018.001   126864.003   145308.001   146418.003   148231.001
    30:   149246.003   152614.001   153272.003   154307.001   155645.003
    35:   156722.001   158176.003   161081.001   161241.003   203370.002
    40:   203414.004   203556.002   203862.004   207109.002   207353.004
    45:   209181.001   209214.003   209278.001   209561.003   224301.001
    50:   224987.003   319062.001   319251.003   319709.001   320704.003
    55:   321440.001   322008.003   323798.001   323839.003   323917.001
    60:   324676.003   337469.001   337514.003   337557.001   338656.003
    65:   340380.001   340431.003   340443.001   341096.003   342198.001
    70:   342579.003   344311.001   345016.003   346961.001   347754.003
    75:   347823.001   348266.003   349331.001   350172.003   350757.001
    80:   351640.003   362529.001   362567.003   362611.001   363723.003
    85:   386167.001   386269.003   386326.001   387716.003   394028.001
    90:   395238.003   395768.001   397330.003   449174.001   449601.003
    95:   449670.001   450287.003   505620.001   505705.003   505732.001
   100:   506133.003   508844.002   509492.004   530964.001   531274.003
   105:   531302.001   532269.003   534782.001   536023.003   536526.001
   110:   537690.003   538348.001   539532.003   558552.001   558756.003
   115:   558772.001   559171.003   562596.001   563944.003   565518.001
   120:   565570.003   565813.001   567001.003   571573.001   572278.003
   125:   584239.001   585078.003   587968.001   588069.003   588105.001
   130:   588143.003   588175.001   589250.003   591848.001   592083.003
   135:   592106.001   593390.003   595598.001   597300.003   598368.001
   140:   600159.003   603738.001   604981.003   606578.001   608257.003
   145:   611135.001   612584.003   631739.001   633247.003   638388.001
   150:   638625.003   638647.001   638745.003   638768.001   639826.003
   155:   642231.001   643861.003   682413.001   683108.003   689939.001
   160:   690237.003   690536.001   691585.003   948716.001   949536.003
   165:   951375.001   951654.003   951751.001   952924.003   962314.001
   170:   962380.003   962394.001   964081.003   964594.001   966108.003
   175:   987045.001   988952.003   992701.001   992870.003  1010214.001
   180:  1010794.003  1023818.001  1025423.003  1029279.001  1030420.003
   185:  1030830.001  1032188.003  1034176.001  1035834.003  1052703.001
   190:  1054646.003  1058027.001  1059710.003  1060402.001  1062202.003
   195:  1111036.001  1111395.003  1111449.001  1111765.003  1111786.001
   200:  1112131.003  1112163.001  1112955.003  1113495.001  1114363.003
   205:  1114470.001  1115820.003  1115846.001  1116134.003  1124755.001
   210:  1126374.003  1128464.001  1128539.003  1128571.001  1128698.003
   215:  1128727.001  1130185.003  1132162.001  1132659.003  1138496.002
   220:  1138852.004  1138918.002  1139363.004  1154301.002  1154515.004
   225:  1159473.002  1159717.004  1159740.002  1159864.004  1177703.001
   230:  1179470.003  1182422.001  1183891.003  1190234.001  1190713.003
   235:  1205898.001  1206565.003  1206589.001  1207843.003  1233733.001
   240:  1234223.003  1234597.001  1235022.003  1244357.002  1244479.004
   245:  1244524.002  1244690.004  1245641.001  1246024.003  1263050.001
   250:  1263404.003  1272304.001  1272559.003  1272905.001  1273072.003
   255:  1279778.001  1279949.003  1280692.001  1280776.003  1280817.001
   260:  1282502.003  1283952.001  1284128.003  1285725.001  1286900.003
   265:  1312002.001  1314002.018  1314135.003  1314141.016  1314191.026
   270:  1324605.001  1325875.003  1326881.001  1328147.003  1389422.001
   275:  1390549.003  1547841.001  1548628.003  1548659.001  1549433.003
   280:  1552250.001  1553946.003  1553969.001  1554493.003  1556280.001
   285:  1557749.003  1571359.001  1571682.003  1571736.001  1572838.003
   290:  1576438.001  1578334.003  1582847.001  1583436.003  1586475.001
   295:  1587564.003  1599820.001  1600214.003  1602013.001  1603763.003
   300:  1607593.001  1609387.003  1610563.001  1611787.003  1621158.001
   305:  1622544.003  1632928.001  1633052.003  1633231.001  1633923.003
   310:  1635355.001  1636269.003  1636469.001  1637192.003  1637791.001
   315:  1638137.003  1639975.001  1641295.003  1642785.001  1644309.003
   320:  1645918.001  1647265.003  1670265.001  1670454.003  1670537.001
   325:  1671067.003  1672948.001  1673288.003  1696678.001  1697679.003
   330:  1697711.001  1698286.003  1699223.001  1700611.003  1702566.001
   335:  1704481.003  1706366.001  1708173.003  1709675.001  1711665.003
   340:  1716988.001  1717578.003  1795148.001  1797148.018  1797206.003
   345:  1797212.016  1797262.026
B:
     0:        0.000      156.000       14.000      156.000       14.000
     5:        0.000        0.000        0.000        0.000        0.000
    10:        0.000        1.000        0.000        0.000        0.000
    15:        0.000        2.000        0.000        2.000        0.000
    20:        0.000        0.000        0.000        0.000        0.000
    25:        0.000        2.000        0.000        0.000        0.000
    30:        0.000
D:
     0:  1799504.000  1797447.000  1799505.000
E:
     0:     2000.000     2000.000
T:
     0:        0.000        0.000        0.000        0.000
