File: C:\MED-PC IV\Data\Aila\AN\AN0020.999


Start Date: 03/21/19
End Date: 03/21/19
Subject: 20
Experiment: AN
Group: PilotoAumentoCriterioExp
Box: 4
Start Time: 16:51:56
End Time: 17:51:55
MSN: DRRD_long2
C:       0.000
F:       0.000
G:       0.000
H:       0.000
I:       0.000
J:       0.000
K:      50.000
L:       0.000
M:       0.000
N:       0.000
O:       0.000
P:       0.000
Q:       0.000
R:       0.000
S:       0.000
U:    2578.000
V:       0.000
W:       0.000
X:       0.000
Y:    1309.000
Z:       0.000
A:
     0:    15000.011    16933.001    17775.003    19380.001    20157.003
     5:    20185.001    21816.003    21862.001    22569.003    22629.001
    10:    23424.003    26712.001    27355.003    27376.001    27800.003
    15:    27808.001    29677.003    44882.001    45927.003    45995.001
    20:    47799.003    48831.001    49291.003    49383.001    50657.003
    25:    50687.001    50945.003    50972.001    51229.003    51259.001
    30:    52459.003    52490.001    52563.003    52626.001    52722.003
    35:    52758.001    53358.003    54508.001    55122.003    55142.001
    40:    57642.018    57801.003    57807.016    57837.001    57857.026
    45:    58213.003    93429.001    93622.003    93671.001    94290.003
    50:    94353.001    95410.003    97577.001    98643.003    98685.001
    55:    99901.003   100694.001   101374.003   101385.001   101416.003
    60:   101447.001   102862.003   102897.001   103236.003   103283.001
    65:   103774.003   103801.001   104495.003   104520.001   104682.003
    70:   106696.001   106848.003   106893.001   107975.003   108013.001
    75:   109033.003   114593.001   114818.003   115060.001   117444.003
    80:   117478.001   117939.003   119212.001   119736.003   119765.001
    85:   122265.018   122733.003   122739.016   122778.001   122789.026
    90:   123515.003   143039.001   143733.003   143760.001   143861.003
    95:   143897.001   143936.003   143957.001   145815.003   148642.001
   100:   148937.003   148995.001   149015.003   149274.001   151443.003
   105:   151478.001   151783.003   152772.001   152898.003   152942.001
   110:   155442.018   155530.003   155536.016   155557.001   155586.026
   115:   157073.003   179500.001   179565.003   179643.001   179764.003
   120:   179787.001   180285.003   180314.001   180908.003   180942.001
   125:   181327.003   181345.001   181915.003   181924.001   182290.003
   130:   183164.001   183306.003   183513.001   185172.003   185216.001
   135:   185643.003   185693.001   186030.003   195348.001   195467.003
   140:   195521.001   195570.003   195603.001   195743.003   195973.001
   145:   197041.003   197102.001   198572.003   198644.001   199031.003
   150:   203320.001   203399.003   203783.001   204523.003   204545.001
   155:   207045.018   208247.003   208253.016   208303.026   208309.001
   160:   208687.003   222793.001   223416.003   223456.001   224537.003
   165:   224616.001   224980.003   225069.001   225316.003   225394.001
   170:   225630.003   225773.001   226005.003   226327.001   226730.003
   175:   226794.001   226858.003   227256.001   227270.003   227300.001
   180:   227328.003   227360.001   228052.003   228078.001   229428.003
   185:   230954.001   232328.003   232383.001   233122.003   233208.001
   190:   233990.003   234895.001   235934.003   235948.001   236545.003
   195:   236637.001   237851.003   237895.001   238518.003   238555.001
   200:   239253.003   239907.001   240746.003   240772.001   243272.018
   205:   243446.003   243452.016   243502.026   243510.001   243616.003
   210:   261095.001   262319.003   262431.001   263840.003   264812.001
   215:   264901.003   264932.001   265230.003   265273.001   265317.003
   220:   265337.001   265353.003   265376.001   265793.003   265816.001
   225:   267445.003   267461.001   267580.003   267601.001   268068.003
   230:   268111.001   268410.003   269583.001   271490.003   271510.001
   235:   271957.003   272004.001   272675.003   272700.001   273168.003
   240:   274129.001   274313.003   274334.001   275193.003   275225.001
   245:   275455.003   275495.001   276841.003   276859.001   277403.003
   250:   278867.001   278916.003   278959.001   279067.003   279134.001
   255:   280441.003   280462.001   280531.003   280578.001   281429.003
   260:   282724.001   282869.003   282943.001   283699.003   283745.001
   265:   284115.003   284143.001   284528.003   284554.001   284659.003
   270:   284675.001   285450.003   285466.001   285709.003   287087.001
   275:   288725.003   288735.001   290319.003   290943.001   292683.003
   280:   292730.001   294491.003   294563.001   294790.003   295891.001
   285:   296139.003   296235.001   296925.003   296998.001   297698.003
   290:   297747.001   298245.003   298309.001   298937.003   298995.001
   295:   299472.003   304821.001   305839.003   305877.001   306083.003
   300:   306128.001   307429.003   307457.001   307722.003   308682.001
   305:   310220.003   310238.001   310280.003   310311.001   310403.003
   310:   310423.001   311761.003   311835.001   312240.003   313479.001
   315:   313966.003   314026.001   314056.003   314121.001   314756.003
   320:   314818.001   315653.003   315701.001   315769.003   315830.001
   325:   315891.003   315961.001   316698.003   317805.001   319341.003
   330:   319372.001   320181.003   320196.001   320367.003   320389.001
   335:   321764.003   322696.001   323053.003   323062.001   323842.003
   340:   323862.001   323929.003   323969.001   325687.003   325711.001
   345:   325860.003   325967.001   327426.003   328262.001   329789.003
   350:   329812.001   329893.003   329949.001   331264.003   331310.001
   355:   332170.003   332890.001   333011.003   333187.001   333854.003
   360:   333875.001   335102.003   335160.001   336127.003   336179.001
   365:   337087.003   338092.001   339500.003   339511.001   340624.003
   370:   340690.001   341052.003   341689.001   342779.003   342822.001
   375:   343233.003   343244.001   343645.003   343708.001   344523.003
   380:   344584.001   345032.003   345166.001   345644.003   346641.001
   385:   346719.003   346761.001   347193.003   347221.001   347627.003
   390:   347635.001   347672.003   347712.001   349623.003   349655.001
   395:   350002.003   350095.001   350339.003   350568.001   351545.003
   400:   351644.001   352210.003   353533.001   354577.003   354642.001
   405:   355497.003   362766.001   363015.003   363086.001   365327.003
   410:   365360.001   366026.003   366878.001   367216.003   367231.001
   415:   369061.003   369115.001   369565.003   369647.001   370283.003
   420:   370916.001   371248.003   371269.001   371932.003   371950.001
   425:   372291.003   372358.001   373284.003   373358.001   373821.003
   430:   373864.001   374692.003   374755.001   374878.003   375918.001
   435:   376019.003   376059.001   377363.003   377384.001   378116.003
   440:   378175.001   380093.003   380989.001   381676.003   381777.001
   445:   381880.003   381910.001   383981.003   384033.001   384517.003
   450:   384587.001   384902.003   384965.001   385292.003   389907.001
   455:   391438.003   391499.001   393359.003   394188.001   395598.003
   460:   395713.001   397244.003   397262.001   397774.003   399729.001
   465:   402229.018   402579.003   402585.016   402635.026   419359.001
   470:   419809.003   425113.001   426710.003   426747.001   427852.003
   475:   428899.001   428944.003   428990.001   429220.003   429252.001
   480:   431752.018   431828.003   431834.016   431884.026   464113.001
   485:   465734.003   465924.001   466112.003   466199.001   466332.003
   490:   467858.001   467909.003   468014.001   468073.003   468120.001
   495:   468436.003   468481.001   470494.003   471081.001   472038.003
   500:   472054.001   472078.003   472100.001   472425.003   472472.001
   505:   474233.003   475003.001   475439.003   475466.001   475922.003
   510:   475953.001   476066.003   476162.001   478408.003   478879.001
   515:   479373.003   479410.001   479568.003   479636.001   480138.003
   520:   480218.001   480560.003   480598.001   482353.003   482409.001
   525:   482636.003   485198.001   486175.003   486214.001   486399.003
   530:   486460.001   486620.003   486741.001   489215.003   489894.001
   535:   491515.003   491580.001   492891.003   492925.001   493430.003
   540:   494432.001   495565.003   495610.001   496394.003   496460.001
   545:   497677.003   498327.001   500827.018   501445.003   501451.016
   550:   501501.026   515806.001   518306.018   518372.003   518378.016
   555:   518428.026   529931.001   531210.003   532496.001   534823.003
   560:   535387.001   536845.003   536891.001   538325.003   539445.001
   565:   539521.003   539570.001   542070.018   542602.003   542608.016
   570:   542658.026   554700.001   556478.003   557605.001   558010.003
   575:   558055.001   560101.003   561124.001   563624.018   563671.003
   580:   563677.016   563727.026   563782.001   564013.003   575071.001
   585:   577571.018   577642.003   577648.016   577698.026   590025.001
   590:   591893.003   593014.001   594366.003   594395.001   595705.003
   595:   596733.001   596806.003   596900.001   597146.003   597171.001
   600:   598465.003   598501.001   599780.003   600494.001   601792.003
   605:   601859.001   603446.003   604196.001   605048.003   605091.001
   610:   606673.003   606738.001   607362.003   607390.001   607620.003
   615:   609089.001   611492.003   611521.001   611600.003   611636.001
   620:   612324.003   613003.001   615503.018   615699.003   615705.016
   625:   615755.026   626843.001   626907.003   627107.001   628258.003
   630:   628333.001   628561.003   629589.001   630982.003   631033.001
   635:   631833.003   632685.001   634293.003   634346.001   635689.003
   640:   636299.001   636742.003   636770.001   638135.003   638189.001
   645:   638414.003   638525.001   639118.003   639143.001   639824.003
   650:   640443.001   642943.018   643380.003   643386.016   643436.026
   655:   664065.001   664724.003   664777.001   665311.003   665344.001
   660:   666193.003   667427.001   667558.003   667627.001   670127.018
   665:   670906.003   670912.016   670962.026   681138.001   683579.003
   670:   698992.001   701003.003   702113.001   704613.018   704636.003
   675:   704642.016   704692.026   704924.001   705005.003   720478.001
   680:   721123.003   721186.001   723001.003   724080.001   724315.003
   685:   724395.001   726895.018   727234.003   727240.016   727290.026
   690:   739866.001   740778.003   740880.001   743287.003   744401.001
   695:   746901.018   747244.003   747250.016   747300.026   759833.001
   700:   760705.003   760720.001   760944.003   760996.001   761314.003
   705:   761333.001   761822.003   761853.001   762391.003   762476.001
   710:   762607.003   763609.001   765083.003   765128.001   766071.003
   715:   766093.001   766388.003   767633.001   769115.003   769172.001
   720:   770720.003   771401.001   773901.018   774874.003   774880.016
   725:   774904.001   774930.026   775156.003   788152.001   790652.018
   730:   791090.003   791096.016   791146.026   801462.001   802755.003
   735:   802792.001   804080.003   804154.001   804474.003   805601.001
   740:   807900.003   807961.001   808015.003   808069.001   809248.003
   745:   810085.001   811428.003   811445.001   813075.003   813796.001
   750:   816296.018   817164.003   817170.016   817220.026   830667.001
   755:   831348.003   831482.001   832999.003   834154.001   836654.018
   760:   836703.003   836709.016   836759.026   845446.001   846648.003
   765:   846686.001   847622.003   848712.001   850916.003   850945.001
   770:   851655.003   852327.001   854827.018   855506.003   855512.016
   775:   855562.026   871922.001   873824.003   875497.001   877547.003
   780:   878319.001   880320.003   880366.001   881090.003   881130.001
   785:   881558.003   882493.001   884906.003   884921.001   885789.003
   790:   886947.001   889447.018   889648.003   889654.016   889697.001
   795:   889704.026   890078.003   902517.001   903744.003   903759.001
   800:   904102.003   904151.001   905547.003   906754.001   906809.003
   805:   906867.001   908175.003   908232.001   909405.003   910180.001
   810:   912680.018   913245.003   913251.016   913301.026   925721.001
   815:   928221.018   928559.003   928565.016   928615.026   939637.001
   820:   942137.018   942275.003   942281.016   942331.026   942333.017
   825:   953350.001   954366.003   954529.001   954937.003   956257.001
   830:   958757.018   959016.003   959022.016   959072.026   969343.001
   835:   971790.003   973144.001   975644.018   975740.003   975746.016
   840:   975796.026   986595.001   988838.003   990252.001   992324.003
   845:   992378.001   993549.003   994520.001   995898.003   995947.001
   850:   997498.003   997538.001   998007.003   998735.001  1001235.018
   855:  1002281.003  1002287.016  1002337.026  1014057.001  1014371.003
   860:  1014587.001  1016792.003  1017908.001  1020408.018  1020877.003
   865:  1020883.016  1020933.026  1043548.001  1045126.003  1046351.001
   870:  1048241.003  1048292.001  1049448.003  1050360.001  1052066.003
   875:  1052102.001  1052179.003  1052238.001  1052280.003  1052423.001
   880:  1053805.003  1054474.001  1056565.003  1056666.001  1057977.003
   885:  1059246.001  1060831.003  1060858.001  1061754.003  1061825.001
   890:  1061857.003  1061919.001  1063033.003  1064057.001  1066557.018
   895:  1066988.003  1066994.016  1067044.026  1077753.001  1080253.018
   900:  1080325.003  1080331.016  1080381.026  1090627.001  1092799.003
   905:  1094211.001  1096711.018  1097122.003  1097128.016  1097178.026
   910:  1110596.001  1112483.003  1114804.001  1117116.003  1118301.001
   915:  1120579.003  1120606.001  1121042.003  1121822.001  1123128.003
   920:  1123149.001  1124914.003  1126000.001  1128500.018  1129496.003
   925:  1129502.016  1129552.026  1141568.001  1142580.003  1142902.001
   930:  1143626.003  1144566.001  1146311.003  1146358.001  1147563.003
   935:  1148646.001  1148833.003  1148873.001  1151373.018  1151864.003
   940:  1151870.016  1151920.026  1162016.001  1163888.003  1163945.001
   945:  1164010.003  1164966.001  1166752.003  1166850.001  1167488.003
   950:  1167517.001  1168057.003  1169209.001  1171061.003  1171098.001
   955:  1172871.003  1173921.001  1176421.018  1176912.003  1176918.016
   960:  1176968.026  1202272.001  1204258.003  1207343.001  1207881.003
   965:  1208102.001  1209871.003  1209985.001  1210757.003  1211271.001
   970:  1211329.003  1213999.001  1216499.018  1216932.003  1216938.016
   975:  1216988.026  1224518.001  1226970.003  1228608.001  1228661.003
   980:  1228744.001  1231076.003  1231173.001  1231594.003  1232622.001
   985:  1232834.003  1232870.001  1235188.003  1236966.001  1237274.003
   990:  1237420.001  1237620.003  1237660.001  1237839.003  1237989.001
   995:  1238740.003  1238919.001  1240961.003  1242112.001  1243130.003
  1000:  1243175.001  1245050.003  1246448.001  1246611.003  1246627.001
  1005:  1247329.003  1247367.001  1248116.003  1248183.001  1249700.003
  1010:  1249805.001  1249905.003  1250552.001  1253052.018  1253399.003
  1015:  1253405.016  1253455.026  1260335.001  1262466.003  1263700.001
  1020:  1263774.003  1263818.001  1264167.003  1264239.001  1264800.003
  1025:  1264889.001  1265808.003  1265884.001  1266388.003  1266433.001
  1030:  1266923.003  1269711.001  1270625.003  1270662.001  1272697.003
  1035:  1273404.001  1275904.018  1276491.003  1276497.016  1276547.026
  1040:  1281109.001  1282719.003  1282784.001  1283996.003  1284904.001
  1045:  1287404.018  1287671.003  1287677.016  1287716.001  1287727.026
  1050:  1287751.003  1287799.001  1288240.003  1293249.001  1293295.003
  1055:  1293545.001  1296045.018  1296195.003  1296201.016  1296251.026
  1060:  1304243.001  1304379.003  1304443.001  1304493.003  1304526.001
  1065:  1306294.003  1308844.001  1309465.003  1309518.001  1312011.003
  1070:  1313326.001  1315826.018  1316786.003  1316792.016  1316842.026
  1075:  1322491.001  1322649.003  1322742.001  1325242.018  1326178.003
  1080:  1326184.016  1326234.026  1346173.001  1346456.003  1346583.001
  1085:  1346644.003  1346724.001  1347581.003  1347744.001  1348177.003
  1090:  1348349.001  1348900.003  1350755.001  1351313.003  1351421.001
  1095:  1351905.003  1351934.001  1352002.003  1352113.001  1353659.003
  1100:  1355047.001  1356167.003  1356205.001  1356676.003  1356814.001
  1105:  1357499.003  1359360.001  1360116.003  1360181.001  1360881.003
  1110:  1360904.001  1362650.003  1363524.001  1363820.003  1363849.001
  1115:  1363909.003  1364129.001  1365136.003  1365184.001  1365237.003
  1120:  1365296.001  1366429.003  1367447.001  1369584.003  1369623.001
  1125:  1370031.003  1374561.001  1374951.003  1375018.001  1375244.003
  1130:  1375287.001  1375772.003  1375799.001  1377087.003  1377150.001
  1135:  1377919.003  1378841.001  1378893.003  1379447.001  1379634.003
  1140:  1379686.001  1381843.003  1383306.001  1385806.018  1387025.003
  1145:  1387031.016  1387081.026  1431761.001  1434261.018  1434321.003
  1150:  1434327.016  1434377.026  1456344.001  1458400.003  1459556.001
  1155:  1462025.003  1463205.001  1465705.018  1466041.003  1466047.016
  1160:  1466067.001  1466097.026  1466543.003  1475188.001  1477139.003
  1165:  1478851.001  1479326.003  1479358.001  1481858.018  1482113.003
  1170:  1482119.016  1482169.026  1487910.001  1489366.003  1489412.001
  1175:  1490317.003  1491357.001  1491405.003  1491858.001  1492284.003
  1180:  1492317.001  1494623.003  1495900.001  1497391.003  1497405.001
  1185:  1497448.003  1497477.001  1498238.003  1498295.001  1499736.003
  1190:  1500896.001  1502225.003  1502282.001  1503073.003  1503113.001
  1195:  1503922.003  1505114.001  1507581.003  1507694.001  1508386.003
  1200:  1509387.001  1510062.003  1510105.001  1512370.003  1518349.001
  1205:  1518574.003  1518803.001  1519495.003  1520744.001  1520796.003
  1210:  1521023.001  1523158.003  1524177.001  1526677.018  1527506.003
  1215:  1527512.016  1527562.026  1533604.001  1534744.003  1535960.001
  1220:  1537496.003  1537553.001  1538869.003  1539734.001  1542234.018
  1225:  1543337.003  1543343.016  1543393.026  1548852.001  1548961.003
  1230:  1549375.001  1550729.003  1552097.001  1554426.003  1554500.001
  1235:  1555154.003  1556150.001  1557502.003  1557563.001  1558941.003
  1240:  1559835.001  1562335.018  1562556.003  1562562.016  1562612.026
  1245:  1569180.001  1571179.003  1571245.001  1571854.003  1573144.001
  1250:  1575590.003  1576804.001  1579304.018  1579709.003  1579715.016
  1255:  1579765.026  1584446.001  1584526.003  1584694.001  1586790.003
  1260:  1586862.001  1587304.003  1649103.001  1649270.003  1669648.001
  1265:  1671036.003  1672884.001  1675384.018  1675965.003  1675971.016
  1270:  1676021.026  1687134.001  1689140.003  1690831.001  1692948.003
  1275:  1696665.001  1699165.018  1699566.003  1699572.016  1699622.026
  1280:  1725894.001  1727480.003  1729536.001  1730827.003  1731802.001
  1285:  1734082.003  1738617.001  1740648.003  1755002.001  1756687.003
  1290:  1756696.001  1757078.003  1757086.001  1757828.003  1759237.001
  1295:  1759915.003  1759977.001  1761838.003  1764334.001  1764364.003
  1300:  1764417.001  1766917.018  1767186.003  1767192.016  1767242.026
  1305:  1777421.001  1778397.003  1778447.001  1780026.003
B:
     0:        0.000      571.000        0.000      571.000        0.000
     5:        0.000        0.000        0.000        0.000        0.000
    10:        0.000        1.000        0.000        0.000        0.000
    15:        0.000       55.000        1.000       55.000        0.000
    20:        0.000        0.000        0.000        0.000        0.000
    25:        0.000       55.000        0.000        0.000        0.000
    30:        0.000
D:
     0:  1782603.000  1781025.000  1782604.000
E:
     0:     2500.000     2500.000
T:
     0:        0.000        0.000        0.000        0.000
