File: C:\MED-PC IV\Data\Aila\AN\AN0014.999


Start Date: 03/19/19
End Date: 03/19/19
Subject: 14
Experiment: AN
Group: PilotoAumentoCriterioExp
Box: 4
Start Time: 22:05:19
End Time: 23:05:19
MSN: DRRD_long_exp
C:       0.000
F:       0.000
G:       0.000
H:       0.000
I:       0.000
J:       0.000
K:      33.000
L:       0.000
M:       0.000
N:       0.000
O:       0.000
P:       0.000
Q:       0.000
R:       0.000
S:       0.000
U:    6317.000
V:       0.000
W:       2.000
X:       0.000
Y:    1486.000
Z:       0.000
A:
     0:     7734.001     8021.003     8162.001     8771.003    12877.001
     5:    13395.003    15000.011    22098.001    22618.003    22641.001
    10:    22962.003    23687.001    24501.003    25039.001    26039.003
    15:    32416.001    33427.003    33488.001    33907.003    34310.001
    20:    34424.003    49214.001    49696.003    72777.001    72926.003
    25:    73870.001    74533.003    74967.001    75444.003    80282.001
    30:    81308.003    89140.001    90223.003    90863.001    91994.003
    35:    96318.001    96355.003    96498.001    96592.003    96910.001
    40:    97924.003    97958.001    98032.003    98694.001    99044.003
    45:    99134.001    99570.003    99601.001   100374.003   103926.001
    50:   105168.003   116216.001   116374.003   116498.001   116701.003
    55:   117596.001   118517.003   123734.001   123827.003   129494.001
    60:   130137.003   130796.001   131349.003   131967.001   132946.003
    65:   133316.001   133821.003   134421.001   134823.003   136927.001
    70:   137183.003   141214.001   141265.003   143898.001   145073.003
    75:   145420.001   145596.003   145620.001   146633.003   147028.001
    80:   147794.003   148208.001   148297.003   148326.001   149342.003
    85:   151089.001   152396.003   153472.001   153719.003   153789.001
    90:   154387.003   155075.001   155185.003   155254.001   155995.003
    95:   156175.001   157003.003   160552.001   161201.003   161555.001
   100:   162176.003   171640.001   172598.003   173393.001   174343.003
   105:   174819.001   175046.003   175071.001   175156.003   175196.001
   110:   175831.003   194561.001   194697.003   229762.001   231389.003
   115:   238133.001   238762.003   250657.001   250708.003   253316.001
   120:   253464.003   256503.001   257541.003   257848.001   259459.003
   125:   263138.001   264788.018   264899.003   264905.016   264955.026
   130:   268528.001   268893.003   269677.001   271006.003   274239.001
   135:   274365.003   274376.001   275088.003   275675.001   275757.003
   140:   278375.001   278539.003   280125.001   281131.003   281490.001
   145:   282017.003   286122.001   287462.003   289042.001   290087.003
   150:   291519.001   292290.003   294008.001   295163.003   295597.001
   155:   296811.003   297490.001   298143.003   298180.001   299442.003
   160:   304044.001   305134.003   306213.001   307863.018   308061.003
   165:   308067.016   308117.026   311301.001   311815.003   315617.001
   170:   316832.003   317276.001   318141.003   320315.001   320644.003
   175:   320696.001   322070.003   323789.001   325119.003   327883.001
   180:   328383.003   328428.001   329083.003   329972.001   330423.003
   185:   330534.001   331148.003   332308.001   333559.003   334385.001
   190:   334723.003   336735.001   338385.018   338485.003   338491.016
   195:   338541.026   342029.001   342225.003   344050.001   344223.003
   200:   344479.001   345528.003   347534.001   348013.003   348045.001
   205:   349093.003   350259.001   351272.003   351814.001   353149.003
   210:   355987.001   357637.018   357643.003   357649.016   357699.026
   215:   359890.001   360831.003   364647.001   364749.003   366025.001
   220:   367109.003   374967.001   375839.003   377243.001   377365.003
   225:   377442.001   377784.003   378259.001   378414.003   378473.001
   230:   379322.003   380242.001   380505.003   391036.001   391679.003
   235:   392782.001   393719.003   395175.001   395443.003   398051.001
   240:   398634.003   400108.001   401143.003   401955.001   403012.003
   245:   403885.001   405535.018   405753.003   405759.016   405809.026
   250:   408322.001   409167.003   411530.001   411838.003   411925.001
   255:   412819.003   413857.001   414746.003   415507.001   415678.003
   260:   415838.001   417346.003   417920.001   418146.003   419860.001
   265:   421169.003   421596.001   422965.003   423655.001   424357.003
   270:   424394.001   425105.003   425503.001   426523.003   428153.001
   275:   428973.003   429000.001   429420.003   430269.001   431717.003
   280:   432980.001   433046.003   439350.001   440613.003   441052.001
   285:   442157.003   445001.001   446372.003   446991.001   447161.003
   290:   447457.001   449107.018   449126.003   449132.016   449182.026
   295:   451717.001   452823.003   453361.001   454910.003   455529.001
   300:   456386.003   457201.001   458390.003   459288.001   460626.003
   305:   461257.001   462612.003   463377.001   463930.003   464945.001
   310:   465953.003   467747.001   468466.003   468851.001   470286.003
   315:   472270.001   473552.003   474122.001   474908.003   475341.001
   320:   475578.003   475594.001   476123.003   478846.001   479911.003
   325:   481057.001   482707.018   482771.003   482777.016   482827.026
   330:   485287.001   485478.003   488930.001   489810.003   490222.001
   335:   490527.003   490912.001   492234.003   493965.001   494229.003
   340:   498147.001   499356.003   499836.001   500035.003   502555.001
   345:   503145.003   505588.001   506710.003   508985.001   509093.003
   350:   511728.001   512976.003   513636.001   514621.003   515128.001
   355:   516261.003   517439.001   518556.003   519256.001   520809.003
   360:   521963.001   523078.003   523590.001   524612.003   525355.001
   365:   526273.003   528960.001   530260.003   530977.001   532233.003
   370:   533286.001   533615.003   533675.001   535025.003   535714.001
   375:   537309.003   538091.001   539741.018   539746.003   539752.016
   380:   539802.026   545442.001   546227.003   546962.001   548551.003
   385:   549662.001   551006.003   552080.001   553099.003   554050.001
   390:   555273.003   557160.001   558604.003   560112.001   561762.018
   395:   561810.003   561816.016   561866.026   565468.001   567118.018
   400:   567133.003   567139.016   567189.026   570319.001   571491.003
   405:   572344.001   573747.003   574750.001   575975.003   576749.001
   410:   577854.003   578683.001   580082.003   580731.001   582381.018
   415:   582408.003   582414.016   582464.026   587156.001   588272.003
   420:   589212.001   590776.003   591774.001   592837.003   593715.001
   425:   594119.003   594521.001   594743.003   597637.001   598951.003
   430:   601016.001   602483.003   603519.001   603921.003   604065.001
   435:   604105.003   605605.001   606776.003   607397.001   608116.003
   440:   610023.001   610908.003   611927.001   613219.003   613779.001
   445:   614087.003   614512.001   615302.003   617439.001   619042.003
   450:   619452.001   620634.003   621500.001   621951.003   622182.001
   455:   622578.003   623044.001   624314.003   625220.001   625633.003
   460:   626022.001   627672.018   627693.003   627699.016   627749.026
   465:   630336.001   631607.003   632104.001   633409.003   634363.001
   470:   634527.003   634713.001   635065.003   655603.001   656507.003
   475:   658001.001   659003.003   660205.001   661133.003   661599.001
   480:   662352.003   663280.001   663592.003   664003.001   664898.003
   485:   665817.001   666965.003   667469.001   668689.003   675051.001
   490:   675724.003   676471.001   677860.003   678801.001   679917.003
   495:   680888.001   682424.003   682930.001   684413.003   685589.001
   500:   686544.003   687076.001   687707.003   687721.001   688827.003
   505:   689858.001   690924.003   691572.001   692810.003   693685.001
   510:   694197.003   694267.001   695368.003   696272.001   697772.003
   515:   698255.001   699905.018   700045.003   700051.016   700101.026
   520:   703371.001   703702.003   704580.001   704875.003   704926.001
   525:   705588.003   714875.001   715180.003   732688.001   733792.003
   530:   734584.001   735490.003   738989.001   739174.003   739239.001
   535:   740475.003   740957.001   742580.003   742960.001   744177.003
   540:   744923.001   746529.003   747139.001   747843.003   748381.001
   545:   749091.003   752697.001   752957.003   753024.001   753399.003
   550:   753654.001   754179.003   755002.001   756362.003   756983.001
   555:   757187.003   757278.001   757904.003   758618.001   759161.003
   560:   759368.001   760137.003   761979.001   763254.003   763897.001
   565:   764159.003   764554.001   765848.003   767743.001   768323.003
   570:   770068.001   771036.003   772499.001   772792.003   773281.001
   575:   773940.003   774246.001   774649.003   774761.001   775747.003
   580:   779895.001   780099.003   780209.001   781230.003   781847.001
   585:   782530.003   782681.001   782963.003   783233.001   783815.003
   590:   784416.001   785483.003   786419.001   787007.003   787402.001
   595:   787978.003   789046.001   790136.003   791498.001   792034.003
   600:   792045.001   792700.003   793363.001   793750.003   794069.001
   605:   795532.003   796055.001   797591.003   799098.001   800664.003
   610:   801419.001   802893.003   804981.001   806631.018   806641.003
   615:   806647.016   806697.026   809417.001   809954.003   810043.001
   620:   811163.003   812927.001   814158.003   823434.001   824276.003
   625:   825317.001   825864.003   825944.001   825963.003   826036.001
   630:   826072.003   826312.001   826909.003   828459.001   828749.003
   635:   831387.001   831497.003   836941.001   837081.003   837386.001
   640:   837720.003   842931.001   843178.003   843484.001   843958.003
   645:   844391.001   844713.003   844805.001   845810.003   846272.001
   650:   846502.003   846683.001   847456.003   848068.001   848231.003
   655:   848712.001   849410.003   850058.001   851336.003   851773.001
   660:   853159.003   854865.001   855185.003   855473.001   855870.003
   665:   857088.001   857213.003   857428.001   857845.003   858000.001
   670:   858499.003   859177.001   860564.003   861066.001   861468.003
   675:   861497.001   862220.003   863103.001   863320.003   863348.001
   680:   864441.003   865188.001   865962.003   868017.001   868175.003
   685:   869867.001   871517.018   871883.003   871889.016   871939.026
   690:   874506.001   874768.003   877166.001   878237.003   878758.001
   695:   880109.003   880972.001   882145.003   882522.001   883247.003
   700:   883470.001   884113.003   885226.001   886412.003   887301.001
   705:   887996.003   888617.001   889887.003   906113.001   906987.003
   710:   907543.001   908806.003   909192.001   909854.003   911404.001
   715:   912136.003   912640.001   913752.003   914325.001   914900.003
   720:   915571.001   916628.003   942034.001   942102.003   942597.001
   725:   943755.003   945320.001   946318.003   947651.001   947994.003
   730:   948023.001   949003.003   949374.001   950833.003   951659.001
   735:   953248.003   953678.001   954910.003   968643.001   969289.003
   740:   969567.001   970704.003   971968.001   972178.003   972424.001
   745:   973055.003   973619.001   975204.003   980718.001   982061.003
   750:   982756.001   983026.003   983107.001   983262.003   983317.001
   755:   983564.003   984769.001   985796.003   987364.001   988541.003
   760:   989090.001   990247.003   991330.001   992503.003   993261.001
   765:   993496.003   994254.001   995567.003   996211.001   997493.003
   770:   998816.001   999318.003  1006457.001  1007796.003  1008406.001
   775:  1008655.003  1009054.001  1009293.003  1010083.001  1011648.003
   780:  1012335.001  1012680.003  1012774.001  1013946.003  1014997.001
   785:  1016551.003  1017282.001  1017683.003  1019026.001  1020293.003
   790:  1020909.001  1022458.003  1024076.001  1025468.003  1026718.001
   795:  1027677.003  1028201.001  1028455.003  1028523.001  1029124.003
   800:  1029187.001  1029784.003  1032153.001  1033594.003  1034610.001
   805:  1034893.003  1035328.001  1036060.003  1038043.001  1038811.003
   810:  1039606.001  1040799.003  1041507.001  1043130.003  1043989.001
   815:  1045207.003  1045844.001  1047458.003  1048975.001  1050126.003
   820:  1051340.001  1052853.003  1053483.001  1054250.003  1054274.001
   825:  1054763.003  1055442.001  1056990.003  1058080.001  1059380.003
   830:  1060073.001  1061572.003  1063405.001  1064834.003  1065401.001
   835:  1066401.003  1066981.001  1068540.003  1069382.001  1069629.003
   840:  1069711.001  1070775.003  1074169.001  1074846.003  1077881.001
   845:  1078964.003  1079610.001  1081260.018  1081740.003  1081746.016
   850:  1081796.026  1085367.001  1085684.003  1086301.001  1087417.003
   855:  1088114.001  1089328.003  1090144.001  1091294.003  1117742.001
   860:  1117800.003  1117941.001  1118089.003  1118213.001  1119055.003
   865:  1119537.001  1119688.003  1119697.001  1120388.003  1147041.001
   870:  1147766.003  1148203.001  1149389.003  1150563.001  1151829.003
   875:  1152816.001  1153275.003  1168060.001  1169710.018  1169980.003
   880:  1169986.016  1170036.026  1178298.001  1178925.003  1179423.001
   885:  1180277.003  1180853.001  1181983.003  1182976.001  1184356.003
   890:  1184867.001  1185952.003  1186906.001  1188071.003  1188842.001
   895:  1190492.018  1190517.003  1190523.016  1190573.026  1193835.001
   900:  1194616.003  1195216.001  1196064.003  1196943.001  1197854.003
   905:  1198493.001  1199492.003  1200257.001  1201214.003  1202125.001
   910:  1203215.003  1203856.001  1204667.003  1207171.001  1208293.003
   915:  1208890.001  1210209.003  1210989.001  1211177.003  1212428.001
   920:  1213147.003  1214793.001  1215840.003  1216326.001  1217123.003
   925:  1217729.001  1217921.003  1217999.001  1218878.003  1219920.001
   930:  1220998.003  1221626.001  1222412.003  1223659.001  1224642.003
   935:  1226716.001  1227769.003  1228421.001  1229414.003  1229949.001
   940:  1230877.003  1234013.001  1234614.003  1237674.001  1238693.003
   945:  1239058.001  1240194.003  1241595.001  1242580.003  1243109.001
   950:  1244271.003  1245030.001  1245922.003  1246610.001  1247916.003
   955:  1248441.001  1249778.003  1250690.001  1251846.003  1252813.001
   960:  1254154.003  1254574.001  1255737.003  1256666.001  1257735.003
   965:  1259049.001  1260042.003  1260136.001  1260405.003  1261227.001
   970:  1261386.003  1261462.001  1262872.003  1264149.001  1265272.003
   975:  1265768.001  1267055.003  1267819.001  1269240.003  1270229.001
   980:  1271128.003  1271923.001  1272812.003  1273405.001  1274615.003
   985:  1275179.001  1275970.003  1277287.001  1278065.003  1278490.001
   990:  1279773.003  1280518.001  1281623.003  1282194.001  1283470.003
   995:  1284097.001  1285026.003  1285580.001  1286935.003  1287720.001
  1000:  1288094.003  1288362.001  1288755.003  1288855.001  1289156.003
  1005:  1290498.001  1292148.018  1292166.003  1292172.016  1292222.026
  1010:  1295130.001  1295726.003  1296257.001  1297105.003  1297801.001
  1015:  1298838.003  1299500.001  1300764.003  1301636.001  1302322.003
  1020:  1302886.001  1303204.003  1303228.001  1303527.003  1304791.001
  1025:  1306076.003  1306668.001  1307702.003  1308391.001  1309628.003
  1030:  1310412.001  1311130.003  1312072.001  1313565.003  1314465.001
  1035:  1314767.003  1314788.001  1315727.003  1317614.001  1318423.003
  1040:  1318488.001  1318999.003  1319517.001  1320386.003  1323251.001
  1045:  1324187.003  1327014.001  1328080.003  1329344.001  1329571.003
  1050:  1331339.001  1332061.003  1332092.001  1332633.003  1333198.001
  1055:  1334428.003  1335192.001  1336086.003  1336618.001  1337832.003
  1060:  1339089.001  1339769.003  1341598.001  1342701.003  1344099.001
  1065:  1345301.003  1351390.001  1351958.003  1352416.001  1353508.003
  1070:  1354823.001  1355884.003  1356605.001  1357039.003  1357159.001
  1075:  1358118.003  1359375.001  1360582.003  1361380.001  1362630.003
  1080:  1363632.001  1364199.003  1364635.001  1365936.003  1366412.001
  1085:  1367671.003  1368406.001  1369565.003  1370472.001  1371406.003
  1090:  1371942.001  1372897.003  1373749.001  1374915.003  1375774.001
  1095:  1376807.003  1379107.001  1379939.003  1380420.001  1380986.003
  1100:  1381430.001  1382716.003  1383235.001  1384727.003  1386023.001
  1105:  1387230.003  1388173.001  1388783.003  1389139.001  1389474.003
  1110:  1390331.001  1391719.003  1392771.001  1393858.003  1394309.001
  1115:  1395518.003  1396555.001  1397595.003  1398426.001  1399117.003
  1120:  1399817.001  1400491.003  1400506.001  1401392.003  1402489.001
  1125:  1403399.003  1403917.001  1405159.003  1405803.001  1406061.003
  1130:  1406438.001  1407569.003  1408237.001  1409573.003  1410536.001
  1135:  1411627.003  1421204.001  1421320.003  1421793.001  1422416.003
  1140:  1423070.001  1424073.003  1425075.001  1426037.003  1426823.001
  1145:  1427276.003  1427730.001  1428987.003  1430780.001  1431754.003
  1150:  1432317.001  1433483.003  1434140.001  1435512.003  1436233.001
  1155:  1437858.003  1438889.001  1440114.003  1442114.001  1443538.003
  1160:  1444753.001  1446403.018  1446408.003  1446414.016  1446464.026
  1165:  1449397.001  1450758.003  1451271.001  1451951.003  1452671.001
  1170:  1454082.003  1454673.001  1455410.003  1455912.001  1456226.003
  1175:  1456464.001  1457099.003  1458038.001  1458985.003  1459398.001
  1180:  1460021.003  1461042.001  1462352.003  1463311.001  1464429.003
  1185:  1465124.001  1466177.003  1467376.001  1468468.003  1468970.001
  1190:  1470004.003  1470422.001  1471867.003  1475943.001  1477178.003
  1195:  1477951.001  1479328.003  1479901.001  1481113.003  1482036.001
  1200:  1482746.003  1483212.001  1484549.003  1485170.001  1486393.003
  1205:  1487347.001  1488503.003  1489066.001  1490291.003  1490902.001
  1210:  1491984.003  1492421.001  1494003.003  1494585.001  1495946.003
  1215:  1496964.001  1498399.003  1499269.001  1500360.003  1506603.001
  1220:  1507180.003  1507350.001  1507923.003  1508757.001  1509644.003
  1225:  1510433.001  1511433.003  1512351.001  1513409.003  1514071.001
  1230:  1515065.003  1515692.001  1516806.003  1517287.001  1518065.003
  1235:  1518859.001  1519315.003  1519714.001  1520267.003  1520892.001
  1240:  1521899.003  1522690.001  1524118.003  1524734.001  1525715.003
  1245:  1526436.001  1527654.003  1528344.001  1529994.018  1530331.003
  1250:  1530337.016  1530387.026  1533547.001  1535011.003  1536054.001
  1255:  1537219.003  1537838.001  1539296.003  1539773.001  1541052.003
  1260:  1544984.001  1545906.003  1545984.001  1546169.003  1546475.001
  1265:  1546704.003  1547407.001  1548836.003  1549786.001  1551122.003
  1270:  1551549.001  1551801.003  1552171.001  1552517.003  1552589.001
  1275:  1553865.003  1558770.001  1560420.018  1560440.003  1560446.016
  1280:  1560496.026  1563894.001  1564763.003  1574333.001  1575390.003
  1285:  1576259.001  1577566.003  1578290.001  1579467.003  1583793.001
  1290:  1584942.003  1585786.001  1586774.003  1587149.001  1588230.003
  1295:  1590017.001  1591077.003  1591436.001  1592384.003  1593279.001
  1300:  1593687.003  1593733.001  1594269.003  1594572.001  1595014.003
  1305:  1595034.001  1595717.003  1596489.001  1597646.003  1598573.001
  1310:  1599931.003  1600925.001  1602302.003  1603042.001  1604455.003
  1315:  1604829.001  1605698.003  1607533.001  1608689.003  1609073.001
  1320:  1610708.003  1612116.001  1613726.003  1614576.001  1615320.003
  1325:  1615726.001  1617207.003  1619196.001  1620846.018  1620855.003
  1330:  1620861.016  1620911.026  1624601.001  1625591.003  1626433.001
  1335:  1626811.003  1626846.001  1627494.003  1628159.001  1629193.003
  1340:  1629558.001  1630513.003  1631398.001  1633048.018  1633058.003
  1345:  1633064.016  1633110.001  1633114.026  1633264.003  1636174.001
  1350:  1637381.003  1638434.001  1638849.003  1638905.001  1639705.003
  1355:  1640295.001  1641213.003  1642271.001  1642826.003  1644414.001
  1360:  1645061.003  1645546.001  1646856.003  1647224.001  1648517.003
  1365:  1649807.001  1650300.003  1651561.001  1652525.003  1653097.001
  1370:  1653686.003  1653719.001  1654377.003  1655296.001  1656060.003
  1375:  1656480.001  1657424.003  1658353.001  1659612.003  1660145.001
  1380:  1661530.003  1662724.001  1663904.003  1664582.001  1665935.003
  1385:  1666907.001  1667379.003  1668750.001  1669197.003  1669315.001
  1390:  1669655.003  1669710.001  1670081.003  1671107.001  1672401.003
  1395:  1673107.001  1674097.003  1674523.001  1675626.003  1679822.001
  1400:  1680020.003  1680154.001  1681493.003  1682113.001  1683356.003
  1405:  1683942.001  1685330.003  1686265.001  1687824.003  1688556.001
  1410:  1690089.003  1691066.001  1691961.003  1692975.001  1694018.003
  1415:  1695500.001  1696188.003  1696361.001  1696755.003  1697320.001
  1420:  1698049.003  1702810.001  1703874.003  1704718.001  1705399.003
  1425:  1706812.001  1707978.003  1708744.001  1709036.003  1711770.001
  1430:  1713072.003  1714561.001  1715725.003  1716366.001  1717577.003
  1435:  1718092.001  1718531.003  1718579.001  1719123.003  1719138.001
  1440:  1719566.003  1720664.001  1721736.003  1722349.001  1722891.003
  1445:  1722976.001  1723368.003  1723560.001  1724077.003  1725451.001
  1450:  1726596.003  1755485.001  1756146.003  1757199.001  1758079.003
  1455:  1758954.001  1760194.003  1760969.001  1761960.003  1762680.001
  1460:  1763124.003  1763631.001  1763920.003  1763965.001  1764743.003
  1465:  1765252.001  1766822.003  1767348.001  1768395.003  1781978.001
  1470:  1782472.003  1783909.001  1784060.003  1784135.001  1785213.003
  1475:  1785692.001  1786428.003  1786940.001  1788432.003  1793949.001
  1480:  1794115.003  1794215.001  1795393.003  1796145.001  1797194.003
  1485:  1798722.001
B:
     0:        0.000      707.000        0.000      706.000        0.000
     5:        0.000        0.000        0.000        0.000        0.000
    10:        0.000        1.000        0.000        0.000        0.000
    15:        0.000       24.000        0.000       24.000        0.000
    20:        0.000        0.000        0.000        0.000        0.000
    25:        0.000       24.000        0.000        0.000        0.000
    30:        0.000
D:
     0:  1806322.000  1805039.000  1803511.000
E:
     0:     1650.000     1650.000
T:
     0:        0.000        0.000        0.000        0.000
