File: C:\MED-PC IV\Data\Aila\AN\AN0016.999


Start Date: 03/20/19
End Date: 03/20/19
Subject: 16
Experiment: AN
Group: PilotoAumentoCriterioExp
Box: 6
Start Time: 21:00:55
End Time: 22:00:55
MSN: DRRD_long_exp
C:       0.000
F:       0.000
G:       0.000
H:       0.000
I:       0.000
J:       0.000
K:      33.000
L:       0.000
M:       0.000
N:       0.000
O:       0.000
P:       0.000
Q:       0.000
R:       0.000
S:       0.000
U:    2472.000
V:       0.000
W:       0.000
X:       0.000
Y:     988.000
Z:       0.000
A:
     0:    15000.011    16109.001    16380.003    26292.001    26966.003
     5:    27010.001    27056.003    42045.001    42210.003    42260.001
    10:    42610.003    42643.001    42712.003    42760.001    43212.003
    15:    43813.001    43853.003    45221.001    45258.003    45544.001
    20:    45564.003    59115.001    60245.003    60979.001    61638.003
    25:    63374.001    63706.003    63732.001    64676.003    67968.001
    30:    68522.003    68682.001    70077.003    70495.001    72145.018
    35:    72701.003    72707.016    72757.026    83980.001    85630.018
    40:    85974.003    85980.016    86030.026    91279.001    92929.018
    45:    92977.003    92983.016    93033.026    93035.017    99548.001
    50:   101122.003   101734.001   102898.003   103345.001   104438.003
    55:   106826.001   108336.003   108736.001   109009.003   109087.001
    60:   109883.003   110650.001   110735.003   110747.001   112882.003
    65:   113327.001   113449.003   113483.001   113531.003   113556.001
    70:   114449.003   115906.001   117027.003   117865.001   117938.003
    75:   117963.001   118020.003   118047.001   118709.003   118826.001
    80:   118983.003   119081.001   119601.003   127975.001   128169.003
    85:   128324.001   128857.003   129363.001   130418.003   130438.001
    90:   131501.003   133088.001   134783.003   136289.001   138164.003
    95:   138978.001   139375.003   139414.001   140033.003   140122.001
   100:   141453.003   142003.001   142098.003   142272.001   143103.003
   105:   145112.001   146421.003   146996.001   147406.003   147423.001
   110:   148361.003   148596.001   149355.003   151528.001   151619.003
   115:   151762.001   152636.003   158136.001   159970.003   160603.001
   120:   162457.003   168961.001   168978.003   169053.001   169201.003
   125:   169265.001   169699.003   169734.001   171112.003   171701.001
   130:   173846.018   173938.003   173944.016   173994.026   179024.001
   135:   179103.003   179911.001   180899.003   181485.001   183162.003
   140:   183967.001   186112.018   186904.003   186910.016   186960.026
   145:   192249.001   194394.018   194787.003   194793.016   194843.026
   150:   202455.001   204576.003   205105.001   207250.018   207431.003
   155:   207437.016   207455.001   207467.003   207487.026   212504.001
   160:   212637.003   212654.001   212875.003   212898.001   213738.003
   165:   214117.001   215922.003   216795.001   218845.003   219579.001
   170:   220918.003   226776.001   227272.003   227289.001   228271.003
   175:   228816.001   229274.003   229300.001   229550.003   229578.001
   180:   230756.003   239005.002   239060.004   239590.002   239888.004
   185:   241365.001   242963.003   243448.001   244680.003   245431.001
   190:   246995.003   252824.001   253024.003   253083.001   254591.003
   195:   256098.001   256143.003   256166.001   257664.003   258198.001
   200:   258222.003   258245.001   258294.003   258335.001   259535.003
   205:   261157.001   261261.003   261373.001   263017.003   263229.001
   210:   263259.003   263297.001   263342.003   263374.001   265353.003
   215:   266133.001   266314.003   266387.001   268153.003   268910.001
   220:   270838.003   281458.001   283603.018   283658.003   283664.016
   225:   283714.026   287954.001   289576.003   291888.001   294033.018
   230:   294558.003   294564.016   294614.026   300032.001   302177.018
   235:   302262.003   302268.016   302318.026   306985.001   308764.003
   240:   308921.001   311066.018   311331.003   311337.016   311387.026
   245:   315687.001   317746.003   319352.001   321497.018   321515.003
   250:   321521.016   321571.026   325890.001   327652.003   328397.001
   255:   330542.018   330956.003   330962.016   331012.026   335689.001
   260:   337834.018   339710.003   339716.016   339731.001   339766.026
   265:   339923.003   340984.001   341392.003   341512.001   341668.003
   270:   346765.001   348557.003   349142.001   349944.003   349966.001
   275:   350147.003   350294.001   350341.003   350581.001   350612.003
   280:   350854.001   351230.003   351433.001   351678.003   352266.001
   285:   352326.003   354216.001   355538.003   358010.001   358023.003
   290:   358228.001   359971.003   360664.001   360924.003   360984.001
   295:   361456.003   361477.001   362888.003   364219.001   365399.003
   300:   365543.001   366485.003   366564.001   366940.003   366967.001
   305:   366978.003   367691.001   369836.018   369915.003   369921.016
   310:   369971.026   378176.001   378234.003   378572.001   379059.003
   315:   379161.001   379264.003   379284.001   380956.003   381597.001
   320:   381807.003   383893.001   384468.003   389068.001   389270.003
   325:   389344.001   390323.003   391981.001   392521.003   392559.001
   330:   393724.003   398840.001   399754.003   399811.001   400938.003
   335:   401900.001   403340.003   404131.001   406146.003   407764.001
   340:   407888.003   407925.001   408724.003   416127.001   416241.003
   345:   416339.001   417848.003   417882.001   417923.003   425820.002
   350:   425922.004   426090.002   426274.004   427911.001   428609.003
   355:   429659.001   429772.003   429792.001   431701.003   432430.001
   360:   433916.003   434719.001   434873.003   434902.001   435960.003
   365:   435973.001   436632.003   438019.001   439529.003   440599.001
   370:   441646.003   442195.001   442239.003   442257.001   442880.003
   375:   443521.001   443594.003   443680.001   444582.003   448141.002
   380:   448239.004   449314.002   449644.004   450527.001   451794.003
   385:   452553.001   452592.003   452700.001   454261.003   454999.001
   390:   456182.003   461260.001   462385.003   465868.001   466789.003
   395:   468187.001   469938.003   475532.001   477045.003   477806.001
   400:   479434.003   480107.001   480325.003   480359.001   481395.003
   405:   481912.001   483657.003   484335.001   485762.003   486985.001
   410:   488880.003   497882.001   499576.003   525727.001   525775.003
   415:   525806.001   525971.003   526127.001   526700.003   526915.001
   420:   527060.003   527158.001   527416.003   527473.001   529028.003
   425:   533802.001   534570.003   545461.001   545545.003   545670.001
   430:   546354.003   547645.001   549108.003   552636.001   552682.003
   435:   552730.001   553865.003   573686.001   575484.003   578805.001
   440:   580264.003   584138.001   584925.003   585038.001   585656.003
   445:   585802.001   585893.003   585929.001   586373.003   648503.001
   450:   649851.003   650775.001   652696.003   653874.001   654975.003
   455:   660432.001   662263.003   663801.001   665631.003   666782.001
   460:   667104.003   667142.001   667573.003   667681.001   668614.003
   465:   670128.001   670282.003   670306.001   671564.003   672544.001
   470:   674097.003   674653.001   676231.003   677207.001   678927.003
   475:   680284.001   680488.003   680529.001   681929.003   693059.001
   480:   695204.018   696473.003   696479.016   696529.026   707362.001
   485:   708254.003   712308.001   713913.003   715133.001   715174.003
   490:   715243.001   717005.003   717832.001   717890.003   717987.001
   495:   719557.003   721329.001   721439.003   721669.001   721702.003
   500:   721793.001   723611.003   724617.001   724637.003   724709.001
   505:   725656.003   726798.001   726834.003   726869.001   728630.003
   510:   731925.001   733594.003   734688.001   734810.003   734834.001
   515:   736798.003   737518.001   738868.003   739647.001   741096.003
   520:   742148.001   744293.018   744330.003   744336.016   744386.026
   525:   752593.001   752650.003   752667.001   754703.003   755610.001
   530:   757291.003   759805.001   761562.003   762508.001   764586.003
   535:   775059.001   775174.003   775705.001   776886.003   778200.001
   540:   779849.003   780373.001   781980.003   782966.001   783031.003
   545:   783059.001   784177.003   792689.001   794424.003   795528.001
   550:   795594.003   795627.001   795686.003   807243.002   807614.004
   555:   809075.001   809891.003   809909.001   810787.003   811873.001
   560:   811929.003   811965.001   813472.003   814625.001   816506.003
   565:   817420.001   819074.003   819985.001   820012.003   820166.001
   570:   822311.018   822700.003   822706.016   822756.026   836483.001
   575:   838628.018   839251.003   839257.016   839307.026   873981.001
   580:   874114.003   874166.001   874294.003   874348.001   876133.003
   585:   876943.001   879088.018   879308.003   879314.016   879364.026
   590:   887536.001   887607.003   887736.001   887805.003   887848.001
   595:   888866.003   888933.001   889064.003   890771.001   892523.003
   600:   893307.001   895452.018   895673.003   895679.016   895729.026
   605:   903801.001   905946.018   906211.003   906217.016   906267.026
   610:   912394.001   914495.003   915483.001   915501.003   915529.001
   615:   915581.003   915618.001   915658.003   915761.001   915805.003
   620:   915835.001   917946.003   917982.001   918359.003   919158.001
   625:   920724.003   922248.001   923938.003   925593.001   925836.003
   630:   926069.001   928119.003   930726.001   930773.003   930940.001
   635:   931206.003   931278.001   933310.003   934657.001   934707.003
   640:   934763.001   936908.018   937868.003   937874.016   937924.026
   645:   943562.001   943677.003   944037.001   945404.003   946818.001
   650:   948603.003   949215.001   951004.003   952070.001   953708.003
   655:   956366.001   958111.003   958961.001   958999.003   959352.001
   660:   961114.003   962659.001   964049.003   965953.001   966650.003
   665:   966668.001   967637.003   973134.001   974842.003   976934.001
   670:   976988.003   977057.001   978673.003   980171.001   982284.003
   675:   982900.001   985045.018   985072.003   985078.016   985128.026
   680:   994296.001   995226.003   995911.001   995945.003   996135.001
   685:   997773.003   999440.001   999483.003   999530.001   999636.003
   690:   999767.001  1001313.003  1028546.001  1030367.003  1030801.001
   695:  1032755.003  1036746.001  1036967.003  1037305.001  1038027.003
   700:  1044812.002  1045631.004  1046395.001  1047571.003  1047874.001
   705:  1049743.003  1051849.001  1053994.018  1059348.003  1059354.016
   710:  1059404.026  1070926.001  1073071.018  1073326.003  1073332.016
   715:  1073382.026  1080869.001  1081087.003  1081144.001  1083289.018
   720:  1083723.003  1083729.016  1083779.026  1090486.001  1092434.003
   725:  1093024.001  1095169.018  1097848.003  1097854.016  1097904.026
   730:  1105478.001  1107623.018  1108389.003  1108395.016  1108445.026
   735:  1114297.001  1116442.018  1117963.003  1117969.016  1118019.026
   740:  1118021.017  1125372.001  1128161.018  1128463.003  1128469.016
   745:  1128519.026  1135150.001  1137500.003  1138423.001  1141212.018
   750:  1141433.003  1141439.016  1141489.026  1146175.001  1148964.018
   755:  1150959.003  1150965.016  1151015.026  1157121.001  1159910.018
   760:  1159978.003  1159984.016  1159997.001  1160034.026  1160036.017
   765:  1160228.003  1161873.001  1163208.003  1163231.001  1163587.003
   770:  1163609.001  1164337.003  1169301.001  1172927.018  1173383.003
   775:  1173389.016  1173439.026  1178889.001  1182515.018  1183068.003
   780:  1183074.016  1183124.026  1188517.001  1188560.003  1188629.001
   785:  1191310.003  1192041.001  1194250.003  1199756.001  1200013.003
   790:  1200146.001  1202704.003  1203244.001  1203282.003  1203440.001
   795:  1205514.003  1206910.001  1208836.003  1214581.001  1214632.003
   800:  1214845.001  1217202.003  1218357.001  1219789.003  1225273.001
   805:  1225293.003  1225326.001  1227388.003  1227417.001  1227456.003
   810:  1227512.001  1227538.003  1230236.001  1230791.003  1230817.001
   815:  1231483.003  1243350.001  1246216.003  1246727.001  1249608.003
   820:  1251042.001  1252685.003  1253792.001  1254472.003  1257672.001
   825:  1259978.003  1268165.001  1268411.003  1268540.001  1269755.003
   830:  1272742.001  1272785.003  1273015.001  1274755.003  1278155.001
   835:  1279520.003  1297917.001  1298207.003  1298306.001  1298567.003
   840:  1298603.001  1299863.003  1301649.001  1301858.003  1301893.001
   845:  1304910.003  1306019.001  1306656.003  1321818.001  1323802.003
   850:  1325879.001  1325923.003  1325971.001  1326637.003  1326712.001
   855:  1328200.003  1331026.001  1331112.003  1331207.001  1331854.003
   860:  1331872.001  1333383.003  1349033.001  1349132.003  1349152.001
   865:  1349285.003  1349610.001  1350435.003  1352791.001  1354419.003
   870:  1355254.001  1356801.003  1370856.001  1372071.003  1375273.001
   875:  1375909.003  1427675.001  1430252.003  1431736.001  1433065.003
   880:  1447003.001  1449165.003  1454958.001  1456040.003  1458589.001
   885:  1460755.003  1461772.001  1463030.003  1466814.001  1468283.003
   890:  1470438.001  1472099.003  1473374.001  1473866.003  1474019.001
   895:  1475398.003  1478726.001  1480061.003  1482597.001  1484441.003
   900:  1485535.001  1487122.003  1488156.001  1489777.003  1490594.001
   905:  1491792.003  1491913.001  1492674.003  1494246.001  1494273.003
   910:  1494342.001  1494734.003  1494756.001  1495154.003  1495191.001
   915:  1495470.003  1495498.001  1496835.003  1497929.001  1498121.003
   920:  1498156.001  1498396.003  1498431.001  1500183.003  1501009.001
   925:  1501504.003  1509236.001  1510981.003  1511729.001  1513677.003
   930:  1514447.001  1516335.003  1516965.001  1518153.003  1518736.001
   935:  1520314.003  1521071.001  1522676.003  1525352.001  1527339.003
   940:  1528285.001  1528327.003  1528380.001  1530872.003  1532226.001
   945:  1533544.003  1534558.001  1534673.003  1534690.001  1535727.003
   950:  1539557.001  1540581.003  1549467.001  1550001.003  1550047.001
   955:  1551366.003  1551980.001  1552257.003  1552299.001  1554299.003
   960:  1558383.001  1560264.003  1561072.001  1562361.003  1593785.001
   965:  1594910.003  1621231.001  1622350.003  1625181.001  1625346.003
   970:  1625629.001  1625982.003  1626007.001  1626051.003  1633312.001
   975:  1633369.003  1644744.001  1645032.003  1645077.001  1646331.003
   980:  1690288.001  1691358.003  1702123.001  1702280.003  1702386.001
   985:  1702458.003  1702525.001  1703014.003
B:
     0:        0.000      430.000        8.000      430.000        8.000
     5:        0.000        0.000        0.000        0.000        0.000
    10:        0.000        1.000        0.000        0.000        0.000
    15:        0.000       36.000        3.000       36.000        0.000
    20:        0.000        0.000        0.000        0.000        0.000
    25:        0.000       36.000        0.000        0.000        0.000
    30:        0.000
D:
     0:  1705485.000  1704997.000  1705486.000
E:
     0:     1650.000     3625.050
T:
     0:        0.000        0.000        0.000        0.000
