File: C:\MED-PC IV\Data\Aila\AN\AN0021.999


Start Date: 03/07/19
End Date: 03/07/19
Subject: 21
Experiment: AN
Group: PilotoAumentoCriterioExp
Box: 5
Start Time: 19:19:04
End Time: 20:19:03
MSN: DRRD_long_exp
C:       0.000
F:       0.000
G:       0.000
H:       0.000
I:       0.000
J:       0.000
K:      15.000
L:       0.000
M:       0.000
N:       0.000
O:       0.000
P:       0.000
Q:       0.000
R:       0.000
S:       0.000
U:    2565.000
V:       0.000
W:       0.000
X:       0.000
Y:     611.000
Z:       0.000
A:
     0:    11944.001    12426.003    15000.011    24014.001    24340.003
     5:    24634.001    24828.003    41842.002    42108.004    55959.001
    10:    56335.003    66378.001    66589.003    71520.001    72270.018
    15:    72462.003    72468.016    72518.026    81350.001    81661.003
    20:    82485.001    82746.003    95133.001    95344.003    96059.001
    25:    96188.003    99280.001    99467.003   106823.001   107504.003
    30:   115310.001   115501.003   119434.001   119864.003   123556.001
    35:   124242.003   129101.001   129197.003   137672.001   137889.003
    40:   139873.002   140463.004   141230.001   141544.003   145244.001
    45:   145994.018   146277.003   146283.016   146333.026   150805.001
    50:   150999.003   157011.001   157749.003   159088.001   159783.003
    55:   165963.001   166701.003   172902.002   172974.004   189641.001
    60:   189995.003   193959.001   194478.003   200231.002   200615.004
    65:   201552.002   203305.004   217389.001   217896.003   218426.001
    70:   218705.003   224115.001   224520.003   229591.002   229662.004
    75:   230113.001   230421.003   233327.001   233742.003   241173.001
    80:   241297.003   248177.002   248367.004   248781.001   249002.003
    85:   256172.001   256634.003   257916.002   259580.004   269289.001
    90:   269470.003   276097.001   276280.003   295548.001   295859.003
    95:   303937.001   304197.003   320068.002   320305.004   320791.001
   100:   321071.003   335599.001   336206.003   351655.001   352364.003
   105:   392416.001   392792.003   401795.001   402445.003   422048.001
   110:   422652.003   439722.001   440174.003   440573.001   441165.003
   115:   455774.001   456125.003   564411.001   564875.003   575895.002
   120:   576448.004   587892.001   588424.003   592553.001   592909.003
   125:   603192.001   603578.003   657111.002   657422.004   658070.002
   130:   658359.004   658877.001   659229.003   676628.001   677053.003
   135:   749504.002   750559.004   752047.001   752302.003   755173.001
   140:   755357.003   775278.001   775336.003   785659.001   786002.003
   145:   807309.001   807664.003   818728.001   819324.003   831250.001
   150:   831644.003   839571.001   839766.003   855189.002   855503.004
   155:   855836.001   856274.003   887815.001   888081.003   902000.001
   160:   902255.003   903172.001   903922.018   904217.003   904223.016
   165:   904273.026   917784.001   918246.003   980664.001   980991.003
   170:   986876.001   987423.003   997949.001   998699.018   998719.003
   175:   998725.016   998775.026  1007606.001  1007724.003  1014540.001
   180:  1014747.003  1021916.001  1022256.003  1028165.001  1028321.003
   185:  1032441.001  1032911.003  1044364.001  1044618.003  1049828.001
   190:  1050124.003  1055196.001  1055400.003  1059325.001  1059702.003
   195:  1073046.001  1073435.003  1076862.001  1077146.003  1084708.001
   200:  1085167.003  1093137.001  1093762.003  1097930.001  1098464.003
   205:  1101602.001  1101879.003  1106140.001  1106378.003  1107235.001
   210:  1107538.003  1116644.001  1117140.003  1126259.002  1127947.004
   215:  1132906.002  1133235.004  1134045.002  1134693.004  1134950.001
   220:  1135441.003  1139777.001  1140436.003  1170509.001  1171259.018
   225:  1171515.003  1171521.016  1171571.026  1186041.001  1186439.003
   230:  1192735.001  1193227.003  1198120.001  1198237.003  1207819.001
   235:  1208067.003  1214308.001  1214876.003  1219051.001  1219624.003
   240:  1228993.001  1229590.003  1243753.001  1244503.018  1245687.003
   245:  1245693.016  1245743.026  1253560.001  1253843.003  1257812.001
   250:  1258313.003  1261547.001  1261927.003  1266640.001  1267225.003
   255:  1269009.001  1269472.003  1272349.001  1272974.003  1277006.001
   260:  1277695.003  1282934.001  1283354.003  1288919.001  1289307.003
   265:  1294654.001  1294915.003  1300792.001  1301542.018  1301904.003
   270:  1301910.016  1301960.026  1313379.001  1313628.003  1319039.001
   275:  1319430.003  1322421.001  1322770.003  1331121.001  1331871.018
   280:  1332147.003  1332153.016  1332203.026  1336911.001  1337370.003
   285:  1342445.001  1342990.003  1346065.001  1346586.003  1349216.001
   290:  1349495.003  1361397.001  1361628.003  1369718.001  1370164.003
   295:  1378861.002  1379010.004  1379490.002  1379650.004  1379831.002
   300:  1380047.004  1380560.001  1381047.003  1383829.001  1384219.003
   305:  1387508.001  1388128.003  1389163.001  1389592.003  1394438.001
   310:  1394756.003  1398184.001  1398643.003  1399708.001  1400458.018
   315:  1400614.003  1400620.016  1400670.026  1403936.001  1404381.003
   320:  1407760.001  1408368.003  1410954.001  1411286.003  1412739.001
   325:  1412889.003  1416370.001  1416758.003  1418996.001  1419746.018
   330:  1420016.003  1420022.016  1420059.001  1420072.026  1420295.003
   335:  1423611.001  1423929.003  1427681.001  1427862.003  1428676.001
   340:  1429426.018  1429601.003  1429607.016  1429657.026  1432848.001
   345:  1433288.003  1435739.001  1436489.018  1436703.003  1436709.016
   350:  1436759.026  1443205.001  1443416.003  1444267.001  1444562.003
   355:  1447230.001  1447529.003  1448538.001  1449053.003  1452506.001
   360:  1452715.003  1457485.002  1457780.004  1457971.001  1458440.003
   365:  1460621.001  1461058.003  1461489.001  1461846.003  1465063.001
   370:  1465535.003  1468927.001  1469416.003  1469663.001  1469695.003
   375:  1469710.001  1469812.003  1476521.001  1477241.003  1478067.001
   380:  1478181.003  1481432.001  1481711.003  1482502.001  1482763.003
   385:  1483239.001  1483521.003  1486130.001  1486387.003  1487134.001
   390:  1487296.003  1490755.001  1491074.003  1495710.001  1495931.003
   395:  1500958.001  1501251.003  1507238.001  1507661.003  1511188.001
   400:  1511938.018  1512198.003  1512204.016  1512254.026  1515647.001
   405:  1516195.003  1519245.001  1519567.003  1529239.001  1529631.003
   410:  1531820.001  1532473.003  1533727.001  1533901.003  1537090.001
   415:  1537118.003  1537161.001  1537713.003  1538555.001  1538758.003
   420:  1541673.001  1542423.018  1542635.003  1542641.016  1542691.026
   425:  1546790.001  1547207.003  1549648.001  1550093.003  1550369.001
   430:  1550975.003  1553785.001  1554535.018  1555024.003  1555030.016
   435:  1555080.026  1559130.001  1559669.003  1560840.001  1560911.003
   440:  1563377.001  1563925.003  1567671.001  1568421.018  1568479.003
   445:  1568485.016  1568535.026  1572078.001  1572695.003  1573964.001
   450:  1574117.003  1576218.001  1576968.018  1577001.003  1577007.016
   455:  1577057.026  1579724.001  1580126.003  1585387.001  1585779.003
   460:  1586873.001  1587190.003  1590269.001  1590723.003  1591303.001
   465:  1591667.003  1601971.001  1602173.003  1604996.001  1605522.003
   470:  1607925.001  1608443.003  1612696.001  1613322.003  1617106.001
   475:  1617647.003  1618563.001  1619028.003  1619044.001  1619143.003
   480:  1620342.001  1620931.003  1623696.001  1624226.003  1628455.001
   485:  1628583.003  1629519.001  1630095.003  1637969.002  1638687.004
   490:  1639138.001  1639888.018  1640151.003  1640157.016  1640207.026
   495:  1647946.001  1648450.003  1654071.001  1654407.003  1657966.001
   500:  1658251.003  1662062.001  1662758.003  1666576.001  1667326.018
   505:  1667496.003  1667502.016  1667552.026  1671508.001  1671667.003
   510:  1671734.001  1672051.003  1676529.001  1676865.003  1677464.001
   515:  1678214.018  1678234.003  1678240.016  1678290.026  1681416.001
   520:  1681847.003  1682518.001  1682840.003  1697338.001  1697981.003
   525:  1699056.001  1699269.003  1702489.001  1703006.003  1709629.001
   530:  1710308.003  1710928.001  1711363.003  1711387.001  1711838.003
   535:  1712182.001  1712932.018  1713041.003  1713047.016  1713097.026
   540:  1716858.001  1717059.003  1719805.001  1720339.003  1722960.001
   545:  1723710.018  1724432.003  1724438.016  1724488.026  1731721.001
   550:  1732471.018  1733034.003  1733040.016  1733090.026  1737097.001
   555:  1737294.003  1740744.001  1741354.003  1744199.001  1744409.003
   560:  1748338.001  1749035.003  1750547.001  1750866.003  1753627.001
   565:  1754361.003  1755268.001  1755661.003  1759288.001  1760038.018
   570:  1760218.003  1760224.016  1760274.026  1764143.001  1764569.003
   575:  1767762.001  1768512.018  1768663.003  1768669.016  1768719.026
   580:  1772929.001  1773393.003  1777817.001  1778417.003  1780043.001
   585:  1780083.003  1780293.001  1780467.003  1781363.001  1781399.003
   590:  1781421.001  1781857.003  1784934.001  1785684.018  1785833.003
   595:  1785839.016  1785889.026  1789116.001  1789490.003  1790261.001
   600:  1790409.003  1790434.001  1790760.003  1793068.001  1793596.003
   605:  1797523.001  1797722.003  1797857.001  1797995.003  1798423.001
   610:  1798768.003
B:
     0:        0.000      244.000       22.000      244.000       22.000
     5:        0.000        0.000        0.000        0.000        0.000
    10:        0.000        1.000        0.000        0.000        0.000
    15:        0.000       26.000        0.000       26.000        0.000
    20:        0.000        0.000        0.000        0.000        0.000
    25:        0.000       26.000        0.000        0.000        0.000
    30:        0.000
D:
     0:  1801332.000  1800988.000  1801333.000
E:
     0:      750.000      750.000
T:
     0:        0.000        0.000        0.000        0.000
