File: C:\MED-PC IV\Data\Aila\AN\AN0015.999


Start Date: 03/20/19
End Date: 03/20/19
Subject: 15
Experiment: AN
Group: PilotoAumentoCriterioExp
Box: 5
Start Time: 21:00:55
End Time: 22:00:55
MSN: DRRD_long_exp
C:       0.000
F:       1.000
G:       0.000
H:       0.000
I:       0.000
J:       0.000
K:      33.000
L:       0.000
M:       0.000
N:       0.000
O:       0.000
P:       0.000
Q:       0.000
R:       0.000
S:       0.000
U:    2472.000
V:       0.000
W:       0.000
X:       0.000
Y:     365.000
Z:       0.000
A:
     0:    15000.011    35181.001    35417.003    35457.001    36050.003
     5:    36082.001    36218.003    36276.001    36338.003    37212.001
    10:    37490.003    56971.002    57509.004    58113.001    58343.003
    15:    58553.001    58735.003    59513.001    61019.003    62029.001
    20:    62790.003    74117.002    75312.004    88926.001    89107.003
    25:   106449.001   107060.003   107567.001   107649.003   114263.001
    30:   114658.003   115150.001   115250.003   124090.001   124474.003
    35:   124575.001   125372.003   126409.001   127087.003   135779.001
    40:   135995.003   158776.001   159755.003   162355.001   162809.003
    45:   163074.001   164055.003   166984.001   168235.003   170324.001
    50:   170678.003   172651.001   173811.003   195121.001   196411.003
    55:   211052.002   211254.004   211316.002   211412.004   213517.001
    60:   214032.003   216580.001   217865.003   220040.001   220225.003
    65:   229091.001   230631.003   233416.001   234963.003   237716.001
    70:   238842.003   240849.001   241880.003   247948.002   248633.004
    75:   297789.001   299439.018   299443.003   299449.016   299499.026
    80:   317696.001   318111.003   318810.001   320460.018   320485.003
    85:   320491.016   320541.026   342317.001   342385.003   342539.001
    90:   342747.003   343651.001   344391.003   346726.001   347840.003
    95:   350714.001   351952.003   364163.001   365493.003   367710.001
   100:   369263.003   370548.001   371632.003   373514.001   374274.003
   105:   380893.001   381947.003   382800.001   383771.003   398180.001
   110:   398413.003   409748.001   411081.003   421837.001   422154.003
   115:   422955.001   424408.003   424732.001   424974.003   425660.001
   120:   427184.003   461108.001   462758.018   462854.003   462860.016
   125:   462910.026   486910.001   487326.003   490855.001   492505.018
   130:   492518.003   492524.016   492574.026   510785.001   511834.003
   135:   513384.001   514385.003   516791.001   518229.003   524234.001
   140:   525884.018   525937.003   525943.016   525993.026   594587.001
   145:   595787.003   597807.001   598967.003   601395.001   602670.003
   150:   635229.001   636471.003   637581.001   639231.018   639490.003
   155:   639496.016   639546.026   679925.001   681076.003   692885.001
   160:   694382.003   696275.001   697891.003   699359.001   701009.018
   165:   701078.003   701084.016   701134.026   713235.001   714830.003
   170:   718775.001   720195.003   722622.001   723485.003   725048.001
   175:   726698.018   727268.003   727274.016   727324.026   739347.001
   180:   740287.003   748602.001   749165.003   750474.001   751884.003
   185:   753038.001   754579.003   773210.001   774414.003   777253.001
   190:   778501.003   781250.001   782881.003   784476.001   785490.003
   195:   787612.001   787758.003   812688.001   813101.003   814191.001
   200:   815682.003   817661.001   819300.003   828375.002   828439.004
   205:   829940.001   831590.018   831951.003   831957.016   832007.026
   210:   917497.001   918688.003   944881.001   946059.003   948067.001
   215:   949528.003   950956.001   951833.003   961495.001   962736.003
   220:   965144.001   966707.003  1000023.001  1001121.003  1003605.001
   225:  1005171.003  1007120.001  1008178.003  1029792.001  1031038.003
   230:  1037702.001  1038550.003  1039885.001  1040909.003  1042085.001
   235:  1042415.003  1042641.001  1044174.003  1049622.001  1050034.003
   240:  1050249.001  1050519.003  1068587.001  1070237.018  1070407.003
   245:  1070413.016  1070463.026  1102084.001  1102500.003  1109639.001
   250:  1111009.003  1161324.001  1162884.003  1174745.001  1175147.003
   255:  1192816.001  1193732.003  1196261.001  1196993.003  1199520.001
   260:  1200674.003  1211923.001  1213334.003  1332466.001  1332769.003
   265:  1334121.001  1334227.003  1335884.001  1336440.003  1336986.001
   270:  1338034.003  1351942.001  1353435.003  1354808.001  1356323.003
   275:  1358216.001  1359114.003  1366090.001  1367098.003  1379471.001
   280:  1380956.003  1397770.001  1399420.018  1400023.003  1400029.016
   285:  1400079.026  1423128.001  1423861.003  1424637.001  1426202.003
   290:  1428863.001  1429716.003  1431299.001  1432949.018  1433172.003
   295:  1433178.016  1433228.026  1459570.001  1460109.003  1462160.001
   300:  1463232.003  1466762.001  1467196.003  1467820.001  1469415.003
   305:  1471472.001  1473122.018  1473343.003  1473349.016  1473399.026
   310:  1490503.001  1492153.018  1492183.003  1492189.016  1492239.026
   315:  1510168.001  1510504.003  1512114.001  1513486.003  1591661.001
   320:  1592545.003  1601900.001  1603240.003  1619586.001  1620229.003
   325:  1626005.001  1627084.003  1628971.001  1630455.003  1632400.001
   330:  1634050.018  1634208.003  1634214.016  1634264.026  1653370.001
   335:  1654121.003  1654954.001  1655286.003  1656757.001  1657450.003
   340:  1657858.001  1659265.003  1661434.001  1662889.003  1666914.001
   345:  1668052.003  1669411.001  1670569.003  1671879.001  1672882.003
   350:  1682590.001  1684127.003  1687193.001  1687492.003  1690692.001
   355:  1691840.003  1694702.001  1695864.003  1712891.001  1714376.003
   360:  1717161.001  1718811.018  1719028.003  1719034.016  1719084.026
B:
     0:        0.000      152.000        6.000      152.000        6.000
     5:        0.000        0.000        0.000        0.000        0.000
    10:        0.000        1.000        0.000        0.000        0.000
    15:        0.000       16.000        0.000       16.000        0.000
    20:        0.000        0.000        0.000        0.000        0.000
    25:        0.000       16.000        0.000        0.000        0.000
    30:        0.000
D:
     0:  1721499.000  1719633.000  1721500.000
E:
     0:     1650.000     1650.000
T:
     0:        0.000        0.000        0.000        0.000
