File: C:\MED-PC IV\Data\Aila\AN\AN0011.999


Start Date: 03/22/19
End Date: 03/22/19
Subject: 11
Experiment: AN
Group: PilotoAumentoCriterioLin
Box: 1
Start Time: 21:30:14
End Time: 22:30:14
MSN: DRRD_long
C:       0.000
F:       0.000
G:       0.000
H:       0.000
I:       0.000
J:       0.000
K:      30.000
L:       0.000
M:       0.000
N:       0.000
O:       0.000
P:       0.000
Q:       0.000
R:       0.000
S:       0.000
U:    1929.000
V:       0.000
W:       0.000
X:       0.000
Y:     803.000
Z:       0.000
A:
     0:    10005.001    10882.003    12174.001    12827.003    13809.001
     5:    14655.003    15000.011    16909.001    18310.003    19605.001
    10:    20661.003    20937.001    21253.003    30143.001    30302.003
    15:    30585.001    30708.003    77653.001    77981.003    86631.001
    20:    87432.003    89626.001    91126.018    91653.003    91659.016
    25:    91709.026   108475.001   109667.003   110225.001   110836.003
    30:   112645.001   113481.003   113539.001   113841.003   113893.001
    35:   114784.003   114873.001   115083.003   120433.001   120549.003
    40:   120725.001   120996.003   121026.001   122099.003   124328.001
    45:   124353.003   124362.001   124445.003   124480.001   125353.003
    50:   125932.001   126112.003   126215.001   126482.003   126540.001
    55:   127799.003   133084.002   135030.004   135062.002   136553.004
    60:   136702.002   137381.004   138618.001   139086.003   152628.001
    65:   153800.003   155418.001   155559.003   155611.001   155759.003
    70:   155878.001   156205.003   157060.001   157448.003   158506.001
    75:   158746.003   158860.001   158912.003   158979.001   159524.003
    80:   161197.001   161788.003   162694.001   163782.003   168672.001
    85:   169403.003   178344.001   178817.003   179068.001   179123.003
    90:   179151.001   179850.003   179904.001   180058.003   180092.001
    95:   180617.003   180647.001   181315.003   182701.001   184201.018
   100:   184672.003   184678.016   184728.026   209454.001   210172.003
   105:   210244.001   210518.003   225968.001   227161.003   228544.001
   110:   229404.003   231561.001   232034.003   232675.001   232857.003
   115:   232980.001   233304.003   233365.001   234283.003   235541.001
   120:   237041.018   237099.003   237105.016   237155.026   272114.001
   125:   272223.003   272393.001   272681.003   272730.001   273103.003
   130:   274207.001   274838.003   276278.001   276834.003   276865.001
   135:   277874.003   279211.001   279670.003   279723.001   280629.003
   140:   297235.001   297264.003   297322.001   297740.003   297755.001
   145:   297784.003   297799.001   297901.003   298011.001   298501.003
   150:   298584.001   298686.003   298746.001   299507.003   301966.001
   155:   302573.003   302634.001   302977.003   303045.001   303182.003
   160:   303360.001   303561.003   305305.001   306805.018   306904.003
   165:   306910.016   306960.026   328555.001   328833.003   330070.001
   170:   330293.003   330452.001   331002.003   331011.001   331041.003
   175:   339062.001   339618.003   339796.001   340056.003   340067.001
   180:   340090.003   340170.001   340483.003   343227.001   344495.003
   185:   350931.001   351105.003   356511.001   357577.003   358352.001
   190:   359463.003   360714.001   360799.003   361018.001   361107.003
   195:   361201.001   361725.003   361994.001   362312.003   365485.001
   200:   366811.003   369756.001   370225.003   370281.001   370836.003
   205:   370899.001   371249.003   371935.001   372480.003   372668.001
   210:   373761.003   383231.001   383891.003   386218.001   386261.003
   215:   386375.001   386559.003   410829.001   410981.003   411166.001
   220:   412048.003   413385.001   413669.003   413710.001   414682.003
   225:   416385.001   417780.003   424149.001   424382.003   424452.001
   230:   424741.003   425122.001   425513.003   425647.001   426100.003
   235:   426260.001   426883.003   426898.001   427098.003   427144.001
   240:   427172.003   445267.001   445310.003   445720.001   446366.003
   245:   446507.001   446769.003   451432.001   452332.003   452470.001
   250:   453794.003   460325.001   460579.003   460692.001   461312.003
   255:   472300.001   472978.003   474279.001   474762.003   483237.001
   260:   484737.018   485163.003   485169.016   485219.026   523762.001
   265:   523941.003   524258.001   524601.003   524635.001   524852.003
   270:   551477.001   551657.003   551707.001   552776.003   554065.001
   275:   554427.003   554490.001   555146.003   556554.001   556974.003
   280:   557037.001   558062.003   562772.001   563465.003   567693.001
   285:   568107.003   568177.001   568799.003   569029.001   569369.003
   290:   570551.001   571299.003   582066.001   582953.003   584128.001
   295:   584555.003   584609.001   585385.003   585523.001   585731.003
   300:   627334.001   628599.003   630286.001   630659.003   633076.002
   305:   634255.004   634322.002   634658.004   634700.002   635564.004
   310:   646021.001   646601.003   647517.001   647791.003   647855.001
   315:   648420.003   648990.001   649406.003   649465.001   649770.003
   320:   655015.001   655838.003   656263.001   656355.003   659007.001
   325:   659190.003   659362.001   659695.003   659775.001   660937.003
   330:   662795.001   662917.003   665472.001   665854.003   666120.001
   335:   666209.003   666272.001   666612.003   666663.001   667373.003
   340:   668590.001   668952.003   669040.001   669626.003   669678.001
   345:   670411.003   670589.001   670769.003   680228.001   680291.003
   350:   680343.001   680969.003   684484.001   685060.003   685114.001
   355:   686614.018   686727.003   686733.016   686783.026   715452.001
   360:   716837.003   718308.001   718867.003   720447.001   720614.003
   365:   730954.001   731442.003   734587.001   735181.003   735379.001
   370:   735670.003   735745.001   736356.003   736377.001   736869.003
   375:   746865.001   747518.003   747751.001   748721.003   748758.001
   380:   748916.003   750528.001   750748.003   750757.001   750793.003
   385:   750839.001   751160.003   751318.001   751456.003   758341.002
   390:   758404.004   762503.001   763309.003   763450.001   764644.003
   395:   766797.001   767216.003   767272.001   768015.003   768933.001
   400:   768971.003   769025.001   770504.003   780801.001   781074.003
   405:   792528.001   793421.003   794936.001   795274.003   795307.001
   410:   795890.003   795956.001   796301.003   807406.001   808021.003
   415:   813394.001   813478.003   837318.001   837419.003   837452.001
   420:   838421.003   838589.001   838823.003   838871.001   839190.003
   425:   839245.001   839746.003   839778.001   839925.003   839951.001
   430:   840555.003   840623.001   841187.003   855116.001   855613.003
   435:   855923.001   856031.003   862544.001   863979.003   885096.001
   440:   885548.003   886419.001   886918.003   890626.001   890782.003
   445:   900247.001   900962.003   908296.001   909301.003   909630.001
   450:   910333.003   911674.001   912331.003   912407.001   913427.003
   455:   918179.001   918975.003   919060.001   919878.003   920058.001
   460:   920346.003   966113.001   967421.003   968891.001   969842.003
   465:   970040.001   970878.003   974922.001   975807.003   996433.001
   470:   996479.003   996536.001   997165.003   997522.001   997641.003
   475:  1009870.001  1010553.003  1013714.001  1014075.003  1014131.001
   480:  1014951.003  1028047.001  1028627.003  1039222.001  1039504.003
   485:  1039598.001  1039678.003  1044562.001  1044803.003  1044927.001
   490:  1045627.003  1045908.001  1045957.003  1047639.001  1049139.018
   495:  1049450.003  1049456.016  1049506.026  1063680.001  1065017.003
   500:  1102009.001  1102401.003  1102834.001  1103251.003  1104851.001
   505:  1105704.003  1107280.001  1107749.003  1107808.001  1108459.003
   510:  1108560.001  1108675.003  1110473.001  1110528.003  1110697.001
   515:  1111047.003  1111077.001  1111636.003  1111767.001  1112076.003
   520:  1171115.001  1171619.003  1173215.001  1174215.003  1175924.001
   525:  1176924.003  1178915.001  1179724.003  1179816.001  1179857.003
   530:  1179877.001  1180525.003  1188670.001  1189520.003  1191697.001
   535:  1192032.003  1192138.001  1192671.003  1192721.001  1193503.003
   540:  1193680.001  1193815.003  1195257.001  1195778.003  1195822.001
   545:  1195875.003  1195886.001  1196489.003  1196566.001  1196654.003
   550:  1196674.001  1197173.003  1197221.001  1197539.003  1198672.001
   555:  1199143.003  1199211.001  1200172.003  1256872.001  1257425.003
   560:  1257534.001  1257720.003  1258057.001  1258665.003  1260732.001
   565:  1261559.003  1261582.001  1261607.003  1261820.001  1261856.003
   570:  1261897.001  1262301.003  1262325.001  1263023.003  1269240.001
   575:  1269906.003  1271025.001  1272041.003  1272211.001  1272722.003
   580:  1272767.001  1272949.003  1273228.001  1273446.003  1275578.001
   585:  1276055.003  1276147.001  1276559.003  1276683.001  1276853.003
   590:  1276873.001  1276937.003  1276989.001  1277330.003  1277364.001
   595:  1278265.003  1278831.001  1278909.003  1312126.001  1312376.003
   600:  1313988.001  1314239.003  1314308.001  1315526.003  1316005.001
   605:  1316208.003  1320567.001  1321062.003  1321122.001  1322093.003
   610:  1323262.001  1323814.003  1323855.001  1325192.003  1326969.001
   615:  1327900.003  1327940.001  1328339.003  1328359.001  1329859.018
   620:  1329903.003  1329909.016  1329959.026  1342686.001  1342720.003
   625:  1342773.001  1342921.003  1346898.001  1348398.018  1348702.003
   630:  1348708.016  1348758.026  1366914.001  1366971.003  1367025.001
   635:  1367059.003  1367194.001  1368084.003  1379318.001  1379648.003
   640:  1380896.001  1381558.003  1382411.001  1382489.003  1383501.001
   645:  1383894.003  1383920.001  1384752.003  1400466.001  1401058.003
   650:  1405876.001  1407376.018  1407509.003  1407515.016  1407565.026
   655:  1409391.001  1410664.003  1411493.001  1412956.003  1414581.001
   660:  1416081.018  1416923.003  1416929.016  1416979.026  1428071.001
   665:  1429214.003  1431410.001  1431724.003  1431786.001  1432903.003
   670:  1434772.001  1436272.018  1437068.003  1437074.016  1437124.026
   675:  1449910.001  1450416.003  1451430.001  1451480.003  1451827.001
   680:  1452471.003  1452699.001  1453088.003  1454273.001  1455184.003
   685:  1468554.001  1468658.003  1469229.001  1469415.003  1472032.001
   690:  1472364.003  1472493.001  1473408.003  1477642.001  1478332.003
   695:  1482412.001  1483807.003  1485400.001  1486467.003  1486493.001
   700:  1486719.003  1486767.001  1487074.003  1488021.001  1489171.003
   705:  1490455.001  1491841.003  1492583.001  1493522.003  1498258.001
   710:  1499700.003  1510602.001  1511919.003  1515489.001  1516008.003
   715:  1516432.001  1517580.003  1520187.001  1520296.003  1520338.001
   720:  1521587.003  1522616.001  1523190.003  1523215.001  1524003.003
   725:  1534587.001  1534791.003  1534819.001  1535855.003  1537959.001
   730:  1539317.003  1539381.001  1539713.003  1540674.001  1541388.003
   735:  1541412.001  1542373.003  1544759.001  1544958.003  1545184.001
   740:  1546569.003  1547467.001  1547791.003  1547816.001  1548944.003
   745:  1566710.001  1566742.003  1566805.001  1566953.003  1567349.001
   750:  1568148.003  1576911.001  1577334.003  1579744.001  1579999.003
   755:  1580110.001  1580766.003  1583424.001  1583759.003  1583799.001
   760:  1584442.003  1586697.001  1586837.003  1588718.001  1588745.003
   765:  1588801.001  1590192.003  1600414.001  1601118.003  1602632.001
   770:  1603689.003  1656995.001  1657184.003  1665463.001  1666145.003
   775:  1669210.001  1670030.003  1671205.001  1671341.003  1671535.001
   780:  1672902.003  1680323.001  1681022.003  1709347.001  1710161.003
   785:  1713004.001  1714214.003  1716915.001  1717576.003  1717630.001
   790:  1718335.003  1765133.001  1766417.003  1767460.001  1767653.003
   795:  1767693.001  1767905.003  1767935.001  1768603.003  1771142.001
   800:  1771643.003  1771687.001  1772955.003
B:
     0:        0.000      376.000        7.000      376.000        7.000
     5:        0.000        0.000        0.000        0.000        0.000
    10:        0.000        1.000        0.000        0.000        0.000
    15:        0.000       12.000        0.000       12.000        0.000
    20:        0.000        0.000        0.000        0.000        0.000
    25:        0.000       12.000        0.000        0.000        0.000
    30:        0.000
D:
     0:  1774883.000  1773616.000  1774884.000
E:
     0:     1500.000     1500.000
T:
     0:        0.000        0.000        0.000        0.000
