File: C:\MED-PC IV\Data\Aila\AN\AN0016.999


Start Date: 03/23/19
End Date: 03/23/19
Subject: 16
Experiment: AN
Group: PilotoAumentoCriterioExp
Box: 6
Start Time: 20:28:12
End Time: 21:28:12
MSN: DRRD_long_exp
C:       0.000
F:       1.000
G:       0.000
H:       0.000
I:       0.000
J:       0.000
K:      50.000
L:       0.000
M:       0.000
N:       0.000
O:       0.000
P:       0.000
Q:       0.000
R:       0.000
S:       0.000
U:    1804.000
V:       0.000
W:       0.000
X:       0.000
Y:    1061.000
Z:       0.000
A:
     0:      934.001     1018.003    15000.011    15988.001    16306.003
     5:    43666.001    43713.003    43771.001    43799.003    44130.001
    10:    44217.003    44462.001    44559.003    55901.001    56138.003
    15:    56228.001    56492.003    58029.001    58562.003    92235.001
    20:    93688.003   102436.001   102680.003   102809.001   103147.003
    25:   103742.001   103869.003   104129.001   104405.003   117987.001
    30:   118597.003   121160.001   121419.003   121791.001   121924.003
    35:   122002.001   122173.003   132428.001   132475.003   132502.001
    40:   132616.003   132718.001   132937.003   133010.001   133063.003
    45:   133102.001   134778.003   135187.001   137117.003   138142.001
    50:   140279.003   148652.001   149983.003   150372.001   152872.018
    55:   153436.003   153442.016   153492.026   159168.001   161668.018
    60:   161881.003   161887.016   161937.026   167539.001   167636.003
    65:   167789.001   169972.003   170659.001   173159.018   173770.003
    70:   173776.016   173826.026   178254.001   180754.018   180964.003
    75:   180970.016   181020.026   185944.001   188114.003   192874.001
    80:   195151.003   195927.001   196457.003   197455.001   199286.003
    85:   202183.001   202233.003   202664.001   204406.003   204422.001
    90:   205411.003   205944.001   208245.003   213683.001   216131.003
    95:   216627.001   219127.018   219137.003   219143.016   219176.001
   100:   219193.026   219262.003   227436.001   229506.003   230051.001
   105:   231466.003   237948.001   238282.003   238424.001   240779.003
   110:   243383.001   243592.003   243625.001   245025.003   245035.001
   115:   245088.003   245112.001   246259.003   249600.001   249708.003
   120:   249948.001   249973.003   250448.001   251638.003   251774.001
   125:   251861.003   251942.001   251999.003   252019.001   253046.003
   130:   255372.001   255555.003   255905.001   257246.003   261938.001
   135:   264438.018   264498.003   264504.016   264554.026   269887.001
   140:   271612.003   272103.001   274425.003   275309.001   277809.018
   145:   278163.003   278169.016   278219.026   283330.001   283479.003
   150:   283518.001   285759.003   287712.001   290212.018   290295.003
   155:   290301.016   290351.026   297359.001   299034.003   302189.001
   160:   302225.003   302446.001   304765.003   305591.001   308091.018
   165:   308272.003   308278.016   308328.026   312741.001   314932.003
   170:   315230.001   317418.003   318504.001   320677.003   321393.001
   175:   323105.003   323188.001   324031.003   324839.001   325042.003
   180:   325065.001   325221.003   325270.001   326289.003   326448.001
   185:   327739.003   328457.001   330901.003   330925.001   330980.003
   190:   332447.001   334684.003   335403.001   337903.018   337910.003
   195:   337916.016   337966.026   342654.001   345154.018   346372.003
   200:   346378.016   346428.026   351520.001   353493.003   353607.001
   205:   353783.003   353878.001   355284.003   355730.001   357647.003
   210:   358734.001   361234.018   361743.003   361749.016   361799.026
   215:   366391.001   368566.003   369172.001   371068.003   376172.001
   220:   378481.003   384958.001   385823.003   385876.001   387109.003
   225:   387153.001   387301.003   387399.001   388394.003   388639.001
   230:   388665.003   388687.001   391187.018   391329.003   391335.016
   235:   391385.026   396114.001   396556.003   396633.001   398396.003
   240:   398984.001   401484.018   402205.003   402211.016   402261.026
   245:   407611.001   407693.003   407758.001   407966.003   408024.001
   250:   410524.018   411172.003   411178.016   411228.026   416511.001
   255:   419011.018   419267.003   419273.016   419323.026   426379.001
   260:   428879.018   429002.003   429008.016   429058.026   429060.017
   265:   434383.001   434450.003   434825.001   434877.003   434915.001
   270:   436480.003   437150.001   439625.003   441663.001   444157.003
   275:   444187.001   444229.003   444811.001   447095.003   447902.001
   280:   450170.003   450719.001   452201.003   452234.001   454229.003
   285:   454730.001   454783.003   454802.001   457005.003   457685.001
   290:   460800.003   462262.001   462419.003   468198.001   470816.003
   295:   471436.001   474097.003   475108.001   475206.003   475401.001
   300:   476706.003   477013.001   477175.003   477219.001   477540.003
   305:   477638.001   477658.003   478252.001   480048.003   486374.002
   310:   486655.004   486704.002   487162.004   487250.002   487274.004
   315:   487963.001   490551.003   493068.001   493643.003   494128.001
   320:   497378.018   497418.003   497424.016   497474.026   508566.001
   325:   509275.003   509309.001   510593.003   512813.001   514204.003
   330:   542397.001   545647.018   546023.003   546029.016   546079.026
   335:   552500.001   555143.003   555953.001   558089.003   558925.001
   340:   560434.003   562294.001   565045.003   566328.001   568535.003
   345:   569590.001   569743.003   569759.001   572757.003   573760.001
   350:   576269.003   576543.001   577083.003   578040.001   581290.018
   355:   581332.003   581338.016   581369.001   581388.026   581477.003
   360:   587514.001   587814.003   588018.001   589221.003   589711.001
   365:   590521.003   590799.001   594049.018   594337.003   594343.016
   370:   594393.026   600529.001   602803.003   603705.001   603752.003
   375:   603802.001   606717.003   607544.001   609988.003   610901.001
   380:   613719.003   614380.001   617590.003   618632.001   621882.018
   385:   622150.003   622156.016   622206.026   630923.001   634145.003
   390:   634549.001   637309.003   639349.001   642599.018   642609.003
   395:   642615.016   642665.026   650493.001   653743.018   654102.003
   400:   654108.016   654158.026   662477.001   662765.003   662839.001
   405:   664283.003   664383.001   664476.003   664591.001   664692.003
   410:   664706.001   666144.003   666626.001   666657.003   666688.001
   415:   667703.003   667771.001   669305.003   670652.001   670710.003
   420:   670869.001   673254.003   674132.001   674350.003   674453.001
   425:   676865.003   678375.001   678539.003   678570.001   681820.018
   430:   682104.003   682110.016   682160.026   692153.001   694751.003
   435:   695453.001   698024.003   698636.001   698682.003   698718.001
   440:   700850.003   700867.001   700886.003   702114.001   702367.003
   445:   702383.001   703371.003   703404.001   705171.003   705893.001
   450:   707368.003   707392.001   710642.018   710689.003   710695.016
   455:   710745.026   720767.001   720797.003   721015.001   721082.003
   460:   721170.001   723297.003   723972.001   724222.003   724243.001
   465:   727223.003   727860.001   730900.003   732473.001   733065.003
   470:   733097.001   736319.003   737313.001   737374.003   737394.001
   475:   739929.003   753398.001   753818.003   753903.001   756167.003
   480:   763635.001   763899.003   764220.001   767435.003   768282.001
   485:   771521.003   772802.001   776052.018   776626.003   776632.016
   490:   776682.026   790129.001   793379.018   795270.003   795276.016
   495:   795326.026   806252.001   807512.003   807605.001   809843.003
   500:   810411.001   812003.003   812101.001   813065.003   815362.001
   505:   815859.003   815887.001   818186.003   818208.001   820104.003
   510:   821718.001   824968.018   825235.003   825241.016   825291.026
   515:   831700.001   831714.003   831830.001   832538.003   832610.001
   520:   832795.003   832824.001   833053.003   833444.001   835410.003
   525:   839097.001   842347.018   842379.003   842385.016   842435.026
   530:   849709.001   849751.003   849800.001   852334.003   852403.001
   535:   855543.003   855596.001   855638.003   856082.001   858595.003
   540:   860958.001   864187.003   865608.001   865749.003   865796.001
   545:   866490.003   866540.001   869279.003   871195.001   871268.003
   550:   871291.001   874487.003   875269.001   875388.003   875466.001
   555:   878716.018   879249.003   879255.016   879305.026   892411.001
   560:   895640.003   896964.001   900106.003   902445.001   902504.003
   565:   902572.001   905141.003   906895.001   907157.003   907179.001
   570:   909801.003   910194.001   912807.003   913391.001   916641.018
   575:   916668.003   916674.016   916724.026   937192.001   939722.003
   580:   941519.001   943388.003   943758.001   943795.003   943855.001
   585:   944792.003   951425.001   951456.003   951490.001   952860.003
   590:   952903.001   955422.003   956074.001   958697.003   959900.001
   595:   959983.003   960007.001   962366.003   962582.001   963706.003
   600:   964768.001   964922.003   964996.001   965138.003   965184.001
   605:   968434.018   968518.003   968524.016   968574.026  1002650.001
   610:  1002960.003  1003102.001  1006034.003  1006740.001  1009303.003
   615:  1010150.001  1012764.003  1013872.001  1016912.003  1018252.001
   620:  1021502.018  1021961.003  1021967.016  1022017.026  1033288.001
   625:  1036187.003  1036966.001  1039678.003  1039726.001  1040293.003
   630:  1041587.001  1044837.018  1045080.003  1045086.016  1045136.026
   635:  1057220.001  1060275.003  1060804.001  1064054.018  1064348.003
   640:  1064354.016  1064404.026  1075436.001  1078186.003  1078603.001
   645:  1081040.003  1081973.001  1085011.003  1086602.001  1086757.003
   650:  1086871.001  1090086.003  1090773.001  1090789.003  1090825.001
   655:  1090969.003  1091170.001  1091557.003  1091785.001  1092223.003
   660:  1092249.001  1094373.003  1096015.001  1096378.003  1096394.001
   665:  1096955.003  1096980.001  1098010.003  1098047.001  1098246.003
   670:  1098266.001  1100369.003  1100666.001  1103916.018  1103957.003
   675:  1103963.016  1104013.026  1115881.001  1116042.003  1116162.001
   680:  1118989.003  1119629.001  1122879.018  1123028.003  1123034.016
   685:  1123084.026  1131261.001  1131329.003  1131387.001  1131831.003
   690:  1132246.001  1132285.003  1132452.001  1132542.003  1133116.001
   695:  1133457.003  1133603.001  1134087.003  1134317.001  1135825.003
   700:  1136370.001  1139144.003  1139440.001  1142529.003  1144370.001
   705:  1147620.018  1147765.003  1147771.016  1147821.026  1161102.001
   710:  1161166.003  1161249.001  1164499.018  1165129.003  1165135.016
   715:  1165185.026  1173887.001  1177137.018  1177418.003  1177424.016
   720:  1177474.026  1186928.001  1187308.003  1187442.001  1190212.003
   725:  1190770.001  1193428.003  1194466.001  1196492.003  1196800.001
   730:  1198118.003  1199797.001  1200326.003  1200369.001  1201902.003
   735:  1202085.001  1202857.003  1203854.001  1203890.003  1203929.001
   740:  1204057.003  1204095.001  1207275.003  1209238.001  1209397.003
   745:  1209490.001  1212037.003  1224520.002  1224590.004  1224666.002
   750:  1224707.004  1229542.001  1232542.003  1233314.001  1236052.003
   755:  1237133.001  1239429.003  1239488.001  1242738.018  1242859.003
   760:  1242865.016  1242915.026  1254510.001  1254675.003  1255068.001
   765:  1255805.003  1255920.001  1257752.003  1258408.001  1261049.003
   770:  1262366.001  1265616.018  1265988.003  1265994.016  1266044.026
   775:  1278030.001  1278096.003  1278210.001  1280239.003  1280299.001
   780:  1281829.003  1285266.001  1285370.003  1285403.001  1288653.018
   785:  1289191.003  1289197.016  1289247.026  1302603.001  1302755.003
   790:  1303083.001  1306223.003  1306808.001  1309488.003  1318079.001
   795:  1319586.003  1319604.001  1321279.003  1321452.001  1321906.003
   800:  1324519.001  1327769.018  1328518.003  1328524.016  1328574.026
   805:  1344252.001  1347387.003  1348008.001  1351258.018  1352000.003
   810:  1352006.016  1352056.026  1376423.001  1379098.003  1381509.001
   815:  1384759.018  1385193.003  1385199.016  1385249.026  1405010.001
   820:  1407494.003  1409020.001  1412270.018  1412873.003  1412879.016
   825:  1412929.026  1436889.001  1436904.003  1437014.001  1437212.003
   830:  1437380.001  1439805.003  1440752.001  1442697.003  1443939.001
   835:  1445505.003  1445515.001  1447041.003  1451395.001  1451497.003
   840:  1451616.001  1453974.003  1455260.001  1458250.003  1458867.001
   845:  1462117.018  1462702.003  1462708.016  1462758.026  1473575.001
   850:  1476825.018  1477148.003  1477154.016  1477204.026  1491073.001
   855:  1493063.003  1493113.001  1493207.003  1493236.001  1493986.003
   860:  1494007.001  1495313.003  1496059.001  1496097.003  1496374.001
   865:  1497217.003  1497296.001  1497314.003  1497373.001  1499067.003
   870:  1501309.001  1501395.003  1501472.001  1502622.003  1502823.001
   875:  1504958.003  1505863.001  1506037.003  1506074.001  1508637.003
   880:  1509182.001  1512312.003  1513909.001  1517159.018  1518071.003
   885:  1518077.016  1518127.026  1529300.001  1531658.003  1532537.001
   890:  1535787.018  1536016.003  1536022.016  1536072.026  1542966.001
   895:  1546216.018  1547816.003  1547822.016  1547872.026  1553792.001
   900:  1556440.003  1558060.001  1558260.003  1558313.001  1561563.018
   905:  1561769.003  1561775.016  1561825.026  1567706.001  1570669.003
   910:  1574003.001  1574325.003  1574439.001  1577689.018  1577766.003
   915:  1577772.016  1577822.026  1583067.001  1583083.003  1583308.001
   920:  1586558.018  1586641.003  1586647.016  1586697.026  1594230.001
   925:  1595049.003  1595133.001  1595276.003  1595301.001  1595339.003
   930:  1595366.001  1597156.003  1602310.001  1602366.003  1602698.001
   935:  1603486.003  1603524.001  1606183.003  1606676.001  1609172.003
   940:  1610178.001  1610261.003  1610894.001  1613425.003  1614245.001
   945:  1616557.003  1616576.001  1618063.003  1618700.001  1619627.003
   950:  1619803.001  1621055.003  1621972.001  1622241.003  1622304.001
   955:  1622462.003  1622495.001  1625745.018  1626597.003  1626603.016
   960:  1626653.026  1633355.001  1636605.018  1636749.003  1636755.016
   965:  1636805.026  1642742.001  1643042.003  1643115.001  1643146.003
   970:  1643175.001  1646230.003  1646793.001  1650043.018  1650193.003
   975:  1650199.016  1650249.026  1659218.001  1659538.003  1659567.001
   980:  1659612.003  1659632.001  1659693.003  1659724.001  1661327.003
   985:  1662376.001  1665626.018  1665750.003  1665756.016  1665806.026
   990:  1679749.001  1681956.003  1683880.001  1686384.003  1687110.001
   995:  1689940.003  1690481.001  1693527.003  1693973.001  1697223.018
  1000:  1697818.003  1697824.016  1697874.026  1707719.001  1708428.003
  1005:  1708444.001  1711278.003  1712170.001  1714465.003  1715164.001
  1010:  1718414.018  1718718.003  1718724.016  1718774.026  1731533.001
  1015:  1731810.003  1731829.001  1734901.003  1735592.001  1735680.003
  1020:  1735696.001  1738715.003  1738750.001  1741713.003  1741832.001
  1025:  1741983.003  1742557.001  1743920.003  1744894.001  1747754.003
  1030:  1748512.001  1751757.003  1752447.001  1755697.018  1756381.003
  1035:  1756387.016  1756437.026  1768505.002  1769113.004  1770944.001
  1040:  1771063.003  1772379.001  1772430.003  1772568.001  1772772.003
  1045:  1772812.001  1772865.003  1772923.001  1776173.018  1776537.003
  1050:  1776543.016  1776593.026  1784538.001  1787578.003  1788463.001
  1055:  1791449.003  1792176.001  1795426.018  1795482.003  1795488.016
  1060:  1795538.026
B:
     0:        0.000      426.000        6.000      426.000        6.000
     5:        0.000        0.000        0.000        0.000        0.000
    10:        0.000        1.000        0.000        0.000        0.000
    15:        0.000       65.000        1.000       65.000        0.000
    20:        0.000        0.000        0.000        0.000        0.000
    25:        0.000       65.000        0.000        0.000        0.000
    30:        0.000
D:
     0:  1797285.000  1793980.000  1797286.000
E:
     0:     2500.000     3250.000
T:
     0:        0.000        0.000        0.000        0.000
