File: C:\MED-PC IV\Data\Aila\AN\AN0013.999


Start Date: 03/14/19
End Date: 03/14/19
Subject: 13
Experiment: AN
Group: PilotoAumentoCriterioLin
Box: 3
Start Time: 21:50:53
End Time: 22:50:52
MSN: DRRD_long
C:       0.000
F:       0.000
G:       0.000
H:       0.000
I:       0.000
J:       0.000
K:      25.000
L:       0.000
M:       0.000
N:       0.000
O:       0.000
P:       0.000
Q:       0.000
R:       0.000
S:       0.000
U:   16391.000
V:       0.000
W:       0.000
X:       0.000
Y:     670.000
Z:       0.000
A:
     0:     4589.001     5301.003     5733.001     6053.003    15000.011
     5:    21204.001    21488.003    21743.001    21942.003    22863.001
    10:    23281.003    33344.001    33560.003    34177.001    34646.003
    15:    39182.001    39853.003    40171.001    40913.003    44439.001
    20:    44546.003    56116.001    56634.003    57151.001    57529.003
    25:    58096.001    58785.003    59128.001    59895.003    62607.001
    30:    62885.003    62946.001    63438.003    64124.001    64963.003
    35:    73202.001    73442.003    73973.001    74312.003    81729.001
    40:    82979.018    83310.003    83316.016    83366.026    88319.001
    45:    88926.003    89548.001    90589.003    91048.001    91792.003
    50:    93168.001    93341.003    96021.001    97046.003    98212.001
    55:    99198.003    99563.001   100441.003   110407.001   110609.003
    60:   110630.001   111164.003   111743.001   112009.003   112612.001
    65:   113583.003   114399.001   114670.003   115433.001   115831.003
    70:   125104.002   126202.004   126684.002   127402.004   127821.002
    75:   128832.004   129583.001   129719.003   131542.001   132634.003
    80:   134684.001   135670.003   136431.001   137106.003   137791.001
    85:   138489.003   148464.001   148733.003   149120.001   150370.018
    90:   150510.003   150516.016   150566.026   155032.001   156117.003
    95:   157138.001   158181.003   163033.001   164283.018   164413.003
   100:   164419.016   164469.026   169908.001   170926.003   171386.001
   105:   172339.003   183530.001   183880.003   184292.001   184940.003
   110:   189194.001   190386.003   191039.001   192097.003   192692.001
   115:   193322.003   197071.001   197425.003   198142.001   198473.003
   120:   203852.001   204031.003   204331.001   204897.003   205694.001
   125:   205949.003   206941.002   207439.004   207681.002   208162.004
   130:   209993.002   210654.004   220443.001   221380.003   221855.001
   135:   222802.003   229020.001   229287.003   230294.001   230548.003
   140:   237104.001   237819.003   238584.001   239171.003   239462.001
   145:   239952.003   259522.001   260772.018   260860.003   260866.016
   150:   260916.026   268328.001   269453.003   270096.001   271136.003
   155:   273976.001   275226.018   275390.003   275396.016   275446.026
   160:   281723.001   282823.003   286196.001   287446.018   287505.003
   165:   287511.016   287561.026   292540.001   293473.003   295696.001
   170:   296936.003   297703.001   298193.003   312093.001   312589.003
   175:   313592.001   313809.003   316866.001   317669.003   318157.001
   180:   319053.003   321663.001   322412.003   324298.001   325103.003
   185:   325898.001   326509.003   330608.001   330925.003   343179.001
   190:   343364.003   343574.001   344555.003   347792.001   348712.003
   195:   357634.001   358884.018   358900.003   358906.016   358956.026
   200:   364911.001   365779.003   366755.001   366985.003   367034.001
   205:   367537.003   374491.001   375256.003   376101.001   376838.003
   210:   383938.001   384811.003   385336.001   386133.003   388109.001
   215:   388850.003   389452.001   390424.003   394763.001   395795.003
   220:   396461.001   396687.003   401191.001   402302.003   410074.001
   225:   411236.003   411897.001   412882.003   413802.001   414775.003
   230:   417918.001   419168.018   420192.003   420198.016   420248.026
   235:   425711.001   426345.003   427194.001   428163.003   429354.001
   240:   430563.003   433701.001   434156.003   434510.001   434727.003
   245:   435764.001   437014.018   437404.003   437410.016   437460.026
   250:   445454.001   446379.003   450472.001   450661.003   453901.001
   255:   455013.003   455696.001   456783.003   462601.001   463126.003
   260:   463158.001   463588.003   464629.001   465363.003   466584.001
   265:   466767.003   473176.001   474317.003   475125.001   476360.003
   270:   482245.002   483979.004   487858.001   489108.018   489130.003
   275:   489136.016   489186.026   494271.001   495521.003   495527.016
   280:   495577.026   500597.001   501597.003   502084.001   503114.003
   285:   503827.001   504135.003   505543.001   506628.003   509532.001
   290:   510392.003   511108.001   511781.003   512333.001   513267.003
   295:   521429.001   521924.003   527338.001   528268.003   528735.001
   300:   528815.003   528865.001   529478.003   538827.002   538866.004
   305:   545167.002   546075.004   549212.001   549876.003   553678.001
   310:   554882.003   559126.001   559897.003   560435.001   561437.003
   315:   566029.001   566962.003   567577.001   568764.003   570880.001
   320:   571357.003   571657.001   572640.003   579040.001   579231.003
   325:   580609.001   581550.003   582709.001   583959.018   584004.003
   330:   584010.016   584060.026   590876.001   591536.003   592673.001
   335:   593703.003   594300.001   594549.003   594621.001   594858.003
   340:   595539.001   595748.003   601119.002   601397.004   610278.001
   345:   610769.003   611306.001   612257.003   612740.001   613676.003
   350:   614622.001   615655.003   617931.001   618317.003   618348.001
   355:   619223.003   619796.001   620016.003   620034.001   621064.003
   360:   623792.001   624514.003   633764.001   635014.018   635154.003
   365:   635160.016   635210.026   641270.001   641486.003   642029.001
   370:   643009.003   644533.001   645670.003   653985.001   654773.003
   375:   660867.001   661142.003   662731.001   663558.003   665502.001
   380:   666203.003   678037.001   678879.003   679641.001   680596.003
   385:   681627.001   682848.003   719069.001   719895.003   720358.001
   390:   721428.003   728328.001   728691.003   728977.001   729951.003
   395:   730336.001   730720.003   735599.001   736661.003   737938.001
   400:   738673.003   755665.001   756450.003   757544.001   758143.003
   405:   763830.001   764936.003   766942.001   768090.003   774097.001
   410:   775153.003   775954.001   776168.003   776235.001   777196.003
   415:   777979.001   778202.003   778425.001   779029.003   780405.001
   420:   781177.003   785613.001   785957.003   786123.001   786762.003
   425:   791764.001   792842.003   793864.001   794810.003   798724.001
   430:   799789.003   801082.001   802332.018   802368.003   802374.016
   435:   802424.026   812631.001   813191.003   824349.001   825254.003
   440:   826589.001   827480.003   830714.001   831309.003   832391.001
   445:   832462.003   832519.001   833363.003   839592.001   840397.003
   450:   845833.001   847013.003   847447.001   848280.003   855499.002
   455:   856501.004   857963.001   859017.003   873007.001   873538.003
   460:   874420.001   875286.003   888008.001   889169.003   889883.001
   465:   890189.003   897384.001   897887.003   927819.001   928957.003
   470:   945791.001   946046.003   946580.001   947581.003   955316.001
   475:   956313.003  1027653.001  1028085.003  1034046.002  1034626.004
   480:  1035663.002  1036322.004  1080588.001  1081526.003  1091308.001
   485:  1092138.003  1103259.001  1104055.003  1125141.001  1126241.003
   490:  1127612.001  1128862.018  1128877.003  1128883.016  1128933.026
   495:  1139516.001  1140105.003  1140950.001  1141832.003  1145172.001
   500:  1145480.003  1162482.001  1163350.003  1164006.001  1164158.003
   505:  1164174.001  1164789.003  1166889.001  1167387.003  1167400.001
   510:  1167683.003  1174841.001  1175986.003  1179064.001  1179907.003
   515:  1188082.001  1188960.003  1189667.001  1190074.003  1191601.001
   520:  1192580.003  1196865.001  1197497.003  1206132.001  1206333.003
   525:  1206501.001  1207302.003  1209354.001  1210220.003  1211268.001
   530:  1211715.003  1211743.001  1211941.003  1212690.001  1213602.003
   535:  1215000.001  1215375.003  1216283.001  1217032.003  1224170.001
   540:  1225116.003  1227864.001  1228939.003  1232030.001  1232928.003
   545:  1233753.001  1234642.003  1243867.001  1245016.003  1255974.001
   550:  1256924.003  1257454.001  1258372.003  1258421.001  1258520.003
   555:  1259448.001  1260020.003  1261233.001  1261379.003  1267951.001
   560:  1268522.003  1281587.001  1282259.003  1291059.001  1291217.003
   565:  1291239.001  1291965.003  1300022.002  1300222.004  1327668.001
   570:  1328393.003  1333690.001  1334711.003  1337897.001  1338935.003
   575:  1342481.001  1343731.018  1343985.003  1343991.016  1344041.026
   580:  1372803.001  1373071.003  1377824.001  1378762.003  1380294.001
   585:  1380629.003  1380894.001  1381193.003  1382362.001  1383485.003
   590:  1400227.001  1401245.003  1402570.001  1403198.003  1406663.001
   595:  1407172.003  1424679.001  1425531.003  1426240.001  1426458.003
   600:  1426949.001  1427151.003  1428898.001  1429321.003  1430793.001
   605:  1431485.003  1448067.001  1449156.003  1451650.001  1452493.003
   610:  1456051.001  1456234.003  1463023.001  1463217.003  1468630.001
   615:  1468696.003  1468719.001  1469650.003  1495631.001  1496668.003
   620:  1497325.001  1498393.003  1515531.001  1516568.003  1524929.001
   625:  1525530.003  1526418.001  1527307.003  1528844.001  1529983.003
   630:  1532061.001  1533231.003  1548202.001  1549266.003  1549763.001
   635:  1550489.003  1551294.001  1552192.003  1558188.001  1559266.003
   640:  1566231.001  1566897.003  1570570.001  1571672.003  1590493.001
   645:  1591498.003  1592568.001  1593147.003  1596319.002  1596528.004
   650:  1613341.001  1614084.003  1627499.001  1628405.003  1639307.001
   655:  1640230.003  1640961.001  1642006.003  1675762.001  1676648.003
   660:  1677409.001  1677663.003  1677733.001  1678355.003  1699291.001
   665:  1700518.003  1704320.001  1704675.003  1724348.002  1728710.004
B:
     0:        0.000      295.000       16.000      295.000       16.000
     5:        0.000        0.000        0.000        0.000        0.000
    10:        0.000        1.000        0.000        0.000        0.000
    15:        0.000       16.000        0.000       15.000        0.000
    20:        0.000        0.000        0.000        0.000        0.000
    25:        0.000       16.000        0.000        0.000        0.000
    30:        0.000
D:
     0:  1721065.000  1720711.000  1721066.000
E:
     0:     1250.000     1250.000
T:
     0:        0.000        0.000        0.000        0.000
