File: C:\MED-PC IV\Data\Aila\AN\AN0013.999


Start Date: 03/28/19
End Date: 03/28/19
Subject: 13
Experiment: AN
Group: PilotoAumentoCriterioLin
Box: 3
Start Time: 22:32:15
End Time: 23:32:15
MSN: DRRD_long
C:       0.000
F:       0.000
G:       0.000
H:       0.000
I:       0.000
J:       0.000
K:      40.000
L:       0.000
M:       0.000
N:       0.000
O:       0.000
P:       0.000
Q:       0.000
R:       0.000
S:       0.000
U:   60785.000
V:       0.000
W:       0.000
X:       0.000
Y:     319.000
Z:       0.000
A:
     0:     7037.001     7139.003     7260.001     7333.003    15000.011
     5:    45540.001    46954.003    67115.001    67192.003    67270.001
    10:    68327.003    83593.001    83762.003    86403.001    86641.003
    15:    87491.001    88145.003    99231.002    99585.004    99621.002
    20:   100307.004   100628.002   100967.004   101562.001   101831.003
    25:   103117.001   104223.003   105292.001   105972.003   106010.001
    30:   106628.003   108388.001   109697.003   110887.001   112279.003
    35:   121907.001   122883.003   123588.001   124872.003   126421.001
    40:   127658.003   128344.001   129668.003   130408.001   130854.003
    45:   131510.001   132058.003   165427.001   165468.003   165547.001
    50:   166867.003   184290.001   184536.003   186348.001   187625.003
    55:   189301.001   190140.003   196898.001   198169.003   200205.001
    60:   200927.003   201067.001   201736.003   205823.001   205965.003
    65:   249478.001   250282.003   250289.001   250978.003   251003.001
    70:   251713.003   252778.001   254082.003   256343.001   257266.003
    75:   257281.001   257513.003   258101.001   259899.003   262071.001
    80:   262317.003   262364.001   263606.003   266295.001   268226.003
    85:   285097.001   286723.003   286794.001   287038.003   291389.001
    90:   291694.003   291737.001   292785.003   321916.001   322450.003
    95:   322672.001   322891.003   378187.001   378316.003   378573.001
   100:   380410.003   388612.001   389465.003   393128.001   393609.003
   105:   430700.001   431899.003   432498.001   434107.003   436242.001
   110:   437726.003   438279.001   439567.003   498448.001   499837.003
   115:   503753.001   505232.003   507177.001   507339.003   507401.001
   120:   508909.003   509664.001   509714.003   510598.001   510745.003
   125:   510782.001   511364.003   527127.001   528392.003   530634.001
   130:   531605.003   532382.001   533603.003   538960.002   538993.004
   135:   540784.002   540900.004   577819.001   578080.003   593896.001
   140:   595314.003   598988.001   600725.003   611446.001   611744.003
   145:   611763.001   612747.003   645891.001   645968.003   646026.001
   150:   646713.003   647964.001   648939.003   660568.001   660951.003
   155:   675499.001   677499.018   677629.003   677635.016   677685.026
   160:   690646.001   690954.003   691357.001   692517.003   694684.001
   165:   696115.003   702579.001   704461.003   707255.001   708615.003
   170:   720671.001   721034.003   737675.001   738092.003   745666.001
   175:   746358.003   775399.001   776599.003   778475.001   780141.003
   180:   781877.001   782929.003   784872.001   785254.003   789291.001
   185:   790823.003   793592.001   795146.003   796956.001   798546.003
   190:   810883.001   812282.003   813379.001   814929.003   815870.001
   195:   817194.003   821708.001   822799.003   845605.002   845732.004
   200:   846000.002   846187.004   853753.001   854676.003   866023.001
   205:   867843.003   868450.001   869277.003   869351.001   869880.003
   210:   872169.001   873994.003   880393.001   881242.003   881268.001
   215:   882393.003   884661.001   885940.003   890369.001   891869.003
   220:   895770.001   895987.003   896011.001   897289.003   899159.001
   225:   899244.003   899724.001   900239.003   900772.001   902272.003
   230:   905350.001   906045.003   925993.001   926806.003  1010205.001
   235:  1011407.003  1013208.001  1014812.003  1016928.001  1018555.003
   240:  1019696.001  1021235.003  1023472.001  1025265.003  1027584.001
   245:  1028413.003  1042222.001  1044064.003  1051881.001  1051949.003
   250:  1052136.001  1053829.003  1056742.001  1058628.003  1060277.001
   255:  1060402.003  1063843.001  1063955.003  1249117.001  1249601.003
   260:  1276593.001  1278465.003  1279785.001  1279963.003  1282184.001
   265:  1283445.003  1307935.001  1309517.003  1313903.001  1315283.003
   270:  1352259.001  1353714.003  1375159.002  1376227.004  1376559.002
   275:  1376875.004  1379702.001  1380690.003  1438698.001  1439388.003
   280:  1539787.001  1540276.003  1540313.001  1540573.003  1540699.001
   285:  1541786.003  1572664.001  1572869.003  1621227.001  1622337.003
   290:  1622471.001  1623490.003  1625539.001  1625959.003  1626065.001
   295:  1626881.003  1644313.001  1644990.003  1657306.001  1658995.003
   300:  1659812.001  1660964.003  1669545.001  1671462.003  1674720.001
   305:  1676720.018  1676749.003  1676755.016  1676805.026  1690514.001
   310:  1691965.003  1695864.001  1695927.003  1697342.001  1698825.003
   315:  1749301.001  1750904.003  1772630.001  1774309.003
B:
     0:        0.000      147.000        9.000      147.000        9.000
     5:        0.000        0.000        0.000        0.000        0.000
    10:        0.000        1.000        0.000        0.000        0.000
    15:        0.000        2.000        0.000        2.000        0.000
    20:        0.000        0.000        0.000        0.000        0.000
    25:        0.000        2.000        0.000        0.000        0.000
    30:        0.000
D:
     0:  1835093.000  1833415.000  1835094.000
E:
     0:     2000.000     2000.000
T:
     0:        0.000        0.000        0.000        0.000
