File: C:\MED-PC IV\Data\Reyes\AZ\AZ2090.999


Start Date: 03/31/25
End Date: 03/31/25
Subject: 90
Experiment: AZ
Group: TIMEOUT
Box: 4
Start Time: 14:37:59
End Time: 15:27:58
MSN: DRRD_lin
C:       0.000
F:       3.000
G:       0.000
H:       0.000
I:       0.000
J:       0.000
K:   10000.000
L:       0.000
M:       0.000
N:       0.000
O:       0.000
P:       0.000
Q:       0.000
R:       0.000
S:       0.000
U:   24384.000
V:       0.000
X:       0.000
Y:    1244.000
Z:       0.000
A:
     0:     5132.005     5224.009    10813.005    10985.009    11221.005
     5:    11482.009    15000.013    15000.011    16229.001    17069.003
    10:    17667.001    18598.003    19078.001    19237.003    19262.001
    15:    20689.003    20906.001    21888.003    21931.001    24067.003
    20:    27732.005    27736.009    27745.005    27841.009    28306.001
    25:    30258.003    31108.001    31158.003    31739.001    32970.003
    30:    33167.001    33348.003    33454.005    33738.009    34479.001
    35:    35276.003    39530.001    43200.003    43772.001    48571.003
    40:    49833.005    49853.009    50480.001    54953.003    62744.005
    45:    62781.009    63580.001    68245.003    71051.005    71193.009
    50:    71729.001    76491.003    76693.005    76872.009    77154.001
    55:    78365.003    78746.001    79080.003    79361.001    79891.003
    60:    79966.001    84046.003   100133.001   101591.003   101714.001
    65:   105160.003   107330.005   108223.009   108237.005   108511.009
    70:   108909.001   113379.003   113741.001   116614.003   117290.001
    75:   117891.003   117935.001   119438.003   119504.001   122707.003
    80:   131872.001   131921.003   132040.001   132218.003   132612.005
    85:   132951.009   132982.005   133324.009   133792.001   138792.018
    90:   139076.003   139082.016   139132.026   139190.005   139769.009
    95:   140660.001   142701.003   142766.001   144860.003   144891.001
   100:   146799.003   147134.001   147711.003   147946.001   152519.003
   105:   153634.001   153932.003   154026.001   154117.003   154207.001
   110:   154746.003   154780.001   154887.003   154910.001   159851.003
   115:   162971.005   163465.009   163848.001   168848.018   169670.003
   120:   169676.016   169726.026   169777.005   170104.009   170158.005
   125:   170168.009   170849.001   175849.018   176411.003   176417.016
   130:   176467.026   176538.005   177355.009   178110.001   180174.003
   135:   180185.001   183800.003   184812.001   186180.003   186206.001
   140:   188586.003   188609.001   190168.003   191205.001   196205.018
   145:   197076.003   197082.016   197132.026   197140.005   197762.009
   150:   198337.001   203337.018   204112.003   204118.016   204168.026
   155:   204241.005   204612.009   205236.001   210236.018   211143.003
   160:   211149.016   211178.005   211199.026   211891.009   212486.001
   165:   216776.003   216806.001   217129.003   217221.005   217666.009
   170:   218049.001   222158.003   222385.001   222916.003   223295.001
   175:   228187.003   228768.001   233373.003   233548.001   233966.003
   180:   234820.001   236092.003   236392.001   241291.003   242424.001
   185:   244323.003   244373.001   247006.003   247258.005   247388.009
   190:   257199.001   262199.018   262623.003   262629.016   262679.026
   195:   262727.005   263331.009   268277.005   268584.009   269043.001
   200:   274043.018   275269.003   275275.016   275325.026   275368.005
   205:   275638.009   277911.005   278060.009   278075.005   278079.009
   210:   278394.001   283394.018   283422.003   283428.016   283478.026
   215:   283509.005   284113.009   284187.005   284269.009   285143.001
   220:   289510.003   289535.001   290590.003   291278.001   292019.003
   225:   292042.001   292106.003   292118.001   294868.003   299997.005
   230:   300045.009   300057.005   300113.009   300153.005   300367.009
   235:   300778.001   305349.003   305391.001   306337.003   306884.001
   240:   307097.003   307495.001   312495.018   312729.003   312735.016
   245:   312785.026   312845.005   313148.009   313710.005   314011.009
   250:   314589.001   319589.018   319987.003   319993.016   320043.026
   255:   320133.005   320355.009   322926.005   323227.009   323645.001
   260:   328645.018   329094.003   329100.016   329133.001   329150.026
   265:   329296.003   329300.005   330050.009   330231.005   330333.009
   270:   331041.001   336041.018   336353.003   336359.016   336409.026
   275:   336485.005   336988.009   338099.001   343099.018   344175.003
   280:   344181.016   344231.026   344261.005   344639.009   347734.005
   285:   347797.009   347842.005   348006.009   348558.001   353558.018
   290:   354694.003   354700.016   354750.026   354847.005   355279.009
   295:   356365.005   356395.009   358625.005   358631.009   359007.001
   300:   364007.018   364666.003   364672.016   364722.026   364797.005
   305:   365135.009   365830.001   370830.018   370882.003   370888.016
   310:   370938.026   370999.005   371337.009   373787.005   373845.009
   315:   373904.005   374042.009   374455.001   379455.018   379513.003
   320:   379519.016   379560.005   379569.026   380199.009   382643.005
   325:   382646.009   382769.005   382879.009   383472.001   388472.018
   330:   389746.003   389752.016   389802.026   389891.005   390516.009
   335:   391149.001   395095.003   395288.001   395426.003   395849.005
   340:   395946.009   396267.001   396403.003   396436.001   401436.018
   345:   402346.003   402352.016   402402.026   402499.005   402869.009
   350:   403159.005   403460.009   404039.001   408541.003   409334.001
   355:   414334.018   415510.003   415516.016   415566.026   415646.005
   360:   416100.009   417224.001   422224.018   422888.003   422894.016
   365:   422944.026   423032.005   423290.009   424011.001   429011.018
   370:   429703.003   429709.016   429759.026   429815.005   430245.009
   375:   431713.001   436713.018   437881.003   437887.016   437937.026
   380:   438028.005   438221.009   439219.001   439324.003   439373.001
   385:   444219.003   446941.001   451941.018   453391.003   453397.016
   390:   453447.026   453529.005   454200.009   454786.001   459786.018
   395:   460813.003   460819.016   460869.026   460994.005   461232.009
   400:   461707.001   464179.003   464217.001   464925.003   464962.001
   405:   466781.003   466809.001   467239.003   467885.001   472885.018
   410:   473509.003   473515.016   473565.026   473634.005   473976.009
   415:   480741.005   480768.009   480786.005   480806.009   480835.005
   420:   480933.009   481483.001   485840.003   486685.001   487039.003
   425:   487495.001   491915.003   493755.001   498481.003   498915.005
   430:   498997.009   499019.005   499107.009   529391.005   529524.009
   435:   530190.001   533065.003   533415.005   533423.001   533531.009
   440:   533592.003   534045.001   538637.003   538995.001   539098.003
   445:   539865.001   543514.003   544019.001   544222.003   545129.001
   450:   549460.003   549890.005   549926.009   549963.005   550089.009
   455:   550804.001   555804.018   555897.003   555903.016   555953.026
   460:   556031.005   556326.009   557229.001   562229.018   562506.003
   465:   562512.016   562562.026   562625.005   563413.009   564692.001
   470:   569692.018   569813.003   569819.016   569869.026   569985.005
   475:   570686.009   571208.001   575465.003   577066.001   581323.003
   480:   584068.001   587326.003   587364.001   587875.003   588234.001
   485:   588315.003   588379.005   588397.009   593034.005   593084.009
   490:   593590.001   598590.018   598841.003   598847.016   598897.026
   495:   598952.005   599417.009   600107.001   604740.003   610081.001
   500:   615081.018   615083.003   615089.016   615139.026   615237.005
   505:   615722.009   616495.001   621413.003   623421.001   628421.018
   510:   629471.003   629477.016   629527.026   629607.005   630103.009
   515:   631067.001   636067.018   636623.003   636629.016   636679.026
   520:   636716.005   636981.009   637614.001   642614.018   643696.003
   525:   643702.016   643752.026   643880.005   644045.009   644362.005
   530:   645058.009   645545.001   650545.018   651274.003   651280.016
   535:   651330.026   651364.005   651869.009   652341.001   657341.018
   540:   657345.003   657351.016   657401.026   657488.005   657782.009
   545:   658539.001   663505.003   664254.001   668630.003   668932.001
   550:   673160.003   673185.001   673849.003   674681.001   679422.003
   555:   680563.001   680779.003   680816.001   680969.003   681015.001
   560:   685965.003   688935.005   689077.009   689174.005   689446.009
   565:   689892.001   694892.018   694953.003   694959.016   695009.026
   570:   695068.005   695383.009   696259.001   701132.003   702027.001
   575:   707027.018   708070.003   708076.016   708126.026   708225.005
   580:   708501.009   720643.001   720738.003   721087.001   721333.003
   585:   722655.001   727655.018   727823.003   727829.016   727879.026
   590:   727934.005   728864.009   729633.001   734633.018   735664.003
   595:   735670.016   735720.026   735770.005   736486.009   737531.001
   600:   742531.018   742605.003   742611.016   742661.026   742759.005
   605:   743481.009   744119.001   749119.018   749723.003   749729.016
   610:   749779.026   749781.005   750550.009   751507.001   756164.003
   615:   757080.001   761715.003   763085.001   767557.003   769340.001
   620:   774340.018   774833.003   774839.016   774889.026   774905.005
   625:   775522.009   775824.005   776044.009   776056.005   776123.009
   630:   776754.001   777119.003   777142.001   782142.018   782645.003
   635:   782651.016   782701.026   782743.005   783245.009   784194.001
   640:   789194.018   789637.003   789643.016   789693.026   789767.005
   645:   790150.009   790200.005   790274.009   791394.001   796394.018
   650:   796560.003   796566.016   796616.026   796719.005   796941.009
   655:   797322.005   797411.009   797432.005   797659.009   798228.001
   660:   802828.003   802935.005   803160.009   803820.001   808820.018
   665:   809208.003   809214.016   809264.026   809360.005   809954.009
   670:   810916.001   815916.018   816117.003   816123.016   816173.026
   675:   816236.005   816443.009   816890.005   816928.009   817605.001
   680:   822287.003   824607.001   824804.003   825381.001   825590.003
   685:   825637.001   825984.003   826015.001   826045.003   826069.001
   690:   831069.018   831070.003   831076.016   831126.026   831229.005
   695:   832023.009   832030.005   832066.009   832083.005   832122.009
   700:   832136.005   832234.009   834490.005   834575.009   835281.001
   705:   840265.003   841534.001   846534.018   847490.003   847496.016
   710:   847546.026   847626.005   848017.009   848802.001   853656.003
   715:   854086.001   854285.003   854893.001   855069.003   856130.001
   720:   861130.018   861868.003   861874.016   861924.026   862010.005
   725:   862494.009   864010.005   864018.009   864024.005   864069.009
   730:   864132.005   864287.009   864854.001   869854.018   870519.003
   735:   870525.016   870575.026   870644.005   870907.009   871723.001
   740:   876723.018   877581.003   877587.016   877637.026   877693.005
   745:   878441.009   879078.001   884078.018   884452.003   884458.016
   750:   884508.026   884559.005   884950.009   886162.001   890458.003
   755:   892102.001   893005.003   893188.001   897890.003   898151.001
   760:   898288.003   898613.001   903058.003   904236.001   904639.003
   765:   905144.001   910111.003   911716.001   916038.003   916278.001
   770:   917210.003   917806.001   922806.018   923194.003   923200.016
   775:   923250.026   923333.005   924059.009   926513.005   926532.009
   780:   926683.005   926789.009   926811.005   926963.009   927494.001
   785:   932494.018   932501.003   932507.016   932557.026   932666.005
   790:   933420.009   933980.005   934012.009   934876.001   939876.018
   795:   940194.003   940200.016   940250.026   940363.005   941272.009
   800:   942114.001   947114.018   947283.003   947289.016   947339.026
   805:   947367.005   947849.009   951146.005   951191.009   951294.005
   810:   951394.009   952510.001   953921.003   953990.001   958990.018
   815:   960804.003   960810.016   960860.026   960915.005   961722.009
   820:   962719.001   967529.003   967550.001   969636.003   969938.005
   825:   969966.009   970674.001   975638.003   978887.001   979081.003
   830:   988362.005   988580.009   989315.001   994315.018   994513.003
   835:   994519.016   994569.026   994647.005   995833.009   995994.005
   840:   996768.009   997658.001  1002193.003  1003631.001  1008631.018
   845:  1008873.003  1008879.016  1008929.026  1009037.005  1009592.009
   850:  1009671.005  1009697.009  1010907.001  1013694.003  1013741.001
   855:  1015156.003  1016102.001  1020751.003  1022216.001  1022786.003
   860:  1022846.001  1027343.003  1049378.005  1050014.009  1051639.001
   865:  1055723.003  1057567.001  1057953.003  1057963.005  1058127.009
   870:  1058524.001  1063524.018  1064199.003  1064205.016  1064255.026
   875:  1064341.005  1065014.009  1065839.001  1070068.003  1072440.001
   880:  1077241.003  1079054.005  1079086.009  1079095.005  1079134.009
   885:  1079173.005  1079184.009  1080527.001  1082308.003  1082340.001
   890:  1084225.003  1087161.005  1087844.009  1088595.001  1093595.018
   895:  1093755.003  1093761.016  1093811.026  1093872.005  1095211.009
   900:  1096048.001  1100455.003  1101993.001  1102664.003  1103193.001
   905:  1108193.018  1109161.003  1109167.016  1109217.026  1109269.005
   910:  1109823.009  1110269.005  1110322.009  1111238.001  1116238.018
   915:  1117193.003  1117199.016  1117249.026  1117294.005  1117875.009
   920:  1119208.001  1123413.003  1124670.001  1129670.018  1130397.003
   925:  1130403.016  1130453.026  1130505.005  1131031.009  1131751.001
   930:  1136751.018  1137275.003  1137281.016  1137331.026  1137435.005
   935:  1137750.009  1139105.001  1144105.018  1145764.003  1145770.016
   940:  1145820.026  1145914.005  1146974.009  1148487.005  1148550.009
   945:  1148615.005  1149194.009  1149804.001  1154804.018  1156258.003
   950:  1156264.016  1156314.026  1156356.005  1156892.009  1158331.001
   955:  1163331.018  1164782.003  1164788.016  1164838.026  1164918.005
   960:  1165272.009  1165997.005  1166681.009  1168287.005  1168359.009
   965:  1168483.005  1168636.009  1169272.001  1174272.018  1179035.003
   970:  1179041.016  1179091.026  1179164.005  1180201.009  1180966.001
   975:  1185966.018  1186962.003  1186968.016  1187018.026  1187105.005
   980:  1187883.009  1188848.001  1193848.018  1194477.003  1194483.016
   985:  1194533.026  1194640.005  1194984.009  1196193.001  1201193.018
   990:  1201554.003  1201560.016  1201610.026  1201721.005  1202354.009
   995:  1203636.001  1208636.018  1210262.003  1210268.016  1210318.026
  1000:  1210336.005  1210721.009  1211939.001  1216939.018  1217155.003
  1005:  1217161.016  1217211.026  1217320.005  1217532.009  1222054.005
  1010:  1222097.009  1222142.005  1222166.009  1222192.005  1222245.009
  1015:  1222253.005  1222372.009  1222428.005  1222548.009  1223203.001
  1020:  1228203.018  1228420.003  1228426.016  1228476.026  1228560.005
  1025:  1228713.001  1228796.009  1228826.003  1228965.005  1229015.009
  1030:  1229063.005  1229064.009  1236011.005  1236024.009  1237060.001
  1035:  1242060.018  1242719.003  1242725.016  1242775.026  1242902.005
  1040:  1243424.009  1244771.001  1249771.018  1249848.003  1249854.016
  1045:  1249904.026  1249966.005  1250430.009  1254736.005  1254797.009
  1050:  1254909.005  1255161.009  1255735.001  1260735.018  1261357.003
  1055:  1261363.016  1261413.026  1261488.005  1261607.009  1263537.001
  1060:  1268537.018  1268779.003  1268785.016  1268835.026  1268914.005
  1065:  1269236.009  1270658.001  1275658.018  1276689.003  1276695.016
  1070:  1276745.026  1276802.005  1277184.009  1279108.005  1279124.009
  1075:  1279156.005  1279261.009  1279938.001  1284938.018  1286602.003
  1080:  1286608.016  1286645.005  1286658.026  1287298.009  1288705.001
  1085:  1293705.018  1294097.003  1294103.016  1294153.026  1294206.005
  1090:  1294504.009  1295521.001  1300274.003  1300719.005  1300732.009
  1095:  1300779.005  1300907.009  1302229.001  1307229.018  1308239.003
  1100:  1308245.016  1308295.026  1308440.005  1309096.009  1310309.001
  1105:  1315309.018  1316083.003  1316089.016  1316139.026  1316181.005
  1110:  1316490.009  1319551.001  1324551.018  1325099.003  1325105.016
  1115:  1325155.026  1325249.005  1325557.009  1325995.005  1326022.009
  1120:  1326667.001  1331667.018  1332345.003  1332351.016  1332401.026
  1125:  1332538.005  1332841.009  1334943.001  1339943.018  1341087.003
  1130:  1341093.016  1341143.026  1341223.005  1341627.009  1343573.005
  1135:  1343597.009  1343685.005  1343718.009  1343762.005  1343903.009
  1140:  1343959.005  1343963.009  1344331.001  1344411.003  1344430.001
  1145:  1349430.018  1349470.003  1349476.016  1349526.026  1349651.005
  1150:  1350291.009  1351028.001  1355963.003  1356419.001  1356450.003
  1155:  1356494.001  1357210.003  1357540.001  1362540.018  1363818.003
  1160:  1363824.016  1363874.026  1364034.005  1364251.009  1365631.001
  1165:  1370631.018  1371521.003  1371527.016  1371577.026  1371631.005
  1170:  1372489.009  1374132.001  1379132.018  1379175.003  1379181.016
  1175:  1379231.026  1379344.005  1380268.009  1381265.001  1386265.018
  1180:  1387290.003  1387296.016  1387346.026  1387492.005  1387771.009
  1185:  1388216.005  1388306.009  1389249.001  1393380.003  1395026.001
  1190:  1400026.018  1400796.003  1400802.016  1400852.026  1400982.005
  1195:  1401546.009  1407276.005  1408008.009  1408661.001  1412842.003
  1200:  1455013.001  1455086.003  1456907.001  1457239.003  1457667.001
  1205:  1458006.003  1459290.001  1462742.003  1462917.001  1463296.003
  1210:  1463467.001  1463977.003  1469017.005  1469662.009  1470509.001
  1215:  1475420.003  1475844.001  1476200.003  1476686.001  1481686.018
  1220:  1482299.003  1482305.016  1482355.026  1482441.005  1482863.009
  1225:  1483253.005  1483295.009  1484376.001  1489376.018  1489847.003
  1230:  1489853.016  1489903.026  1489982.005  1490383.009  1491275.001
  1235:  1496275.018  1497358.003  1497364.016  1497414.026  1497531.005
  1240:  1497877.009  1498543.005  1498573.009  1499341.001
B:
     0:        0.000      262.000        0.000      261.000        0.000
     5:      211.000        0.000        0.000        0.000      211.000
    10:        0.000        1.000        0.000        1.000        0.000
    15:        0.000       99.000        0.000       99.000        0.000
    20:        0.000        0.000        0.000        0.000        0.000
    25:        0.000       99.000        0.000        0.000        0.000
    30:        0.000
D:
     0:  1524389.000  1523725.000  1521742.000
E:
     0:     5000.000     5000.000
T:
     0:        0.000        0.000        0.000        0.000
W:
     0:        2.000        0.000        0.000
