File: C:\MED-PC IV\Data\Reyes\AZ\AZ2090.999


Start Date: 03/24/25
End Date: 03/24/25
Subject: 90
Experiment: AZ
Group: TIMEOUT
Box: 4
Start Time: 15:13:16
End Time: 16:03:16
MSN: DRRD_lin
C:       0.000
F:       0.000
G:       0.000
H:       0.000
I:       0.000
J:       0.000
K:    9700.000
L:       0.000
M:       0.000
N:       0.000
O:       0.000
P:       0.000
Q:       0.000
R:       0.000
S:       0.000
U:   29642.000
V:       0.000
X:       0.000
Y:    1151.000
Z:       0.000
A:
     0:    15000.013    15000.011    15391.001    16295.003    16806.001
     5:    17078.003    17116.001    18530.003    18624.001    18839.003
    10:    19545.001    19638.003    19684.001    20748.003    21676.001
    15:    21845.003    21878.001    25203.003    25468.005    25545.009
    20:    25603.005    26188.009    27055.001    27287.003    27298.001
    25:    27548.003    28259.005    28598.009    33584.001    34798.003
    30:    34901.001    35297.003    35320.005    35674.009    37520.001
    35:    40929.003    42394.005    42609.009    42646.005    42805.009
    40:    43177.001    46742.003    48725.005    48768.009    49260.001
    45:    53334.003    53540.001    53782.003    54955.001    55876.003
    50:    56046.001    56140.003    56205.001    56350.003    63152.001
    55:    67842.003    67879.001    67898.003    67976.001    68359.003
    60:    71582.005    71624.009    71832.005    72080.009    72837.001
    65:    73033.003    73056.001    75655.003    75702.001    75770.003
    70:    75956.001    76191.003    76251.001    76337.003    78927.005
    75:    78963.009    79008.005    79011.009    79060.005    79215.009
    80:    79230.005    79615.009    79618.005    79951.009    80405.001
    85:    85255.018    86496.003    86502.016    86552.026    86581.005
    90:    87239.009    87273.005    87354.009    87374.005    87946.009
    95:    88522.001    90217.003    90259.001    94196.003    94326.001
   100:    94660.003    94711.001    94922.003    96817.001   101598.003
   105:   101620.001   102279.003   104934.005   104994.009   105472.001
   110:   109795.003   111088.005   111306.009   112930.001   117563.003
   115:   120298.005   120405.009   120542.005   120564.009   120613.005
   120:   121015.009   121411.001   126006.003   127346.001   132196.018
   125:   132398.003   132404.016   132454.026   132500.005   133181.009
   130:   133264.005   133276.009   133306.005   133332.009   133968.001
   135:   138460.003   138518.001   138566.003   138790.001   139318.003
   140:   140935.001   141233.003   141244.001   142718.003   143280.001
   145:   143407.003   149447.005   149502.009   150085.001   153792.003
   150:   153842.001   154175.003   154178.005   154486.009   154808.001
   155:   158405.003   159515.005   159522.001   159589.009   159630.003
   160:   162023.005   162040.009   162109.005   162176.009   162301.005
   165:   162554.009   163024.001   167365.003   168420.001   168664.003
   170:   180681.001   183985.003   188153.005   188264.009   188322.005
   175:   189140.009   189157.005   189652.009   189980.005   190004.009
   180:   190217.005   190880.009   190965.005   191288.009   191289.005
   185:   192267.009   192313.005   192318.009   193035.001   197879.003
   190:   198075.005   198412.009   199187.001   203114.003   203274.001
   195:   203434.003   216450.001   221300.018   222245.003   222251.016
   200:   222301.026   222336.005   223424.009   223454.005   223467.009
   205:   223564.005   223769.009   224462.001   228837.003   229082.001
   210:   229275.003   230079.005   230096.009   230118.005   230149.009
   215:   230240.005   230282.009   230307.005   230400.009   235336.005
   220:   235341.009   235349.005   235450.009   236141.001   236231.003
   225:   236267.001   241117.018   243557.003   243563.016   243613.026
   230:   243647.001   243686.003   243727.005   244288.009   245335.001
   235:   245503.003   245520.001   250061.003   250525.001   251335.003
   240:   255720.005   255734.009   255767.005   256116.009   256752.001
   245:   261406.003   261615.001   261766.003   262118.001   264584.003
   250:   264633.001   265887.003   267999.005   268038.009   268152.005
   255:   268338.009   269067.001   273917.018   274603.003   274609.016
   260:   274659.026   274686.005   275782.009   275794.005   275809.009
   265:   275810.005   275828.009   276845.001   278737.003   278762.001
   270:   281877.003   285096.005   285396.009   285956.001   290806.018
   275:   290868.003   290874.016   290924.026   290980.005   292561.009
   280:   293328.001   298057.003   299670.005   299740.009   300433.001
   285:   305283.018   305534.003   305540.016   305556.001   305590.026
   290:   305658.005   305669.003   305997.009   306473.005   306481.009
   295:   306487.005   306641.009   306727.005   306762.009   306772.005
   300:   306810.009   307615.001   312109.003   313820.001   315983.003
   305:   316014.001   318187.003   318217.001   318613.003   319358.001
   310:   323799.003   323859.001   324427.003   325190.001   330040.018
   315:   330529.003   330535.016   330585.026   330646.005   331394.009
   320:   331404.005   331545.009   332509.001   337359.018   337437.003
   325:   337443.016   337493.026   337529.001   337550.003   337573.005
   330:   338389.009   338410.005   338459.009   338479.005   338740.009
   335:   339922.001   344772.018   346147.003   346153.016   346203.026
   340:   346285.005   347286.009   348177.001   352422.003   352670.001
   345:   352788.003   356009.005   356563.009   356961.001   361545.003
   350:   361902.001   362018.003   363058.001   367710.003   369941.001
   355:   374791.018   374887.003   374893.016   374943.026   375029.005
   360:   375854.009   375872.005   375951.009   376019.005   376157.009
   365:   376705.001   381365.003   383558.001   385486.003   385530.001
   370:   387611.003   387726.001   389329.003   390624.001   394966.003
   375:   395261.001   395537.003   400090.005   400104.009   400113.005
   380:   400180.009   400227.005   400398.009   401013.001   405066.003
   385:   406449.001   408482.003   409441.005   409472.009   409514.005
   390:   409719.009   409735.005   409765.009   410325.001   413384.003
   395:   413567.001   414146.003   415279.005   415609.009   418857.005
   400:   418946.009   419116.005   419816.009   420335.001   424597.003
   405:   428783.005   428883.009   429008.005   429100.009   429905.001
   410:   434027.003   434637.005   434896.009   435186.005   435954.009
   415:   435999.005   436242.009   436293.005   436807.009   438038.001
   420:   442888.018   444938.003   444944.016   444994.026   445758.005
   425:   446614.009   446632.005   446654.009   446702.005   446745.009
   430:   448503.005   448598.009   448654.005   448788.009   449305.001
   435:   453927.003   454174.005   454204.009   454214.005   454251.009
   440:   454370.005   454473.009   454547.005   454713.009   454730.005
   445:   454766.009   455232.001   459835.003   460804.001   465654.018
   450:   465946.003   465952.016   466002.026   466075.005   467956.009
   455:   471389.001   475747.003   479482.001   484332.018   484747.003
   460:   484753.016   484803.026   484890.005   485873.009   486968.001
   465:   491818.018   494739.003   494745.005   494745.016   494795.026
   470:   495516.009   496810.001   500056.003   500323.001   501012.003
   475:   501328.001   502092.003   502169.001   504772.003   507333.005
   480:   507587.009   508098.001   512370.003   512386.001   513103.003
   485:   515241.001   519941.003   520853.005   520947.009   523686.005
   490:   523701.009   523712.005   524271.009   525057.001   528828.003
   495:   530187.005   530198.009   530210.005   530448.009   531590.001
   500:   535750.003   535946.001   537129.003   537199.001   537336.003
   505:   539898.005   539920.009   540368.005   540670.009   540719.005
   510:   540768.009   541438.001   541737.003   541779.001   546629.018
   515:   546967.003   546973.016   547023.026   547140.005   548309.009
   520:   548325.005   548680.009   549244.005   549252.009   549283.005
   525:   549386.009   549888.001   554738.018   554940.003   554946.016
   530:   554996.026   555050.001   555071.003   555124.005   555134.001
   535:   555186.003   555213.001   555426.003   555882.009   555888.005
   540:   556054.009   556062.005   556066.009   556388.005   556395.009
   545:   557095.001   561813.003   561841.001   562341.003   564137.005
   550:   564292.009   564323.005   564332.009   565140.001   569477.003
   555:   573476.005   573566.009   573600.005   573766.009   574271.001
   560:   577903.003   579421.005   580052.009   580072.005   580405.009
   565:   583109.001   587959.018   588522.003   588528.016   588559.001
   570:   588578.026   588638.005   588639.003   589169.009   589304.005
   575:   589850.009   589884.005   589989.009   590083.005   590184.009
   580:   591061.001   595312.003   595336.001   595721.003   596028.005
   585:   596224.009   596255.005   596425.009   598194.001   602654.003
   590:   606150.005   606329.009   606346.005   606837.009   607554.001
   595:   611177.003   611883.001   612605.005   612704.009   612814.005
   600:   612838.003   613099.009   613121.005   613260.009   613756.001
   605:   618462.003   619311.005   619482.009   621746.005   621753.009
   610:   621760.005   621784.009   621861.005   621873.009   621927.005
   615:   622325.009   623171.001   626963.003   627814.005   627838.009
   620:   627848.005   628000.009   628068.005   628254.009   628292.005
   625:   628304.009   629037.001   633045.003   635566.005   635754.009
   630:   635907.005   636126.009   650646.005   650825.009   651408.001
   635:   654080.003   654103.001   656543.003   656893.005   657049.009
   640:   657844.001   662526.003   663162.005   663170.001   663309.009
   645:   663586.005   663628.003   664134.009   664614.001   669093.003
   650:   669642.001   669744.003   671173.005   671258.009   671788.005
   655:   672110.009   672203.005   672228.009   672247.005   672290.009
   660:   672816.001   677666.018   677754.003   677760.016   677810.026
   665:   677850.005   678727.009   680096.001   684208.003   684233.001
   670:   685409.003   685425.001   685439.003   686369.005   686397.009
   675:   686682.005   686799.009   687572.001   691451.003   692130.005
   680:   692213.009   692286.005   692467.009   692484.005   692582.009
   685:   692641.005   692706.009   693123.001   697973.018   698760.003
   690:   698766.016   698816.026   698910.005   699765.009   700611.001
   695:   705457.003   706871.001   706911.005   706970.009   707506.003
   700:   708294.001   712162.003   712307.001   713792.003   713808.001
   705:   715464.003   715659.001   716263.003   716625.005   716696.009
   710:   716731.005   716886.009   718594.001   723131.003   723164.001
   715:   723258.003   723397.001   723550.003   725166.001   725318.003
   720:   725648.005   725826.009   726350.001   731066.003   736439.005
   725:   736494.009   736547.005   736924.009   737510.001   742360.018
   730:   742793.003   742799.016   742849.026   742953.005   743245.009
   735:   743463.005   744062.009   744907.001   749757.018   752680.003
   740:   752686.016   752736.026   752886.005   753437.009   753446.005
   745:   753510.009   753527.005   753746.009   753754.005   753929.009
   750:   754267.005   754281.009   754318.005   754331.009   755078.001
   755:   759928.018   760387.003   760393.016   760443.026   760445.017
   760:   760517.005   760730.009   761108.005   761114.009   761204.005
   765:   761882.009   762775.001   767116.003   767345.001   767437.003
   770:   768528.005   768534.009   769541.001   774186.003   774905.001
   775:   775126.003   775461.001   775467.005   775572.009   775609.003
   780:   775653.005   775841.009   778914.005   779180.009   779789.001
   785:   780002.003   780043.001   782701.003   783785.001   783800.003
   790:   783869.001   784274.003   785202.005   785230.009   785255.005
   795:   785579.009   813000.001   813512.003   822322.001   824608.003
   800:   825400.005   825492.009   859153.005   859206.009   859268.005
   805:   859848.009   860498.001   864600.005   864675.003   865109.009
   810:   873512.005   873774.009   874277.001   878358.003   879629.001
   815:   880491.005   880509.003   880691.009   885363.005   885370.009
   820:   885388.005   885412.009   885619.005   885775.009   886356.001
   825:   889565.003   889600.001   891591.003   892835.005   892851.009
   830:   899108.005   899111.009   899116.005   899134.009   902114.001
   835:   906297.003   906457.001   908763.003   916424.005   916473.009
   840:   916487.005   916545.009   916566.005   916587.009   916982.005
   845:   917184.009   917612.001   920743.003   920778.001   922079.003
   850:   922872.001   922903.005   923022.009   923118.005   923129.003
   855:   923546.009   924189.001   928129.003   930094.005   930108.009
   860:   930118.005   930161.009   930254.005   930408.009   938710.005
   865:   938750.009   938827.005   938887.009   939653.001   943527.003
   870:   944308.005   944386.009   944754.005   944866.009   944894.005
   875:   944986.009   945677.001   950677.018   951658.003   951664.016
   880:   951714.026   951759.005   952740.009   956020.005   956208.009
   885:   956631.001   959479.003   959680.001   960513.003   962689.001
   890:   966728.003   966756.001   967252.003   967425.001   968116.003
   895:   973932.005   973940.009   973968.005   974252.009   974306.005
   900:   974362.009   974986.001   978484.003   978992.005   979051.009
   905:   979115.001   979136.005   979278.003   979889.009   980328.001
   910:   984196.003   985244.005   985402.009   985933.005   986088.009
   915:   986434.005   986456.009   986471.005   986996.009   987537.001
   920:   990610.003   990688.001   991681.003   995338.005   995683.009
   925:   995726.005   995734.009   996285.001   999431.003   999467.001
   930:  1001096.003  1001950.005  1002088.009  1010228.005  1010247.009
   935:  1010269.005  1010316.009  1011482.001  1016340.003  1055238.001
   940:  1055531.003  1055752.001  1055926.003  1056106.001  1056392.003
   945:  1109129.005  1109185.009  1109607.001  1113753.003  1117812.005
   950:  1117863.009  1118265.001  1123265.018  1123495.003  1123501.016
   955:  1123551.026  1123584.005  1124960.009  1125000.005  1125016.009
   960:  1125043.005  1125129.009  1128096.005  1128106.009  1128481.001
   965:  1132288.003  1134092.005  1134148.009  1134224.005  1134236.009
   970:  1134287.001  1134388.005  1134615.003  1135234.009  1135247.005
   975:  1135281.009  1135991.001  1139653.003  1145751.005  1145966.009
   980:  1146096.005  1146491.009  1146509.005  1146521.009  1152822.001
   985:  1154140.003  1154163.001  1157182.003  1164979.005  1165005.009
   990:  1165040.005  1165074.009  1165117.005  1165300.009  1165961.001
   995:  1170130.003  1178617.005  1178646.009  1178780.005  1178794.009
  1000:  1178799.005  1178828.009  1179390.001  1183095.003  1183123.001
  1005:  1184194.003  1184209.005  1184560.009  1189713.005  1189806.009
  1010:  1189905.005  1190000.009  1190096.005  1190164.009  1190573.001
  1015:  1195573.018  1195866.003  1195872.016  1195922.026  1196052.005
  1020:  1196970.009  1199317.005  1199342.009  1199875.001  1204333.003
  1025:  1205165.001  1205195.003  1205964.005  1206038.009  1208340.005
  1030:  1208388.009  1208414.005  1208486.009  1208598.005  1208779.009
  1035:  1209454.001  1213487.003  1213691.001  1214346.003  1214411.001
  1040:  1216089.003  1216249.001  1216962.003  1216986.005  1217196.009
  1045:  1217242.005  1217282.009  1217672.001  1222019.003  1222237.001
  1050:  1222719.003  1225527.005  1225560.009  1225783.005  1225819.009
  1055:  1225918.005  1226010.009  1226104.005  1226316.009  1226894.001
  1060:  1230610.003  1230645.001  1231347.003  1237180.005  1237269.009
  1065:  1237282.005  1237368.009  1237380.005  1237582.009  1238217.001
  1070:  1242848.003  1244786.005  1245555.009  1245634.005  1245682.009
  1075:  1252293.005  1252428.009  1252444.005  1252924.009  1253517.001
  1080:  1258183.003  1259800.005  1259846.009  1259873.005  1260037.009
  1085:  1265433.005  1265451.009  1313509.005  1313524.009  1314125.001
  1090:  1318501.003  1319883.001  1323657.003  1324128.005  1324245.009
  1095:  1377223.005  1377393.009  1378158.001  1381844.003  1381881.001
  1100:  1383247.003  1383310.005  1383800.009  1384342.001  1388687.003
  1105:  1388884.001  1389443.003  1395717.005  1395782.009  1395837.005
  1110:  1396011.009  1396661.001  1401661.018  1401711.003  1401717.016
  1115:  1401722.005  1401767.026  1403307.009  1403325.005  1403423.009
  1120:  1405527.001  1410527.018  1411101.003  1411107.016  1411157.026
  1125:  1411231.005  1411973.009  1412030.005  1412226.009  1412263.005
  1130:  1412276.009  1412293.005  1412726.009  1412729.005  1412770.009
  1135:  1415395.005  1415495.009  1416159.001  1419500.003  1419615.001
  1140:  1420871.003  1423420.005  1423852.009  1425163.001  1429425.003
  1145:  1429448.001  1430618.003  1431749.005  1431926.009  1432036.005
  1150:  1432156.009
B:
     0:        0.000      241.000        0.000      241.000        0.000
     5:      291.000        0.000        0.000        0.000      291.000
    10:        0.000        1.000        0.000        1.000        0.000
    15:        0.000       28.000        1.000       28.000        0.000
    20:        0.000        0.000        0.000        0.000        0.000
    25:        0.000       28.000        0.000        0.000        0.000
    30:        0.000
D:
     0:  1460259.000  1459090.000  1460260.000
E:
     0:     4850.000     5000.000
T:
     0:        0.000        0.000        0.000        0.000
W:
     0:        0.000        0.000        0.000
