File: C:\MED-PC IV\Data\Reyes\AZ\AZ2088.999


Start Date: 03/23/25
End Date: 03/23/25
Subject: 88
Experiment: AZ
Group: NO_TIMEOUT_RET
Box: 2
Start Time: 15:12:46
End Time: 16:02:46
MSN: DRRD_lin
C:       0.000
F:       0.000
G:       0.000
H:       0.000
I:       0.000
J:       0.000
K:    7700.000
L:       0.000
M:       0.000
N:       0.000
O:       0.000
P:       0.000
Q:       0.000
R:       0.000
S:       0.000
U:  145837.000
V:       0.000
X:       0.000
Y:    1797.000
Z:       0.000
A:
     0:     3488.005     5189.009     5224.005     5232.009     8452.005
     5:     8630.009     9143.005     9169.009     9190.005     9210.009
    10:     9240.005     9245.009    15000.013    15000.011    15918.001
    15:    16169.003    16208.001    16325.003    16446.001    19772.003
    20:    20018.001    20209.003    20485.001    24023.003    24335.001
    25:    24421.003    24717.001    26152.003    27858.001    28057.003
    30:    28365.001    32215.018    32453.003    32459.016    32509.026
    35:    32602.005    33243.009    34145.001    34409.003    34632.001
    40:    35670.003    35707.001    37973.003    38475.001    38851.003
    45:    39019.001    42806.003    43313.001    43677.003    43812.001
    50:    45437.003    45444.001    46672.003    46682.001    48101.003
    55:    48497.001    48719.003    48856.001    52529.003    53046.001
    60:    55862.003    56819.001    57131.003    57326.001    57443.003
    65:    57603.001    60651.003    60916.001    61163.003    61308.001
    70:    62874.003    62985.001    64886.003    65643.001    65929.003
    75:    66094.001    69944.018    70471.003    70477.016    70527.026
    80:    70627.005    71100.009    71997.001    72288.003    72572.001
    85:    73785.003    73836.001    73957.003    74051.001    74123.003
    90:    74323.001    74398.003    74514.001    75848.003    76501.001
    95:    76618.003    76760.001    77093.003    77399.001    79604.003
   100:    79640.001    81159.003    82155.001    82413.003    82680.001
   105:    86327.003    86892.001    87078.003    87294.001    87582.003
   110:    88504.001    88895.003    89158.001    89256.003    89297.001
   115:    89487.003    89516.001    91370.003    91401.001    93514.003
   120:   105850.001   106169.003   106548.001   110398.018   110828.003
   125:   110834.016   110884.026   110981.005   111688.009   112334.001
   130:   112528.003   112752.001   113152.003   113169.001   116749.003
   135:   117542.001   117671.003   117796.001   121646.018   121787.003
   140:   121793.016   121843.026   121957.005   122863.009   123788.001
   145:   124188.003   124410.001   125663.003   125678.001   128574.003
   150:   129327.001   129706.003   129906.001   133756.018   134335.003
   155:   134341.016   134391.026   134517.005   134817.009   136790.001
   160:   136978.003   137115.001   140965.003   140971.016   141021.026
   165:   141147.005   142048.009   142769.001   143107.003   143300.001
   170:   147138.003   147710.001   150513.003   150653.005   151612.009
   175:   151705.005   152328.009   152342.005   152351.009   152699.001
   180:   153097.003   153339.001   155287.003   155381.001   155701.003
   185:   155760.001   155973.003   155991.001   157075.003   157764.001
   190:   161370.003   162012.001   162235.003   166400.001   166647.003
   195:   166753.001   167079.003   167274.001   170682.003   171404.001
   200:   174701.003   175365.001   175639.003   175812.001   178950.003
   205:   180327.001   180619.003   180769.001   180873.003   181075.001
   210:   184925.018   185330.003   185336.016   185386.026   185487.005
   215:   186136.009   186150.005   186181.009   186935.001   187383.003
   220:   187619.001   188679.003   188700.001   189864.003   189894.001
   225:   191530.003   192673.001   192842.003   193371.005   193517.009
   230:   193832.001   194203.003   194387.001   198084.003   199218.001
   235:   199354.003   199475.001   199588.003   199745.001   203595.018
   240:   204466.003   204472.016   204522.026   204626.005   204989.009
   245:   207525.001   207763.003   207925.001   208018.003   208176.001
   250:   211671.003   232831.001   233057.003   233289.001   233585.003
   255:   233769.001   234737.003   234741.001   238008.003   238158.001
   260:   238240.003   238615.001   238827.003   238939.001   239361.003
   265:   239373.001   242326.003   242399.001   242435.003   245652.005
   270:   245657.009   245769.005   245783.009   246207.001   246525.003
   275:   246983.001   247042.003   247141.001   247283.003   247537.001
   280:   251387.018   251845.003   251851.016   251901.026   251982.005
   285:   252402.009   255776.001   255869.003   255882.001   256214.003
   290:   256424.001   260274.018   260919.003   260925.016   260975.026
   295:   261052.005   261703.009   261717.005   261728.009   261731.005
   300:   261742.009   262472.001   262782.003   262977.001   264753.003
   305:   264798.001   266986.003   267152.001   267485.003   267522.001
   310:   267728.003   268220.001   271824.003   272358.001   272461.003
   315:   272592.001   276199.003   277674.001   278042.003   278262.001
   320:   282112.018   282526.003   282532.016   282582.026   282715.005
   325:   284120.009   285004.001   285232.003   285518.001   288466.003
   330:   288502.001   289145.003   289393.001   289528.003   289885.001
   335:   293453.003   293600.001   293633.003   294764.001   295093.003
   340:   295253.001   295481.003   295690.001   297747.003   297766.001
   345:   299486.003   300553.005   300983.009   301484.001   301741.003
   350:   301959.001   305750.003   321385.001   321458.003   321625.001
   355:   321868.003   322126.001   325940.003   326591.001   326779.003
   360:   326919.001   329438.003   329453.001   330487.003   330752.005
   365:   330921.009   331239.001   331618.003   331790.001   334371.003
   370:   334422.001   334829.003   334914.001   336006.003   336086.001
   375:   336158.003   336526.001   338412.003   338446.001   339658.003
   380:   339847.001   340159.003   340578.001   344428.018   344618.003
   385:   344624.016   344674.026   344755.005   345161.009   346586.001
   390:   346807.003   346966.001   350816.018   351151.003   351157.016
   395:   351207.026   351308.005   351866.009   353188.001   353497.003
   400:   353714.001   357564.018   357633.003   357639.016   357689.026
   405:   357811.005   358179.009   358245.005   358320.009   358570.005
   410:   358576.009   358582.005   358592.009   358601.005   358629.009
   415:   358650.005   358655.009   359697.001   360051.003   360271.001
   420:   362693.003   362763.001   364752.003   365636.001   368971.003
   425:   370579.001   370627.003   370690.001   370911.003   371091.001
   430:   371286.003   371473.001   375323.018   375410.003   375416.016
   435:   375466.026   375569.005   376515.009   376550.005   376556.009
   440:   377218.001   377562.003   377810.001   381660.018   381890.003
   445:   381896.016   381946.026   382055.005   382427.009   382489.005
   450:   382500.009   382533.005   382540.009   383899.001   384124.003
   455:   384374.001   388224.018   388428.003   388434.016   388484.026
   460:   388581.005   389316.009   389321.005   389338.009   389354.005
   465:   389361.009   389732.005   389739.009   389745.005   389754.009
   470:   389791.005   389864.009   389871.005   389883.009   389893.005
   475:   389906.009   389914.005   389929.009   389944.005   389949.009
   480:   390052.005   390057.009   390500.001   390774.003   391110.001
   485:   393572.003   393603.001   394933.003   395948.001   399798.018
   490:   400083.003   400089.016   400139.026   400238.005   400591.009
   495:   401768.001   402040.003   402205.001   403627.003   403683.001
   500:   405741.003   405856.001   405900.003   407262.001   407506.003
   505:   407651.001   407939.003   408726.001   412267.003   413981.005
   510:   414099.009   414103.005   414116.009   414121.005   414149.009
   515:   414156.005   414310.009   414877.001   415153.003   415376.001
   520:   418883.003   418972.001   419056.003   429289.001   429675.003
   525:   429829.001   429940.003   430116.001   430547.003   430556.001
   530:   433268.003   433345.001   434580.003   434597.001   435080.003
   535:   435813.001   438867.003   438942.001   439050.003   439226.001
   540:   442947.003   444006.001   444238.003   444458.001   448308.018
   545:   448587.003   448593.016   448643.026   448747.005   449860.009
   550:   449861.005   449878.009   450527.001   450815.003   451004.001
   555:   454605.003   455459.001   458706.003   459848.001   460235.003
   560:   460416.001   464169.003   464852.001   468222.003   469283.001
   565:   469652.003   469820.001   473339.003   474328.001   474619.003
   570:   474802.001   478415.003   479055.005   479493.009   479515.005
   575:   479520.009   479549.005   479556.009   479666.005   479671.009
   580:   480090.001   480352.003   480532.001   484382.018   484436.003
   585:   484442.016   484492.026   484586.005   484904.009   484905.005
   590:   484914.009   484916.005   484967.009   485220.005   485225.009
   595:   485258.005   485263.009   485716.005   485723.009   485746.005
   600:   485753.009   485757.005   485764.009   486932.001   487258.003
   605:   487436.001   491242.003   492514.001   492918.003   493111.001
   610:   495144.003   495186.001   496497.003   496561.001   497635.003
   615:   498660.001   498765.003   498897.001   502062.003   504412.001
   620:   504731.003   504935.001   508715.003   509423.005   510717.009
   625:   510760.005   510769.009   511327.001   511722.003   511886.001
   630:   515185.003   516075.005   516108.009   516124.005   516341.009
   635:   519217.005   519222.009   519227.005   519236.009   519995.001
   640:   520379.003   520709.001   524077.003   524975.001   528324.003
   645:   528596.001   528644.003   528985.005   529111.009   537621.001
   650:   537697.003   537913.001   538086.003   538265.001   540577.003
   655:   540598.001   541608.003   541627.001   541667.003   541678.001
   660:   542279.003   542804.001   545546.003   547161.001   547256.003
   665:   547707.001   551204.003   551770.005   552150.009   554655.001
   670:   554946.003   555244.001   559094.018   559330.003   559336.016
   675:   559386.026   559510.005   560050.009   560109.005   560600.009
   680:   560606.005   560642.009   560643.005   560667.009   561352.001
   685:   561684.003   561923.001   565680.003   567163.001   567591.003
   690:   567788.001   568709.003   568720.001   570554.003   570599.001
   695:   572428.003   575431.001   579281.018   579310.003   579316.016
   700:   579366.026   579465.005   579862.009   579948.005   580915.009
   705:   581503.001   581626.003   581689.001   581810.003   581999.001
   710:   585736.003   585937.005   586151.009   586599.001   586865.003
   715:   587089.001   590441.003   590542.001   590721.003   591270.001
   720:   591438.003   591548.001   594524.003   596119.001   599350.003
   725:   599918.005   600182.009   601707.001   601880.003   602193.001
   730:   605564.003   608145.001   608592.003   608803.001   612461.003
   735:   613184.005   614266.009   614618.001   614944.003   615123.001
   740:   618730.003   621464.001   621703.003   621865.001   622130.003
   745:   622318.001   625547.003   626298.001   626472.003   633030.001
   750:   633276.003   633461.001   633586.003   633778.001   637569.003
   755:   638210.001   638297.003   638560.001   641432.003   642470.001
   760:   642857.003   643100.001   646133.003   646358.001   646404.003
   765:   646717.005   646810.009   646826.005   646836.009   646881.005
   770:   646884.009   646938.005   646948.009   646961.005   646970.009
   775:   646991.005   647003.009   647010.005   647017.009   647152.005
   780:   647181.009   647365.005   647381.009   650739.005   650787.009
   785:   651347.001   651681.003   651914.001   654850.003   656329.001
   790:   656593.003   656713.001   656852.003   657058.001   660097.003
   795:   660457.001   660689.003   665131.001   665456.003   665670.001
   800:   669520.018   670146.003   670152.016   670202.026   670302.005
   805:   671167.009   672096.001   672391.003   672577.001   676026.003
   810:   677276.001   677512.003   677567.001   677654.003   677832.001
   815:   677867.003   678064.001   678085.003   678093.001   681481.003
   820:   682871.001   683138.003   683376.001   686818.003   688059.001
   825:   690860.003   693830.001   694067.003   694280.001   697452.003
   830:   697655.005   697815.009   698229.001   698384.003   698554.001
   835:   702067.003   704146.001   704224.003   704389.001   707900.003
   840:   708507.005   708517.009   708528.005   708695.009   713326.001
   845:   713777.003   713998.001   715108.003   715126.001   716451.003
   850:   716472.001   716639.003   716679.001   716954.003   717725.001
   855:   721031.003   722789.001   722899.003   723089.001   726483.003
   860:   742873.001   743259.003   743537.001   743820.003   743859.001
   865:   744058.003   744079.001   747181.003   747238.001   747317.003
   870:   747396.001   747416.003   747735.005   747874.009   748343.001
   875:   748454.003   748609.001   751477.003   752121.001   752183.003
   880:   752199.001   752452.003   752630.001   756303.003   761226.001
   885:   761624.003   761853.001   765703.018   766718.003   766724.016
   890:   766774.026   766849.005   767890.009   768661.001   768890.003
   895:   769116.001   772966.018   773246.003   773252.016   773302.026
   900:   773392.005   773946.009   773959.005   774082.009   774896.001
   905:   775196.003   775504.001   779087.003   780365.001   784215.018
   910:   784656.003   784662.016   784712.026   784816.005   785075.009
   915:   785078.005   785116.009   785132.005   785824.009   787434.001
   920:   787562.003   787748.001   791092.003   792365.001   792495.003
   925:   792649.001   796395.003   796457.001   796482.003   798332.001
   930:   798710.003   798918.001   802768.018   802875.003   802881.016
   935:   802931.026   803039.005   803797.009   803879.005   803900.009
   940:   803941.005   803995.009   804006.005   804036.009   804078.005
   945:   804083.009   804107.005   804113.009   804171.005   804177.009
   950:   804195.005   804215.009   804221.005   804233.009   805195.001
   955:   805452.003   805682.001   808365.003   808556.001   808767.003
   960:   808876.001   811314.003   812626.001   812871.003   813090.001
   965:   816657.003   817387.005   817442.009   817465.005   817482.009
   970:   817488.005   817500.009   817507.005   817524.009   817554.005
   975:   817558.009   817641.005   817650.009   817671.005   817677.009
   980:   817698.005   817703.009   817740.005   817763.009   818675.005
   985:   818690.009   819306.001   819603.003   819794.001   823624.003
   990:   825468.001   829318.018   829534.003   829540.016   829590.026
   995:   829675.005   830043.009   832997.001   833112.003   833280.001
  1000:   836788.003   837062.001   840881.003   841513.005   841658.009
  1005:   841665.005   841734.009   851102.001   851419.003   851637.001
  1010:   855487.018   855594.003   855600.016   855650.026   855736.005
  1015:   856237.009   857211.001   857499.003   857729.001   861408.003
  1020:   862695.001   862953.003   863147.001   866792.003   867343.005
  1025:   867510.009   869788.005   869794.009   869810.005   869858.009
  1030:   870445.001   870717.003   870928.001   874778.018   874802.003
  1035:   874808.016   874858.026   874953.005   876273.009   876304.005
  1040:   876306.009   876308.005   876311.009   876364.005   876376.009
  1045:   876415.005   876428.009   876521.005   876526.009   876712.005
  1050:   876726.009   876884.005   876889.009   877441.001   877788.003
  1055:   877990.001   881429.003   882320.001   885597.003   887359.001
  1060:   887652.003   887848.001   891258.003   891421.001   891454.003
  1065:   892362.001   895466.003   896033.001   897351.003   898038.001
  1070:   898240.003   898411.001   902261.018   902345.003   902351.016
  1075:   902401.026   902498.005   903091.009   903117.005   903471.009
  1080:   903486.005   903737.009   903824.005   903830.009   904458.001
  1085:   904738.003   904938.001   907183.003   907336.001   907912.003
  1090:   908070.001   910377.003   911049.005   911171.009   911180.005
  1095:   911190.009   911223.005   911287.009   911470.005   911477.009
  1100:   913874.001   914130.003   914338.001   917943.003   918030.001
  1105:   918082.003   919092.001   919177.003   919326.001   922926.003
  1110:   923083.005   923846.009   924330.001   924664.003   924879.001
  1115:   928615.003   929177.005   929308.009   931689.001   932011.003
  1120:   932232.001   935836.003   936591.005   936594.009   936598.005
  1125:   936711.009   936763.005   936771.009   936775.005   936782.009
  1130:   936783.005   936795.009   936802.005   936813.009   946355.001
  1135:   946592.003   946811.001   950559.003   951332.001   951477.003
  1140:   952011.001   952110.003   952205.001   952472.003   952641.001
  1145:   956491.018   956649.003   956655.016   956705.026   956780.005
  1150:   957753.009   957789.005   957805.009   957818.005   957928.009
  1155:   958673.001   958981.003   959188.001   962741.003   963251.005
  1160:   963283.009   963512.005   963840.009   963859.005   963868.009
  1165:   963982.005   963988.009   964067.005   964089.009   964831.001
  1170:   965163.003   965402.001   969252.018   969336.003   969342.016
  1175:   969392.026   969489.005   970044.009   970153.005   970190.009
  1180:   970194.005   970203.009   970205.005   970210.009   970495.005
  1185:   970507.009   971441.001   971812.003   972017.001   975760.003
  1190:   975830.001   975924.003   977216.001   977460.003   977590.001
  1195:   977768.003   977956.001   981806.018   982144.003   982150.016
  1200:   982200.026   982288.005   983034.009   983041.005   983050.009
  1205:   983067.005   983076.009   983102.005   983104.009   983105.005
  1210:   983133.009   983157.005   983211.009   983214.005   983229.009
  1215:   983237.005   983308.009   983348.005   983431.009   984259.001
  1220:   984623.003   984830.001   988450.003   989696.001   989931.003
  1225:   989980.001   990112.003   990317.001   994167.018   994698.003
  1230:   994704.016   994754.026   994830.005   995607.009   996407.001
  1235:   996633.003   996823.001  1000276.003  1002088.005  1002380.009
  1240:  1004883.005  1005591.009  1006866.001  1007187.003  1007364.001
  1245:  1010990.003  1015417.001  1015723.003  1015917.001  1019700.003
  1250:  1020346.001  1020432.003  1020469.001  1020624.003  1020869.001
  1255:  1024645.003  1024818.005  1025155.009  1025471.001  1025758.003
  1260:  1025949.001  1029768.003  1031547.001  1031676.003  1031867.001
  1265:  1035717.018  1035833.003  1035839.016  1035889.026  1035980.005
  1270:  1037170.009  1037208.005  1037254.009  1038198.001  1038465.003
  1275:  1038668.001  1042518.018  1042743.003  1042749.016  1042799.026
  1280:  1042863.005  1042868.009  1042869.005  1044411.009  1045230.001
  1285:  1045469.003  1045632.001  1048099.003  1048199.001  1049520.003
  1290:  1051285.001  1051593.003  1051809.001  1054985.003  1055058.001
  1295:  1058803.003  1075334.001  1075481.003  1075677.001  1079527.018
  1300:  1079740.003  1079746.016  1079796.026  1079880.005  1080702.009
  1305:  1082004.001  1082307.003  1082524.001  1086374.018  1086412.003
  1310:  1086418.016  1086468.026  1086551.005  1087521.009  1088450.001
  1315:  1088811.003  1089007.001  1092857.018  1092977.003  1092983.016
  1320:  1093033.026  1093097.001  1093117.003  1093130.005  1093991.009
  1325:  1093996.005  1094069.009  1095093.001  1095392.003  1095727.001
  1330:  1099577.018  1099744.003  1099750.016  1099800.026  1099870.005
  1335:  1100407.009  1100409.005  1100421.009  1100433.005  1100571.009
  1340:  1100583.005  1100626.009  1100644.005  1100669.009  1100679.005
  1345:  1100730.009  1101581.001  1101884.003  1102132.001  1105397.003
  1350:  1106814.001  1110288.003  1111480.001  1111615.003  1111762.001
  1355:  1115305.003  1116656.001  1116915.003  1117074.001  1120924.018
  1360:  1121214.003  1121220.016  1121270.026  1121346.005  1122567.009
  1365:  1123930.001  1124235.003  1124446.001  1128094.003  1128176.001
  1370:  1128240.003  1129374.001  1133224.018  1133424.003  1133430.016
  1375:  1133480.026  1133598.005  1134439.009  1134495.005  1134527.009
  1380:  1134530.005  1134596.009  1134611.005  1134618.009  1134752.005
  1385:  1134758.009  1135480.001  1135777.003  1135992.001  1139842.018
  1390:  1140212.003  1140218.016  1140268.026  1140350.005  1141743.009
  1395:  1142932.001  1143075.003  1143256.001  1146542.003  1149884.001
  1400:  1150307.003  1150540.001  1154243.003  1154421.001  1154457.003
  1405:  1155159.001  1158774.003  1159181.001  1161888.003  1165488.001
  1410:  1165807.003  1166009.001  1169485.003  1172321.001  1172692.003
  1415:  1172893.001  1176703.003  1182288.005  1182294.009  1182296.005
  1420:  1182303.009  1182894.001  1183137.003  1183361.001  1187211.018
  1425:  1187388.003  1187394.016  1187444.026  1187536.005  1188749.009
  1430:  1188766.005  1188771.009  1188880.005  1188886.009  1189015.005
  1435:  1189031.009  1189722.001  1189872.003  1190069.001  1193919.018
  1440:  1194184.003  1194190.016  1194240.026  1194316.005  1195257.009
  1445:  1195259.005  1195269.009  1195434.005  1195441.009  1195444.005
  1450:  1195459.009  1196209.001  1196654.003  1196876.001  1200726.018
  1455:  1200833.003  1200839.016  1200889.026  1200985.005  1202089.009
  1460:  1202256.005  1202262.009  1202984.001  1203266.003  1203477.001
  1465:  1207172.003  1207751.001  1209351.003  1209365.001  1211743.003
  1470:  1213223.001  1216802.003  1218135.001  1218372.003  1218552.001
  1475:  1222396.003  1222498.001  1222551.003  1244781.001  1245041.003
  1480:  1245221.001  1249071.018  1249280.003  1249286.016  1249336.026
  1485:  1249410.005  1250207.009  1251162.001  1251470.003  1251651.001
  1490:  1255478.003  1255568.001  1256081.003  1256152.001  1259674.003
  1495:  1260797.001  1261106.003  1261315.001  1264600.003  1264689.001
  1500:  1264801.003  1265187.005  1265445.009  1268007.001  1268182.003
  1505:  1268343.001  1272193.018  1272585.003  1272591.016  1272641.026
  1510:  1272710.005  1273675.009  1273679.005  1273686.009  1273741.005
  1515:  1273744.009  1273750.005  1273759.009  1273798.005  1273803.009
  1520:  1273847.005  1273852.009  1274606.001  1274854.003  1275069.001
  1525:  1278919.018  1279423.003  1279429.016  1279479.026  1279551.005
  1530:  1279944.009  1279967.005  1279972.009  1279978.005  1279987.009
  1535:  1280023.005  1280030.009  1280121.005  1280130.009  1280149.005
  1540:  1280157.009  1280381.005  1280455.009  1284387.001  1284516.003
  1545:  1284562.001  1284738.003  1284932.001  1288782.018  1288879.003
  1550:  1288885.016  1288935.026  1289009.005  1289895.009  1289902.005
  1555:  1289941.009  1289948.005  1289971.009  1289982.005  1289987.009
  1560:  1289991.005  1290007.009  1290021.005  1290104.009  1290195.005
  1565:  1290231.009  1291149.001  1291358.003  1291548.001  1294621.003
  1570:  1294640.001  1296677.003  1297392.005  1297535.009  1297902.001
  1575:  1298112.003  1298296.001  1301971.003  1306509.001  1306649.003
  1580:  1306839.001  1310689.018  1310854.003  1310860.016  1310910.026
  1585:  1310980.005  1311843.009  1311853.005  1311862.009  1311863.005
  1590:  1311881.009  1311887.005  1311894.009  1312033.005  1312042.009
  1595:  1312057.005  1312065.009  1312075.005  1312081.009  1312095.005
  1600:  1312105.009  1313086.001  1313292.003  1313524.001  1316889.003
  1605:  1318089.001  1321939.018  1321940.003  1321946.016  1321996.026
  1610:  1322078.005  1323362.009  1324385.001  1324745.003  1325003.001
  1615:  1328616.003  1329985.001  1330107.003  1330332.001  1334182.018
  1620:  1334404.003  1334410.016  1334460.026  1334546.005  1335377.009
  1625:  1335390.005  1335405.009  1335412.005  1335467.009  1335534.005
  1630:  1335565.009  1335631.005  1336148.009  1340470.001  1340765.003
  1635:  1341010.001  1344860.018  1344874.003  1344880.016  1344930.026
  1640:  1345023.005  1345456.009  1345484.005  1345495.009  1345513.005
  1645:  1345549.009  1345591.005  1345607.009  1349010.001  1349228.003
  1650:  1349411.001  1353261.018  1353327.003  1353333.016  1353383.026
  1655:  1353452.005  1354383.009  1354388.005  1354396.009  1354397.005
  1660:  1354415.009  1354441.005  1354459.009  1354463.005  1354477.009
  1665:  1354533.005  1354585.009  1354598.005  1354614.009  1354625.005
  1670:  1354710.009  1355378.001  1355727.003  1355934.001  1359177.003
  1675:  1359480.001  1359619.003  1359913.001  1363763.018  1364444.003
  1680:  1364450.016  1364500.026  1364572.005  1365724.009  1368105.001
  1685:  1368439.003  1368664.001  1371912.003  1372851.001  1376453.003
  1690:  1377032.005  1377042.009  1377049.005  1377343.009  1380913.005
  1695:  1380921.009  1381399.001  1381686.003  1381918.001  1385710.003
  1700:  1386989.001  1387152.003  1387336.001  1391186.018  1391493.003
  1705:  1391499.016  1391549.026  1391615.005  1392533.009  1392575.005
  1710:  1392585.009  1392592.005  1392615.009  1393681.001  1394052.003
  1715:  1394274.001  1398044.003  1404938.001  1405132.003  1405319.001
  1720:  1408949.003  1410567.001  1414417.018  1414592.003  1414598.016
  1725:  1414648.026  1414708.005  1415440.009  1415441.005  1415476.009
  1730:  1415477.005  1415502.009  1416411.001  1416712.003  1416907.001
  1735:  1420358.003  1420626.001  1420902.003  1423153.005  1423173.009
  1740:  1423627.005  1423635.009  1424137.001  1424318.003  1424547.001
  1745:  1428397.018  1428696.003  1428702.016  1428752.026  1428806.005
  1750:  1429231.009  1429441.005  1429459.009  1457309.001  1457445.003
  1755:  1457700.001  1460731.003  1460858.001  1461109.003  1461158.001
  1760:  1464128.003  1471976.001  1472065.003  1472313.001  1476163.018
  1765:  1477130.003  1477136.016  1477186.026  1477272.005  1478119.009
  1770:  1478121.005  1478135.009  1478138.005  1478146.009  1478327.005
  1775:  1478332.009  1480343.001  1480438.003  1480611.001  1484239.003
  1780:  1484312.001  1484335.003  1490410.005  1490415.009  1490461.005
  1785:  1490477.009  1490857.001  1491112.003  1491342.001  1495192.018
  1790:  1495605.003  1495611.016  1495661.026  1495665.001  1495680.003
  1795:  1495745.005  1496311.009
B:
     0:        0.000      517.000        0.000      517.000        0.000
     5:      288.000        0.000        0.000        0.000      288.000
    10:        0.000        1.000        0.000        1.000        0.000
    15:        0.000       62.000        0.000       61.000        0.000
    20:        0.000        0.000        0.000        0.000        0.000
    25:        0.000       62.000        0.000        0.000        0.000
    30:        0.000
D:
     0:  1641516.000  1641502.000  1641517.000
E:
     0:     3850.000     3850.000
T:
     0:        0.000        0.000        0.000        0.000
W:
     0:        0.000        0.000        0.000
