File: C:\MED-PC IV\Data\Reyes\AZ\AZ2087.999


Start Date: 03/18/25
End Date: 03/18/25
Subject: 87
Experiment: AZ
Group: TIMEOUT
Box: 1
Start Time: 15:27:57
End Time: 16:17:57
MSN: DRRD_lin
C:       0.000
F:       2.000
G:       0.000
H:       0.000
I:       0.000
J:       0.000
K:   10000.000
L:       0.000
M:       0.000
N:       0.000
O:       0.000
P:       0.000
Q:       0.000
R:       0.000
S:       0.000
U:    3821.000
V:       0.000
X:       0.000
Y:    1329.000
Z:       0.000
A:
     0:     1224.005     1335.009     1361.005     1684.009     1987.005
     5:     2013.009     2101.005     2109.009     4913.005     4955.009
    10:    11552.005    11585.009    11595.005    11627.009    15000.013
    15:    15000.011    17080.001    17471.003    17488.001    17574.003
    20:    17691.001    17775.003    17873.001    17919.003    18443.001
    25:    18553.003    18650.001    19286.003    19396.005    19413.009
    30:    19421.005    19512.009    19951.001    20587.003    20637.001
    35:    22210.003    22216.001    22439.003    24135.001    24208.003
    40:    24371.001    29371.018    29714.003    29720.016    29770.026
    45:    29854.005    30205.009    30446.001    35446.018    35566.003
    50:    35572.016    35622.026    35639.005    36025.009    36565.001
    55:    37310.003    37340.001    39857.003    40030.005    40047.009
    60:    40465.005    40496.009    40748.001    45553.003    45933.001
    65:    46159.003    46191.001    49866.003    50890.001    54396.003
    70:    54417.001    55506.003    55651.005    55940.009    56164.001
    75:    61164.018    61637.003    61643.016    61693.026    61804.005
    80:    62082.009    62518.001    65443.003    65525.001    65599.003
    85:    66107.001    66198.003    66213.001    71213.018    72549.003
    90:    72555.016    72605.026    72657.005    73012.009    73172.001
    95:    73200.003    73228.001    77647.003    78436.001    78811.003
   100:    78830.001    78921.003    78938.001    83847.003    83993.005
   105:    84161.009    84302.001    89302.018    91792.003    91798.016
   110:    91848.026    91954.005    92397.009    92827.001    97418.003
   115:    97948.001   102948.018   103658.003   103664.016   103676.001
   120:   103714.026   103768.003   103879.005   104277.009   104583.001
   125:   109583.018   109911.003   109917.016   109967.026   110108.005
   130:   110331.009   110496.001   115496.018   117910.003   117916.016
   135:   117966.026   118048.005   118307.009   118494.001   123108.003
   140:   123682.001   124218.003   124233.001   129233.018   130313.003
   145:   130319.016   130369.026   130499.005   130979.009   131272.001
   150:   133296.003   133332.001   137423.003   139517.005   139544.009
   155:   139623.005   139648.009   144008.001   144094.003   144135.001
   160:   149135.018   151403.003   151409.016   151459.026   151537.005
   165:   151962.009   152760.001   157760.018   158762.003   158768.016
   170:   158818.026   158906.005   159193.009   159438.001   164438.018
   175:   164787.003   164793.016   164843.026   164894.005   165365.009
   180:   165628.001   170279.003   171035.001   176035.018   179855.003
   185:   179861.016   179911.026   180013.005   180327.009   180757.001
   190:   182937.003   183580.001   188580.018   190585.003   190591.016
   195:   190641.026   190663.001   190699.003   190793.005   191042.009
   200:   191237.001   192681.003   192816.001   193050.003   193071.001
   205:   196807.003   197374.001   197412.003   197529.001   200826.003
   210:   200880.001   201035.003   201100.005   201409.009   201633.001
   215:   203281.003   203304.001   203797.003   204625.001   208472.003
   220:   209135.001   213554.003   214753.001   219753.018   221971.003
   225:   221977.016   222027.026   222071.001   222130.003   222253.005
   230:   222618.009   222813.001   224410.003   224425.001   227405.003
   235:   227520.001   232520.018   234054.003   234060.016   234110.026
   240:   234174.005   234517.009   234708.001   239403.003   240260.001
   245:   240338.003   240363.001   245363.018   248914.003   248920.016
   250:   248970.026   249086.005   249374.009   249693.001   254693.018
   255:   256838.003   256844.016   256894.026   257000.005   257275.009
   260:   257349.005   257384.009   257585.001   257678.003   257682.001
   265:   261535.003   261551.001   261734.003   262783.001   262819.003
   270:   262844.001   266324.003   266854.001   271854.018   274483.003
   275:   274489.016   274539.026   274628.005   274894.009   275066.001
   280:   280066.018   282921.003   282927.016   282977.026   283033.005
   285:   283342.009   283698.001   288698.018   291892.003   291898.016
   290:   291948.026   292031.005   292362.009   292581.001   297581.018
   295:   299124.003   299130.016   299153.005   299180.026   299785.009
   300:   300144.001   305144.018   306956.003   306962.016   307012.026
   305:   307101.005   307387.009   307566.001   311736.003   312477.001
   310:   317325.003   317600.005   317700.009   317916.001   317973.003
   315:   318011.001   323011.018   323371.003   323377.016   323427.026
   320:   323523.005   323893.009   324101.001   329101.018   330370.003
   325:   330376.016   330426.026   330526.005   330810.009   330992.001
   330:   331030.003   331050.001   335139.003   335454.001   339077.003
   335:   339357.001   343462.003   344042.001   349042.018   352445.003
   340:   352451.016   352501.026   352602.005   352899.009   353091.001
   345:   357322.003   357363.001   358125.003   358548.001   363548.018
   350:   366380.003   366386.016   366436.026   366519.005   366841.009
   355:   367022.001   370264.003   370289.001   370383.003   370534.001
   360:   372093.003   372134.001   375995.003   376735.001   381026.003
   365:   381206.005   381282.009   381458.001   381499.003   381516.001
   370:   381624.003   381708.001   382111.003   382395.001   384162.003
   375:   384557.001   385189.003   385205.001   385322.003   385340.001
   380:   386082.003   386259.001   386374.003   388145.005   388433.009
   385:   393107.001   396685.003   397286.001   400373.003   401360.001
   390:   405804.003   406656.001   411656.018   412377.003   412383.016
   395:   412433.026   412529.005   413019.009   413645.001   417051.003
   400:   418201.001   418259.003   418281.001   418643.003   418659.001
   405:   422141.003   422678.001   424586.003   425095.001   430095.018
   410:   431600.003   431606.016   431656.026   431757.005   432321.009
   415:   432608.001   437608.018   440951.003   440957.016   441007.026
   420:   441086.005   441373.009   441553.001   443793.003   443820.001
   425:   448820.018   450296.003   450302.016   450352.026   450391.005
   430:   450894.009   451135.001   453234.003   453253.001   458253.018
   435:   459137.003   459143.016   459193.026   459283.005   459654.009
   440:   459836.001   462714.003   462741.001   462808.003   462930.001
   445:   466516.003   466885.001   466917.003   467199.001   472199.018
   450:   473853.003   473859.016   473909.026   473957.005   474384.009
   455:   474566.001   477871.003   478000.005   478081.009   480600.005
   460:   480620.009   492816.001   493241.003   493359.001   497254.003
   465:   498077.001   499523.003   499536.001   502133.003   502372.001
   470:   505619.003   505696.001   510539.003   510796.005   510928.009
   475:   511292.001   511315.003   511334.001   511400.003   511430.001
   480:   515302.003   516239.001   516274.003   516285.001   519383.003
   485:   519928.001   524380.003   525013.001   525070.003   525105.001
   490:   527804.003   529554.001   529580.003   529623.001   529802.003
   495:   529820.001   534820.018   536911.003   536917.016   536967.026
   500:   537045.005   537425.009   537605.001   537692.003   537755.001
   505:   542755.018   543308.003   543314.016   543364.026   543468.005
   510:   543753.009   543989.001   548989.018   550697.003   550703.016
   515:   550753.026   550825.005   551137.009   551423.001   556404.003
   520:   556687.001   561687.018   563956.003   563962.016   564012.026
   525:   564087.005   564361.009   564720.001   568590.003   569949.001
   530:   574949.018   575821.003   575827.016   575877.026   575986.005
   535:   576294.009   576700.001   579273.003   579284.001   582170.003
   540:   582839.001   586441.003   587008.001   590384.003   590588.001
   545:   595588.018   596332.003   596338.016   596388.026   596481.005
   550:   596952.009   597384.001   602384.018   603362.003   603368.016
   555:   603418.026   603487.005   603978.009   604448.001   609448.018
   560:   609805.003   609811.016   609861.026   609957.005   610271.009
   565:   612707.001   614929.003   614930.001   619936.018   620158.003
   570:   620164.016   620214.026   620295.005   620674.009   620955.001
   575:   625955.018   626016.003   626022.016   626072.026   626167.005
   580:   626465.009   627094.001   630222.003   630527.001   630613.003
   585:   630634.001   635369.003   635658.001   638217.003   638920.001
   590:   641667.003   642846.001   646475.003   646666.001   646726.003
   595:   646745.001   649166.003   651688.001   656285.003   656873.001
   600:   661873.018   663774.003   663780.016   663830.026   663867.005
   605:   664265.009   664539.001   669539.018   670409.003   670415.016
   610:   670465.026   670561.005   670849.009   672587.001   677587.018
   615:   678963.003   678969.016   678979.001   679019.026   679069.003
   620:   679184.005   679698.009   679943.001   679998.003   680037.001
   625:   685037.018   687506.003   687512.016   687562.026   687617.005
   630:   688056.009   688338.001   693338.018   694006.003   694012.016
   635:   694062.026   694142.005   694453.009   694645.001   698822.003
   640:   699502.001   703247.003   703906.001   708552.003   709113.001
   645:   713160.003   713858.001   718365.003   718676.001   722808.003
   650:   723793.001   723828.003   723868.001   728868.018   731359.003
   655:   731365.016   731415.026   731486.005   731862.009   732046.001
   660:   732605.003   732638.001   732705.003   732718.001   737718.018
   665:   738990.003   738996.016   739046.026   739147.005   739550.009
   670:   741103.001   741190.003   741208.001   746208.018   749868.003
   675:   749874.016   749924.026   750009.005   750270.009   750805.005
   680:   750816.009   752275.005   752335.009   755243.001   755623.003
   685:   755660.001   755760.003   755797.001   760471.003   760762.001
   690:   765762.018   766062.003   766068.016   766118.026   766217.005
   695:   766657.009   766845.001   770397.003   771128.001   776128.018
   700:   777746.003   777752.016   777802.026   777882.005   778187.009
   705:   778373.001   778424.003   778487.001   783340.003   785873.001
   710:   790873.018   792111.003   792117.016   792167.026   792174.005
   715:   792577.009   792779.001   792805.003   792821.001   797821.018
   720:   798979.003   798985.016   799035.026   799102.005   799581.009
   725:   799838.001   799882.003   799897.001   803079.003   803598.001
   730:   803688.003   803718.001   806422.003   806820.001   811820.018
   735:   811906.003   811912.016   811962.026   812031.005   812389.009
   740:   812565.001   812616.003   812734.001   816668.003   817390.001
   745:   817507.003   817521.001   817750.003   818063.001   823063.018
   750:   823193.003   823199.016   823201.005   823249.026   823815.009
   755:   824152.001   828743.003   828763.005   829119.009   829366.001
   760:   832747.003   832837.005   832932.009   833100.001   833173.003
   765:   833197.001   838197.018   838588.003   838594.016   838644.026
   770:   838714.005   839096.009   839284.001   839318.003   839390.001
   775:   843312.003   844606.001   848503.003   848708.001   852748.003
   780:   853406.001   856627.003   856642.001   859573.003   859661.005
   785:   859942.009   860125.001   860159.003   860178.001   863494.003
   790:   863912.001   867773.003   870362.005   870376.009   870432.005
   795:   870452.009   877105.001   880028.003   880057.001   883018.003
   800:   883683.001   887798.003   887830.001   891542.003   892343.001
   805:   892519.003   892533.001   897533.018   900348.003   900354.016
   810:   900404.026   900482.005   901012.009   901552.001   906552.018
   815:   908203.003   908209.016   908259.026   908320.005   908594.009
   820:   909028.001   913932.003   914569.001   914601.003   914616.001
   825:   919616.018   919977.003   919983.016   920033.026   920094.005
   830:   920360.009   920604.001   921977.003   922005.001   925172.003
   835:   925764.001   925824.003   925859.001   930859.018   932359.003
   840:   932365.016   932415.026   932438.005   932935.009   934145.001
   845:   938952.003   939278.001   939463.003   939493.001   943544.003
   850:   944171.001   944341.003   944377.001   948887.003   949547.001
   855:   954433.003   955579.001   960579.018   963238.003   963244.016
   860:   963294.026   963368.005   963766.009   964124.001   967390.003
   865:   967665.001   967831.003   967865.001   967914.003   967940.001
   870:   971221.003   972182.001   975908.003   976315.001   976612.003
   875:   976644.001   980034.003   981269.001   981868.003   981898.001
   880:   982316.003   982359.001   982712.003   982731.001   983646.003
   885:   983669.001   986343.003   989775.001   992681.003   993605.001
   890:   996939.003   997834.001  1002811.003  1003104.001  1006645.003
   895:  1007495.001  1012495.018  1012992.003  1012998.016  1013048.026
   900:  1013143.005  1013584.009  1014253.001  1019253.018  1019539.003
   905:  1019545.016  1019595.026  1019699.005  1020155.009  1020939.001
   910:  1025375.003  1025735.001  1030497.003  1030808.001  1031103.003
   915:  1031160.001  1031363.003  1031413.001  1031475.003  1031504.001
   920:  1031691.003  1031703.001  1036703.018  1038638.003  1038644.016
   925:  1038694.026  1038760.005  1039050.009  1039315.001  1043559.003
   930:  1043637.005  1043792.009  1044049.001  1049049.018  1052040.003
   935:  1052046.016  1052096.026  1052169.005  1052495.009  1052732.001
   940:  1057732.018  1058247.003  1058253.016  1058303.026  1058356.005
   945:  1058989.009  1059211.001  1064211.018  1065114.003  1065120.016
   950:  1065170.026  1065241.005  1065636.009  1066307.001  1071183.003
   955:  1071500.001  1076500.018  1077795.003  1077801.016  1077851.026
   960:  1077935.005  1078559.009  1079135.001  1083206.003  1084264.001
   965:  1089264.018  1089894.003  1089900.016  1089950.026  1090049.005
   970:  1090354.009  1090540.001  1095540.018  1095991.003  1095997.016
   975:  1096047.026  1096126.005  1096437.009  1096628.001  1096669.003
   980:  1096683.001  1101683.018  1102718.003  1102724.016  1102774.026
   985:  1102867.005  1103186.009  1103360.001  1103404.003  1103435.001
   990:  1108435.018  1110044.003  1110050.016  1110100.026  1110184.005
   995:  1110542.009  1110888.001  1115888.018  1116894.003  1116900.016
  1000:  1116950.026  1117062.005  1117429.009  1117801.001  1120801.003
  1005:  1124026.001  1124109.003  1124189.001  1129189.018  1130352.003
  1010:  1130358.016  1130408.026  1130495.005  1130976.009  1131201.001
  1015:  1136201.018  1136210.003  1136216.016  1136266.026  1136324.005
  1020:  1136712.009  1137065.001  1141108.003  1141729.001  1146246.003
  1025:  1146865.001  1151865.018  1152038.003  1152044.016  1152094.026
  1030:  1152182.005  1152456.009  1152663.001  1152689.003  1152728.001
  1035:  1157728.018  1158481.003  1158487.016  1158537.026  1158617.005
  1040:  1158881.009  1159082.001  1159104.003  1159192.001  1164192.018
  1045:  1164277.003  1164283.016  1164333.026  1164415.005  1165301.009
  1050:  1168743.001  1173743.018  1173890.003  1173896.016  1173946.026
  1055:  1174035.005  1174552.009  1175044.001  1178123.003  1184464.001
  1060:  1187148.003  1188176.001  1191834.003  1191907.001  1196017.003
  1065:  1196823.001  1201823.018  1203103.003  1203109.016  1203159.026
  1070:  1203220.005  1203524.009  1204344.001  1204401.003  1204427.001
  1075:  1204983.003  1204996.001  1209996.018  1211319.003  1211325.016
  1080:  1211375.026  1211453.005  1211734.009  1211936.001  1211971.003
  1085:  1212009.001  1217009.018  1218316.003  1218322.016  1218372.026
  1090:  1218443.005  1218954.009  1219274.001  1224274.018  1224611.003
  1095:  1224617.016  1224667.026  1224752.005  1225163.009  1225527.001
  1100:  1230527.018  1231735.003  1231741.016  1231791.026  1231857.005
  1105:  1232421.009  1232936.001  1232970.003  1232993.001  1237993.018
  1110:  1238575.003  1238581.016  1238631.026  1238718.005  1239018.009
  1115:  1241115.001  1241258.003  1241276.001  1241310.003  1241340.001
  1120:  1244529.003  1244575.001  1244698.003  1245428.001  1250428.018
  1125:  1252147.003  1252153.016  1252203.026  1252290.005  1252578.009
  1130:  1252756.001  1256535.003  1257116.001  1261417.003  1261939.001
  1135:  1265014.003  1266723.001  1266750.003  1266816.001  1267305.003
  1140:  1267337.001  1267480.003  1267500.001  1270476.003  1271590.001
  1145:  1273594.003  1273839.005  1274012.009  1274300.001  1279300.018
  1150:  1279881.003  1279887.016  1279910.001  1279937.026  1280041.003
  1155:  1280145.005  1280577.009  1282002.001  1282020.003  1282057.001
  1160:  1286630.003  1287370.001  1291967.003  1292880.001  1292933.003
  1165:  1292956.001  1297956.018  1298482.003  1298488.016  1298538.026
  1170:  1298680.005  1299120.009  1299423.001  1304423.018  1304816.003
  1175:  1304822.016  1304872.026  1304969.005  1305312.009  1305670.001
  1180:  1310670.018  1311915.003  1311921.016  1311971.026  1312055.005
  1185:  1312295.009  1315720.001  1320720.018  1322464.003  1322470.016
  1190:  1322520.026  1322579.005  1322996.009  1325802.001  1325879.003
  1195:  1325903.001  1326070.003  1326118.001  1331118.018  1332130.003
  1200:  1332136.016  1332186.026  1332272.005  1332623.009  1332848.001
  1205:  1336260.003  1336479.001  1339791.003  1340160.001  1342725.003
  1210:  1342831.001  1342888.003  1345337.001  1346172.003  1346376.001
  1215:  1346578.003  1346718.001  1351718.018  1351973.003  1351979.016
  1220:  1352029.026  1352129.005  1352410.009  1352755.001  1357311.003
  1225:  1359002.001  1364002.018  1364498.003  1364504.016  1364554.026
  1230:  1364617.005  1364899.009  1365784.001  1369661.003  1371070.001
  1235:  1373716.003  1373749.001  1375238.003  1375252.001  1376717.003
  1240:  1377150.001  1377723.003  1378181.001  1379060.003  1380040.001
  1245:  1380402.003  1380408.001  1381850.003  1382301.001  1385283.003
  1250:  1385918.001  1389693.003  1389870.001  1394027.003  1394957.001
  1255:  1395015.003  1395051.001  1395120.003  1395133.001  1395823.003
  1260:  1395855.001  1400254.003  1401091.001  1401901.003  1401927.001
  1265:  1404950.003  1417807.001  1422787.003  1423356.001  1427980.003
  1270:  1429107.001  1434107.018  1434128.003  1434134.016  1434184.026
  1275:  1434290.005  1434638.009  1435210.001  1439824.003  1440224.001
  1280:  1444536.003  1445506.001  1445531.003  1445568.001  1449858.003
  1285:  1450713.001  1451384.003  1451404.001  1456153.003  1457147.001
  1290:  1457600.003  1457616.001  1462022.003  1463522.001  1466101.003
  1295:  1466203.001  1466410.003  1466783.001  1467279.003  1467355.001
  1300:  1467414.003  1467963.001  1468039.003  1468051.001  1472596.003
  1305:  1473194.001  1478194.018  1480911.003  1480917.016  1480967.026
  1310:  1481028.005  1481570.009  1481892.001  1484146.003  1484580.001
  1315:  1489580.018  1490092.003  1490098.016  1490148.026  1490236.005
  1320:  1490542.009  1493037.001  1498037.018  1498734.003  1498740.016
  1325:  1498790.026  1498856.005  1499211.009  1499403.001
B:
     0:        0.000      382.000        0.000      381.000        0.000
     5:      132.000        0.000        0.000        0.000      132.000
    10:        0.000        1.000        0.000        1.000        0.000
    15:        0.000      100.000        0.000      100.000        0.000
    20:        0.000        0.000        0.000        0.000        0.000
    25:        0.000      100.000        0.000        0.000        0.000
    30:        0.000
D:
     0:  1503826.000  1503224.000  1502555.000
E:
     0:     5000.000     5000.000
T:
     0:        0.000        0.000        0.000        0.000
W:
     0:        2.000        0.000        0.000
