File: C:\MED-PC IV\Data\Reyes\AZ\AZ2089.999


Start Date: 03/24/25
End Date: 03/24/25
Subject: 89
Experiment: AZ
Group: NO_TIMEOUT
Box: 3
Start Time: 15:13:16
End Time: 16:03:16
MSN: DRRD_lin
C:       0.000
F:       1.000
G:       0.000
H:       0.000
I:       0.000
J:       0.000
K:    7700.000
L:       0.000
M:       0.000
N:       0.000
O:       0.000
P:       0.000
Q:       0.000
R:       0.000
S:       0.000
U:   29642.000
V:       0.000
X:       0.000
Y:    1150.000
Z:       0.000
A:
     0:    29515.005    29583.009     5907.005     6055.009     6371.005
     5:     6711.009    15000.013    15000.011    16000.001    17690.003
    10:    18106.001    18516.003    18556.001    21464.003    21953.001
    15:    22021.003    22944.001    26326.003    26503.005    27337.009
    20:    27635.001    27685.003    27917.001    31118.003    31414.005
    25:    31546.009    31785.001    33523.003    34344.001    37912.003
    30:    38412.001    38682.003    38739.001    41747.003    42055.005
    35:    42779.009    42849.005    42873.009    42884.005    42894.009
    40:    42911.005    42923.009    43146.001    43610.003    43618.001
    45:    46532.003    53992.001    57804.003    58659.001    62107.003
    50:    62826.005    63750.009    63909.005    63917.009    63985.005
    55:    63992.009    64532.001    64608.003    64795.001    68434.003
    60:    79566.005    80425.009    80965.001    84278.003    84873.001
    65:    88723.018    89226.003    89232.016    89282.026    89337.005
    70:    90134.009    90145.005    90158.009    90753.001    94348.003
    75:    95083.001    98714.003    99548.001   103398.018   103601.003
    80:   103607.016   103657.026   103733.005   104865.009   104869.005
    85:   104881.009   104882.005   104893.009   105349.001   109199.018
    90:   109255.003   109261.016   109311.026   109352.005   109829.009
    95:   109855.005   109883.009   109911.005   109941.009   109951.005
   100:   109977.009   109980.005   110058.009   110088.005   110099.009
   105:   110915.001   114431.003   114917.001   117503.003   118224.001
   110:   121823.003   123585.001   126918.003   127565.001   130889.003
   115:   132723.001   132769.003   132784.001   136410.003   136636.005
   120:   137147.009   137437.001   141152.003   141650.001   145333.003
   125:   146290.005   146309.009   146901.001   147068.003   147109.001
   130:   150946.003   152387.001   155879.003   156659.001   157101.003
   135:   157120.001   160457.003   161022.005   161396.009   161811.001
   140:   165165.003   165960.001   169596.003   170520.005   170529.009
   145:   170538.005   170688.009   170689.005   170693.009   170725.005
   150:   170733.009   183627.005   183708.009   184150.001   186585.003
   155:   187130.001   190708.003   191465.001   191601.003   191618.001
   160:   191821.003   191868.001   195170.003   196122.001   196555.003
   165:   196588.001   200438.018   200856.003   200862.016   200912.026
   170:   200976.005   201755.009   201773.005   201860.009   202449.001
   175:   202524.003   202539.001   205727.003   206493.001   209715.003
   180:   210468.005   210742.009   211234.001   212100.003   212183.001
   185:   215095.003   215959.001   219043.003   219799.001   220451.003
   190:   220472.001   223318.003   223744.005   227848.009   228416.001
   195:   228474.003   228621.001   231295.003   232139.001   234979.003
   200:   235554.005   235784.009   236078.001   239740.003   242322.005
   205:   242330.009   242337.005   242346.009   242352.005   242360.009
   210:   242557.005   242577.009   242608.005   242633.009   242638.005
   215:   242650.009   242653.005   244257.009   245064.001   247992.003
   220:   248771.001   252111.003   253240.001   253352.003   253390.001
   225:   256763.003   257679.001   261055.003   262029.001   265605.003
   230:   266624.005   268966.009   269907.001   273379.003   274010.001
   235:   277764.003   278923.001   282105.003   283554.001   287074.003
   240:   287645.005   288270.009   288302.005   288311.009   288380.005
   245:   288387.009   293876.001   297221.003   297787.005   297898.009
   250:   298316.001   301136.003   309043.005   310349.009   310365.005
   255:   310372.009   311624.001   311806.003   311900.001   314572.003
   260:   314971.005   315110.009   315620.001   318043.003   318058.001
   265:   318819.003   320318.005   320328.009   320331.005   320370.009
   270:   320393.005   320397.009   320408.005   320413.009   320494.005
   275:   322520.009   322545.005   322557.009   322600.005   322609.009
   280:   322615.005   324370.009   324377.005   324389.009   324416.005
   285:   324425.009   325051.001   328056.003   331573.001   335068.003
   290:   335932.001   339782.018   339886.003   339892.016   339942.026
   295:   339991.005   341022.009   341033.005   341090.009   341094.005
   300:   341201.009   341866.001   341931.003   342597.001   345433.003
   305:   345891.005   346189.009   347050.001   350651.003   358487.005
   310:   359190.009   359198.005   359211.009   359217.005   359231.009
   315:   359882.001   363016.003   363844.001   367042.003   367569.005
   320:   367916.009   368298.001   371628.003   372420.005   373833.009
   325:   373944.005   373955.009   373966.005   373977.009   374485.001
   330:   374548.003   374700.001   378140.003   378448.005   378687.009
   335:   379363.001   382563.003   383305.005   383433.009   383439.005
   340:   383447.009   389123.005   389132.009   389138.005   389147.009
   345:   389193.005   389317.009   389326.005   389353.009   389354.005
   350:   389362.009   389373.005   389560.009   389590.005   389597.009
   355:   389603.005   389629.009   390200.001   393665.003   394778.001
   360:   398001.003   399025.005   399450.009   399503.005   399512.009
   365:   399519.005   399526.009   399798.001   403648.018   403909.003
   370:   403915.016   403965.026   403982.005   405260.009   405269.005
   375:   405358.009   405417.005   405504.009   405513.005   405521.009
   380:   405542.005   405558.009   405568.005   405604.009   405608.005
   385:   405625.009   405633.005   405709.009   405747.005   405943.009
   390:   405990.005   406065.009   406070.005   406117.009   406140.005
   395:   406148.009   406162.005   406177.009   406184.005   406199.009
   400:   406202.005   406222.009   406224.005   406388.009   406810.001
   405:   409630.003   410440.001   412784.003   412804.001   413971.003
   410:   415287.001   416955.003   416970.001   418370.003   419374.001
   415:   423093.003   423634.005   424126.009   424371.001   427459.003
   420:   428386.001   431782.003   432867.001   436205.003   436905.005
   425:   437188.009   437427.001   441057.003   441802.005   442023.009
   430:   446511.001   446919.003   447134.001   448743.003   448757.001
   435:   449481.003   449930.005   450372.009   450688.001   454538.018
   440:   454559.003   454565.016   454615.026   454657.005   455586.009
   445:   455595.005   455643.009   456371.001   459701.003   460720.001
   450:   464141.003   465033.001   466538.003   466546.001   468338.003
   455:   469675.001   472869.003   473542.005   474048.009   474383.001
   460:   477804.003   478630.005   478675.009   478679.005   480630.009
   465:   481294.001   481417.003   481446.001   484643.003   489021.005
   470:   489257.009   489337.005   489641.009   489661.005   489677.009
   475:   489679.005   489693.009   489736.005   489860.009   489866.005
   480:   489877.009   490575.001   493176.003   495051.001   498203.003
   485:   498642.005   498939.009   499154.001   502963.003   506555.001
   490:   509604.003   510334.005   510618.009   511018.001   514229.003
   495:   515306.001   515395.003   515526.001   518235.003   518875.005
   500:   519225.009   519550.001   522866.003   523527.005   523732.009
   505:   524265.001   524419.003   524431.001   527503.003   538545.001
   510:   538846.003   538853.001   541728.003   542043.005   542230.009
   515:   542569.001   545969.003   546674.005   546694.009   546696.005
   520:   546936.009   547203.001   550758.003   551333.005   551653.009
   525:   551919.001   555178.003   556057.001   559773.003   560609.005
   530:   561658.009   562011.001   565616.003   566157.005   566419.009
   535:   566770.001   570136.003   590120.001   593970.018   593987.003
   540:   593993.016   594043.026   594063.005   594849.009   594856.005
   545:   594865.009   594871.005   594942.009   594944.005   595115.009
   550:   595130.005   595144.009   595176.005   595196.009   596000.001
   555:   599130.003   599586.005   599800.009   600158.001   603041.003
   560:   603786.001   607636.018   607678.003   607684.016   607734.026
   565:   607806.005   609168.009   609177.005   609211.009   609215.005
   570:   609599.009   609972.001   613327.003   613736.005   613775.009
   575:   614093.001   617314.003   619618.005   619638.009   619692.005
   580:   619721.009   620342.001   623516.003   624182.001   627817.003
   585:   628443.005   628773.009   629108.001   632590.003   633670.001
   590:   637040.003   637563.005   638299.009   638710.001   639476.003
   595:   639508.001   641699.003   642370.005   642388.009   642489.005
   600:   642828.009   642839.005   642858.009   642862.005   642883.009
   605:   642884.005   642892.009   646081.005   646238.009   646256.005
   610:   646293.009   646878.001   649971.003   650977.001   651551.003
   615:   651563.001   654113.003   654963.005   655157.009   655628.001
   620:   659082.003   660210.001   662846.003   663293.001   666707.003
   625:   667246.005   667761.009   668045.001   671291.003   672497.001
   630:   675988.003   676579.005   676788.009   678376.001   682226.018
   635:   682444.003   682450.016   682500.026   682615.005   683352.009
   640:   683354.005   683398.009   683409.005   683595.009   683676.005
   645:   683852.009   684918.001   688138.003   688153.001   688321.003
   650:   688726.005   689161.009   689681.001   692459.003   693066.005
   655:   694756.009   694815.005   694831.009   694837.005   694848.009
   660:   695376.001   695632.003   695663.001   698924.003   700211.005
   665:   700234.009   700243.005   700573.009   702410.005   702544.009
   670:   702548.005   702569.009   702651.005   702732.009   703221.001
   675:   706674.003   707316.005   707812.009   708419.001   711646.003
   680:   712240.005   712378.009   714892.001   715718.003   716546.001
   685:   719661.003   720276.005   720492.009   724538.001   724766.003
   690:   724837.001   725038.003   725464.001   725570.003   725598.001
   695:   728745.003   729233.005   729402.009   730152.001   730236.003
   700:   730267.001   733670.003   734255.005   734345.009   734883.005
   705:   737735.009   737747.005   737789.009   738418.001   741156.003
   710:   743229.001   743252.003   743347.001   743669.003   743902.005
   715:   744059.009   744460.001   747971.003   749153.001   753003.018
   720:   753160.003   753166.016   753216.026   753274.005   754235.009
   725:   754243.005   754255.009   754262.005   754330.009   754356.005
   730:   754394.009   754452.005   754462.009   754568.005   754591.009
   735:   755007.001   758025.003   759089.001   762137.003   762745.005
   740:   762993.009   763619.001   766545.003   767143.005   767414.009
   745:   799910.005   799985.009   801560.001   801582.003   801657.001
   750:   801746.003   801928.005   802126.009   802801.001   802982.003
   755:   803111.005   803328.009   803549.001   804298.003   804792.005
   760:   804939.009   805269.001   805495.003   805887.001   805985.003
   765:   806058.001   806200.003   806300.005   806383.009   824373.001
   770:   824804.003   825365.001   826708.003   826789.005   827048.009
   775:   827236.001   829060.003   830350.001   830438.003   830551.001
   780:   830646.003   832522.001   832612.003   850814.005   850822.009
   785:   850859.005   850947.009   851331.001   852404.003   852776.001
   790:   854479.003   855117.001   856668.003   856678.001   856841.003
   795:   857421.005   857557.009   860806.005   861408.009   861702.001
   800:   863719.003   864613.001   865357.003   866966.001   867415.003
   805:   868409.001   870931.003   876260.005   876969.009   877397.001
   810:   879913.003   882723.001   882968.003   883393.005   884068.009
   815:   897354.005   897463.009   897475.005   897568.009   897594.005
   820:   897612.009   897666.005   897741.009   898450.001   901816.003
   825:   902851.001   905792.003   906480.005   906940.009   907225.001
   830:   910102.003   911731.001   915195.003   916226.005   916487.009
   835:   926861.005   927245.009   927252.005   927268.009   927936.001
   840:   930765.003   932363.001   933120.003   933130.001   935687.003
   845:   936325.005   936935.009   937200.005   937429.009   937452.005
   850:   938314.009   938844.001   942186.003   942201.005   943203.009
   855:   943240.005   943464.009   944128.001   945722.003   946995.001
   860:   949746.003   950938.005   951195.009   976461.001   980178.003
   865:   980697.005   980948.009   981198.001   984326.003   985578.001
   870:   988512.003   989663.001   993109.003   993672.005   994944.009
   875:   995663.001   998891.003   999738.005   999813.009  1000791.001
   880:  1003704.003  1004634.005  1004823.009  1045626.005  1045672.009
   885:  1046441.001  1048339.003  1048777.005  1048897.009  1049353.001
   890:  1051618.003  1053189.001  1056631.003  1057316.005  1057620.009
   895:  1068663.001  1069011.003  1069021.001  1072871.018  1073048.003
   900:  1073054.016  1073104.026  1073162.005  1074513.009  1074541.005
   905:  1074615.009  1074752.005  1074829.009  1075211.001  1076024.003
   910:  1076062.001  1078110.003  1079544.001  1082646.003  1083296.005
   915:  1083600.009  1084137.001  1085009.003  1085732.001  1085865.003
   920:  1085876.001  1088402.003  1089036.005  1089213.009  1100118.005
   925:  1100168.009  1100209.005  1100212.009  1100282.005  1100735.009
   930:  1100810.005  1100816.009  1101473.001  1101808.003  1101848.001
   935:  1104453.003  1105389.001  1108643.003  1109201.005  1109452.009
   940:  1109736.001  1113247.003  1113660.005  1113849.009  1123355.001
   945:  1126731.003  1127631.001  1131250.003  1131834.005  1132176.009
   950:  1132538.001  1135956.003  1136665.005  1136828.009  1166380.005
   955:  1166435.009  1167209.001  1169640.003  1170785.001  1173180.003
   960:  1173843.005  1174184.009  1174924.001  1174990.003  1180358.001
   965:  1182839.003  1183419.005  1183740.009  1184176.001  1187535.003
   970:  1188206.005  1188385.009  1206925.005  1207121.009  1207131.005
   975:  1207278.009  1207789.001  1210566.003  1211350.005  1211483.009
   980:  1211884.001  1215734.018  1215760.003  1215766.016  1215816.026
   985:  1215870.005  1217621.009  1217737.005  1219346.009  1219373.005
   990:  1219384.009  1220184.001  1221404.003  1221856.005  1225026.009
   995:  1225892.001  1228341.003  1228897.001  1231920.003  1232671.005
  1000:  1232941.009  1233265.001  1236618.003  1237442.001  1240666.003
  1005:  1241182.005  1241227.009  1254079.005  1254149.009  1254204.005
  1010:  1254219.009  1254231.005  1254283.009  1254332.005  1254932.009
  1015:  1255644.001  1258850.003  1260023.001  1261785.003  1261809.001
  1020:  1262275.003  1262875.005  1263125.009  1289242.005  1289346.009
  1025:  1290087.001  1291956.003  1292642.001  1295612.003  1296270.005
  1030:  1296509.009  1297525.001  1300422.003  1301164.005  1301316.009
  1035:  1302045.001  1302291.003  1302333.001  1304924.003  1306500.005
  1040:  1306510.009  1306550.005  1306561.009  1306600.005  1306628.009
  1045:  1306708.005  1307814.009  1308203.001  1310928.003  1333520.005
  1050:  1333583.009  1333677.005  1333762.009  1333853.005  1334497.009
  1055:  1334516.005  1334527.009  1334543.005  1334554.009  1335937.001
  1060:  1338420.003  1339863.001  1342793.003  1343746.005  1343861.009
  1065:  1356338.005  1356415.009  1356419.005  1356477.009  1356478.005
  1070:  1356486.009  1356569.005  1356577.009  1356587.005  1356598.009
  1075:  1356616.005  1356629.009  1356923.005  1357168.009  1357210.005
  1080:  1357221.009  1357241.005  1357250.009  1357260.005  1357283.009
  1085:  1357284.005  1357295.009  1357305.005  1357313.009  1358076.001
  1090:  1360493.003  1363480.001  1366584.003  1367004.005  1367274.009
  1095:  1393872.001  1394348.003  1394792.001  1397683.003  1398060.005
  1100:  1398481.009  1398741.001  1401775.003  1402059.005  1402369.009
  1105:  1402650.001  1403601.003  1403602.001  1406333.003  1408389.001
  1110:  1411914.003  1412519.005  1413046.009  1424057.005  1424096.009
  1115:  1424178.005  1424665.009  1424710.005  1425146.009  1433681.001
  1120:  1434241.003  1435252.001  1436239.003  1436453.001  1436598.003
  1125:  1436958.001  1438095.003  1444760.001  1445054.003  1445339.001
  1130:  1445401.003  1445931.005  1445982.009  1460079.005  1460145.009
  1135:  1460889.001  1464480.003  1465265.001  1467879.003  1469398.001
  1140:  1473248.018  1473263.003  1473269.016  1473319.026  1473373.005
  1145:  1474263.009  1474279.005  1474287.009  1474432.005  1474456.009
B:
     0:        0.000      270.000        0.000      270.000        0.000
     5:      283.000        0.000        0.000        0.000      283.000
    10:        0.000        1.000        0.000        1.000        0.000
    15:        0.000       14.000        0.000       14.000        0.000
    20:        0.000        0.000        0.000        0.000        0.000
    25:        0.000       14.000        0.000        0.000        0.000
    30:        0.000
D:
     0:  1502904.000  1499040.000  1502905.000
E:
     0:     3850.000     3850.000
T:
     0:        0.000        0.000        0.000        0.000
W:
     0:        0.000        0.000        0.000
