File: C:\MED-PC IV\Data\Reyes\AZ\AZ2089.999


Start Date: 04/06/25
End Date: 04/06/25
Subject: 89
Experiment: AZ
Group: NO_TIMEOUT
Box: 3
Start Time: 15:18:18
End Time: 16:08:18
MSN: DRRD_lin
C:       0.000
F:       0.000
G:       0.000
H:       0.000
I:       0.000
J:       0.000
K:   10000.000
L:       0.000
M:       0.000
N:       0.000
O:       0.000
P:       0.000
Q:       0.000
R:       0.000
S:       0.000
U:  130629.000
V:       0.000
X:       0.000
Y:     740.000
Z:       0.000
A:
     0:     9703.005    10118.009    10159.005    10165.009    10197.005
     5:    10219.009    10269.005    10290.009    10300.005    10315.009
    10:    14674.005    15000.013    15000.011    15060.009    15061.005
    15:    15065.009    15069.005    15079.009    15521.001    20521.018
    20:    23148.003    23154.016    23204.026    23245.005    23824.009
    25:    24447.001    28835.003    28926.005    29098.009    29257.001
    30:    29351.003    29356.001    33861.003    34263.001    38445.003
    35:    38764.001    42550.003    42993.001    46014.003    46024.001
    40:    48103.003    48681.001    52888.003    52891.001    53615.003
    45:    54011.005    54014.009    54015.005    54335.009    54683.001
    50:    54858.003    54884.001    58884.003    59346.001    63213.003
    55:    63608.005    64055.009    64851.001    69246.003    69590.005
    60:    69865.009    70272.005    70327.009    81426.005    82919.009
    65:    83659.001    86638.003    86966.005    87302.009    87576.001
    70:    91315.003    91738.005    91872.009    95156.005    97273.009
    75:    97277.005    98687.009    99304.001   102367.003   102488.001
    80:   103598.003   104097.001   108654.003   108972.005   109183.009
    85:   109228.005   112025.009   112026.005   112039.009   112429.001
    90:   117429.018   117721.003   117727.016   117777.026   117815.005
    95:   118300.009   118323.005   118454.009   118507.005   119144.009
   100:   119680.001   124510.003   125230.001   127574.003   127662.001
   105:   130203.003   131894.001   136894.018   138102.003   138108.016
   110:   138158.026   138176.005   138675.009   138701.005   138798.009
   115:   138850.005   138864.009   138875.005   138940.009   138960.005
   120:   138979.009   138986.005   138992.009   138996.005   139361.009
   125:   139903.001   144683.003   145332.001   149924.003   150404.005
   130:   151303.009   151317.005   151327.009   152042.005   152086.009
   135:   152098.005   155066.009   155538.001   155567.003   155615.001
   140:   156613.003   156951.005   159255.009   159909.001   161404.003
   145:   161474.001   165066.003   165977.001   170615.003   171126.005
   150:   171349.009   171756.001   175434.003   176002.005   176013.009
   155:   176031.005   176579.009   178081.005   181035.009   181036.005
   160:   181050.009   181095.005   181128.009   181130.005   181293.009
   165:   181404.005   182634.009   182637.005   182662.009   182667.005
   170:   182681.009   182734.005   182832.009   183462.001   188217.003
   175:   188601.005   188898.009   189105.001   189297.003   189311.001
   180:   193597.003   193974.005   194190.009   202271.005   202281.009
   185:   202287.005   203449.009   203504.005   203512.009   203522.005
   190:   203692.009   203782.005   203791.009   203825.005   204964.009
   195:   205731.001   210731.018   210982.003   210988.016   211038.026
   200:   211067.005   212461.009   212477.005   212632.009   212643.005
   205:   212726.009   212729.005   212791.009   212842.005   212914.009
   210:   212950.005   213007.009   213604.001   218604.018   218880.003
   215:   218886.016   218936.026   218972.005   220206.009   220728.005
   220:   220771.009   220888.005   221458.009   221468.005   221909.009
   225:   223052.001   227593.003   228216.001   228995.003   229010.001
   230:   233765.003   234184.005   234384.009   242122.005   243678.009
   235:   244289.001   244429.003   244447.001   248446.003   249445.001
   240:   254168.003   254607.005   255328.009   255908.001   255968.003
   245:   255981.001   257379.003   257459.001   259853.003   261979.005
   250:   263912.009   264430.001   268347.003   268703.005   268849.009
   255:   269105.001   273818.003   274805.001   279002.003   279478.005
   260:   279760.009   298258.001   303069.003   303634.001   307420.003
   265:   307922.001   312256.003   312710.005   313081.009   313098.005
   270:   313105.009   313150.005   315849.009   315859.005   315871.009
   275:   316724.005   317478.009   317891.001   322206.003   322728.005
   280:   322776.009   322914.005   322972.009   323274.001   327721.003
   285:   328847.005   329856.009   329869.005   329964.009   329975.005
   290:   330038.009   330039.005   330061.009   330104.005   330123.009
   295:   330205.005   334619.009   334636.005   334646.009   334702.005
   300:   334793.009   334846.005   335582.009   336183.001   336227.003
   305:   336244.001   340027.003   340707.005   340860.009   340884.005
   310:   341104.009   341384.001   346384.018   346519.003   346525.016
   315:   346575.026   346599.005   347162.009   347166.005   347351.009
   320:   347365.005   347455.009   347458.005   347572.009   347618.005
   325:   347644.009   347768.005   347785.009   347920.005   348157.009
   330:   348191.005   350085.009   350117.005   350185.009   350420.005
   335:   351652.009   352696.001   357118.003   357403.005   358194.009
   340:   358227.005   358234.009   358245.005   358258.009   358987.001
   345:   363987.018   364135.003   364141.016   364191.026   364227.005
   350:   366330.009   367179.001   371091.003   371729.005   371821.009
   355:   374147.001   378547.003   379162.005   380736.009   380738.005
   360:   382092.009   382151.005   382165.009   382175.005   382208.009
   365:   382257.005   382264.009   382331.005   382337.009   382350.005
   370:   382414.009   382964.001   387928.003   389111.001   392906.003
   375:   393601.005   393894.009   408313.001   408633.003   408667.001
   380:   412811.003   413549.001   417787.003   418313.005   418995.009
   385:   419549.001   424329.003   426745.005   428048.009   428655.001
   390:   433575.003   434066.005   434188.009   437746.001   441982.003
   395:   442460.005   443087.009   443588.001   448359.003   448916.005
   400:   449192.009   450351.005   453983.009   453992.005   456659.009
   405:   456704.005   456851.009   457328.001   459187.003   459625.005
   410:   459643.009   459646.005   459963.009   460545.005   463129.009
   415:   463582.001   468212.003   468693.005   469294.009   469402.005
   420:   469411.009   469466.005   469475.009   470093.001   474750.003
   425:   474959.005   475207.009   475628.001   475767.003   476196.001
   430:   480008.003   480579.005   480797.009   486953.005   489491.009
   435:   489498.005   489528.009   490462.001   494806.003   495262.005
   440:   495988.009   496514.001   501415.003   501999.005   502440.009
   445:   512402.001   512515.003   512557.001   517557.018   517944.003
   450:   517950.016   518000.026   518029.005   519830.009   519858.005
   455:   519947.009   519964.005   520025.009   520758.005   521444.009
   460:   521671.005   521689.009   522139.005   524183.009   524943.001
   465:   528236.003   528904.005   529790.009   529842.005   529879.009
   470:   529917.005   533593.009   533598.005   533872.009   533898.005
   475:   534661.009   535283.001   540283.018   540477.003   540483.016
   480:   540533.026   540553.005   541825.009   541839.005   541862.009
   485:   541875.005   541977.009   541978.005   541985.009   541987.005
   490:   542002.009   542013.005   542021.009   542030.005   543016.009
   495:   543032.005   544821.009   544829.005   544840.009   544906.005
   500:   545045.009   545052.005   545116.009   546200.001   551074.003
   505:   551717.005   552637.009   552975.001   557975.018   557985.003
   510:   557991.016   558041.026   558081.005   559293.009   559496.005
   515:   559549.009   559933.001   563516.003   568329.005   569651.009
   520:   570234.001   570428.003   570492.001   574700.003   575858.001
   525:   579312.003   579810.005   580508.009   581301.005   583660.009
   530:   583679.005   583697.009   584609.001   588270.003   588683.005
   535:   590019.009   590362.001   594592.003   595480.005   595875.009
   540:   601873.005   604078.009   604156.005   604210.009   604912.001
   545:   605334.003   605438.001   609739.003   610074.005   610300.009
   550:   610348.005   610515.009   610516.005   610572.009   611202.001
   555:   615951.003   622226.001   625435.003   626626.005   630474.009
   560:   630542.005   630836.009   631209.005   631543.009   633769.005
   565:   635251.009   635492.005   637688.009   640767.001   644144.003
   570:   644509.005   644828.009   644868.005   646618.009   646629.005
   575:   646650.009   647933.001   652933.018   653016.003   653022.016
   580:   653072.026   653104.005   654336.009   654343.005   654363.009
   585:   655275.005   655309.009   655311.005   655326.009   656301.001
   590:   656425.003   656478.001   660555.003   682713.001   683800.003
   595:   683871.001   687566.003   689610.001   693958.003   694475.005
   600:   696413.009   696459.005   696467.009   696659.005   696672.009
   605:   697933.001   697997.003   698718.001   698835.003   699197.001
   610:   699372.003   699536.001   704375.003   716167.005   717276.009
   615:   717278.005   717287.009   718548.001   718716.003   718827.001
   620:   723827.018   724337.003   724343.016   724393.026   724423.005
   625:   725146.009   725170.005   725352.009   725366.005   725379.009
   630:   725391.005   725408.009   725412.005   725419.009   725556.005
   635:   725586.009   725637.005   725710.009   725716.005   727980.009
   640:   728018.005   728076.009   728224.005   728270.009   730153.001
   645:   734449.003   735025.005   736016.009   737594.001   742427.003
   650:   742913.005   743207.009   743564.005   743731.009   767906.005
   655:   768863.009   768876.005   768884.009   768895.005   768932.009
   660:   771833.001   775560.003   776336.005   776532.009   817861.001
   665:   819174.003   819284.001   819545.003   820474.005   820946.009
   670:   821072.005   821308.009   821328.005   821358.009   821434.005
   675:   821501.009   833111.005   835317.009   835345.005   835359.009
   680:   835363.005   838508.009   838611.005   838676.009   839876.001
   685:   844223.003   844804.005   844825.009   844826.005   845693.009
   690:   940818.005   942286.009   943768.001   948448.003   949850.001
   695:   954338.003   955037.005   955108.009   981104.001   981287.003
   700:   981311.001   981381.003   981417.001   981552.003   982371.005
   705:   982456.009  1014178.005  1015063.009  1015105.005  1015263.009
   710:  1015272.005  1015312.009  1019173.001  1023462.003  1026826.001
   715:  1030849.003  1115185.005  1115308.009  1257701.005  1257786.009
   720:  1257852.005  1257921.009  1257935.005  1258628.009  1351170.005
   725:  1351399.009  1351435.005  1352039.009  1352070.005  1352133.009
   730:  1352142.005  1352159.009  1353232.001  1357121.003  1357708.001
   735:  1361998.003  1363188.001  1367526.003  1368169.005  1368291.009
B:
     0:        0.000      122.000        0.000      122.000        0.000
     5:      229.000        0.000        0.000        0.000      229.000
    10:        0.000        1.000        0.000        1.000        0.000
    15:        0.000       12.000        0.000       12.000        0.000
    20:        0.000        0.000        0.000        0.000        0.000
    25:        0.000       12.000        0.000        0.000        0.000
    30:        0.000
D:
     0:  1498154.000  1493817.000  1498155.000
E:
     0:     5000.000     5000.000
T:
     0:        0.000        0.000        0.000        0.000
W:
     0:        0.000        0.000        0.000
