File: C:\MED-PC IV\Data\Reyes\AZ\AZ3089.999


Start Date: 05/04/25
End Date: 05/04/25
Subject: 89
Experiment: AZ
Group: NO_TIMEOUT
Box: 3
Start Time: 15:02:48
End Time: 15:52:48
MSN: DRRD_lin
C:       0.000
F:       1.000
G:       0.000
H:       0.000
I:       0.000
J:       0.000
K:   10000.000
L:       0.000
M:       0.000
N:       0.000
O:       0.000
P:       0.000
Q:       0.000
R:       0.000
S:       0.000
U:  100261.000
V:       0.000
X:       0.000
Y:    1454.000
Z:       0.000
A:
     0:      491.001      521.003     1472.001     1751.003     2223.001
     5:     2316.003     2455.001     2565.003     3637.005     4202.009
    10:    12789.001    13055.003    13886.005    14586.009    14804.005
    15:    15000.013    15000.011    15205.009    15206.005    15248.009
    20:    15640.001    15741.003    15774.001    20109.003    20467.001
    25:    24602.003    24607.001    24629.003    24819.001    27614.003
    30:    27621.001    28488.003    28734.005    29214.009    29593.001
    35:    34593.018    35273.003    35279.016    35329.026    35383.005
    40:    36465.009    36591.005    36943.009    37334.001    37737.003
    45:    37759.001    41641.003    42369.001    46567.003    46955.005
    50:    47811.009    47900.005    47907.009    47965.005    49049.009
    55:    49059.005    49070.009    49401.001    49482.003    49654.001
    60:    53864.003    54289.001    58543.003    58631.005    58830.009
    65:    59635.001    63541.003    63561.001    63672.003    64106.005
    70:    66999.009    67024.005    67040.009    67061.005    67086.009
    75:    68618.005    69805.009    70257.001    74922.003    75267.001
    80:    79493.003    79504.001    79664.003    80074.005    82745.009
    85:    83167.001    88167.018    88177.003    88180.001    88183.016
    90:    88233.026    88234.003    88281.005    89338.009    89936.001
    95:    93176.003    93530.005    93839.009    93886.005    93945.009
   100:    94541.001    94688.003    94744.001    94802.003    94986.001
   105:    99818.003   100123.005   102211.009   102604.001   103093.003
   110:   103109.001   107216.003   107559.005   107707.009   109793.005
   115:   109803.009   109806.005   111436.009   111850.001   116850.018
   120:   116867.003   116873.016   116923.026   116954.005   117737.009
   125:   117825.005   117837.009   117843.005   117855.009   117872.005
   130:   118175.009   118192.005   120657.009   121184.001   123281.003
   135:   123294.001   125586.003   125901.005   129154.009   129241.005
   140:   129248.009   129615.001   130535.003   130567.001   134817.003
   145:   135305.005   136713.009   137049.001   141829.003   142085.005
   150:   143369.009   143751.001   148700.003   149069.005   149988.009
   155:   149996.005   150006.009   150026.005   150717.009   150728.005
   160:   150758.009   150759.005   150768.009   151440.001   156440.018
   165:   157178.003   157184.016   157234.026   157277.005   158120.009
   170:   158122.005   158861.009   159284.001   163974.003   164461.005
   175:   166374.009   167283.001   172124.003   172139.001   172278.003
   180:   172779.005   173138.009   188150.001   188481.003   188522.001
   185:   192820.003   193138.005   194976.009   195003.005   195029.009
   190:   195395.001   199921.003   200001.005   200235.009   200472.001
   195:   205419.003   206106.005   207260.009   207686.001   212061.003
   200:   213154.001   217592.003   218153.005   218479.009   220002.005
   205:   220016.009   220022.005   221857.009   222659.001   226989.003
   210:   227315.005   229863.009   230238.001   235195.003   235599.005
   215:   235895.009   236139.005   239279.009   239698.001   244024.003
   220:   244314.005   244344.009   245357.005   247956.009   248010.005
   225:   248018.009   248442.001   253442.018   253739.003   253745.016
   230:   253795.026   253840.005   254796.009   254802.005   254812.009
   235:   255325.005   255920.009   256244.001   260183.003   260622.005
   240:   260623.009   260628.005   262775.009   262791.005   262801.009
   245:   263380.001   268380.018   268499.003   268505.016   268555.026
   250:   268582.005   269637.009   269666.005   269717.009   269734.005
   255:   270253.009   270305.005   271039.009   271598.001   276598.018
   260:   276749.003   276755.016   276805.026   276819.005   277762.009
   265:   277801.005   278064.009   278177.005   278197.009   278370.005
   270:   280695.009   281274.001   285968.003   286456.005   288711.009
   275:   289346.001   294105.003   294461.005   296307.009   296330.005
   280:   296395.009   296396.005   296407.009   296435.005   296450.009
   285:   296895.001   301895.018   301931.003   301937.016   301987.026
   290:   302042.005   305444.009   306057.001   309736.003   310013.005
   295:   311726.009   312377.001   317377.018   317551.003   317557.016
   300:   317607.026   317691.005   318700.009   318710.005   320067.009
   305:   320092.005   320209.009   320732.001   324939.003   325501.005
   310:   327620.009   327627.005   327704.009   328154.001   332601.003
   315:   333087.005   333613.009   336480.005   338279.009   339200.001
   320:   343567.003   343746.005   343837.009   343904.005   343923.009
   325:   343935.005   343939.009   343944.005   344043.009   344049.005
   330:   344065.009   344494.001   349211.003   350141.005   350573.009
   335:   353475.005   356756.009   357263.001   361515.003   362096.001
   340:   367068.003   373220.005   374985.009   375604.001   380232.003
   345:   380980.005   382944.009   382980.005   383005.009   383503.001
   350:   388503.018   388547.003   388553.016   388603.026   388648.005
   355:   392147.009   392623.001   392901.003   392920.001   396881.003
   360:   397645.005   399877.009   399907.005   399989.009   400002.005
   365:   400009.009   400583.001   405393.003   406256.005   408096.009
   370:   408107.005   408174.009   408541.001   413257.003   413921.005
   375:   416487.009   417053.001   421735.003   422447.005   422591.009
   380:   424588.005   425572.009   426650.001   431116.003   431651.005
   385:   431690.009   432268.001   436490.003   437071.005   437283.009
   390:   438050.005   440027.009   440604.001   445328.003   446131.005
   395:   446431.009   447719.001   452279.003   452781.005   453119.009
   400:   453376.005   453631.009   453688.005   453697.009   453868.005
   405:   453891.009   454882.001   455507.003   455937.005   457849.009
   410:   457854.005   457873.009   458554.001   462969.003   463568.005
   415:   466181.009   468759.001   473209.003   473560.005   476237.009
   420:   476263.005   476278.009   476788.001   481470.003   481973.005
   425:   482436.009   484168.005   485206.009   485225.005   485246.009
   430:   486246.001   490296.003   491065.005   493911.009   494672.001
   435:   499147.003   499945.005   500126.009   511911.005   512445.009
   440:   512583.005   513932.009   514418.001   518942.003   519518.005
   445:   522055.009   522440.001   527304.003   527974.005   530377.009
   450:   530401.005   530423.009   530425.005   530652.009   531206.001
   455:   536206.018   536941.003   536947.016   536997.026   537003.005
   460:   539018.009   539573.001   544426.003   545064.005   546810.009
   465:   546836.005   546852.009   546853.005   546899.009   546916.005
   470:   548546.009   549238.001   554238.018   554312.003   554318.016
   475:   554368.026   554420.005   555161.009   555186.005   556149.009
   480:   556157.005   556195.009   556241.005   557828.009   557856.005
   485:   557879.009   558462.001   563410.003   564042.005   564261.009
   490:   567182.005   570890.009   573819.001   578819.018   579479.003
   495:   579485.016   579535.026   579561.005   580367.009   580369.005
   500:   580605.009   580620.005   580880.009   580938.005   581199.009
   505:   581303.005   581324.009   581854.001   586494.003   586713.005
   510:   588347.009   588742.001   593742.018   593985.003   593991.016
   515:   594041.026   594107.005   594707.009   595550.005   595762.009
   520:   595767.005   595801.009   596166.005   596173.009   596182.005
   525:   596214.009   596902.001   601902.018   601976.003   601982.016
   530:   602032.026   602055.005   602687.009   602690.005   602743.009
   535:   602944.005   602972.009   602992.005   603001.009   603015.005
   540:   603032.009   603038.005   603060.009   603222.005   603242.009
   545:   603849.001   608535.003   610060.005   610581.009   610938.001
   550:   615938.018   616030.003   616036.016   616086.026   616149.005
   555:   616729.009   616806.005   616832.009   616958.005   616971.009
   560:   617329.005   617340.009   618646.001   621585.003   621618.001
   565:   622843.003   624527.005   624996.009   625441.001   629646.003
   570:   629666.001   629836.003   630385.005   631058.009   631059.005
   575:   631112.009   631135.005   632225.009   632259.005   632382.009
   580:   632876.001   637021.003   640074.005   641925.009   641931.005
   585:   642028.009   642040.005   642049.009   642091.005   642104.009
   590:   642577.001   647363.003   648248.005   648445.009   648463.005
   595:   649596.009   649611.005   649625.009   649931.001   654260.003
   600:   655060.005   655193.009   655695.001   659805.003   660301.005
   605:   661074.009   661304.005   661978.009   662510.001   667312.003
   610:   667889.005   667938.009   670702.005   673340.009   673445.005
   615:   673482.009   674075.001   678338.003   678932.005   680706.009
   620:   680711.005   680722.009   680725.005   680739.009   680750.005
   625:   680780.009   681503.001   681984.003   682023.001   685885.003
   630:   687667.005   690901.009   691287.001   694455.003   694456.001
   635:   696959.003   697679.005   697860.009   697864.005   697878.009
   640:   702199.005   703728.009   704587.001   709478.003   710659.005
   645:   710903.009   711666.001   716506.003   717060.005   717225.009
   650:   717325.005   717343.009   718078.001   723078.018   723286.003
   655:   723292.016   723342.026   723448.005   724194.009   724203.005
   660:   724477.009   724502.005   724515.009   724557.005   726043.009
   665:   726052.005   726077.009   726084.005   726097.009   726103.005
   670:   726129.009   726134.005   726242.009   726255.005   726263.009
   675:   726830.001   726902.003   726914.001   730732.003   732259.005
   680:   732305.009   732319.005   733632.009   734224.001   738764.003
   685:   739279.005   741124.009   741665.001   746071.003   746924.005
   690:   747782.009   751000.005   751010.009   752396.005   754579.009
   695:   755353.001   760250.003   760980.005   762845.009   762853.005
   700:   762861.009   763495.001   767967.003   769056.005   771326.009
   705:   771338.005   771353.009   772083.001   776567.003   777096.005
   710:   777497.009   783584.005   787260.009   787920.001   792920.018
   715:   793003.003   793009.016   793055.005   793059.026   796236.009
   720:   796299.005   796305.009   796395.005   797157.009   797725.001
   725:   801322.003   802039.005   802877.009   803101.005   804839.009
   730:   805592.001   810592.018   810713.003   810719.016   810769.026
   735:   810827.005   811262.009   811291.005   811677.009   811704.005
   740:   811740.009   811814.005   811897.009   811928.005   811951.009
   745:   812002.005   812015.009   812143.005   812150.009   812208.005
   750:   812218.009   812220.005   812280.009   813035.005   813873.009
   755:   814463.001   818612.003   819126.005   822853.009   822900.005
   760:   822917.009   823778.001   828627.003   829092.005   830740.009
   765:   830765.005   830772.009   831367.001   835824.003   836350.005
   770:   838801.009   838829.005   838858.009   838862.005   838870.009
   775:   838968.005   839177.009   839749.001   844730.003   845699.005
   780:   845918.009   852959.005   855043.009   856194.001   860440.003
   785:   861007.005   863114.009   863117.005   863126.009   863595.001
   790:   868595.018   868743.003   868749.016   868799.026   868859.005
   795:   869550.009   869571.005   870060.009   870061.005   870152.009
   800:   870210.005   870775.009   871178.001   875656.003   876402.005
   805:   876565.009   876567.005   876597.009   877175.001   881422.003
   810:   882176.005   884603.009   884676.005   884730.009   885288.001
   815:   890288.018   890620.003   890626.016   890676.026   890709.005
   820:   891527.009   891531.005   891718.009   891738.005   891804.009
   825:   891857.005   891960.009   891990.005   892030.009   892176.005
   830:   892212.009   892213.005   892313.009   892842.001   896941.003
   835:   897822.005   898602.009   898607.005   900124.009   900141.005
   840:   900194.009   900209.005   900217.009   900811.001   905674.003
   845:   906382.005   909919.009   909927.005   909958.009   909971.005
   850:   909983.009   909992.005   910002.009   910920.001   915148.003
   855:   915607.005   915916.009   915920.005   916020.009   916613.001
   860:   916853.003   916907.001   921837.003   922390.005   924648.009
   865:   924651.005   924742.009   925524.001   929913.003   930694.005
   870:   930993.009   939237.005   940799.009   940837.005   940880.009
   875:   941660.001   945984.003   946721.005   949088.009   949119.005
   880:   949129.009   949959.001   954876.003   955577.005   956007.009
   885:   959769.005   959783.009   959797.005   960629.009   960953.001
   890:   965953.018   966552.003   966558.016   966608.026   966659.005
   895:   967934.009   967958.005   968430.009   968439.005   968503.009
   900:   968536.005   968597.009   968652.005   968662.009   968693.005
   905:   969194.009   969585.001   974369.003   974876.005   976680.009
   910:   977449.001   981771.003   983187.005   983534.009   991776.005
   915:   993715.009   993743.005   993756.009   993773.005   993834.009
   920:   993838.005   993847.009   994701.001   999008.003   999289.005
   925:   999828.009  1000397.001  1004889.003  1011643.005  1013815.009
   930:  1013830.005  1013851.009  1014709.001  1019168.003  1019990.005
   935:  1020108.009  1052792.005  1053249.009  1053794.001  1058794.018
   940:  1059309.003  1059315.016  1059365.026  1059450.005  1064031.009
   945:  1064101.005  1065264.009  1065276.005  1066105.009  1066286.005
   950:  1066331.009  1066342.005  1066358.009  1066362.005  1066431.009
   955:  1066484.005  1066510.009  1066601.005  1066620.009  1066645.005
   960:  1066668.009  1066718.005  1067187.009  1067211.005  1067232.009
   965:  1067260.005  1067829.009  1067896.005  1068847.009  1068853.005
   970:  1068948.009  1068949.005  1068954.009  1069604.005  1070682.009
   975:  1070693.005  1071286.009  1071288.005  1072350.009  1072355.005
   980:  1072389.009  1072406.005  1072847.009  1072885.005  1072897.009
   985:  1072929.005  1072941.009  1072943.005  1072950.009  1072960.005
   990:  1073783.009  1073952.005  1076552.009  1076584.005  1076629.009
   995:  1076716.005  1076729.009  1076791.005  1077996.009  1078703.001
  1000:  1080773.003  1080862.005  1086896.009  1086926.005  1090544.009
  1005:  1090562.005  1091241.009  1091244.005  1091262.009  1091321.005
  1010:  1094539.009  1095525.001  1095895.003  1095970.001  1096149.003
  1015:  1096205.005  1098335.009  1098337.005  1098349.009  1098361.005
  1020:  1098383.009  1098533.005  1098820.009  1098825.005  1098833.009
  1025:  1098838.005  1098904.009  1098912.005  1098923.009  1098925.005
  1030:  1098933.009  1098938.005  1099148.009  1099152.005  1099175.009
  1035:  1099226.005  1099236.009  1099257.005  1099281.009  1099456.005
  1040:  1100212.009  1100215.005  1100227.009  1100242.005  1100284.009
  1045:  1100288.005  1100319.009  1100325.005  1100372.009  1100377.005
  1050:  1100396.009  1100409.005  1100456.009  1100511.005  1100537.009
  1055:  1100545.005  1100589.009  1100590.005  1102115.009  1104472.005
  1060:  1108925.009  1109069.005  1111579.009  1112245.001  1117245.018
  1065:  1117745.003  1117751.016  1117801.026  1117858.005  1119526.009
  1070:  1119966.001  1124242.003  1124806.005  1125313.009  1125586.001
  1075:  1130586.018  1130942.003  1130948.016  1130998.026  1131071.005
  1080:  1131472.009  1132676.005  1133650.009  1133686.005  1134127.009
  1085:  1134596.001  1139013.003  1139501.005  1139967.009  1140040.005
  1090:  1140128.009  1140360.001  1145309.003  1145968.005  1148467.009
  1095:  1148937.001  1153100.003  1153799.005  1154422.009  1154465.005
  1100:  1155657.009  1156076.001  1160823.003  1166637.005  1168387.009
  1105:  1168419.005  1168426.009  1168972.001  1173056.003  1180999.005
  1110:  1183417.009  1184124.001  1188459.003  1188997.005  1189157.009
  1115:  1189762.001  1194762.018  1195165.003  1195171.016  1195221.026
  1120:  1195267.005  1195957.009  1195994.005  1196205.009  1196222.005
  1125:  1196234.009  1196239.005  1196285.009  1196326.005  1196342.009
  1130:  1196374.005  1196403.009  1196433.005  1196470.009  1196518.005
  1135:  1196529.009  1196563.005  1196606.009  1196638.005  1196673.009
  1140:  1196700.005  1196722.009  1196725.005  1196734.009  1196751.005
  1145:  1196813.009  1196817.005  1197421.009  1197779.001  1202597.003
  1150:  1202620.001  1202761.003  1204032.005  1204039.009  1204052.005
  1155:  1204410.009  1204710.001  1209687.003  1210377.005  1211428.009
  1160:  1212388.001  1217388.018  1217793.003  1217799.016  1217849.026
  1165:  1217902.005  1218620.009  1218629.005  1218708.009  1218770.005
  1170:  1218844.009  1218994.005  1219402.009  1219466.005  1219531.009
  1175:  1219965.001  1224432.003  1224757.005  1225100.009  1225896.001
  1180:  1230896.018  1230916.003  1230922.016  1230972.026  1231020.005
  1185:  1231736.009  1231788.005  1231837.009  1231915.005  1231973.009
  1190:  1231986.005  1231993.009  1232023.005  1232089.009  1232096.005
  1195:  1232120.009  1232146.005  1232163.009  1232350.005  1232386.009
  1200:  1232437.005  1232463.009  1232468.005  1232603.009  1232626.005
  1205:  1232638.009  1232662.005  1232928.009  1233004.005  1233037.009
  1210:  1233467.001  1237377.003  1237812.005  1238520.009  1243908.005
  1215:  1245461.009  1246825.001  1251825.018  1251930.003  1251936.016
  1220:  1251986.026  1252021.005  1252952.009  1253108.005  1253136.009
  1225:  1253279.005  1253332.009  1253398.005  1253417.009  1253552.005
  1230:  1253562.009  1253828.005  1253848.009  1253940.005  1253950.009
  1235:  1253954.005  1254212.009  1254260.005  1254286.009  1255085.005
  1240:  1255333.009  1255684.001  1260684.018  1260749.003  1260755.016
  1245:  1260805.026  1260910.005  1261431.009  1261436.005  1261522.009
  1250:  1261561.005  1261715.009  1261782.005  1261801.009  1262093.005
  1255:  1262106.009  1262157.005  1262240.009  1262320.005  1262328.009
  1260:  1262538.005  1262631.009  1263056.001  1267420.003  1267854.005
  1265:  1268019.009  1269253.005  1270362.009  1270950.001  1271315.003
  1270:  1271336.001  1275643.003  1276286.005  1276831.009  1277420.001
  1275:  1282420.018  1282428.003  1282434.016  1282484.026  1282540.005
  1280:  1283550.009  1283590.005  1283653.009  1283729.005  1283775.009
  1285:  1283847.005  1284136.009  1284397.005  1284528.009  1284620.005
  1290:  1284669.009  1285019.001  1288578.003  1288928.005  1289295.009
  1295:  1289316.005  1289350.009  1294115.005  1295825.009  1296754.001
  1300:  1301279.003  1301709.005  1302013.009  1302023.005  1302025.009
  1305:  1302046.005  1302102.009  1302107.005  1302117.009  1302157.005
  1310:  1302166.009  1302186.005  1302239.009  1302257.005  1303232.009
  1315:  1303807.001  1308194.003  1308303.005  1308551.009  1308563.005
  1320:  1308707.009  1309177.001  1313937.003  1314253.005  1316225.009
  1325:  1316252.005  1316265.009  1316878.001  1321277.003  1322333.005
  1330:  1322493.009  1327269.005  1328438.009  1329348.001  1334146.003
  1335:  1334179.005  1334463.009  1334896.001  1339896.018  1340292.003
  1340:  1340298.016  1340348.026  1340432.005  1341114.009  1341138.005
  1345:  1341324.009  1341413.005  1341425.009  1341526.005  1341561.009
  1350:  1341630.005  1341839.009  1341844.005  1341864.009  1342242.001
  1355:  1346313.003  1346836.005  1347384.009  1347511.005  1347518.009
  1360:  1347520.005  1347636.009  1348091.001  1352415.003  1353019.005
  1365:  1353197.009  1365698.001  1365728.003  1365844.001  1365885.003
  1370:  1366146.005  1367008.009  1367042.005  1367305.009  1367590.001
  1375:  1367638.003  1368049.005  1369299.009  1371426.001  1375778.003
  1380:  1376238.005  1376544.009  1376979.001  1381691.003  1382163.005
  1385:  1382595.009  1382836.001  1386957.003  1387506.005  1389665.009
  1390:  1389690.005  1389735.009  1390164.001  1395136.003  1395233.005
  1395:  1395795.009  1395808.005  1395872.009  1395917.005  1396090.009
  1400:  1396695.001  1401594.003  1401693.005  1401973.009  1405549.005
  1405:  1407292.009  1407314.005  1407344.009  1407346.005  1407395.009
  1410:  1407400.005  1407417.009  1407521.005  1408403.009  1408405.005
  1415:  1408454.009  1408469.005  1408485.009  1409019.001  1413334.003
  1420:  1413645.005  1413799.009  1414182.001  1419113.003  1419593.005
  1425:  1421532.009  1421977.001  1426972.003  1430067.001  1430252.003
  1430:  1430357.001  1434642.003  1435101.005  1435363.009  1456852.005
  1435:  1461443.009  1462574.001  1466880.003  1467139.005  1469071.009
  1440:  1469760.001  1474683.003  1484538.005  1485919.009  1487048.001
  1445:  1492048.018  1492306.003  1492312.016  1492362.026  1492406.005
  1450:  1493620.009  1494187.005  1494575.009  1496218.001
B:
     0:        0.000      198.000        0.000      197.000        0.000
     5:      479.000        0.000        0.000        0.000      479.000
    10:        0.000        1.000        0.000        1.000        0.000
    15:        0.000       33.000        0.000       33.000        0.000
    20:        0.000        0.000        0.000        0.000        0.000
    25:        0.000       33.000        0.000        0.000        0.000
    30:        0.000
D:
     0:  1600266.000  1596479.000  1592567.000
E:
     0:     5000.000     5000.000
T:
     0:        0.000        0.000        0.000        0.000
W:
     0:        2.000        0.000        0.000
