File: C:\MED-PC IV\Data\Reyes\AZ\AZ3088.999


Start Date: 05/05/25
End Date: 05/05/25
Subject: 88
Experiment: AZ
Group: NO_TIMEOUT_RET
Box: 2
Start Time: 15:36:09
End Time: 16:26:09
MSN: DRRD_lin
C:       0.000
F:       0.000
G:       0.000
H:       0.000
I:       0.000
J:       0.000
K:   10000.000
L:       0.000
M:       0.000
N:       0.000
O:       0.000
P:       0.000
Q:       0.000
R:       0.000
S:       0.000
U:   42703.000
V:       0.000
X:       0.000
Y:    1788.000
Z:       0.000
A:
     0:     1669.005     1674.009     1712.005     1720.009     1724.005
     5:     2064.009     2081.005     2116.009     2120.005     2160.009
    10:     2194.005     2200.009     2211.005     2218.009     2221.005
    15:     2235.009     2260.005     2563.009     2635.005     2652.009
    20:     2672.005     2675.009     2686.005     3335.009     4256.005
    25:     4311.009     4445.005     4455.009     4473.005     4496.009
    30:     4499.005     4784.009     5002.005     5011.009     5106.005
    35:     5292.009     5295.005     5337.009     5346.005     5378.009
    40:     5411.005     5417.009     5944.005     5953.009     6029.005
    45:     6033.009     6063.005     6345.009     6353.005     6366.009
    50:     6377.005     6411.009     6421.005     6427.009     6429.005
    55:     6435.009     6440.005     6445.009     6453.005     6468.009
    60:     6498.005     6510.009     6558.005     6605.009     6614.005
    65:     6624.009     6635.005     6652.009    15000.013    15000.011
    70:    16224.001    16761.003    16805.001    16895.003    16995.001
    75:    18820.003    18838.001    19430.003    20390.001    20602.003
    80:    20700.001    25700.018    26117.003    26123.016    26173.026
    85:    26326.005    27038.009    29579.001    29658.003    29780.001
    90:    29871.003    29992.001    31811.003    31898.001    33577.003
    95:    33594.001    37262.003    51048.001    51228.003    51325.001
   100:    56325.018    56932.003    56938.016    56988.026    57154.005
   105:    57543.009    59492.001    59761.003    59889.001    59987.003
   110:    60064.001    60562.003    60577.001    60697.003    60719.001
   115:    65719.018    66692.003    66698.016    66748.026    66852.005
   120:    67251.009    67268.005    67287.009    69866.001    70043.003
   125:    70192.001    70413.003    70442.001    70664.003    70668.001
   130:    70777.003    70791.001    75791.018    75952.003    75958.016
   135:    76008.026    76041.005    76725.009    80055.001    80219.003
   140:    80353.001    85353.018    85665.003    85671.016    85721.026
   145:    85729.005    86446.009    86471.005    86590.009    86593.005
   150:    86610.009    89568.001    89750.003    89841.001    94841.018
   155:    95151.003    95157.016    95207.026    95240.005    96362.009
   160:    97862.001    98026.003    98149.001    98261.003    98340.001
   165:   103340.018   103533.003   103539.016   103589.026   103604.005
   170:   104089.009   105307.001   105756.003   105788.001   110788.018
   175:   110796.003   110802.016   110852.026   110889.005   111321.009
   180:   111416.005   111444.009   112534.001   112633.003   112716.001
   185:   114443.003   114465.001   114721.003   114736.001   117815.003
   190:   118624.001   118718.003   118809.001   119858.003   119866.001
   195:   124866.018   124984.003   124990.016   125040.026   125087.005
   200:   125729.009   126664.001   126761.003   126875.001   127428.003
   205:   127438.001   131402.003   132303.001   132504.003   132620.001
   210:   133961.003   134008.001   137504.003   138748.001   138955.003
   215:   139041.001   144041.018   145063.003   145069.016   145119.026
   220:   145233.005   146018.009   146028.005   146036.009   146081.005
   225:   146140.009   149335.001   149534.003   149674.001   149776.003
   230:   149864.001   150257.003   150320.001   150690.003   150695.001
   235:   150986.003   151012.001   151468.003   151483.001   155661.003
   240:   156722.001   158078.003   158122.001   162929.003   164535.001
   245:   164628.003   164714.001   164820.003   164940.001   165133.003
   250:   165254.001   168341.003   168364.001   171977.003   172948.001
   255:   172983.003   173014.001   173085.003   173234.001   173488.003
   260:   173517.001   173843.003   173875.001   173983.003   173994.001
   265:   174114.003   174131.001   174150.003   174160.001   179160.018
   270:   179986.003   179992.016   180042.026   180099.005   180455.009
   275:   181996.001   182190.003   182298.001   182598.003   182642.001
   280:   183110.003   183152.001   183310.003   183346.001   188278.003
   285:   189512.001   189732.003   189740.001   191049.003   191063.001
   290:   195046.003   196189.001   196246.003   196411.001   196710.003
   295:   196719.001   201719.018   201731.003   201737.016   201787.026
   300:   201853.005   203362.009   203387.005   203531.009   205081.001
   305:   205288.003   205419.001   205548.003   205703.001   205867.003
   310:   206002.001   206152.003   206270.001   206708.003   206730.001
   315:   211523.003   212480.001   212659.003   212786.001   217786.018
   320:   218197.003   218203.016   218253.026   218330.005   219569.009
   325:   220759.001   220957.003   221089.001   221245.003   221498.001
   330:   221725.003   221741.001   221794.003   221844.001   226844.018
   335:   227797.003   227803.016   227853.026   227949.005   229144.009
   340:   229147.005   229152.009   229176.005   229216.009   230461.001
   345:   230636.003   230788.001   230829.003   231024.001   235685.003
   350:   236322.001   236584.003   236754.001   236829.003   236928.001
   355:   241928.018   242924.003   242930.016   242980.026   243024.005
   360:   244045.009   246185.001   246349.003   246495.001   246636.003
   365:   246752.001   247639.003   247643.001   247744.003   247757.001
   370:   248076.003   248119.001   250028.003   250049.001   253963.003
   375:   255189.001   255353.003   255483.001   255602.003   255692.001
   380:   260692.018   262404.003   262410.016   262460.026   262546.005
   385:   263544.009   264241.001   264475.003   264656.001   264737.003
   390:   264921.001   265863.003   265901.001   266002.003   266021.001
   395:   266204.003   266236.001   270833.003   271738.001   276738.018
   400:   277253.003   277259.016   277309.026   277360.005   277734.009
   405:   277822.005   277835.009   279478.001   279544.003   279793.001
   410:   279918.003   279959.001   280232.003   280294.001   282554.003
   415:   282610.001   286709.003   287427.001   287508.003   287670.001
   420:   287906.003   287922.001   288356.003   288360.001   288753.003
   425:   288810.001   293758.003   294851.001   299851.018   300626.003
   430:   300632.016   300682.026   300845.005   301895.009   303475.001
   435:   303682.003   303853.001   304215.003   304248.001   309248.018
   440:   309776.003   309782.016   309832.026   309957.005   310637.009
   445:   311296.001   311605.003   311949.001   312609.003   312701.001
   450:   317701.018   318048.003   318054.016   318104.026   318203.005
   455:   318660.009   319857.001   320121.003   320259.001   325259.018
   460:   326048.003   326054.016   326104.026   326196.005   326790.009
   465:   327782.001   327864.003   328353.001   328547.003   328615.001
   470:   333615.018   333877.003   333883.016   333933.026   334020.005
   475:   334430.009   334501.005   334650.009   335837.001   336080.003
   480:   336235.001   341169.003   341837.001   341916.003   342039.001
   485:   343024.003   343033.001   343135.003   343140.001   343336.003
   490:   343356.001   348356.018   348914.003   348920.016   348970.026
   495:   349058.005   349545.009   349614.005   349627.009   349640.005
   500:   349670.009   350709.001   350940.003   351281.001   351474.003
   505:   351500.001   351938.003   351973.001   352071.003   352083.001
   510:   356845.003   358296.001   358492.003   358965.001   359949.003
   515:   359984.001   364606.003   365670.001   365875.003   366051.001
   520:   366208.003   366305.001   366619.003   366637.001   371637.018
   525:   372193.003   372199.016   372249.026   372371.005   372890.009
   530:   383758.005   383762.009   384468.001   384680.003   384843.001
   535:   384987.003   385151.001   389828.003   390811.001   390862.003
   540:   390984.001   395984.018   397065.003   397071.016   397121.026
   545:   397210.005   398048.009   398716.001   398924.003   399120.001
   550:   399200.003   399813.001   399829.003   399860.001   400007.003
   555:   400044.001   405044.018   405596.003   405602.016   405652.026
   560:   405735.005   406074.009   406156.005   406165.009   407347.001
   565:   407479.003   407772.001   408132.003   408175.001   408814.003
   570:   408853.001   413831.003   414918.001   415120.003   415286.001
   575:   415337.003   415443.001   420443.018   421631.003   421637.016
   580:   421687.026   421771.005   422274.009   423423.001   423620.003
   585:   424082.001   424116.003   424357.001   429357.018   430005.003
   590:   430011.016   430061.026   430147.005   430773.009   430788.005
   595:   430809.009   430856.005   430900.009   433026.001   433153.003
   600:   434098.001   434179.003   434216.001   434314.003   434328.001
   605:   439072.003   440154.001   440215.003   440364.001   445364.018
   610:   446572.003   446578.016   446628.026   446703.005   448050.009
   615:   448088.005   448094.009   448511.005   448516.009   449524.001
   620:   449710.003   449839.001   449924.003   449996.001   450232.003
   625:   450327.001   450626.003   450664.001   450694.003   450879.001
   630:   451263.003   451321.001   456321.018   456585.003   456591.016
   635:   456641.026   456798.005   457608.009   458180.001   458376.003
   640:   458604.001   458709.003   458839.001   460160.003   460170.001
   645:   461506.003   461537.001   465156.003   465701.001   465858.003
   650:   466094.001   471094.018   472521.003   472527.016   472577.026
   655:   472656.005   473342.009   473347.005   473356.009   474630.001
   660:   474863.003   474973.001   475102.003   475203.001   480203.018
   665:   481500.003   481506.016   481556.026   481621.005   482178.009
   670:   483297.001   483444.003   483634.001   488634.018   489627.003
   675:   489633.016   489683.026   489745.005   490471.009   491424.001
   680:   491591.003   491818.001   491841.003   492084.001   492179.003
   685:   492205.001   492408.003   492427.001   497427.018   498212.003
   690:   498218.016   498268.026   498432.005   498771.009   498776.005
   695:   498784.009   501939.001   502108.003   502236.001   502460.003
   700:   502607.001   502759.003   502779.001   507701.003   508690.001
   705:   508831.003   509211.001   509363.003   509439.001   514439.018
   710:   515317.003   515323.016   515373.026   515449.005   515822.009
   715:   515833.005   515954.009   515972.005   515980.009   517089.001
   720:   517318.003   517560.001   522560.018   523090.003   523096.016
   725:   523146.026   523213.005   523794.009   525026.001   525231.003
   730:   525436.001   530436.018   530941.003   530947.016   530997.026
   735:   531058.005   531968.009   531982.005   531995.009   534321.001
   740:   534546.003   534836.001   535440.003   535533.001   540533.018
   745:   540925.003   540931.016   540981.026   541045.005   541730.009
   750:   542914.001   543009.003   543232.001   543290.003   543319.001
   755:   548319.018   548772.003   548778.016   548828.026   548908.005
   760:   549336.009   549364.005   549413.009   550289.001   550449.003
   765:   550635.001   555635.018   555811.003   555817.016   555867.026
   770:   555988.005   557083.009   557927.001   558081.003   558296.001
   775:   563296.018   563802.003   563808.016   563858.026   563985.005
   780:   564760.009   564834.005   564862.009   565856.001   565961.003
   785:   566165.001   571165.018   571356.003   571362.016   571412.026
   790:   571451.005   571984.009   573660.001   573906.003   574096.001
   795:   579096.018   579212.003   579218.016   579268.026   579312.005
   800:   580241.009   580257.005   580264.009   581458.001   581619.003
   805:   581819.001   586819.018   586955.003   586961.016   587011.026
   810:   587049.005   587442.009   588923.001   589100.003   589283.001
   815:   594176.003   594901.001   594996.003   595136.001   600136.018
   820:   600634.003   600640.016   600690.026   600739.005   601584.009
   825:   601595.005   601698.009   601793.005   601798.009   601912.005
   830:   601915.009   602542.001   602721.003   602873.001   602916.003
   835:   603071.001   603214.003   603320.001   608320.018   608633.003
   840:   608639.016   608689.026   608766.005   609063.009   609082.005
   845:   609088.009   610138.001   610277.003   610460.001   615453.003
   850:   616813.001   617046.003   617195.001   622195.018   622742.003
   855:   622748.016   622798.026   622838.005   623279.009   624463.001
   860:   624624.003   624652.001   624766.003   624956.001   629956.018
   865:   630378.003   630384.016   630434.026   630520.005   631328.009
   870:   631355.005   631364.009   631401.005   631434.009   631438.005
   875:   631444.009   633290.001   633475.003   633684.001   638684.018
   880:   639214.003   639220.016   639270.026   639463.005   640346.009
   885:   640440.005   640555.009   642003.001   642216.003   642423.001
   890:   647141.003   648179.001   648304.003   648495.001   650398.003
   895:   650431.001   654070.003   654849.001   654919.003   655050.001
   900:   660050.018   660306.003   660312.016   660362.026   660394.005
   905:   660739.009   660747.005   660769.009   660846.005   660883.009
   910:   661996.001   662151.003   662558.001   662583.003   662595.001
   915:   664694.003   664715.001   668382.003   669580.001   674580.018
   920:   675123.003   675129.016   675179.026   675286.005   676126.009
   925:   677802.001   677967.003   678108.001   683108.018   683816.003
   930:   683822.016   683872.026   683929.005   685497.009   686269.001
   935:   686429.003   686665.001   691663.003   692457.001   697457.018
   940:   697515.003   697521.016   697571.026   697694.005   698432.009
   945:   698440.005   698469.009   698505.005   698515.009   699211.001
   950:   699386.003   699843.001   699943.003   700116.001   700163.003
   955:   700216.001   700238.003   700264.001   701087.003   701359.001
   960:   701470.003   701626.001   703073.003   703092.001   708092.018
   965:   708104.003   708110.016   708160.026   708202.005   708570.009
   970:   708574.005   708663.009   709816.001   710031.003   710228.001
   975:   710431.003   710463.001   715463.018   716457.003   716463.016
   980:   716513.026   716655.005   717397.009   718507.001   718760.003
   985:   718885.001   719418.003   719522.001   724522.018   724644.003
   990:   724650.016   724700.026   724765.005   725301.009   725418.005
   995:   725464.009   726788.001   727100.003   727155.001   732084.003
  1000:   733013.001   733183.003   733361.001   735175.003   735197.001
  1005:   739353.003   740689.001   740909.003   741050.001   746050.018
  1010:   746768.003   746774.016   746824.026   746912.005   747335.009
  1015:   749111.001   749305.003   749903.001   750337.003   750373.001
  1020:   755373.018   755445.003   755451.016   755501.026   755583.005
  1025:   756221.009   756232.005   756237.009   768713.005   768718.009
  1030:   771348.001   771537.003   771693.001   771927.003   772085.001
  1035:   777085.018   778277.003   778283.016   778333.026   778443.005
  1040:   778736.009   778767.005   778784.009   780240.001   780417.003
  1045:   780617.001   785617.018   785930.003   785936.016   785986.026
  1050:   786055.005   786550.009   787308.001   787475.003   787662.001
  1055:   792662.018   793107.003   793113.016   793163.026   793260.005
  1060:   793578.009   796065.001   796325.003   796548.001   801548.018
  1065:   802517.003   802523.016   802573.026   802632.005   803381.009
  1070:   804772.001   809772.018   810629.003   810635.016   810685.026
  1075:   810725.005   811271.009   812327.001   812513.003   813033.001
  1080:   814625.003   815142.001   820142.018   820652.003   820658.016
  1085:   820708.026   820732.005   821189.009   821194.005   821200.009
  1090:   823149.001   823429.003   823625.001   828625.018   828724.003
  1095:   828730.016   828780.026   828820.005   829115.009   829138.005
  1100:   829170.009   829220.005   829359.009   829380.005   829385.009
  1105:   830747.001   830932.003   831121.001   835970.003   837223.001
  1110:   842223.018   842637.003   842643.016   842693.026   842845.005
  1115:   843632.009   845025.001   845191.003   845384.001   850178.003
  1120:   851390.001   856390.018   856885.003   856891.016   856941.026
  1125:   857012.005   858041.009   858713.001   858914.003   859146.001
  1130:   864146.018   864180.003   864186.016   864236.026   864369.005
  1135:   864947.009   864948.005   864977.009   864993.005   865001.009
  1140:   866467.001   866643.003   866822.001   871822.018   871861.003
  1145:   871867.016   871917.026   872027.005   872917.009   872995.005
  1150:   873045.009   874295.001   874468.003   874676.001   879676.018
  1155:   880162.003   880168.016   880218.026   880477.005   881146.009
  1160:   883113.001   883299.003   883489.001   888489.018   888743.003
  1165:   888749.016   888799.026   888902.005   889612.009   889949.005
  1170:   889956.009   889959.005   889966.009   890934.001   891067.003
  1175:   891483.001   891601.003   891623.001   891675.003   891751.001
  1180:   891862.003   891877.001   896540.003   897654.001   897800.003
  1185:   897998.001   902998.018   903430.003   903436.016   903486.026
  1190:   903533.005   904192.009   906483.001   906646.003   907061.001
  1195:   912061.018   912117.003   912123.016   912173.026   912276.005
  1200:   912910.009   915004.001   915171.003   915359.001   919862.003
  1205:   919876.001   920316.003   921380.001   921476.003   921668.001
  1210:   925314.003   925336.001   927613.003   928939.001   933901.003
  1215:   936173.001   936328.003   936367.001   936557.003   936598.001
  1220:   940110.003   940126.001   942464.003   944177.001   944393.003
  1225:   944533.001   949328.003   950720.001   952527.003   952567.001
  1230:   956377.003   957610.001   959824.003   959848.001   963237.003
  1235:   967852.001   967994.003   968127.001   968297.003   968406.001
  1240:   973406.018   973971.003   973977.016   974027.026   974137.005
  1245:   975091.009   975093.005   975099.009   975113.005   975128.009
  1250:   975142.005   975153.009   975163.005   975175.009   975182.005
  1255:   975210.009   975234.005   975240.009   975331.005   975333.009
  1260:   976151.001   976281.003   976659.001   976921.003   976971.001
  1265:   981880.003   982980.001   983048.003   983209.001   988080.003
  1270:  1003629.001  1003751.003  1003864.001  1003988.003  1004125.001
  1275:  1009125.018  1009909.003  1009915.016  1009965.026  1010031.005
  1280:  1011057.009  1012338.001  1012497.003  1012895.001  1013461.003
  1285:  1013468.001  1018468.018  1018534.003  1018540.016  1018590.026
  1290:  1018743.005  1019099.009  1020790.001  1021012.003  1021210.001
  1295:  1025836.003  1026757.001  1026866.003  1026989.001  1031989.018
  1300:  1032735.003  1032741.016  1032791.026  1032837.005  1033805.009
  1305:  1035192.001  1035274.003  1035476.001  1040064.003  1041373.001
  1310:  1046112.003  1047276.001  1052276.018  1052535.003  1052541.016
  1315:  1052591.026  1052656.005  1053133.009  1055082.001  1055200.003
  1320:  1055386.001  1060205.003  1061701.001  1061755.003  1061939.001
  1325:  1066939.018  1066984.003  1066990.016  1067040.026  1067135.005
  1330:  1067672.009  1067696.005  1067707.009  1067714.005  1067744.009
  1335:  1067808.005  1067840.009  1069094.001  1069242.003  1069453.001
  1340:  1073933.003  1074995.001  1079995.018  1080197.003  1080203.016
  1345:  1080253.026  1080358.005  1081324.009  1082591.005  1082594.009
  1350:  1083403.001  1083618.003  1084048.001  1084078.003  1084147.001
  1355:  1089147.018  1089501.003  1089507.016  1089557.026  1089633.005
  1360:  1090239.009  1091472.001  1091647.003  1092115.001  1096163.003
  1365:  1097454.001  1097521.003  1097657.001  1098900.003  1099092.001
  1370:  1103893.003  1105195.001  1110195.018  1110396.003  1110402.016
  1375:  1110452.026  1110493.005  1110983.009  1116789.001  1116936.003
  1380:  1117083.001  1117182.003  1117320.001  1117346.003  1117426.001
  1385:  1117554.003  1117581.001  1122581.018  1123043.003  1123049.016
  1390:  1123099.026  1123175.005  1123779.009  1123799.005  1123916.009
  1395:  1123920.005  1123930.009  1123932.005  1124070.009  1125065.001
  1400:  1125215.003  1125406.001  1129903.003  1130918.001  1131070.003
  1405:  1131231.001  1136231.018  1136508.003  1136514.016  1136564.026
  1410:  1136664.005  1137511.009  1137523.005  1137539.009  1137549.005
  1415:  1137576.009  1137628.005  1137667.009  1137791.005  1137847.009
  1420:  1139827.001  1140091.003  1140465.001  1140624.003  1140673.001
  1425:  1145673.018  1146235.003  1146241.016  1146291.026  1146386.005
  1430:  1147217.009  1147232.005  1147239.009  1147247.005  1147325.009
  1435:  1149772.001  1150028.003  1150360.001  1150512.003  1150829.001
  1440:  1151919.003  1151943.001  1152085.003  1152242.001  1152481.003
  1445:  1152515.001  1157515.018  1158292.003  1158298.016  1158348.026
  1450:  1158377.005  1159391.009  1159393.005  1159423.009  1160992.001
  1455:  1161192.003  1161477.001  1166477.018  1166994.003  1167000.016
  1460:  1167050.026  1167074.005  1168223.009  1169343.001  1169489.003
  1465:  1169728.001  1170562.003  1170577.001  1175382.003  1176410.001
  1470:  1181410.018  1182205.003  1182211.016  1182261.026  1182314.005
  1475:  1182950.009  1185827.001  1186067.003  1186326.001  1191326.018
  1480:  1192056.003  1192062.016  1192112.026  1192164.005  1192724.009
  1485:  1194041.001  1194281.003  1194670.001  1199670.018  1200285.003
  1490:  1200291.016  1200341.026  1200359.005  1201268.009  1201323.005
  1495:  1201406.009  1201435.005  1201450.009  1201471.005  1201475.009
  1500:  1201488.005  1201505.009  1203026.001  1203169.003  1203382.001
  1505:  1208382.018  1209177.003  1209183.016  1209233.026  1209274.005
  1510:  1210120.009  1210121.005  1210158.009  1211567.001  1211678.003
  1515:  1211878.001  1216708.003  1218019.001  1218246.003  1218417.001
  1520:  1223417.018  1223772.003  1223778.016  1223828.026  1223986.005
  1525:  1224699.009  1227151.001  1227348.003  1227594.001  1232594.018
  1530:  1232671.003  1232677.016  1232727.026  1232793.005  1234124.009
  1535:  1234129.005  1234168.009  1234173.005  1234180.009  1234187.005
  1540:  1234190.009  1235108.001  1235283.003  1235812.001  1235890.003
  1545:  1235940.001  1236388.003  1236426.001  1241426.018  1241488.003
  1550:  1241494.016  1241544.026  1241596.005  1242354.009  1242592.005
  1555:  1242598.009  1242604.005  1242642.009  1242664.005  1242676.009
  1560:  1243833.001  1244016.003  1244285.001  1248917.003  1250202.001
  1565:  1255143.003  1257184.001  1257277.003  1257291.001  1262291.018
  1570:  1262331.003  1262337.016  1262387.026  1262442.005  1263061.009
  1575:  1283219.001  1283339.003  1283514.001  1288106.003  1289186.001
  1580:  1289525.003  1291697.001  1296697.018  1297481.003  1297487.016
  1585:  1297537.026  1297571.005  1298473.009  1298475.005  1298487.009
  1590:  1307840.001  1307913.003  1308047.001  1308259.003  1308410.001
  1595:  1313410.018  1313489.003  1313495.016  1313545.026  1313641.005
  1600:  1314325.009  1314349.005  1314455.009  1315603.001  1315718.003
  1605:  1315926.001  1320926.018  1320944.003  1320950.016  1321000.026
  1610:  1321034.005  1321988.009  1322998.001  1323094.003  1323304.001
  1615:  1327722.003  1329120.001  1329213.003  1329387.001  1334246.003
  1620:  1335290.001  1335361.003  1335528.001  1340528.018  1341268.003
  1625:  1341274.016  1341324.026  1341368.005  1342099.009  1342152.005
  1630:  1342179.009  1342180.005  1342228.009  1343290.001  1343507.003
  1635:  1343767.001  1348767.018  1349087.003  1349093.016  1349143.026
  1640:  1349182.005  1350126.009  1351156.001  1351262.003  1351470.001
  1645:  1356470.018  1356691.003  1356697.016  1356747.026  1356805.005
  1650:  1357784.009  1357838.005  1357858.009  1357893.005  1357899.009
  1655:  1357916.005  1357943.009  1357988.005  1357995.009  1359928.005
  1660:  1359934.009  1360574.001  1360719.003  1360995.001  1361700.003
  1665:  1362138.001  1362320.003  1362751.001  1363974.003  1363991.001
  1670:  1367974.003  1368980.001  1369083.003  1369287.001  1374287.018
  1675:  1375155.003  1375161.016  1375211.026  1375317.005  1376309.009
  1680:  1376317.005  1376325.009  1376377.005  1376427.009  1376467.005
  1685:  1376484.009  1377363.001  1377552.003  1377754.001  1377790.003
  1690:  1378024.001  1378512.003  1378610.001  1383519.003  1384725.001
  1695:  1389725.018  1390368.003  1390374.016  1390424.026  1390518.005
  1700:  1391812.009  1392560.001  1392712.003  1393023.001  1398023.018
  1705:  1399415.003  1399421.016  1399471.026  1399499.005  1400159.009
  1710:  1401843.001  1402036.003  1402282.001  1407282.018  1407325.003
  1715:  1407331.016  1407381.026  1407402.005  1408205.009  1409713.001
  1720:  1409927.003  1410161.001  1415161.018  1416375.003  1416381.016
  1725:  1416431.026  1416462.005  1417239.009  1417244.005  1417284.009
  1730:  1417313.005  1417350.009  1418741.001  1418915.003  1419140.001
  1735:  1424140.018  1424327.003  1424333.016  1424383.026  1424431.005
  1740:  1425499.009  1426496.001  1426598.003  1426823.001  1431823.018
  1745:  1432094.003  1432100.016  1432150.026  1432197.005  1433215.009
  1750:  1433236.005  1433364.009  1433371.005  1433413.009  1433442.005
  1755:  1433459.009  1433498.005  1433526.009  1434176.001  1434359.003
  1760:  1434603.001  1438946.003  1440367.001  1440494.003  1440689.001
  1765:  1445618.003  1447294.001  1447627.003  1447752.001  1452584.003
  1770:  1453851.001  1453912.003  1454081.001  1457627.003  1457659.001
  1775:  1457755.003  1458076.001  1458670.003  1480147.001  1480290.003
  1780:  1480486.001  1481492.003  1481571.001  1484171.003  1484184.001
  1785:  1486471.003  1487949.001  1492226.003
B:
     0:        0.000      486.000        0.000      486.000        0.000
     5:      245.000        0.000        0.000        0.000      245.000
    10:        0.000        1.000        0.000        1.000        0.000
    15:        0.000      108.000        0.000      108.000        0.000
    20:        0.000        0.000        0.000        0.000        0.000
    25:        0.000      108.000        0.000        0.000        0.000
    30:        0.000
D:
     0:  1534928.000  1530652.000  1534929.000
E:
     0:     5000.000     5000.000
T:
     0:        0.000        0.000        0.000        0.000
W:
     0:        0.000        0.000        0.000
