File: C:\MED-PC IV\Data\Reyes\AZ\AZ3087.999


Start Date: 05/05/25
End Date: 05/05/25
Subject: 87
Experiment: AZ
Group: TIMEOUT
Box: 1
Start Time: 15:36:09
End Time: 16:26:09
MSN: DRRD_lin
C:       0.000
F:       4.000
G:       0.000
H:       0.000
I:       0.000
J:       0.000
K:   10000.000
L:       0.000
M:       0.000
N:       0.000
O:       0.000
P:       0.000
Q:       0.000
R:       0.000
S:       0.000
U:   42703.000
V:       0.000
X:       0.000
Y:    1464.000
Z:       0.000
A:
     0:     3882.005     3964.009     4644.005     4724.009     5223.005
     5:     5352.009     5391.005     5425.009    13941.005    14070.009
    10:    15000.013    15000.011    15532.005    15551.009    15569.005
    15:    15668.009    16343.001    16564.003    17700.001    18304.003
    20:    18320.001    18535.003    18562.001    18937.003    18942.001
    25:    19799.003    20021.001    25021.018    25197.003    25203.016
    30:    25253.026    25355.005    25868.009    26319.001    30771.003
    35:    31301.001    31723.003    31734.001    36662.003    36714.001
    40:    37072.003    37275.001    41255.003    41639.001    41691.003
    45:    42416.001    42465.003    42751.005    42936.009    43482.001
    50:    47819.003    47875.001    48119.003    48651.001    53513.003
    55:    53577.005    53788.009    54140.001    59140.018    59991.003
    60:    59997.016    60047.026    60055.005    60810.009    61113.001
    65:    62335.003    62382.001    66729.003    66838.005    66937.009
    70:    67106.001    71921.003    71965.001    72233.003    72469.001
    75:    72491.003    72509.001    77224.003    77280.005    77613.009
    80:    77799.001    82175.003    82854.001    86431.003    86907.001
    85:    90884.003    90917.001    91052.003    91277.001    91316.003
    90:    91340.001    95327.003    95374.001   100374.018   100550.003
    95:   100556.016   100606.026   100668.005   101117.009   101343.001
   100:   106343.018   107370.003   107376.016   107426.026   107489.005
   105:   107734.009   107899.001   112899.018   113604.003   113610.016
   110:   113660.026   113670.005   114102.009   114395.001   119395.018
   115:   119627.003   119633.016   119683.026   119688.005   120214.009
   120:   121300.001   126300.018   126359.003   126365.016   126387.005
   125:   126415.026   126842.009   127385.001   132226.003   132300.005
   130:   132384.009   132620.001   137620.018   138785.003   138791.016
   135:   138841.026   138892.005   139284.009   139559.001   144306.003
   140:   144441.005   144464.009   144782.001   144865.003   144878.001
   145:   149878.018   150290.003   150296.016   150346.026   150394.005
   150:   150614.009   150858.001   155728.003   155825.005   155948.009
   155:   156190.001   161190.018   161539.003   161545.016   161570.001
   160:   161595.026   161640.003   161688.005   161810.009   162087.001
   165:   167087.018   168376.003   168382.016   168432.026   168441.005
   170:   169328.009   169871.001   174871.018   176043.003   176049.016
   175:   176099.026   176120.005   176830.009   177255.001   182255.018
   180:   184307.003   184313.016   184363.026   184413.005   184758.009
   185:   185022.001   190022.018   191114.003   191120.016   191170.026
   190:   191232.005   191644.009   191921.001   196921.018   197296.003
   195:   197302.016   197352.026   197402.005   197717.009   197730.005
   200:   197746.009   197954.001   202452.003   202591.005   202618.009
   205:   202874.001   206996.003   207442.005   207543.009   207818.001
   210:   212153.003   212202.001   212289.003   212604.001   217604.018
   215:   217863.003   217869.016   217919.026   217930.005   218534.009
   220:   218772.001   223772.018   224277.003   224283.016   224321.005
   225:   224333.026   224755.009   224984.001   229984.018   231836.003
   230:   231842.016   231892.026   231921.005   232332.009   232569.001
   235:   237054.003   237474.001   239469.003   239492.001   243187.003
   240:   243516.001   248516.018   249731.003   249737.016   249787.026
   245:   249850.005   250115.009   250323.001   255323.018   255652.003
   250:   255658.016   255696.005   255708.026   256016.009   256185.001
   255:   261185.018   262328.003   262334.016   262384.026   262398.005
   260:   262729.009   263224.001   265592.003   265611.001   269508.003
   265:   270182.001   275182.018   276175.003   276181.016   276231.026
   270:   276238.001   276283.003   276319.005   276714.009   276930.001
   275:   281930.018   283506.003   283512.016   283562.026   283587.005
   280:   283899.009   284114.001   289114.003   289120.016   289170.026
   285:   289242.005   289778.009   295871.001   300871.018   301111.003
   290:   301117.016   301138.001   301167.026   301242.003   301286.005
   295:   301487.009   301731.001   306731.018   307924.003   307930.016
   300:   307980.026   308048.005   308266.009   308468.001   313468.018
   305:   314207.003   314213.016   314256.005   314263.026   314692.009
   310:   314980.001   319126.003   319166.005   319255.009   319494.001
   315:   324494.018   324979.003   324985.016   325035.026   325039.005
   320:   325321.009   325570.001   325834.003   325843.001   330843.018
   325:   331594.003   331600.016   331650.026   331694.005   331992.009
   330:   332547.001   337547.018   337852.003   337858.016   337904.005
   335:   337908.026   338323.009   338639.001   339428.003   339543.001
   340:   343793.003   344303.001   345208.003   345270.001   349542.003
   345:   350145.001   355145.018   355193.003   355199.016   355249.026
   350:   355304.005   355634.009   355860.001   357241.003   357263.001
   355:   362263.018   362559.003   362565.016   362615.026   362670.005
   360:   362975.009   363162.001   365849.003   365890.001   369150.003
   365:   369234.005   369297.009   369554.001   374064.003   375172.001
   370:   380172.018   380956.003   380962.016   381012.026   381086.005
   375:   381467.009   381744.001   386744.018   387478.003   387484.016
   380:   387534.026   387591.005   388035.009   388408.001   389116.003
   385:   389175.001   394175.018   394524.003   394530.016   394580.026
   390:   394642.005   394921.009   395221.001   400221.018   400952.003
   395:   400958.016   401008.026   401062.005   401355.009   401610.001
   400:   401646.003   401673.001   405523.003   405959.001   410950.003
   405:   411450.001   415914.003   416530.001   420990.003   422174.001
   410:   427174.018   427729.003   427735.016   427785.026   427842.005
   415:   428128.009   428421.001   428992.003   429274.001   434274.018
   420:   435074.003   435080.016   435130.026   435224.005   435566.009
   425:   435847.001   440847.018   441238.003   441244.016   441294.026
   430:   441325.005   441674.009   442002.001   447002.018   447431.003
   435:   447437.016   447487.026   447599.005   447677.009   450524.001
   440:   455524.018   457624.003   457630.016   457680.026   457727.005
   445:   457939.009   458199.001   463199.018   465025.003   465031.016
   450:   465081.026   465111.005   465544.009   466143.001   471143.018
   455:   471935.003   471941.016   471991.026   472048.005   472305.009
   460:   472359.005   472375.009   472916.001   477753.003   479303.001
   465:   484303.018   485378.003   485384.016   485420.001   485434.026
   470:   485481.003   485504.005   486004.009   486400.001   488795.003
   475:   488818.001   492535.003   492622.005   492690.009   492994.001
   480:   497994.018   499118.003   499124.016   499156.005   499174.026
   485:   499646.009   499895.001   500870.003   501084.001   506084.018
   490:   507319.003   507325.016   507368.005   507375.026   507727.009
   495:   508031.001   513031.018   514403.003   514409.016   514459.026
   500:   514463.005   514990.009   515367.001   520367.018   522068.003
   505:   522074.016   522124.026   522140.005   522540.009   522830.001
   510:   527830.018   528541.003   528547.016   528597.026   528667.005
   515:   528924.009   529200.001   534200.018   534823.003   534829.016
   520:   534879.026   534898.005   535338.009   535549.001   540549.018
   525:   542241.003   542247.016   542275.005   542297.026   542764.009
   530:   542953.001   547953.018   549424.003   549430.016   549469.005
   535:   549480.026   549862.009   550119.001   555119.018   556368.003
   540:   556374.016   556416.005   556424.026   556813.009   556999.001
   545:   557066.003   557078.001   562078.018   563071.003   563077.016
   550:   563127.026   563145.005   563549.009   564773.001   569773.018
   555:   570538.003   570544.016   570594.026   570653.005   571084.009
   560:   571506.001   571532.003   571585.001   572158.003   572417.001
   565:   572461.003   572490.001   576847.003   577420.001   582125.003
   570:   582160.001   584105.003   585565.001   590565.018   591678.003
   575:   591684.016   591734.026   591791.005   592043.009   592302.001
   580:   597302.018   598015.003   598021.016   598071.026   598178.005
   585:   598481.009   598713.001   598751.003   598774.001   603774.018
   590:   603779.003   603785.016   603835.026   603886.005   604106.009
   595:   604303.001   609303.018   609372.003   609378.016   609428.026
   600:   609448.005   610092.009   610569.001   614677.003   614844.005
   605:   614885.009   615199.001   620199.018   620498.003   620504.016
   610:   620554.026   620661.005   620919.009   621200.001   622703.003
   615:   622735.001   625090.003   625128.001   625375.003   625581.001
   620:   630581.018   631482.003   631488.016   631538.026   631569.005
   625:   631984.009   632314.001   637013.003   637425.001   642101.003
   630:   642654.001   647654.018   648736.003   648742.016   648792.026
   635:   648816.005   649137.009   649401.001   654401.018   654945.003
   640:   654951.016   655001.026   655041.005   655373.009   655604.001
   645:   660604.018   660920.003   660926.016   660976.026   660991.005
   650:   661578.009   662085.001   667085.018   667498.003   667504.016
   655:   667554.026   667612.005   668043.009   668332.001   673332.018
   660:   675211.003   675217.016   675267.026   675284.005   675572.009
   665:   675829.001   680829.018   681432.003   681438.016   681486.005
   670:   681488.026   681822.009   682032.001   686672.003   686761.005
   675:   686803.009   687073.001   687213.003   687229.001   692229.018
   680:   693307.003   693313.016   693363.026   693431.005   693823.009
   685:   694115.001   699115.018   699594.003   699600.016   699646.005
   690:   699650.026   700193.009   700535.001   705176.003   705300.005
   695:   705344.009   705604.001   705877.003   706259.001   711259.018
   700:   713528.003   713534.016   713581.005   713584.026   714149.009
   705:   714377.001   719377.018   719962.003   719968.016   720016.005
   710:   720018.026   720416.009   720686.001   725686.018   725775.003
   715:   725781.016   725823.005   725831.026   726097.009   726407.001
   720:   731407.018   732047.003   732053.016   732103.026   732111.005
   725:   732762.009   733742.001   738742.018   739179.003   739185.016
   730:   739235.026   739307.005   739732.009   739932.001   744932.018
   735:   745465.003   745471.016   745521.026   745593.005   745830.009
   740:   746062.001   751062.018   752128.003   752134.016   752184.026
   745:   752235.005   752543.009   752711.001   757711.018   758946.003
   750:   758952.016   759002.026   759016.005   759341.009   759582.001
   755:   759612.003   759636.001   764636.018   764846.003   764852.016
   760:   764902.026   764937.001   765152.003   765157.001   765178.003
   765:   765191.001   765279.003   765636.001   770636.018   771049.003
   770:   771055.016   771105.026   771184.005   771440.009   771674.001
   775:   776674.018   777761.003   777767.016   777817.026   777824.005
   780:   778055.009   778531.001   783531.018   783604.003   783610.016
   785:   783660.026   783678.005   784505.009   784803.001   785005.003
   790:   785039.001   785130.003   785290.001   789877.003   790331.001
   795:   795331.018   795470.003   795476.016   795526.026   795588.005
   800:   796151.009   797915.001   802035.003   802584.001   806874.003
   805:   807685.001   812110.003   812156.001   812231.003   812647.001
   810:   817276.003   818373.001   823373.018   823764.003   823770.016
   815:   823820.026   823831.005   824347.009   824649.001   829649.018
   820:   830900.003   830906.016   830956.026   830973.005   831231.009
   825:   831609.001   836233.003   836889.005   837329.009   837701.001
   830:   842701.018   843396.003   843402.016   843452.026   843504.005
   835:   843904.009   844169.001   849169.018   850167.003   850173.016
   840:   850223.026   850226.005   850613.009   850795.001   855795.018
   845:   857007.003   857013.016   857063.026   857068.005   857490.009
   850:   857783.001   862783.018   863802.003   863808.016   863858.026
   855:   863860.005   864229.009   866238.001   871238.018   871520.003
   860:   871526.016   871576.026   871580.005   872006.009   872484.001
   865:   877484.018   878260.003   878266.016   878316.026   878364.005
   870:   878684.009   878935.001   878959.003   878982.001   883982.018
   875:   884721.003   884727.016   884777.026   884809.005   885008.009
   880:   885271.001   890271.018   890334.003   890340.016   890390.026
   885:   890424.005   890627.009   890880.001   891044.003   891052.001
   890:   895173.003   895399.005   895525.009   895783.001   895839.003
   895:   895863.001   900863.018   901931.003   901937.016   901987.026
   900:   902052.005   902523.009   902821.001   906693.003   906709.001
   905:   908262.003   908930.001   913712.003   913750.001   913925.003
   910:   914317.001   918150.003   918794.005   918806.009   918813.005
   915:   919495.009   920282.001   925282.018   927702.003   927708.016
   920:   927758.026   927791.005   928151.009   928424.001   933424.018
   925:   935001.003   935007.016   935057.026   935089.005   935589.009
   930:   936082.001   941082.018   942372.003   942378.016   942428.026
   935:   942477.005   942801.009   949349.001   950587.003   950630.001
   940:   952366.003   952384.001   952579.003   952598.001   955462.003
   945:   956440.001   959963.003   959995.001   963764.003   964702.001
   950:   969702.018   969786.003   969792.016   969842.026   969939.005
   955:   970212.009   970433.001   970478.003   970500.001   975500.018
   960:   975860.003   975866.016   975916.026   975985.005   976249.009
   965:   976535.001   979327.003   979352.001   981663.003   982592.001
   970:   985524.003   985567.001   987427.003   987480.001   987591.003
   975:   989061.001   989369.003   989400.001   994400.018   995225.003
   980:   995231.016   995281.026   995374.005   995941.009   996267.001
   985:  1001267.018  1002584.003  1002590.016  1002630.005  1002640.026
   990:  1003081.009  1003310.001  1006009.003  1006031.001  1009198.003
   995:  1009964.001  1014964.018  1015916.003  1015922.016  1015972.026
  1000:  1016042.005  1016342.009  1016564.001  1021564.018  1022373.003
  1005:  1022379.016  1022429.026  1022504.005  1022770.009  1023128.001
  1010:  1027840.003  1028236.001  1033142.003  1033322.005  1033464.009
  1015:  1033738.001  1033940.003  1033960.001  1038960.018  1038978.003
  1020:  1038984.016  1039034.026  1039072.005  1039351.009  1039570.001
  1025:  1042124.003  1042160.001  1044667.003  1045609.001  1050234.003
  1030:  1051093.001  1051792.003  1051824.001  1056474.003  1056542.001
  1035:  1056677.003  1057259.001  1062259.018  1063204.003  1063210.016
  1040:  1063260.026  1063324.005  1063602.009  1064076.001  1069076.018
  1045:  1070927.003  1070933.016  1070983.026  1071042.005  1071334.009
  1050:  1071638.001  1076638.018  1078352.003  1078358.016  1078408.026
  1055:  1078468.005  1079460.009  1080832.001  1085832.018  1090053.003
  1060:  1090059.016  1090109.026  1090115.005  1090428.009  1090750.001
  1065:  1095750.018  1098803.003  1098809.016  1098859.026  1098906.005
  1070:  1099326.009  1099703.001  1104703.018  1105520.003  1105526.016
  1075:  1105576.026  1105628.005  1105926.009  1106196.001  1111196.018
  1080:  1111989.003  1111995.016  1112045.026  1112125.005  1112485.009
  1085:  1112796.001  1117796.018  1117856.003  1117862.016  1117912.026
  1090:  1117943.005  1118229.009  1118467.001  1123467.018  1126674.003
  1095:  1126680.016  1126730.026  1126767.005  1127111.009  1127462.001
  1100:  1132462.018  1133206.003  1133212.016  1133262.026  1133305.005
  1105:  1133656.009  1134060.001  1139060.018  1140046.003  1140052.016
  1110:  1140102.026  1140176.005  1140516.009  1140971.001  1145633.003
  1115:  1146619.001  1151619.018  1153292.003  1153298.016  1153348.026
  1120:  1153453.005  1153847.009  1154361.001  1159361.018  1161081.003
  1125:  1161087.016  1161137.026  1161212.005  1161436.009  1161628.001
  1130:  1161670.003  1161700.001  1166700.018  1167410.003  1167416.016
  1135:  1167466.026  1167529.005  1167892.009  1168180.001  1173180.018
  1140:  1174152.003  1174158.016  1174208.026  1174260.005  1174585.009
  1145:  1175052.001  1179331.003  1179385.001  1179439.003  1181152.001
  1150:  1186152.018  1186835.003  1186841.016  1186889.005  1186891.026
  1155:  1187199.009  1187638.001  1192638.018  1194063.003  1194069.016
  1160:  1194119.026  1194128.005  1194479.009  1194735.001  1194794.003
  1165:  1194817.001  1199817.018  1200863.003  1200869.016  1200919.026
  1170:  1200973.005  1201232.009  1201667.005  1202496.009  1203030.001
  1175:  1208030.018  1213128.003  1213134.016  1213184.026  1213239.005
  1180:  1213511.009  1213655.005  1213861.009  1216340.001  1221340.018
  1185:  1223906.003  1223912.016  1223961.005  1223962.026  1224312.009
  1190:  1224652.001  1229314.003  1229710.001  1234710.018  1237373.003
  1195:  1237379.016  1237429.026  1237475.005  1237818.009  1238090.001
  1200:  1243090.018  1243346.003  1243352.016  1243395.005  1243402.026
  1205:  1243951.009  1244376.001  1249376.018  1249831.003  1249837.016
  1210:  1249885.005  1249887.026  1250201.009  1250462.001  1250487.003
  1215:  1250515.001  1255256.003  1255323.005  1255409.009  1256582.001
  1220:  1261582.018  1262763.003  1262769.016  1262819.026  1262913.005
  1225:  1263185.009  1263481.001  1268481.018  1269469.003  1269475.016
  1230:  1269520.005  1269525.026  1270236.009  1270567.001  1275567.018
  1235:  1276224.003  1276230.016  1276280.026  1276329.005  1276931.009
  1240:  1277294.001  1282294.018  1282734.003  1282740.016  1282786.005
  1245:  1282790.026  1283097.009  1283378.001  1288378.018  1288810.003
  1250:  1288816.016  1288865.005  1288866.026  1289156.009  1289830.001
  1255:  1289908.003  1295381.001  1300047.003  1300480.001  1305480.018
  1260:  1306274.003  1306280.016  1306330.026  1306411.005  1306638.009
  1265:  1306860.001  1311860.018  1312825.003  1312831.016  1312881.026
  1270:  1312955.005  1313178.009  1313395.001  1318069.003  1318137.005
  1275:  1318196.009  1318465.001  1318672.003  1318692.001  1323692.018
  1280:  1324475.003  1324481.016  1324531.026  1324596.005  1324889.009
  1285:  1325128.001  1330128.018  1330670.003  1330676.016  1330726.026
  1290:  1330743.005  1331000.009  1331245.001  1336245.018  1337289.003
  1295:  1337295.016  1337345.026  1337355.005  1338012.009  1338568.001
  1300:  1338767.003  1339339.001  1344339.018  1345078.003  1345084.016
  1305:  1345134.026  1345156.005  1345805.009  1346130.001  1351021.003
  1310:  1351391.001  1356391.018  1357912.003  1357918.016  1357968.026
  1315:  1358038.005  1358435.009  1358739.001  1363739.018  1365197.003
  1320:  1365203.016  1365253.026  1365299.005  1365550.009  1366281.005
  1325:  1366298.009  1366311.005  1366355.009  1366818.001  1371818.018
  1330:  1372120.003  1372126.016  1372176.026  1372249.005  1372512.009
  1335:  1372858.001  1377858.018  1378913.003  1378919.016  1378969.026
  1340:  1378991.005  1379251.009  1379460.001  1384460.018  1384761.003
  1345:  1384767.016  1384817.026  1384837.005  1385220.009  1385458.001
  1350:  1390315.003  1390439.005  1390535.009  1390802.001  1395802.018
  1355:  1395965.003  1395971.016  1396021.026  1396115.005  1396327.009
  1360:  1396523.001  1396615.003  1396633.001  1401633.018  1402848.003
  1365:  1402854.016  1402887.005  1402904.026  1403203.009  1403383.001
  1370:  1408383.018  1408872.003  1408878.016  1408928.026  1408948.005
  1375:  1409422.009  1409742.001  1414717.003  1414754.005  1414956.009
  1380:  1415352.001  1420352.018  1421098.003  1421104.016  1421154.026
  1385:  1421214.005  1421542.009  1421896.001  1426896.018  1428070.003
  1390:  1428076.016  1428118.005  1428126.026  1428482.009  1428747.001
  1395:  1433747.018  1434628.003  1434634.016  1434667.005  1434684.026
  1400:  1435086.009  1435344.001  1439908.003  1439985.005  1440075.009
  1405:  1440332.001  1445332.018  1445933.003  1445939.016  1445989.026
  1410:  1446036.005  1446331.009  1446528.001  1451397.003  1451412.001
  1415:  1453055.003  1453543.001  1453671.003  1453703.001  1458062.003
  1420:  1458135.001  1458184.003  1458842.001  1463842.018  1464133.003
  1425:  1464139.016  1464173.005  1464189.026  1464856.009  1465263.001
  1430:  1469663.003  1469739.001  1469893.003  1469943.005  1469994.009
  1435:  1470243.001  1475243.018  1476367.003  1476373.016  1476423.026
  1440:  1476460.005  1476807.009  1477009.001  1482009.018  1482573.003
  1445:  1482579.016  1482629.026  1482667.005  1482915.009  1483167.001
  1450:  1488167.018  1490246.003  1490252.016  1490294.005  1490302.026
  1455:  1490766.009  1491227.001  1496227.018  1497115.003  1497121.016
  1460:  1497171.026  1497224.005  1497552.009  1497769.001
B:
     0:        0.000      309.000        0.000      308.000        0.000
     5:      192.000        0.000        0.000        0.000      192.000
    10:        0.000        1.000        0.000        1.000        0.000
    15:        0.000      154.000        0.000      153.000        0.000
    20:        0.000        0.000        0.000        0.000        0.000
    25:        0.000      154.000        0.000        0.000        0.000
    30:        0.000
D:
     0:  1542708.000  1540472.000  1539818.000
E:
     0:     5000.000     5000.000
T:
     0:        0.000        0.000        0.000        0.000
W:
     0:        2.000        0.000        0.000
