File: C:\MED-PC IV\Data\Reyes\AZ\AZ3089.999


Start Date: 05/02/25
End Date: 05/02/25
Subject: 89
Experiment: AZ
Group: NO_TIMEOUT
Box: 3
Start Time: 14:38:05
End Time: 15:28:05
MSN: DRRD_lin
C:       0.000
F:       0.000
G:       0.000
H:       0.000
I:       0.000
J:       0.000
K:   10000.000
L:       0.000
M:       0.000
N:       0.000
O:       0.000
P:       0.000
Q:       0.000
R:       0.000
S:       0.000
U:  161862.000
V:       0.000
X:       0.000
Y:     843.000
Z:       0.000
A:
     0:   161605.005     2688.009     2735.005     2746.009     2764.005
     5:     2767.009     2773.005     2780.009    11575.005    13716.009
    10:    13721.005    13730.009    15000.013    15000.011    15456.001
    15:    18528.003    18535.001    18559.003    18906.001    23515.003
    20:    23958.001    27912.003    28210.001    28269.003    28339.001
    25:    32307.003    32323.001    32343.003    32682.001    32892.003
    30:    32932.001    36674.003    37487.001    37560.003    38127.001
    35:    38222.003    38296.001    39463.003    39547.001    39602.003
    40:    39638.001    40114.003    40621.001    41528.003    41711.005
    45:    42590.009    42630.005    42637.009    43886.005    47324.009
    50:    47338.005    47353.009    47904.001    51751.003    52253.001
    55:    56387.003    56867.001    60842.003    61369.005    64064.009
    60:    64525.001    69059.003    69836.001    74455.003    75221.001
    65:    75276.003    75964.001    76519.003    76713.005    76716.009
    70:    76755.005    77549.009    77891.001    78134.003    78208.001
    75:    82769.003    83179.005    84168.009   103228.001   103368.003
    80:   103392.001   106984.003   107104.005   107443.009   108062.005
    85:   108404.009   108760.001   113033.003   119793.005   123682.009
    90:   124131.001   128150.003   128705.001   133539.003   133831.005
    95:   135668.009   135674.005   136650.009   136657.005   136669.009
   100:   137056.001   142056.018   142315.003   142321.016   142371.026
   105:   142401.005   143231.009   143258.005   143359.009   143362.005
   110:   143371.009   143415.005   143424.009   144454.001   147347.003
   115:   147728.005   148641.009   148663.005   150033.009   150055.005
   120:   150068.009   150448.001   155365.003   155443.005   155721.009
   125:   155859.005   155897.009   155904.005   155919.009   155955.005
   130:   155963.009   155967.005   157223.009   157244.005   157258.009
   135:   157647.001   162257.003   162722.005   162729.009   162790.005
   140:   165299.009   165720.001   170497.003   170512.001   170554.003
   145:   171089.001   176089.018   176102.003   176108.016   176158.026
   150:   176208.005   176932.009   176952.005   177001.009   177023.005
   155:   177137.009   177178.005   177187.009   177419.005   178629.009
   160:   178788.005   178793.009   178943.005   186276.009   186282.005
   165:   186571.001   186576.009   190772.005   190777.003   195647.009
   170:   195651.005   195671.009   195732.005   195750.009   195752.005
   175:   195769.009   196094.001   200743.005   200748.003   200780.009
   180:   200810.005   201199.009   202712.001   207712.018   207734.003
   185:   207740.016   207790.026   207808.005   211007.009   211020.005
   190:   211075.009   211083.005   211143.009   211483.001   213865.003
   195:   213876.001   215263.003   215701.005   217925.009   218342.001
   200:   222825.003   223583.001   227457.003   227829.005   228054.009
   205:   230390.005   232491.009   232497.005   232512.009   233359.001
   210:   233614.003   233650.001   238083.003   238386.005   241111.009
   215:   241604.001   246351.003   246842.005   249519.009   249879.001
   220:   254213.003   254608.005   255392.009   255415.005   255429.009
   225:   255432.005   255510.009   255532.005   255541.009   255547.005
   230:   255585.009   255605.005   255614.009   255616.005   257015.009
   235:   257666.005   258455.009   258457.005   258479.009   259109.001
   240:   263236.003   263567.005   263593.009   263654.005   265892.009
   245:   265903.005   265927.009   265967.005   265997.009   266003.005
   250:   266039.009   266307.001   271160.003   271252.005   271938.009
   255:   272288.001   272908.003   272945.001   273509.003   274365.001
   260:   276017.003   276649.005   277256.009   278603.005   278612.009
   265:   278616.005   280088.009   280306.005   281814.009   281867.005
   270:   281933.009   281934.005   283102.009   283129.005   283148.009
   275:   283601.001   288601.018   289027.003   289033.016   289083.026
   280:   289090.005   289963.009   290032.005   290079.009   290107.005
   285:   290156.009   290226.005   290251.009   290303.005   290354.009
   290:   290388.005   292144.009   292182.005   292197.009   292202.005
   295:   292215.009   292665.001   296161.003   296256.005   299087.009
   300:   299479.001   303827.003   303890.005   304159.009   304161.005
   305:   304180.009   304196.005   304205.009   304235.005   304304.009
   310:   304341.005   304348.009   304351.005   304357.009   304370.005
   315:   304387.009   304452.005   304480.009   304593.005   304610.009
   320:   304621.005   304635.009   304785.005   304795.009   304846.005
   325:   304856.009   304923.005   307253.009   307767.001   307814.003
   330:   307818.001   311552.003   311822.005   311996.009   312392.001
   335:   316469.003   316889.005   318983.009   319345.001   323592.003
   340:   323654.005   324339.009   324806.001   328980.003   329389.005
   345:   329654.009   332033.005   334197.009   334535.001   338620.003
   350:   338702.005   338957.009   339025.005   339050.009   344867.005
   355:   344894.009   345202.005   346834.009   347565.001   352139.003
   360:   352579.005   354606.009   354607.005   354621.009   355062.001
   365:   359175.003   359542.005   362954.009   362962.005   362979.009
   370:   363390.001   365308.003   365831.005   371117.009   371130.005
   375:   371141.009   371211.005   371224.009   371236.005   371327.009
   380:   371879.001   376668.003   377001.005   377248.009   378380.005
   385:   378386.009   378416.005   380001.009   380620.001   380661.003
   390:   380673.001   385309.003   385697.005   387084.009   387155.005
   395:   387162.009   387163.005   387170.009   387495.005   387609.009
   400:   389051.001   394051.018   394324.003   394330.016   394380.026
   405:   394386.005   396515.009   401346.005   402272.009   402307.005
   410:   402350.009   402867.001   407306.003   407676.005   410409.009
   415:   410904.001   415406.003   415918.005   419230.009   419374.005
   420:   420169.009   420862.001   425255.003   425505.005   425515.009
   425:   425519.005   425912.009   425978.005   428274.009   428955.001
   430:   433407.003   433747.005   434218.009   443046.005   445534.009
   435:   446288.001   451288.018   451498.003   451504.016   451554.026
   440:   451569.005   453505.009   453519.005   453582.009   454467.001
   445:   458264.003   458726.005   461705.009   462137.001   465801.003
   450:   465884.005   466933.009   467044.005   467065.009   467073.005
   455:   467683.009   468233.001   472851.003   472947.005   473361.009
   460:   475878.005   476089.009   476264.005   480385.009   480475.005
   465:   482279.009   482834.001   487439.003   487532.005   490188.009
   470:   490664.001   495203.003   495279.005   495707.009   495720.005
   475:   495742.009   501437.001   506386.003   506777.005   506924.009
   480:   506951.005   507559.009   509137.005   513113.009   513813.001
   485:   518066.003   518106.005   519048.009   519851.001   524851.018
   490:   525036.003   525042.016   525092.026   525169.005   528309.009
   495:   528974.001   533399.003   533759.005   534589.009   534937.001
   500:   539787.003   540220.005   540502.009   541909.005   541913.009
   505:   541937.005   544764.009   544786.005   544815.009   544922.005
   510:   544947.009   544969.005   545035.009   545650.001   550408.003
   515:   556414.005   556436.009   556454.005   559132.009   559340.005
   520:   560577.009   560646.005   560655.009   561464.001   561570.003
   525:   561586.001   566175.003   566185.001   566290.003   566349.005
   530:   568510.009   568947.001   573947.018   573980.003   573986.016
   535:   574036.026   574051.005   575499.009   575512.005   575556.009
   540:   575565.005   576140.009   576148.005   576755.009   577312.001
   545:   581386.003   581735.005   582042.009   582652.001   587244.003
   550:   587744.005   587767.009   587792.005   588402.009   589076.001
   555:   594076.018   594092.003   594098.016   594148.026   594184.005
   560:   595564.009   595572.005   597084.009   597372.005   597404.009
   565:   597900.001   602062.003   602142.005   602427.009   624415.005
   570:   624461.009   650618.005   652520.009   653395.001   657480.003
   575:   671075.001   673590.003   673708.005   674400.009   674901.001
   580:   677381.003   677408.005   677949.009   689788.005   694709.009
   585:   694716.005   695966.009   696013.005   696123.009   696965.001
   590:   700961.003   701317.005   703073.009   703859.001   707929.003
   595:   708034.005   709869.009   710407.001   714942.003   715045.005
   600:   715441.009   724206.005   725711.009   726554.001   731056.003
   605:   731519.005   731863.009   736510.005   738696.009   740000.001
   610:   745000.018   745097.003   745103.016   745153.026   745161.005
   615:   748800.009   748936.005   748945.009   748948.005   748957.009
   620:   749006.005   749043.009   749651.001   753706.003   754055.005
   625:   756394.009   756434.005   756446.009   757079.001   761683.003
   630:   762169.005   762201.009   764680.005   766184.009   766257.005
   635:   766268.009   767135.001   772135.018   772429.003   772435.016
   640:   772485.026   772502.005   773648.009   773725.005   773732.009
   645:   773775.005   776961.009   776967.005   776988.009   777027.005
   650:   777168.009   777673.001   781344.003   781384.001   781562.003
   655:   782185.001   787110.003   787538.005   788147.009   793517.005
   660:   797588.009   798116.001   803116.018   803555.003   803561.016
   665:   803611.026   803627.005   804139.009   804151.005   804166.009
   670:   804205.005   804218.009   804229.005   805818.009   806648.001
   675:   810905.003   811286.005   811740.009   814347.005   816429.009
   680:   816474.005   816503.009   817265.001   817341.003   963508.005
   685:   965199.009   966311.001   966700.003   980728.001   985285.003
   690:   985652.005   988984.009   988985.005   988993.009   989005.005
   695:   989014.009   989022.005   989033.009  1013069.001  1013688.003
   700:  1013883.005  1014849.009  1014906.005  1014921.009  1015502.005
   705:  1022396.009  1023098.001  1025430.003  1025438.001  1027012.003
   710:  1039935.005  1041807.009  1043876.001  1048876.018  1048902.003
   715:  1048908.016  1048958.026  1048968.005  1052009.009  1052103.005
   720:  1052107.009  1052129.005  1052142.009  1052147.005  1052158.009
   725:  1052211.005  1053560.009  1055114.001  1055220.003  1055241.001
   730:  1059608.003  1059695.005  1060049.009  1060069.005  1060113.009
   735:  1060390.005  1060413.009  1060543.005  1060630.009  1069962.005
   740:  1071659.009  1071721.005  1071959.009  1073140.001  1077703.003
   745:  1078189.005  1081436.009  1081564.005  1081608.009  1081664.005
   750:  1083278.009  1083816.001  1088555.003  1088622.005  1089578.009
   755:  1095353.005  1097462.009  1098788.001  1103758.003  1110572.005
   760:  1115722.009  1115738.005  1115746.009  1115774.005  1115826.009
   765:  1117117.001  1117258.003  1117325.001  1122079.003  1122389.005
   770:  1123485.009  1123511.005  1123550.009  1123639.005  1123650.009
   775:  1123662.005  1123686.009  1123803.005  1123819.009  1124764.001
   780:  1129628.003  1129718.005  1130304.009  1130326.005  1130373.009
   785:  1130408.005  1130604.009  1138794.005  1141665.009  1141699.005
   790:  1141711.009  1151341.005  1152879.009  1152927.005  1153153.009
   795:  1153157.005  1153177.009  1153943.001  1158682.003  1173179.005
   800:  1178257.009  1178292.005  1178299.009  1179352.001  1184289.003
   805:  1209527.005  1212277.009  1212286.005  1212326.009  1212337.005
   810:  1212353.009  1212373.005  1212412.009  1212416.005  1212525.009
   815:  1213140.005  1213156.009  1213423.005  1217608.009  1217630.005
   820:  1217643.009  1264460.005  1272587.009  1274935.001  1279010.003
   825:  1329117.005  1329154.009  1329342.005  1329394.009  1329543.005
   830:  1329605.009  1329639.005  1331979.009  1363767.005  1365101.009
   835:  1365146.005  1365155.009  1365525.005  1365533.009  1365585.005
   840:  1365639.009  1365643.005  1365671.009
B:
     0:        0.000      126.000        0.000      126.000        0.000
     5:      275.000        0.000        0.000        0.000      275.000
    10:        0.000        1.000        0.000        1.000        0.000
    15:        0.000       13.000        0.000       13.000        0.000
    20:        0.000        0.000        0.000        0.000        0.000
    25:        0.000       13.000        0.000        0.000        0.000
    30:        0.000
D:
     0:  1440871.000  1436797.000  1440872.000
E:
     0:     5000.000     5000.000
T:
     0:        0.000        0.000        0.000        0.000
W:
     0:        0.000        0.000        0.000
