File: C:\MED-PC IV\Data\Reyes\AZ\AZ3092.999


Start Date: 05/01/25
End Date: 05/01/25
Subject: 92
Experiment: AZ
Group: NO_TIMEOUT
Box: 6
Start Time: 15:13:24
End Time: 16:03:24
MSN: DRRD_lin
C:       0.000
F:       0.000
G:       0.000
H:       0.000
I:       0.000
J:       0.000
K:   10000.000
L:       0.000
M:       0.000
N:       0.000
O:       0.000
P:       0.000
Q:       0.000
R:       0.000
S:       0.000
U:  102854.000
V:       0.000
X:       0.000
Y:    1584.000
Z:       0.000
A:
     0:     1145.005     1646.009    11498.005    11502.009    11925.005
     5:    12347.009    15000.013    15000.011    15859.005    15926.009
    10:    15946.005    16111.009    16416.001    16627.003    17057.001
    15:    18701.003    18859.005    19258.009    19550.001    19919.003
    20:    19928.001    21849.003    21948.005    22268.009    22489.001
    25:    25226.003    25479.005    25556.009    25711.001    27930.003
    30:    27987.001    28166.003    28183.005    28280.009    39290.005
    35:    39355.009    41647.001    44474.003    44546.001    44625.005
    40:    44700.009    44736.003    45101.001    47778.003    47946.001
    45:    47966.003    47996.001    51446.003    51602.005    51696.009
    50:    55170.001    58287.003    58686.001    63686.018    64083.003
    55:    64089.016    64139.026    64190.005    64819.009    65382.001
    60:    67999.003    68337.005    68462.009    68768.001    72053.003
    65:    72194.005    72630.009    72986.001    76627.003    76918.005
    70:    77038.009    77202.001    80055.003    80143.001    80309.003
    75:    80695.001    83342.003    83367.001    83971.003    84038.001
    80:    84136.003    84723.001    87488.003    87510.001    87632.003
    85:    87848.005    88021.009    89716.001    94716.018    94808.003
    90:    94814.016    94838.001    94864.026    94981.003    95038.005
    95:    95579.009    96322.001    99064.003    99071.005    99094.009
   100:    99104.005    99924.009   100116.001   103924.003   103926.005
   105:   104239.009   104370.005   104685.009   104742.005   104756.009
   110:   104757.005   104867.009   105050.001   108573.005   108735.003
   115:   109094.009   109432.001   113278.003   113321.005   113829.009
   120:   114681.001   117264.003   117384.001   117439.003   117465.005
   125:   117576.009   117785.005   117862.009   118118.001   123118.018
   130:   125997.003   126003.016   126053.026   126128.005   126373.009
   135:   126806.001   129886.003   130024.005   130212.009   130408.005
   140:   130435.009   130450.005   130468.009   130699.001   133505.003
   145:   133584.001   133696.003   133919.005   133984.009   134187.001
   150:   137275.003   137750.001   139906.003   140580.001   145580.018
   155:   145778.003   145784.016   145834.026   145898.005   145914.001
   160:   146208.009   146271.003   146570.001   149182.003   149242.001
   165:   149475.003   149799.005   149811.009   150243.001   153318.003
   170:   153368.001   153683.003   154140.001   159140.018   160857.003
   175:   160863.016   160913.026   160981.005   161173.009   162698.005
   180:   163075.009   163437.001   165637.003   165678.001   165908.003
   185:   166364.001   170512.003   170560.001   170684.003   171178.001
   190:   174709.003   174758.005   175164.009   175425.001   176364.003
   195:   176429.001   176867.003   176917.001   177481.003   177506.001
   200:   181340.005   181351.009   181469.003   181573.005   181758.009
   205:   181930.001   185519.003   185952.005   186174.009   186316.001
   210:   187148.003   187167.001   187177.003   187190.001   187205.003
   215:   187561.005   187683.009   187851.001   192318.003   192443.005
   220:   192516.009   192828.001   195439.003   195955.001   200340.003
   225:   200441.005   200457.001   200550.009   200589.003   201255.005
   230:   201285.009   201538.001   204216.003   204300.001   204329.003
   235:   204405.001   204426.003   204515.001   209515.018   210237.003
   240:   210243.016   210293.026   210342.005   210468.001   210500.003
   245:   210591.001   210676.009   210735.003   211564.001   216283.003
   250:   216723.001   216795.003   216959.001   217026.003   217525.001
   255:   219913.005   219938.009   220204.003   220329.005   220878.009
   260:   221180.001   223454.003   223486.001   223550.003   223570.005
   265:   223952.009   224152.001   229152.018   229537.003   229543.016
   270:   229593.026   229662.005   230014.009   230398.001   230488.003
   275:   230537.001   234744.003   234837.005   234845.001   235261.009
   280:   235365.003   235753.001   240753.018   241611.003   241617.016
   285:   241667.026   241705.005   241884.001   241946.009   242015.003
   290:   242645.001   246689.003   246759.001   246904.003   247481.001
   295:   249710.003   249729.001   250060.003   250157.005   250254.009
   300:   250422.001   254505.003   255141.001   260141.018   261532.003
   305:   261538.016   261588.026   261635.005   261979.009   262451.001
   310:   262549.003   262574.001   265879.003   265951.005   266584.009
   315:   266895.001   270340.003   270459.001   270505.003   270740.001
   320:   273786.003   273808.001   274010.003   274089.001   279089.018
   325:   280038.003   280044.016   280081.001   280094.026   280178.003
   330:   280241.005   280603.009   282362.005   282523.009   282528.005
   335:   282536.009   282841.001   283792.003   283809.001   288032.003
   340:   288119.005   288158.001   288225.003   288421.009   288609.001
   345:   293419.003   293588.001   293731.003   293807.001   298807.018
   350:   299431.003   299437.016   299464.001   299483.003   299487.026
   355:   299516.005   299882.009   300357.001   304836.003   305214.005
   360:   305335.009   306035.001   306708.003   307078.001   310951.003
   365:   310979.001   314291.003   314313.001   314405.003   314454.001
   370:   314505.005   314515.009   314571.003   319937.005   319959.009
   375:   321544.001   321589.003   321628.001   321686.003   321722.001
   380:   326722.018   329291.003   329297.016   329347.026   329349.001
   385:   329365.003   329388.005   329661.009   330314.001   334214.003
   390:   335762.005   335768.009   335779.005   335912.009   336176.001
   395:   338869.003   338930.001   339030.003   339096.001   339189.003
   400:   339518.005   339662.009   339895.001   344786.003   344799.001
   405:   345244.003   345267.001   346081.003   346494.001   349799.003
   410:   349819.001   353517.003   353547.001   353685.003   353711.001
   415:   353729.003   353749.001   353858.003   355255.001   360255.018
   420:   360613.003   360619.016   360669.026   360719.005   361089.009
   425:   361606.005   361681.009   361738.005   361934.009   362865.001
   430:   367865.018   367990.003   367996.016   368046.026   368102.005
   435:   368390.009   368477.005   368504.009   369393.001   372895.003
   440:   372999.005   373028.001   373104.009   373310.003   374333.001
   445:   378040.003   378166.001   378224.003   379085.001   383304.003
   450:   383371.001   383464.003   384048.001   388757.003   389247.005
   455:   389333.009   389547.001   393810.003   393842.001   393952.003
   460:   394286.005   394371.009   394562.001   398190.003   398230.001
   465:   398535.003   398984.001   401640.003   401652.001   405348.003
   470:   409515.001   413190.003   413297.005   414687.009   415244.001
   475:   419179.005   419259.009   419309.003   419415.005   419563.009
   480:   419922.001   424437.003   424524.001   424641.003   425554.005
   485:   425572.009   425589.005   425611.009   425895.001   430865.003
   490:   430912.001   431296.003   431660.001   436660.018   437833.003
   495:   437839.016   437855.001   437889.026   437939.003   437946.005
   500:   438309.009   439069.001   442896.003   442994.005   443611.009
   505:   444353.001   448250.003   448537.001   453537.018   455573.003
   510:   455579.016   455629.026   455662.005   455882.009   456362.001
   515:   461221.003   461881.001   466881.018   468761.003   468767.016
   520:   468817.026   468876.005   469630.009   469890.005   469901.009
   525:   470291.005   470323.009   471449.001   475564.003   475669.005
   530:   476420.009   477028.001   480896.003   480971.001   481131.003
   535:   481182.005   481625.009   481949.001   486949.018   488064.003
   540:   488070.016   488120.026   488139.005   488782.009   489741.001
   545:   493878.003   493960.005   494788.009   494915.005   494984.009
   550:   495234.001   499650.003   499739.005   499962.009   500468.005
   555:   500606.009   500825.001   504478.003   504539.001   504638.003
   560:   504710.001   504774.003   505188.001   510188.018   510677.003
   565:   510683.016   510733.026   510781.005   511574.009   512305.001
   570:   517305.018   517410.003   517416.016   517466.026   517499.005
   575:   517629.001   517818.009   517885.003   518576.001   522980.003
   580:   523539.005   523583.009   523709.005   523909.009   524126.001
   585:   528316.003   529054.001   531503.003   531791.001   536236.003
   590:   537007.001   541554.003   541675.001   541788.003   542055.005
   595:   542129.009   542342.001   546449.003   546517.001   546640.003
   600:   546769.005   546915.009   549470.001   554158.003   554276.001
   605:   554440.003   554556.005   554732.009   555003.001   558522.003
   610:   559351.001   564351.018   564930.003   564936.016   564958.001
   615:   564986.026   565012.003   565063.005   565406.009   565955.001
   620:   569296.003   569417.005   569620.009   570444.001   575163.003
   625:   575940.001   580940.018   581227.003   581233.016   581252.001
   630:   581283.026   581306.003   581359.005   581777.009   582628.005
   635:   583098.009   583388.001   583640.003   583664.001   584849.003
   640:   584974.005   585162.009   585464.005   585496.009   585746.001
   645:   589963.003   590014.005   590174.009   590761.001   594419.003
   650:   594443.001   594563.003   594692.005   594876.009   595106.001
   655:   599020.003   599091.001   599258.003   599769.001   604174.003
   660:   604385.001   604404.003   604862.001   605004.003   605877.001
   665:   609761.003   610077.005   610257.009   610565.001   615118.003
   670:   615163.001   615254.003   615811.005   615823.009   616270.001
   675:   621270.018   622864.003   622870.016   622902.001   622920.026
   680:   622939.003   622970.005   623409.009   623864.005   623893.009
   685:   623902.005   623936.009   624240.001   629152.003   629180.001
   690:   629313.003   630065.001   634742.003   635047.005   635267.009
   695:   635448.001   640448.018   641650.003   641656.016   641706.026
   700:   641777.005   642231.009   642828.001   645780.003   645815.001
   705:   650815.018   651454.003   651460.016   651510.026   651595.005
   710:   652139.009   653607.001   653723.003   653743.001   658107.003
   715:   658926.001   663926.018   664315.003   664321.016   664371.026
   720:   664413.005   664909.009   665634.001   670634.018   670998.003
   725:   671004.016   671054.026   671094.005   671663.009   672408.001
   730:   675644.003   675730.005   675746.001   675750.009   675837.003
   735:   675956.005   676015.009   676441.001   681441.018   681691.003
   740:   681697.016   681747.026   681820.005   682527.009   682993.001
   745:   687303.003   688107.001   691403.005   691412.009   691492.003
   750:   691918.005   691958.009   692157.001   694783.003   695328.001
   755:   696608.003   696852.001   700469.003   700542.001   700650.003
   760:   700971.005   701063.009   701097.005   701171.009   701435.001
   765:   704984.003   705093.005   705246.009   705451.001   708901.003
   770:   708904.001   710665.003   710831.001   710940.003   713466.005
   775:   713591.009   717994.001   721993.003   722130.001   722163.003
   780:   722695.005   722771.009   723061.001   726579.003   727519.001
   785:   730882.003   730902.001   731249.003   731826.001   736826.018
   790:   736868.003   736874.016   736924.026   736992.005   737445.009
   795:   738772.001   742207.003   744369.005   744375.009   744396.005
   800:   744448.009   744817.001   748379.003   748775.001   751905.003
   805:   752020.001   752178.003   752523.001   757097.003   757347.005
   810:   757463.009   758041.001   762823.003   762943.001   762980.003
   815:   763958.001   764036.003   764056.001   769056.018   769426.003
   820:   769432.016   769482.026   769658.005   770184.009   771113.001
   825:   774717.003   775111.005   775114.009   775127.005   775332.009
   830:   775574.001   777545.003   781791.001   785301.003   786097.005
   835:   786113.009   786125.005   786225.009   786550.001   790205.003
   840:   790348.005   790359.009   790885.005   790907.009   791141.001
   845:   795383.003   795452.001   795602.003   795798.005   795804.009
   850:   795824.005   795880.009   796154.001   799604.003   800386.001
   855:   805386.018   806103.003   806109.016   806159.026   806204.005
   860:   806674.009   807744.005   807831.009   808177.001   812493.003
   865:   813167.001   815845.003   815996.005   816025.009   816325.005
   870:   816408.009   816696.001   821696.018   821723.003   821729.016
   875:   821779.026   821821.005   822303.009   823222.001   827110.003
   880:   827196.005   827687.009   827977.005   828283.009   828820.001
   885:   833820.018   839262.003   839268.016   839318.026   839337.005
   890:   839853.009   840570.001   843665.003   843708.001   844174.003
   895:   844740.001   847880.003   847968.005   848111.009   848395.005
   900:   848524.009   848803.001   853226.003   854084.001   859048.003
   905:   859117.001   859333.003   859363.005   859766.009   860466.001
   910:   864462.003   864541.001   864749.003   864861.005   864951.009
   915:   865197.001   870197.018   870768.003   870774.016   870824.026
   920:   870906.005   871198.009   871816.001   876468.003   877184.001
   925:   882184.018   882262.003   882268.016   882318.026   882389.005
   930:   882716.009   883675.001   887434.003   887465.001   887706.003
   935:   887984.005   888079.009   888316.001   892892.003   892941.005
   940:   893082.009   893477.001   898477.018   902130.003   902136.016
   945:   902186.026   902233.005   902553.009   903331.001   907572.003
   950:   907891.005   907953.009   908161.001   911060.003   911155.001
   955:   911314.003   911772.001   916772.018   918113.003   918119.016
   960:   918169.026   918216.005   918646.009   919254.001   922404.005
   965:   922414.009   922446.005   922459.009   922651.003   923003.005
   970:   923016.009   923214.001   927805.003   928319.001   931436.003
   975:   931796.001   934651.003   935133.005   935178.009   935199.005
   980:   935236.009   935463.005   935518.009   935977.001   939741.003
   985:   939816.001   939839.005   939872.009   939996.003   940403.001
   990:   945403.018   946430.003   946436.016   946486.026   946548.005
   995:   946984.009   947413.001   951425.003   952086.001   956505.003
  1000:   956562.001   956720.003   956804.005   956996.009   957456.001
  1005:   962456.018   962888.003   962894.016   962944.026   962980.005
  1010:   963319.009   963869.001   967456.003   967495.001   967745.003
  1015:   968157.001   973157.018   974668.003   974674.016   974724.026
  1020:   974759.005   975224.009   976046.001   980144.003   981311.001
  1025:   985696.003   985768.005   985867.009   986379.001   991254.003
  1030:   991398.001   991511.003   992501.001   996354.003   996773.005
  1035:   996898.009   997076.001  1000233.003  1000314.001  1000441.003
  1040:  1000885.005  1001006.009  1001240.001  1005059.003  1005129.001
  1045:  1005261.003  1005341.001  1005468.003  1005820.001  1009555.003
  1050:  1009585.001  1009606.003  1009632.001  1009865.005  1009884.009
  1055:  1009902.005  1009936.009  1009980.003  1010318.001  1015318.018
  1060:  1015336.003  1015342.016  1015369.001  1015392.026  1015447.003
  1065:  1015483.005  1015795.009  1021585.001  1025398.003  1025468.001
  1070:  1025600.003  1025952.005  1026053.009  1026300.001  1030019.003
  1075:  1030111.005  1030445.009  1030738.001  1035700.003  1037797.005
  1080:  1037913.009  1038133.001  1042046.003  1042370.001  1042751.003
  1085:  1043663.001  1047372.003  1047421.001  1047730.003  1048012.005
  1090:  1048085.009  1048315.001  1053107.003  1054233.001  1054425.003
  1095:  1054849.005  1054855.009  1054880.005  1054896.009  1055190.001
  1100:  1058862.003  1058950.001  1059141.003  1059562.001  1063162.003
  1105:  1064092.001  1069092.018  1069541.003  1069547.016  1069597.026
  1110:  1069652.005  1069927.009  1070416.001  1070453.003  1070491.001
  1115:  1073492.003  1074231.001  1077162.003  1077271.001  1077292.003
  1120:  1077949.005  1077961.009  1078211.001  1079749.003  1080430.005
  1125:  1080447.009  1080742.001  1085742.018  1087053.003  1087059.016
  1130:  1087109.026  1087160.005  1087335.001  1087397.009  1087469.003
  1135:  1087957.001  1092957.018  1095586.003  1095592.016  1095642.026
  1140:  1095715.005  1096094.009  1096648.001  1100969.005  1101091.009
  1145:  1101248.003  1101515.001  1106515.018  1107288.003  1107294.016
  1150:  1107319.001  1107344.026  1107356.003  1107414.005  1107761.009
  1155:  1108250.001  1113033.003  1113344.001  1118344.018  1119464.003
  1160:  1119470.016  1119500.005  1119520.026  1119974.009  1120496.001
  1165:  1120567.003  1120592.001  1124527.003  1124997.005  1125042.009
  1170:  1125243.001  1125483.003  1125507.001  1129654.003  1129729.001
  1175:  1129853.003  1130150.005  1130181.009  1130186.005  1130239.009
  1180:  1130685.001  1135685.018  1135824.003  1135830.016  1135880.026
  1185:  1135921.005  1136227.009  1136740.001  1141282.003  1141317.001
  1190:  1141592.003  1142122.001  1142244.003  1142513.005  1142535.009
  1195:  1142827.001  1146122.003  1146525.005  1146564.009  1146759.001
  1200:  1151759.018  1152520.003  1152526.016  1152546.001  1152576.026
  1205:  1152594.003  1152637.005  1152997.009  1153679.001  1157126.003
  1210:  1157461.005  1157483.009  1157675.001  1162675.018  1163730.003
  1215:  1163736.016  1163786.026  1163816.005  1164094.009  1164546.001
  1220:  1164675.003  1164732.001  1167430.003  1167503.001  1167725.003
  1225:  1168477.001  1173477.018  1173544.003  1173550.016  1173574.001
  1230:  1173594.003  1173600.026  1173630.005  1173879.009  1174358.001
  1235:  1178092.003  1178299.005  1178336.009  1178537.001  1183477.003
  1240:  1185442.001  1190442.018  1190541.003  1190547.016  1190597.026
  1245:  1190624.005  1190960.009  1191404.001  1195781.003  1196384.001
  1250:  1201384.018  1201935.003  1201941.016  1201991.026  1202056.005
  1255:  1202402.009  1202879.001  1206862.003  1207397.001  1212397.018
  1260:  1212772.003  1212778.016  1212828.026  1212873.001  1212903.003
  1265:  1212932.005  1213163.009  1213799.001  1217874.003  1217945.001
  1270:  1218088.003  1218148.005  1218205.001  1218268.009  1218301.003
  1275:  1218481.005  1218542.009  1218718.001  1223718.018  1224020.003
  1280:  1224026.016  1224076.026  1224125.005  1224482.009  1225079.005
  1285:  1225085.009  1225334.001  1230132.003  1230145.005  1230796.009
  1290:  1231077.001  1235727.003  1235825.005  1235933.009  1236148.005
  1295:  1236162.009  1236294.005  1236326.009  1236628.001  1239939.003
  1300:  1239963.001  1240068.003  1240126.001  1240232.003  1240257.001
  1305:  1244904.003  1244938.005  1245026.009  1245570.001  1250570.018
  1310:  1250721.003  1250727.016  1250777.026  1250840.005  1251357.009
  1315:  1251903.001  1256329.003  1256413.005  1256419.009  1256883.001
  1320:  1261883.018  1262196.003  1262202.016  1262252.026  1262315.005
  1325:  1262573.009  1263567.001  1268567.018  1269076.003  1269082.016
  1330:  1269099.001  1269125.003  1269132.026  1269209.005  1269427.009
  1335:  1270094.001  1274667.003  1274791.001  1274871.003  1277821.005
  1340:  1277900.009  1278332.001  1283332.018  1283666.003  1283672.016
  1345:  1283722.026  1283824.005  1284078.009  1284701.001  1285785.003
  1350:  1286157.001  1290849.003  1291123.001  1295033.003  1295117.005
  1355:  1295362.009  1295584.001  1300584.018  1302208.003  1302214.016
  1360:  1302264.026  1302314.005  1302448.001  1302600.009  1302653.003
  1365:  1304950.005  1304972.009  1304985.005  1305018.009  1305233.001
  1370:  1309370.003  1309494.001  1309552.003  1309568.005  1309709.009
  1375:  1309964.001  1310000.003  1310049.001  1315049.018  1315933.003
  1380:  1315939.016  1315989.026  1316032.005  1316254.009  1316549.001
  1385:  1321549.018  1322400.003  1322406.016  1322426.001  1322456.026
  1390:  1322496.003  1322504.005  1322609.001  1322781.009  1322832.003
  1395:  1323378.001  1328378.018  1329428.003  1329434.016  1329484.026
  1400:  1329557.005  1329786.009  1330299.001  1335299.018  1336272.003
  1405:  1336278.016  1336328.026  1336364.005  1336618.009  1336913.005
  1410:  1336943.009  1337239.001  1342239.018  1342306.003  1342312.016
  1415:  1342362.026  1342411.005  1342580.001  1342683.009  1342760.003
  1420:  1343273.001  1348086.003  1349100.001  1351998.003  1352030.001
  1425:  1352299.003  1352419.005  1352454.009  1352682.001  1357584.003
  1430:  1357613.001  1357729.003  1358720.001  1363203.003  1363240.001
  1435:  1363656.003  1364722.001  1369012.003  1369387.001  1374387.018
  1440:  1374890.003  1374896.016  1374946.026  1374997.005  1375175.001
  1445:  1375278.009  1375339.003  1375677.001  1379959.003  1380519.001
  1450:  1385519.018  1386190.003  1386196.016  1386246.026  1386297.005
  1455:  1386425.001  1386538.009  1386624.003  1387103.001  1390894.003
  1460:  1391138.001  1391449.003  1391829.001  1396135.003  1397276.001
  1465:  1402276.018  1402946.003  1402952.016  1403002.026  1403047.005
  1470:  1403075.001  1403446.003  1403522.001  1403675.009  1403713.003
  1475:  1404892.001  1409485.003  1409544.001  1409722.003  1409791.001
  1480:  1410077.003  1410256.005  1410278.009  1410501.001  1415501.018
  1485:  1416121.003  1416127.016  1416177.026  1416228.005  1416661.009
  1490:  1417321.001  1421340.003  1421368.001  1421389.003  1421448.001
  1495:  1421671.003  1422081.001  1427081.018  1428552.003  1428558.016
  1500:  1428608.026  1428662.005  1428809.001  1428951.009  1429020.003
  1505:  1429416.001  1434177.003  1434302.001  1434410.003  1434749.001
  1510:  1439749.018  1440907.003  1440913.016  1440963.026  1441000.005
  1515:  1441159.001  1441257.009  1441300.003  1442058.001  1447058.018
  1520:  1447092.003  1447098.016  1447148.026  1447188.005  1447261.001
  1525:  1447499.009  1447570.003  1447971.001  1452971.018  1454678.003
  1530:  1454684.016  1454734.026  1454817.005  1455029.009  1455557.001
  1535:  1460557.018  1461090.003  1461096.016  1461146.026  1461199.005
  1540:  1461697.009  1462692.001  1467692.018  1467756.003  1467762.016
  1545:  1467812.026  1467857.005  1468006.001  1468105.009  1468187.003
  1550:  1468752.001  1473752.018  1476650.003  1476656.016  1476706.026
  1555:  1476757.005  1476906.001  1477075.009  1477124.003  1477523.001
  1560:  1482523.018  1483400.003  1483406.016  1483456.026  1483524.005
  1565:  1483548.001  1483921.003  1484311.009  1484327.005  1484423.009
  1570:  1485474.005  1485489.009  1486080.001  1489821.003  1489896.001
  1575:  1489899.005  1489949.009  1490064.003  1490372.005  1490382.009
  1580:  1490868.001  1494162.003  1495546.001  1498802.003
B:
     0:        0.000      428.000        0.000      428.000        0.000
     5:      249.000        0.000        0.000        0.000      249.000
    10:        0.000        1.000        0.000        1.000        0.000
    15:        0.000       76.000        0.000       76.000        0.000
    20:        0.000        0.000        0.000        0.000        0.000
    25:        0.000       76.000        0.000        0.000        0.000
    30:        0.000
D:
     0:  1601655.000  1598400.000  1601656.000
E:
     0:     5000.000     5000.000
T:
     0:        0.000        0.000        0.000        0.000
W:
     0:        0.000        0.000        0.000
