File: C:\MED-PC IV\Data\Reyes\AZ\AZ4090.999


Start Date: 05/10/25
End Date: 05/10/25
Subject: 90
Experiment: AZ
Group: 20_LONG
Box: 4
Start Time: 16:58:53
End Time: 17:29:49
MSN: DRRD_timeout_retract
C:       0.000
F:       8.000
G:       0.000
H:       0.000
I:       0.000
J:       0.000
K:   10000.000
L:       0.000
M:       0.000
N:     100.000
O:       0.000
P:   10000.000
Q:       0.000
R:       0.000
S:       0.000
U:   61182.000
V:       0.000
X:       0.000
Y:     831.000
Z:       0.000
A:
     0:     8073.005     8244.009    15000.013    15000.011    16146.001
     5:    19412.003    19417.023    19417.021    24458.005    24580.009
    10:    25508.005    25630.009    28365.005    28469.009    29418.013
    15:    29418.011    29904.001    34180.003    34185.023    34185.021
    20:    44186.013    44186.011    44746.001    47961.003    47966.023
    25:    47966.021    48520.005    48731.009    53886.005    53972.009
    30:    57967.013    57967.011    58465.001    62598.003    62602.005
    35:    62603.023    62603.021    62699.009    63107.005    63141.009
    40:    63154.005    63188.009    71222.005    71291.009    72604.013
    45:    72604.011    73065.001    77582.005    77651.009    78065.018
    50:    78937.003    78943.016    78993.026    79010.001    79043.003
    55:    79048.023    79048.021    79055.005    79558.009    80430.005
    60:    80445.009    85872.005    85895.009    88850.005    88898.009
    65:    89049.013    89049.011    89205.001    94065.003    94070.023
    70:    94070.021    94089.005    94450.009    94635.005    94646.009
    75:    94704.005    94750.009   104071.013   104071.011   104342.001
    80:   108854.003   108859.023   108859.021   108879.001   108955.003
    85:   109592.005   109714.009   118860.013   118860.011   119545.001
    90:   123858.003   123863.023   123863.021   123913.001   123973.003
    95:   124591.005   124724.009   133864.013   133864.011   134043.001
   100:   138631.003   138636.023   138636.021   138672.005   139086.009
   105:   145919.005   146226.009   148637.013   148637.011   148934.001
   110:   153934.018   154682.003   154688.016   154729.005   154738.026
   115:   155280.009   155292.005   155305.009   155663.001   160663.018
   120:   160961.003   160967.016   160987.005   161017.026   161292.009
   125:   161767.001   163273.003   163278.023   163278.021   163303.001
   130:   163336.003   163342.001   163403.003   164630.005   164982.009
   135:   164994.005   166029.009   173279.013   173279.011   173433.001
   140:   173978.003   173983.023   173983.021   174014.001   174062.003
   145:   180276.005   180379.009   180456.005   180496.009   183984.013
   150:   183984.011   184256.001   189032.003   189037.023   189037.021
   155:   194557.005   194590.009   194651.005   194738.009   197560.005
   160:   197973.009   199038.013   199038.011   204087.001   209087.018
   165:   209293.003   209299.016   209349.026   209389.005   209637.009
   170:   210225.001   215225.018   215626.003   215632.016   215659.005
   175:   215682.026   215976.009   216189.005   216260.009   217789.001
   180:   220067.003   220072.023   220072.021   220088.001   220220.003
   185:   221971.005   222084.009   226735.005   226895.009   230073.013
   190:   230073.011   230256.001   235256.018   236074.003   236080.016
   195:   236107.005   236130.026   236580.009   237103.001   242103.018
   200:   243093.003   243099.016   243116.005   243149.026   243548.009
   205:   244154.001   249154.018   249758.003   249764.016   249776.005
   210:   249814.026   250190.009   250719.001   255163.003   255168.023
   215:   255168.021   265169.013   265169.011   265436.001   270436.018
   220:   270847.003   270853.016   270888.005   270903.026   271285.009
   225:   271875.001   276852.003   276857.023   276857.021   276871.005
   230:   277264.009   278286.005   278296.009   285797.005   285892.009
   235:   286858.013   286858.011   288011.001   293011.018   293946.003
   240:   293952.016   293991.005   294002.026   294429.009   295026.001
   245:   300026.018   301344.003   301350.016   301364.005   301400.026
   250:   301954.009   302682.001   307682.018   309102.003   309108.016
   255:   309134.005   309158.026   309624.009   310185.001   315185.018
   260:   315703.003   315709.016   315727.005   315759.026   316216.009
   265:   316671.001   321671.018   322582.003   322588.016   322637.005
   270:   322638.026   323071.009   323624.001   328487.003   328492.023
   275:   328492.021   328501.001   328586.003   338493.013   338493.011
   280:   338747.001   342871.003   342876.023   342876.021   342920.005
   285:   343294.009   345055.005   345087.009   350575.005   350602.009
   290:   352877.013   352877.011   353059.001   358059.018   359058.003
   295:   359064.016   359114.026   359199.005   359540.009   360011.001
   300:   365011.018   365238.003   365244.016   365260.005   365294.026
   305:   365658.009   366099.001   371099.018   371816.003   371822.016
   310:   371840.005   371872.026   372235.009   372980.001   377980.018
   315:   378192.003   378198.016   378233.005   378248.026   378595.009
   320:   379125.001   383787.003   383792.023   383792.021   383831.005
   325:   384093.009   384386.005   384424.009   393793.013   393793.011
   330:   394118.001   399046.003   399051.023   399051.021   404696.005
   335:   404772.009   404817.005   404920.009   409052.013   409052.011
   340:   409431.001   414431.018   414829.003   414835.016   414885.026
   345:   414956.005   415238.009   415808.001   420808.018   421640.003
   350:   421646.016   421656.005   421696.026   422044.009   422676.001
   355:   427076.003   427081.023   427081.021   427129.005   427414.009
   360:   427714.005   427772.009   437082.013   437082.011   437341.001
   365:   441928.003   441933.023   441933.021   441968.005   442266.009
   370:   449961.005   449967.009   449985.005   450090.009   451934.013
   375:   451934.011   452113.001   457113.018   457983.003   457989.016
   380:   458039.026   458051.005   458404.009   459037.001   464037.018
   385:   464206.003   464212.016   464230.005   464262.026   464576.009
   390:   465226.001   470226.018   470770.003   470776.016   470809.005
   395:   470826.026   471213.009   471920.001   476920.018   477576.003
   400:   477582.016   477632.026   477636.005   478038.009   478924.001
   405:   483924.018   485092.003   485098.016   485125.005   485148.026
   410:   485593.009   486564.001   491564.018   492375.003   492381.016
   415:   492423.005   492431.026   492783.009   493356.001   498356.018
   420:   499273.003   499279.016   499305.005   499329.026   499670.009
   425:   500471.001   505471.018   506267.003   506273.016   506294.005
   430:   506323.026   506581.009   507350.001   512350.018   513986.003
   435:   513992.016   514026.005   514042.026   514468.009   515052.001
   440:   520052.018   520844.003   520850.016   520900.026   520918.005
   445:   521362.009   521884.001   526884.018   527343.003   527349.016
   450:   527389.005   527399.026   527946.009   529954.001   534954.018
   455:   536196.003   536202.016   536227.005   536252.026   536891.009
   460:   537331.001   542331.018   544061.003   544067.016   544102.005
   465:   544117.026   544591.009   545323.001   550323.018   551382.003
   470:   551388.016   551417.005   551438.026   551765.009   552476.001
   475:   557476.018   557948.003   557954.016   558004.026   558045.005
   480:   558443.009   558957.001   563151.003   563156.023   563156.021
   485:   563165.001   563257.003   564268.005   564388.009   564393.005
   490:   564394.009   564417.005   564443.009   573157.013   573157.011
   495:   574344.001   579344.018   580065.003   580071.016   580106.005
   500:   580121.026   580589.009   581548.001   586548.018   587436.003
   505:   587442.016   587461.005   587492.026   587794.009   588237.001
   510:   593237.018   593938.003   593944.016   593966.005   593994.026
   515:   594439.009   595111.001   600111.018   600304.003   600310.016
   520:   600353.005   600360.026   600827.009   601590.001   606590.018
   525:   606996.003   607002.016   607042.005   607052.026   607571.009
   530:   607591.005   607874.009   608764.001   613764.018   614228.003
   535:   614234.016   614256.005   614284.026   614986.009   615106.005
   540:   615256.009   615283.005   615412.009   615881.001   620881.018
   545:   621491.003   621497.016   621524.005   621547.026   621809.009
   550:   622168.001   627168.018   627752.003   627758.016   627788.005
   555:   627808.026   628199.009   628911.001   633911.018   634644.003
   560:   634650.016   634695.005   634700.026   635061.009   635550.001
   565:   640550.018   641314.003   641320.016   641370.026   641371.005
   570:   641757.009   641759.005   641772.009   642050.005   642057.009
   575:   642065.005   642180.009   642581.001   647581.018   647906.003
   580:   647912.016   647962.026   647964.005   648590.009   659052.001
   585:   661875.003   661880.023   661880.021   668569.005   668586.009
   590:   671881.013   671881.011   672084.001   676436.003   676441.023
   595:   676441.021   676483.005   676832.009   686442.013   686442.011
   600:   687305.001   692305.018   692413.003   692419.016   692469.005
   605:   692469.026   692801.009   693362.001   698254.003   698259.023
   610:   698259.021   698312.005   698668.009   708260.013   708260.011
   615:   708427.001   713427.018   714956.003   714962.016   714992.005
   620:   715012.026   715334.009   715338.005   715368.009   715764.001
   625:   720764.018   720995.003   721001.016   721031.005   721051.026
   630:   721431.009   722045.001   727045.018   727311.003   727317.016
   635:   727355.005   727367.026   727679.009   727777.005   727800.009
   640:   727859.005   727882.009   729268.001   734268.018   735148.003
   645:   735154.016   735201.005   735204.026   735848.009   736337.001
   650:   741337.018   741483.003   741489.016   741525.005   741539.026
   655:   742039.009   742813.001   747813.018   748394.003   748400.016
   660:   748450.026   748510.005   748788.009   749866.001   754866.018
   665:   755464.003   755470.016   755491.005   755520.026   755921.009
   670:   756603.001   761603.018   763091.003   763097.016   763122.005
   675:   763147.026   763565.009   764346.001   769346.018   770032.003
   680:   770038.016   770058.005   770088.026   770384.009   770909.001
   685:   775909.018   776561.003   776567.016   776568.005   776617.026
   690:   777246.009   777749.001   782749.018   783726.003   783732.016
   695:   783782.026   783838.005   784199.009   785316.001   790316.018
   700:   791262.003   791268.016   791301.005   791318.026   791739.009
   705:   793286.001   798286.018   799322.003   799328.016   799358.005
   710:   799378.026   799805.009   800334.001   805334.018   805904.003
   715:   805910.016   805960.026   806016.005   806345.009   806863.001
   720:   811863.018   812794.003   812800.016   812836.005   812850.026
   725:   813309.009   815729.001   820729.018   821021.003   821027.016
   730:   821074.005   821077.026   821456.009   821906.001   826906.018
   735:   828914.003   828920.016   828970.026   828981.005   829904.009
   740:   830411.001   834755.003   834760.023   834760.021   834771.001
   745:   834928.003   844761.013   844761.011   845078.001   850078.018
   750:   851861.003   851867.016   851904.005   851917.026   852192.009
   755:   852636.001   856981.003   856986.023   856986.021   857033.005
   760:   857308.009   864624.005   864628.009   864648.005   864742.009
   765:   864775.005   864928.009   866987.013   866987.011   867204.001
   770:   872204.018   873162.003   873168.016   873199.005   873218.026
   775:   873581.009   874016.001   879016.018   880257.003   880263.016
   780:   880313.026   880333.005   880804.009   881719.001   886719.018
   785:   888404.003   888410.016   888433.005   888460.026   888861.009
   790:   888877.005   888903.009   889406.001   894406.018   895980.003
   795:   895986.016   896003.005   896036.026   896390.009   897031.001
   800:   902031.018   902597.003   902603.016   902653.026   902709.005
   805:   903015.009   904012.001   909012.018   910994.003   911000.016
   810:   911050.026   911062.005   911576.009   912448.001   917448.018
   815:   918676.003   918682.016   918699.005   918732.026   919140.009
   820:   920683.001   925683.018   927628.003   927634.016   927660.005
   825:   927684.026   927686.061   927687.061   927688.061   927689.061
   830:   927690.061
B:
     0:        0.000      109.000        0.000      109.000        0.000
     5:      140.000        0.000        0.000        0.000      139.000
    10:        0.000       28.000        0.000       28.000        0.000
    15:        0.000       73.000        0.000       73.000        0.000
    20:        0.000       27.000        0.000       27.000        0.000
    25:        0.000       73.000        0.000        0.000        0.000
    30:        0.000
D:
     0:   988809.000   981865.000   988810.000
E:
     0:     5000.000     5000.000
T:
     0:        0.000        0.000        0.000        0.000
W:
     0:        0.000        2.000        0.000
