File: C:\MED-PC IV\Data\Reyes\AZ\AZ4088.999


Start Date: 05/09/25
End Date: 05/09/25
Subject: 88
Experiment: AZ
Group: 20_LONG
Box: 2
Start Time: 15:23:40
End Time: 15:59:34
MSN: DRRD_timeout_retract
C:       0.000
F:       0.000
G:       0.000
H:       0.000
I:       0.000
J:       0.000
K:   10000.000
L:       0.000
M:       0.000
N:     100.000
O:       0.000
P:   10000.000
Q:       0.000
R:       0.000
S:       0.000
U:   74933.000
V:       0.000
X:       0.000
Y:     880.000
Z:       0.000
A:
     0:     7220.005     7249.009    15000.013    15000.011    15493.001
     5:    15620.003    15625.023    15625.021    15653.001    15723.003
    10:    25626.013    25626.011    26680.001    30899.003    30904.023
    15:    30904.021    31051.005    31321.009    40905.013    40905.011
    20:    41796.001    41976.003    41981.023    41981.021    41989.001
    25:    42068.003    43410.005    43463.009    43466.005    43485.009
    30:    43514.005    43535.009    43575.005    43578.009    43597.005
    35:    43601.009    43607.005    44164.009    50186.005    50226.009
    40:    50254.005    50265.009    50274.005    50279.009    51982.013
    45:    51982.011    52632.001    56917.003    56922.023    56922.021
    50:    57723.005    57971.009    62387.005    62428.009    63360.005
    55:    63369.009    63371.005    63403.009    63535.005    63561.009
    60:    63693.005    63699.009    63719.005    63765.009    63795.005
    65:    63807.009    63827.005    63847.009    64029.005    64040.009
    70:    64041.005    64044.009    64049.005    64408.009    66923.013
    75:    66923.011    67694.001    68760.003    68765.023    68765.021
    80:    68769.001    69022.003    72667.005    72674.009    72691.005
    85:    72697.009    78766.013    78766.011    79914.001    84914.018
    90:    86643.003    86649.016    86699.005    86699.026    87273.009
    95:    87571.001    92571.018    94480.003    94486.016    94536.026
   100:    94545.005    94916.009    95276.001   100276.018   101722.003
   105:   101728.016   101774.005   101778.026   102519.009   102967.001
   110:   107967.018   110480.003   110486.016   110534.005   110536.026
   115:   110989.009   111468.001   116468.018   118118.003   118124.016
   120:   118174.026   118182.005   118560.009   119455.001   119681.003
   125:   119686.023   119686.021   119702.001   119812.003   129687.013
   130:   129687.011   130228.001   135228.018   136163.003   136169.016
   135:   136219.026   136233.005   137087.009   137840.001   142840.018
   140:   144470.003   144476.016   144526.026   144540.005   144915.009
   145:   145405.001   150405.018   152448.003   152454.016   152504.026
   150:   152520.005   153409.009   154068.001   154373.003   154378.023
   155:   154378.021   154425.001   154515.003   164379.013   164379.011
   160:   165303.001   170303.018   170864.003   170870.016   170920.026
   165:   170924.005   171490.009   171916.001   176916.018   179841.003
   170:   179847.016   179897.026   179902.005   180264.009   181133.001
   175:   182187.003   182192.023   182192.021   190406.005   190422.009
   180:   192193.013   192193.011   193115.001   197932.003   197937.023
   185:   197937.021   197994.005   198382.009   207938.013   207938.011
   190:   208456.001   213456.018   214169.003   214175.016   214225.026
   195:   214232.005   214564.009   214898.001   219898.018   220480.003
   200:   220486.016   220536.026   220585.005   220888.009   221605.001
   205:   221640.003   221645.023   221645.021   221672.001   222002.003
   210:   222766.005   222991.009   223098.005   223245.009   231646.013
   215:   231646.011   232520.001   237520.018   239134.003   239140.016
   220:   239190.026   239200.005   240197.009   240956.001   245956.018
   225:   247669.003   247675.016   247725.026   247754.005   248076.009
   230:   249076.001   254076.018   256438.003   256444.016   256494.026
   235:   256513.005   257061.009   258072.001   258245.003   258250.023
   240:   258250.021   268251.013   268251.011   269195.001   270829.003
   245:   270834.023   270834.021   271244.005   271248.009   280835.013
   250:   280835.011   281398.001   286398.018   287924.003   287930.016
   255:   287980.026   287986.005   288313.009   288979.001   293979.018
   260:   295960.003   295966.016   296016.026   296025.005   296652.009
   265:   297073.001   302073.018   304170.003   304176.016   304226.026
   270:   304244.005   304768.009   305940.001   310940.018   312671.003
   275:   312677.016   312727.026   312744.005   313306.009   314545.001
   280:   319420.003   319425.023   319425.021   319523.005   319927.009
   285:   329426.013   329426.011   330513.001   335513.018   336543.003
   290:   336549.016   336599.026   336628.005   336940.009   338231.001
   295:   343231.018   344271.003   344277.016   344327.026   344403.005
   300:   344549.009   344551.005   345156.009   346342.001   351342.018
   305:   352725.003   352731.016   352781.026   352805.005   353624.009
   310:   354793.001   359666.003   359671.023   359671.021   369672.013
   315:   369672.011   370434.001   375434.018   376165.003   376171.016
   320:   376221.026   376233.005   376677.009   377685.001   382685.018
   325:   383907.003   383913.016   383963.026   383988.005   384350.009
   330:   385508.001   390508.018   391265.003   391271.016   391321.026
   335:   391354.005   392011.009   393702.001   398702.018   399323.003
   340:   399329.016   399379.026   399408.005   399787.009   400786.001
   345:   405786.018   407207.003   407213.016   407263.026   407287.005
   350:   407993.009   409170.001   414170.018   414905.003   414911.016
   355:   414961.026   414994.005   415441.009   416739.001   421739.018
   360:   422656.003   422662.016   422712.026   422770.005   423457.009
   365:   424676.001   425728.003   425733.023   425733.021   425787.001
   370:   426032.003   428268.005   428643.009   428664.005   428667.009
   375:   428747.005   428751.009   428776.005   428784.009   428823.005
   380:   428827.009   428846.005   428853.009   429222.005   429331.009
   385:   429378.005   429403.009   435734.013   435734.011   436147.001
   390:   441147.018   442341.003   442347.016   442397.026   442402.005
   395:   443171.009   444103.001   449103.018   449959.003   449965.016
   400:   450015.026   450033.005   450306.009   451600.001   456427.003
   405:   456432.023   456432.021   456522.005   456635.009   466433.013
   410:   466433.011   467184.001   472090.003   472095.023   472095.021
   415:   482096.013   482096.011   483221.001   488221.018   488246.003
   420:   488252.016   488302.026   488327.005   488629.009   489793.001
   425:   494793.018   495341.003   495347.016   495397.026   495448.005
   430:   495724.009   496838.001   501788.003   501793.023   501793.021
   435:   511794.013   511794.011   512606.001   517606.018   519308.003
   440:   519314.016   519364.026   519387.005   520085.009   521247.001
   445:   526247.018   526592.003   526598.016   526648.026   526671.005
   450:   527135.009   528664.001   533576.003   533581.023   533581.021
   455:   533659.005   533726.009   538974.005   539334.009   539710.005
   460:   539728.009   543582.013   543582.011   545056.001   550056.018
   465:   552040.003   552046.016   552096.026   552102.005   552495.009
   470:   553812.001   558812.018   558914.003   558920.016   558970.026
   475:   559033.005   560031.009   560453.001   565453.018   566149.003
   480:   566155.016   566205.026   566239.005   566874.009   568006.001
   485:   571183.003   571188.023   571188.021   571200.001   571286.003
   490:   581189.013   581189.011   582294.001   587294.018   588743.003
   495:   588749.016   588799.026   588803.005   589303.009   590197.001
   500:   594899.003   594904.023   594904.021   594985.005   595087.009
   505:   604905.013   604905.011   605637.001   610637.018   611703.003
   510:   611709.016   611759.026   611765.005   612437.009   613892.001
   515:   618195.003   618200.023   618200.021   619548.005   619555.009
   520:   619556.005   619565.009   619566.005   620018.009   628201.013
   525:   628201.011   629629.001   634629.018   634952.003   634958.016
   530:   635008.026   635026.005   635505.009   636764.001   641172.003
   535:   641177.023   641177.021   641238.005   641474.009   651178.013
   540:   651178.011   651840.001   651941.003   651946.023   651946.021
   545:   651952.001   652454.003   653088.005   653093.009   653098.005
   550:   653104.009   653116.005   653121.009   653176.005   653194.009
   555:   653207.005   653217.009   653222.005   653269.009   653294.005
   560:   653330.009   653331.005   653337.009   653341.005   653346.009
   565:   653361.005   653394.009   653410.005   653490.009   653492.005
   570:   654349.009   654354.005   654380.009   661947.013   661947.011
   575:   663366.001   668366.018   669504.003   669510.016   669560.026
   580:   669564.005   669971.009   671205.001   671359.003   671364.023
   585:   671364.021   671375.001   671759.003   672772.005   672782.009
   590:   681365.013   681365.011   681768.001   686768.018   687442.003
   595:   687448.016   687498.026   687507.005   687844.009   688887.001
   600:   693553.003   693558.023   693558.021   693634.005   693785.009
   605:   703559.013   703559.011   704168.005   704185.009   704550.001
   610:   709550.018   709891.003   709897.016   709947.026   709964.005
   615:   710325.009   711969.001   716969.018   717276.003   717282.016
   620:   717332.026   717346.005   717771.009   719144.001   723447.003
   625:   723452.023   723452.021   725877.005   725922.009   727378.005
   630:   728411.009   733453.013   733453.011   734363.001   739363.018
   635:   739920.003   739926.016   739976.026   739988.005   740397.009
   640:   742048.001   747048.018   747181.003   747187.016   747237.026
   645:   747251.005   747757.009   748910.001   753750.003   753755.023
   650:   753755.021   763756.013   763756.011   764362.001   769362.018
   655:   769809.003   769815.016   769865.026   769876.005   770470.009
   660:   771431.001   776263.003   776268.023   776268.021   776331.005
   665:   776519.009   786269.013   786269.011   786909.001   791873.003
   670:   791878.023   791878.021   791938.005   792069.009   801879.013
   675:   801879.011   803037.001   808037.018   808671.003   808677.016
   680:   808727.026   808751.005   809013.009   810136.001   814226.003
   685:   814231.023   814231.021   824232.013   824232.011   825213.001
   690:   830213.018   830263.003   830269.016   830319.026   830348.005
   695:   830726.009   832007.001   835721.003   835726.023   835726.021
   700:   845727.013   845727.011   846580.001   851580.018   851911.003
   705:   851917.016   851967.026   851992.005   853046.009   853915.001
   710:   854146.003   854151.023   854151.021   854168.001   854355.003
   715:   864152.013   864152.011   864779.001   869779.018   870404.003
   720:   870410.016   870460.026   870464.005   871280.009   872448.001
   725:   877012.003   877017.023   877017.021   879156.005   879245.009
   730:   879304.005   879648.009   887018.013   887018.011   887709.001
   735:   892679.003   892684.023   892684.021   892733.005   892970.009
   740:   902685.013   902685.011   903522.001   908522.018   908762.003
   745:   908768.016   908818.026   908832.005   909188.009   910369.001
   750:   915282.003   915287.023   915287.021   915355.005   915418.009
   755:   925288.013   925288.011   926470.001   931470.018   931530.003
   760:   931536.016   931586.026   931602.005   931897.009   932905.001
   765:   937345.003   937350.023   937350.021   947351.013   947351.011
   770:   947902.001   952795.003   952800.023   952800.021   952849.005
   775:   953154.009   959233.005   959248.009   959288.005   959300.009
   780:   959303.005   959460.009   959462.005   959468.009   962801.013
   785:   962801.011   963355.001   967729.003   967734.023   967734.021
   790:   967799.005   967933.009   977735.013   977735.011   978277.001
   795:   983277.018   983365.003   983371.016   983421.026   983444.005
   800:   983982.009   985379.001   990061.003   990066.023   990066.021
   805:   990146.005   990246.009   990250.005   990257.009   991799.005
   810:   991852.009   991868.005   992578.009   992583.005   992588.009
   815:   992598.005   992615.009  1000067.013  1000067.011  1000646.001
   820:  1004648.003  1004653.023  1004653.021  1014654.013  1014654.011
   825:  1015471.001  1020335.003  1020340.023  1020340.021  1020402.005
   830:  1020532.009  1030341.013  1030341.011  1032026.001  1036524.003
   835:  1036529.023  1036529.021  1036583.005  1036693.009  1046530.013
   840:  1046530.011  1047286.001  1051871.003  1051876.023  1051876.021
   845:  1052679.005  1052801.009  1052809.005  1052834.009  1061877.013
   850:  1061877.011  1062304.005  1062311.009  1062664.001  1066828.003
   855:  1066833.023  1066833.021  1067457.005  1067924.009  1067925.005
   860:  1067932.009  1067936.005  1067945.009  1067958.005  1068403.009
   865:  1068404.005  1068416.009  1068417.005  1068429.009  1068436.005
   870:  1068491.009  1068500.005  1068517.009  1076834.013  1076834.011
   875:  1076835.061  1076836.061  1076837.061  1076838.061  1076839.061
B:
     0:        0.000      111.000        0.000      111.000        0.000
     5:      153.000        0.000        0.000        0.000      153.000
    10:        0.000       46.000        0.000       46.000        0.000
    15:        0.000       55.000        0.000       55.000        0.000
    20:        0.000       45.000        0.000       45.000        0.000
    25:        0.000       55.000        0.000        0.000        0.000
    30:        0.000
D:
     0:  1141760.000  1137597.000  1141761.000
E:
     0:     5000.000     5000.000
T:
     0:        0.000        0.000        0.000        0.000
W:
     0:        0.000        0.000        0.000
