File: C:\MED-PC IV\Data\Reyes\AY\AY5061.999


Start Date: 11/27/24
End Date: 11/27/24
Subject: 61
Experiment: AY
Group: SHORT
Box: 2
Start Time: 15:11:33
End Time: 15:33:17
MSN: DRRD_timeout_retract
C:       0.000
F:       0.000
G:       0.000
H:       0.000
I:       0.000
J:       0.000
K:   10000.000
L:       0.000
M:       0.000
N:     100.000
O:       0.000
P:    2500.000
Q:       0.000
R:       0.000
S:       0.000
U: 1666061.000
V:       0.000
X:       0.000
Y:    4236.000
Z:       0.000
A:
     0:     2243.005     2247.009     2250.005     2257.009     2261.005
     5:     2280.009     2306.005     2313.009     2332.005     2339.009
    10:     9602.005     9830.009     9910.005     9915.009     9919.005
    15:     9926.009    15000.013    15000.011    15132.001    17766.003
    20:    17771.023    17771.021    17777.005    17781.009    17783.005
    25:    17786.009    17792.005    18004.009    18015.005    18051.009
    30:    18071.005    18086.009    18090.005    18097.009    18098.005
    35:    18122.009    20272.013    20272.011    20382.001    20433.003
    40:    20438.023    20438.021    20485.001    20804.003    21119.005
    45:    21258.009    21276.005    21286.009    21319.005    21370.009
    50:    21372.005    21449.009    21453.005    21469.009    21470.005
    55:    21513.009    21617.005    21669.009    21670.005    21678.009
    60:    22070.005    22075.009    22084.005    22118.009    22123.005
    65:    22128.009    22166.005    22173.009    22179.005    22208.009
    70:    22224.005    22226.009    22233.005    22239.009    22667.005
    75:    22674.009    22677.005    22756.009    22785.005    22795.009
    80:    22850.005    22914.009    22939.013    22939.011    22967.005
    85:    22974.009    23009.005    23012.009    23099.001    27730.003
    90:    27735.023    27735.021    27799.005    27984.009    27987.005
    95:    27992.009    30236.013    30236.011    30381.001    35381.018
   100:    35957.003    35963.016    36013.026    36028.005    36617.009
   105:    36638.005    36646.009    36650.005    36681.009    36685.005
   110:    36701.009    36705.005    36713.009    36975.001    41975.018
   115:    42908.003    42914.016    42964.026    42977.005    43708.009
   120:    43709.005    43732.009    43742.005    43766.009    43767.005
   125:    43772.009    43774.005    43779.009    43783.005    43788.009
   130:    43794.005    43800.009    43824.005    43881.009    43883.005
   135:    43900.009    44419.001    49419.018    51076.003    51082.016
   140:    51105.005    51132.026    51458.009    51471.005    51481.009
   145:    51483.005    51489.009    51490.005    51495.009    51507.005
   150:    51524.009    51547.005    51644.009    51647.005    51654.009
   155:    51658.005    51666.009    51735.005    51747.009    51759.005
   160:    51764.009    51768.005    51775.009    52781.001    53784.003
   165:    53789.023    53789.021    54737.005    54807.009    54809.005
   170:    54816.009    54824.005    54836.009    54841.005    54845.009
   175:    54856.005    54861.009    54867.005    54876.009    54958.005
   180:    54963.009    56271.005    56278.009    56284.005    56290.013
   185:    56290.011    56338.009    56339.005    56343.009    56348.005
   190:    56354.009    56512.001    61512.018    64150.003    64156.016
   195:    64186.005    64206.026    64450.009    64453.005    64711.009
   200:    64714.005    64720.009    64729.005    64750.009    65065.001
   205:    65654.003    65659.023    65659.021    67465.005    67573.009
   210:    67595.005    67604.009    67614.005    67621.009    67662.005
   215:    67691.009    67720.005    67759.009    67792.005    67804.009
   220:    67811.005    67824.009    67827.005    67843.009    67884.005
   225:    67889.009    68160.013    68160.011    68874.005    68879.009
   230:    68884.005    68889.009    68890.005    68930.009    69125.001
   235:    74125.018    78226.003    78232.016    78282.026    78286.005
   240:    78755.009    80317.001    81768.003    81773.023    81773.021
   245:    81824.001    82040.003    83150.005    83157.009    83161.005
   250:    83232.009    83241.005    83248.009    83254.005    83265.009
   255:    83278.005    83338.009    83359.005    83432.009    83458.005
   260:    83513.009    83541.005    83685.009    83689.005    83879.009
   265:    83899.005    83911.009    84274.013    84274.011    84383.001
   270:    86274.003    86279.023    86279.021    86342.001    86392.003
   275:    86634.005    86683.009    88780.013    88780.011    89003.001
   280:    94003.018    96166.003    96172.016    96222.026    96288.005
   285:    96978.009    97007.005    97010.009    97293.005    97300.009
   290:    97736.001   102736.018   105672.003   105678.016   105728.026
   295:   105746.005   106141.009   107627.001   112627.018   113738.003
   300:   113744.016   113756.001   113794.026   114650.003   114655.023
   305:   114655.021   114703.005   115288.009   115289.005   115292.009
   310:   115293.005   115300.009   115306.005   115313.009   115338.005
   315:   115343.009   116168.005   116177.009   116194.005   116202.009
   320:   116204.005   116214.009   117156.013   117156.011   117329.001
   325:   120433.003   120438.023   120438.021   120924.005   121085.009
   330:   121092.005   121123.009   121136.005   121147.009   121178.005
   335:   121187.009   121203.005   121209.009   121212.005   121230.009
   340:   121249.005   121278.009   121287.005   121299.009   121300.005
   345:   121302.009   121313.005   121349.009   121353.005   121356.009
   350:   121758.005   121862.009   121881.005   121901.009   121922.005
   355:   121930.009   121967.005   121975.009   122939.013   122939.011
   360:   123102.005   123121.009   123139.005   123147.009   123297.001
   365:   128297.018   130399.003   130405.016   130414.005   130455.026
   370:   130806.009   133170.001   138170.018   139648.003   139654.016
   375:   139700.001   139704.026   140672.003   140677.023   140677.021
   380:   140795.005   140919.009   140957.005   141542.009   141557.005
   385:   141595.009   141621.005   141628.009   141629.005   141645.009
   390:   141646.005   141652.009   141654.005   141661.009   141690.005
   395:   141771.009   141774.005   141862.009   141866.005   143178.013
   400:   143178.011   143212.009   143309.001   143364.005   143368.009
   405:   143371.005   143378.009   143379.005   143387.009   143388.005
   410:   143395.009   143396.005   143420.009   143421.005   143445.009
   415:   143446.005   143470.009   143471.005   143478.009   143479.005
   420:   143487.009   143488.005   143495.009   143496.005   143503.009
   425:   143505.005   143511.009   143514.005   143518.009   143522.005
   430:   143527.009   143580.005   143586.009   143588.005   143594.009
   435:   143596.005   143720.009   143721.005   143737.009   143738.005
   440:   143745.009   143746.005   143753.009   143755.005   143762.009
   445:   143763.005   143770.009   143771.005   143778.009   143779.005
   450:   143787.009   143788.005   143795.009   143796.005   143820.009
   455:   143821.005   143887.009   143888.005   143969.009   143970.005
   460:   143986.009   143987.005   143994.009   143995.005   144002.009
   465:   144003.005   144061.009   144062.005   144069.009   144070.005
   470:   144077.009   144078.005   144086.009   144087.005   144094.009
   475:   144095.005   144102.009   144104.005   144111.009   144112.005
   480:   144119.009   144120.005   144136.009   144137.005   144144.009
   485:   144145.005   144153.009   144154.005   144161.009   144162.005
   490:   144169.003   144169.009   144170.005   144174.023   144174.021
   495:   144686.009   144708.005   145001.009   145010.005   145160.009
   500:   145165.005   145233.009   145314.005   145378.009   145386.005
   505:   145413.009   145427.005   145925.009   145929.005   145931.009
   510:   145933.005   145958.009   145960.005   145977.009   145980.005
   515:   146011.009   146026.005   146050.009   146051.005   146059.009
   520:   146061.005   146675.013   146675.011   146694.009   146882.001
   525:   146940.005   146945.009   146947.005   146950.009   146952.005
   530:   146958.009   146960.005   146966.009   146968.005   146975.009
   535:   146976.005   146991.009   146992.005   147154.009   147155.005
   540:   147159.009   147160.005   147169.009   147170.005   147265.009
   545:   147266.005   147281.009   147282.005   147298.009   147299.005
   550:   147334.009   147335.005   149326.009   149327.005   149334.009
   555:   149335.005   149342.009   149343.005   149350.009   149352.005
   560:   149359.009   149360.005   149367.009   149368.005   149375.009
   565:   149377.005   149384.009   149385.005   149392.009   149394.005
   570:   149400.009   149402.005   149409.009   149410.005   149417.009
   575:   149418.005   149426.009   149427.005   149434.009   149435.005
   580:   149442.009   149443.005   149451.009   149452.005   149459.009
   585:   149460.005   149467.009   149468.005   149484.009   149485.005
   590:   149492.009   149493.005   149501.009   149502.005   149509.009
   595:   149510.005   149526.009   149527.005   149534.009   149535.005
   600:   149538.003   149543.023   149543.021   149562.001   149756.003
   605:   150240.009   150251.005   150321.009   150325.005   150342.009
   610:   150348.005   150671.009   150675.005   150710.009   150720.005
   615:   150724.009   150725.005   150739.009   150759.005   151588.009
   620:   151592.005   151600.009   151606.005   151665.009   151690.005
   625:   151747.009   151749.005   151848.009   151883.005   152044.013
   630:   152044.011   152142.009   152143.005   152150.009   152151.005
   635:   152159.009   152160.005   152166.009   152169.005   152174.009
   640:   152177.005   152182.009   152268.005   152275.009   152276.005
   645:   152303.001   152317.009   152318.005   152325.009   152326.005
   650:   153637.003   153642.023   153642.021   153673.001   153741.003
   655:   155499.009   155516.005   155696.009   155720.005   155750.009
   660:   155767.005   155779.009   155783.005   156143.013   156143.011
   665:   156273.009   156274.005   156281.009   156282.005   156289.009
   670:   156290.005   156298.009   156299.005   156305.001   156306.009
   675:   156307.005   156314.009   156315.005   156323.009   156324.005
   680:   156331.009   156332.005   156339.009   156340.005   156356.009
   685:   156357.005   156531.009   156532.005   156539.009   156540.005
   690:   156555.009   156557.005   156564.009   156565.005   156572.009
   695:   156573.005   156581.009   156582.005   156589.009   156590.005
   700:   161305.018   164453.003   164459.016   164509.026   164523.009
   705:   164530.005   165292.009   165308.005   165339.009   165377.005
   710:   165389.009   165427.005   165432.009   165441.005   165445.009
   715:   165465.005   165470.009   165515.005   165541.009   165599.005
   720:   165605.009   165607.005   165614.009   165657.005   165673.009
   725:   165682.005   165723.009   165724.005   165729.009   165740.005
   730:   166064.009   166066.005   166070.009   166091.005   166096.009
   735:   166099.005   166104.009   166107.005   166113.009   166116.005
   740:   166122.009   166124.005   166130.009   166132.005   166139.009
   745:   166141.005   166147.009   166149.005   166154.009   166158.005
   750:   166163.009   166165.005   166172.009   166174.005   166180.009
   755:   166182.005   166189.009   166190.005   166206.009   166207.005
   760:   166256.009   166257.005   166281.009   166282.005   166306.009
   765:   166307.005   166314.009   166315.005   166356.009   166357.005
   770:   166374.001   166504.003   166509.023   166509.021   166536.001
   775:   166637.003   169010.013   169010.011   169060.009   169061.005
   780:   169287.001   169789.003   169794.023   169794.021   171008.009
   785:   171014.005   171037.009   171053.005   171062.009   171097.005
   790:   171111.009   171150.005   171164.009   171169.005   171205.009
   795:   171213.005   171240.009   171241.005   172295.013   172295.011
   800:   172315.009   172447.001   173424.005   173429.009   173466.005
   805:   173471.009   173474.005   173479.009   173482.005   173488.009
   810:   173491.005   173496.009   173499.005   173505.009   173507.005
   815:   173513.009   173516.005   173521.009   173524.005   173530.009
   820:   173532.005   173538.009   173541.005   173547.009   173549.005
   825:   173555.009   173557.005   173563.009   173565.005   173572.009
   830:   173574.005   173580.009   173582.005   173589.009   173590.005
   835:   173606.009   173607.005   173689.009   173690.005   173706.009
   840:   173707.005   173731.009   173732.005   177447.018   180611.009
   845:   180612.005   180618.009   180619.005   180625.009   180628.005
   850:   180630.009   180632.005   180638.009   180639.005   180641.009
   855:   180644.005   180649.009   180650.005   180654.009   180779.005
   860:   180784.009   180786.005   180793.009   180794.005   180807.003
   865:   180813.016   180823.009   180838.005   180863.026   181331.009
   870:   181336.005   181348.009   181848.001   181940.005   181979.009
   875:   182016.005   182022.009   182024.005   182031.009   182032.005
   880:   182038.009   182591.003   182596.023   182596.021   182600.005
   885:   182630.001   182722.003   182981.009   182982.005   183042.009
   890:   183046.005   183084.009   183114.005   183172.009   183173.005
   895:   184292.009   184296.005   184404.009   184409.005   185097.013
   900:   185097.011   185116.009   185394.001   186526.005   186533.009
   905:   186534.005   186540.009   186543.005   186546.009   186549.003
   910:   186551.005   186554.023   186554.021   186556.009   186558.005
   915:   186588.001   186612.003   189055.013   189055.011   189076.009
   920:   189194.001   189926.003   189931.023   189931.021   189935.005
   925:   190378.009   190387.005   190397.009   190398.005   191228.009
   930:   191236.005   191244.009   191247.005   191379.009   191380.005
   935:   192432.013   192432.011   192452.009   192645.001   192837.005
   940:   192844.009   193064.003   193069.023   193069.021   193078.005
   945:   194742.009   194755.005   194760.009   194776.005   195022.009
   950:   195039.005   195071.009   195093.005   195118.009   195125.005
   955:   195570.013   195570.011   195595.009   195596.005   195602.009
   960:   195681.001   196402.003   196407.023   196407.021   196412.005
   965:   196765.009   196766.005   196966.009   196970.005   196973.009
   970:   196980.005   197032.009   197033.005   197040.009   197044.005
   975:   198648.009   198675.005   198788.009   198795.005   198823.009
   980:   198827.005   198839.009   198860.005   198908.013   198908.011
   985:   198987.009   199013.005   199019.009   199021.005   199028.009
   990:   199030.005   199036.009   199038.005   199044.009   199046.005
   995:   199052.009   199055.005   199061.009   199063.005   199070.009
  1000:   199071.005   199073.001   199078.009   199080.005   199085.009
  1005:   199089.005   199092.009   199113.005   199120.009   199121.005
  1010:   199128.009   199155.005   199161.009   199180.005   199185.009
  1015:   199188.005   199194.009   199196.005   199203.009   199205.005
  1020:   199211.009   199213.005   199219.009   199221.005   199228.009
  1025:   199230.005   199236.009   199238.005   199244.009   199246.005
  1030:   199253.009   199255.005   199261.009   199263.005   199270.009
  1035:   199271.005   199278.009   199280.005   199286.009   199288.005
  1040:   199294.009   199296.005   199302.009   199305.005   199311.009
  1045:   199313.005   199319.009   199321.005   199328.009   199330.005
  1050:   199336.009   199337.005   199361.009   199363.005   199370.009
  1055:   199371.005   199387.009   199388.005   199395.009   199396.005
  1060:   199412.009   199413.005   199420.009   199421.005   199437.009
  1065:   199438.005   199445.009   199446.005   199495.009   199496.005
  1070:   199587.009   199588.005   204073.018   207394.009   207395.005
  1075:   207401.009   207404.005   207409.009   207429.005   207435.009
  1080:   207437.005   207444.009   207445.005   207452.009   207453.005
  1085:   207459.009   207496.005   207497.003   207501.009   207503.005
  1090:   207503.016   207510.009   207511.005   207519.009   207520.005
  1095:   207527.009   207528.005   207553.026   207560.009   207580.005
  1100:   208066.009   208074.005   208144.009   208155.005   208187.009
  1105:   208200.005   208203.009   208602.005   208610.009   208945.005
  1110:   208950.009   208953.005   208959.009   208962.005   208966.009
  1115:   208970.005   208975.009   208978.005   208984.009   208986.005
  1120:   208992.009   208995.005   209000.009   209004.005   209006.001
  1125:   209007.009   209012.005   209014.009   209020.005   209023.009
  1130:   209120.005   209125.009   209162.005   209167.009   209179.005
  1135:   209183.009   209187.005   209192.009   209195.005   209201.009
  1140:   209203.005   209209.009   209211.005   209218.009   209219.005
  1145:   209285.009   209286.005   209293.009   209294.005   209310.009
  1150:   209311.005   209318.009   209319.005   209326.009   209327.005
  1155:   209335.009   209336.005   209343.009   209344.005   209468.009
  1160:   209469.005   209485.009   209486.005   209493.009   209494.005
  1165:   209510.009   209511.005   209518.009   209519.005   209535.009
  1170:   209536.005   209543.009   209544.005   209551.009   209552.005
  1175:   209568.009   209569.005   209593.009   209594.005   209618.009
  1180:   209619.005   214006.018   219690.003   219696.016   219741.009
  1185:   219746.026   219756.005   220664.009   220681.005   220694.009
  1190:   221015.005   221029.009   221032.005   221037.009   221122.005
  1195:   221133.009   221471.001   221635.005   221684.009   222461.003
  1200:   222466.023   222466.021   222476.005   222493.001   222762.003
  1205:   223424.009   223442.005   223468.009   223472.005   223559.009
  1210:   223584.005   223613.009   223617.005   223633.009   223650.005
  1215:   223658.009   223667.005   223683.009   223685.005   223934.009
  1220:   223936.005   223968.009   223970.005   224485.009   224676.005
  1225:   224683.009   224785.005   224790.009   224793.005   224799.009
  1230:   224802.005   224807.009   224819.005   224823.009   224827.005
  1235:   224832.009   224835.005   224841.009   224844.005   224848.009
  1240:   224852.005   224857.009   224860.005   224865.009   224868.005
  1245:   224874.009   224876.005   224883.009   224885.005   224891.009
  1250:   224893.005   224900.009   224901.005   224908.009   224910.005
  1255:   224916.009   224918.005   224925.009   224926.005   224933.009
  1260:   224935.005   224941.009   224943.005   224950.009   224951.005
  1265:   224958.009   224960.005   224967.009   224967.013   224967.011
  1270:   224968.005   224975.009   225059.005   225085.001   225086.009
  1275:   226258.003   226263.023   226263.021   226276.005   226687.009
  1280:   226705.005   226712.009   226725.005   226734.009   226745.005
  1285:   226751.009   226754.005   227936.009   227945.005   227956.009
  1290:   227957.005   228366.009   228370.005   228396.009   228397.005
  1295:   228427.009   228442.005   228764.013   228764.011   228791.009
  1300:   229020.001   229795.003   229800.023   229800.021   229808.005
  1305:   231346.009   231357.005   231468.009   231480.005   231488.009
  1310:   231512.005   231543.009   231546.005   231559.009   231561.005
  1315:   231612.009   231614.005   232301.013   232301.011   232322.009
  1320:   232366.005   232372.009   232414.001   233392.005   233394.009
  1325:   233450.005   233455.009   233458.005   233463.009   233467.005
  1330:   233471.009   233500.005   233505.009   233583.005   233588.009
  1335:   233609.005   233613.009   233617.005   233620.009   233633.005
  1340:   233638.009   233666.005   233672.009   233675.005   233679.009
  1345:   233700.005   233705.009   233708.005   233713.009   233725.005
  1350:   233730.009   233733.005   233738.009   233741.005   233747.009
  1355:   233750.005   233755.009   233758.005   233763.009   233766.005
  1360:   233772.009   233783.005   233789.009   233791.005   233797.009
  1365:   233800.005   233805.009   233808.005   233814.009   233817.005
  1370:   233821.009   233825.005   233830.009   233833.005   233839.009
  1375:   233841.005   233847.009   233850.005   233855.009   233858.005
  1380:   233863.009   233867.005   233872.009   233875.005   233881.009
  1385:   233883.005   233889.009   233891.005   233897.009   233900.005
  1390:   233905.009   233908.005   233913.009   233916.005   233922.009
  1395:   233925.005   233930.009   233933.005   233939.009   233941.005
  1400:   233947.009   233950.005   233955.009   233959.005   233964.009
  1405:   233967.005   233972.009   233975.005   233980.009   233983.005
  1410:   233989.009   233992.005   233997.009   234000.005   234005.009
  1415:   234008.005   234013.009   234017.005   234022.009   234025.005
  1420:   234031.009   234033.005   234039.009   234041.005   234048.009
  1425:   234050.005   234056.009   234058.005   234064.009   234066.005
  1430:   234073.009   234075.005   234081.009   234083.005   234089.009
  1435:   234091.005   234097.009   234099.005   234106.009   234108.005
  1440:   234115.009   234116.005   234122.009   234124.005   234131.009
  1445:   234133.005   234140.009   234141.005   234148.009   234149.005
  1450:   234156.009   234158.005   234164.009   234166.005   234173.009
  1455:   234175.005   234181.009   234183.005   234190.009   234192.005
  1460:   234197.009   234200.005   234206.009   234208.005   234215.009
  1465:   234216.005   234223.009   234225.005   234231.009   234233.005
  1470:   234240.009   234241.005   234248.009   234249.005   234256.009
  1475:   234258.005   234265.009   234266.005   234273.009   234275.005
  1480:   234281.009   234283.005   234290.009   234291.005   234298.009
  1485:   234300.005   234307.009   234308.005   234315.009   234316.005
  1490:   234323.009   234325.005   234331.009   234333.005   234340.009
  1495:   234341.005   234348.009   234349.005   234357.009   234358.005
  1500:   234365.009   234366.005   234382.009   234383.005   234390.009
  1505:   234391.005   234407.009   234408.005   234415.009   234416.005
  1510:   234432.009   234433.005   234482.009   234483.005   234490.009
  1515:   234491.005   234724.009   234725.005   234732.009   234733.005
  1520:   234740.009   234741.005   234757.009   234758.005   234782.009
  1525:   234783.005   234882.009   234883.005   234957.009   234958.005
  1530:   237414.018   240867.009   240868.005   240875.009   240877.005
  1535:   240882.009   240885.005   240891.009   240893.005   240899.009
  1540:   240919.005   240921.009   241210.005   241216.009   241218.005
  1545:   241225.009   241226.005   241233.009   241235.005   241242.009
  1550:   241243.005   241250.009   241251.005   241258.009   241260.005
  1555:   241266.009   241268.005   241275.009   241276.005   241283.009
  1560:   241285.005   241292.009   241293.005   241300.009   241301.005
  1565:   241309.009   241310.005   241317.009   241318.005   241322.003
  1570:   241325.009   241326.005   241328.016   241333.009   241335.005
  1575:   241341.009   241343.005   241350.009   241351.005   241357.009
  1580:   241360.005   241366.009   241368.005   241374.009   241377.005
  1585:   241378.026   241383.009   241384.005   241392.009   241393.005
  1590:   241417.009   241446.005   241868.009   242955.001   243027.005
  1595:   243031.009   243069.005   243073.009   243127.005   243132.009
  1600:   243134.005   243174.009   243185.005   243190.009   243193.005
  1605:   243199.009   243202.005   243207.009   243210.005   243216.009
  1610:   243219.005   243224.009   243227.005   243233.009   243235.005
  1615:   243242.009   243243.005   243250.009   243252.005   243258.009
  1620:   243260.005   243292.009   243293.005   243342.009   243343.005
  1625:   243367.009   243368.005   244293.003   244298.023   244298.021
  1630:   244684.009   244698.005   244709.009   244713.005   245134.009
  1635:   245149.005   245164.009   245166.005   245171.009   245191.005
  1640:   245200.009   245210.005   246799.013   246799.011   246814.009
  1645:   246913.001   246998.003   247003.023   247003.021   247009.005
  1650:   247024.001   247104.003   248260.009   248277.005   248497.009
  1655:   248523.005   248538.009   248540.005   248558.009   248587.005
  1660:   249504.013   249504.011   249537.009   249538.005   249543.009
  1665:   249663.001   250030.005   250035.009   250038.005   250044.009
  1670:   250046.005   250052.009   250054.005   250061.009   250063.005
  1675:   250069.009   250071.005   250078.009   250079.005   250095.009
  1680:   250096.005   250120.009   250121.005   250128.009   250129.005
  1685:   250137.009   250138.005   250145.009   250146.005   250153.009
  1690:   250154.005   250161.009   250163.005   250169.009   250172.005
  1695:   250176.009   250222.005   250226.009   250230.005   250234.009
  1700:   250280.005   250285.009   250288.005   250293.009   250296.005
  1705:   250302.009   250304.005   250311.009   250313.005   250319.009
  1710:   250321.005   250328.009   250329.005   250336.009   250338.005
  1715:   250344.009   250346.005   250352.009   250355.005   250360.009
  1720:   250363.005   250369.009   250372.005   250375.009   250380.005
  1725:   250385.009   250389.005   250391.009   250397.005   250402.009
  1730:   250405.005   250410.009   250413.005   250419.009   250421.005
  1735:   250428.009   250429.005   250436.009   250438.005   250445.009
  1740:   250446.005   250452.009   250454.005   250460.009   250463.005
  1745:   250469.009   250471.005   250477.009   250480.005   250486.009
  1750:   250488.005   250494.009   250496.005   250503.009   250504.005
  1755:   250511.009   250513.005   250520.009   250521.005   250528.009
  1760:   250529.005   250545.009   250546.005   250570.009   250571.005
  1765:   250620.009   250621.005   254663.018   259166.003   259172.016
  1770:   259202.009   259210.005   259222.026   260162.009   260166.005
  1775:   260171.009   260175.005   260183.009   260186.005   260193.009
  1780:   260198.005   260207.009   260363.005   260369.009   260371.005
  1785:   260378.009   260379.005   260385.009   260388.005   260394.009
  1790:   260480.005   260503.009   260546.005   260553.009   260554.005
  1795:   260561.009   260562.005   260570.009   260571.005   260711.009
  1800:   260724.005   260750.009   260756.005   260777.009   260779.005
  1805:   260810.009   260822.005   261162.001   266162.018   270061.003
  1810:   270067.016   270117.026   270129.009   270135.005   270568.009
  1815:   270589.005   270651.009   270659.005   270664.009   270673.005
  1820:   270829.009   270964.005   270978.009   271005.005   271013.009
  1825:   271018.005   271164.009   271182.005   271190.009   271197.005
  1830:   271204.009   271205.005   271229.009   271231.005   271255.009
  1835:   271264.005   271270.009   271272.005   271278.009   271280.005
  1840:   271287.009   271289.005   271296.009   271297.005   271304.009
  1845:   271305.005   271321.009   271332.005   271345.009   271347.005
  1850:   271353.009   271356.005   271361.009   271397.005   271403.009
  1855:   271406.005   271411.009   271414.005   271420.009   271422.005
  1860:   271428.009   271430.005   271436.009   271439.005   271445.009
  1865:   271447.005   271454.009   271455.005   271471.009   271472.005
  1870:   271479.009   271480.005   271496.009   271497.005   271621.009
  1875:   271622.005   271629.009   271630.005   271637.009   271639.005
  1880:   271645.009   271647.005   271653.009   271655.005   271662.009
  1885:   271664.005   271670.009   271672.005   271678.009   271680.005
  1890:   271687.009   271690.005   271694.009   271697.005   271703.009
  1895:   271705.005   271711.009   271714.005   271719.009   271722.005
  1900:   271728.009   271730.005   271736.009   271739.005   271744.009
  1905:   271748.005   271752.009   271764.005   271768.009   271889.005
  1910:   271894.009   271897.005   271903.009   271905.005   271971.009
  1915:   271972.005   271979.009   271980.005   271987.009   271989.005
  1920:   271994.009   271997.005   272003.009   272005.005   272011.009
  1925:   272014.005   272017.009   272031.005   272035.009   272039.005
  1930:   272045.009   272048.005   272053.009   272055.005   272061.009
  1935:   272064.005   272070.009   272072.005   272078.009   272081.005
  1940:   272086.009   272089.005   272095.009   272097.005   272103.009
  1945:   272105.005   272112.009   272113.005   272121.009   272122.005
  1950:   272129.009   272130.005   272154.009   272155.005   272229.009
  1955:   272230.005   272238.009   272239.005   272245.009   272247.005
  1960:   272253.009   272256.005   272261.009   272264.005   272270.009
  1965:   272272.005   272279.009   272280.005   272287.009   272288.005
  1970:   272304.009   272305.005   272329.009   272330.005   272346.009
  1975:   272347.005   272354.009   272355.005   272362.009   272363.005
  1980:   272370.009   272373.005   272377.009   272381.005   272386.009
  1985:   272389.005   272394.009   272397.005   272403.009   272404.001
  1990:   272405.005   272412.009   272414.005   272420.009   272422.005
  1995:   272429.009   272430.005   272437.009   272438.005   272446.009
  2000:   272447.005   272454.009   272455.005   272462.009   272463.005
  2005:   272471.009   272472.005   272479.009   272480.005   272487.009
  2010:   272488.005   272496.009   272497.005   272504.009   272505.005
  2015:   272512.009   272513.005   272521.009   272522.005   272529.009
  2020:   272530.005   272537.009   272538.005   272546.009   272547.005
  2025:   272554.009   272555.005   272562.009   272563.005   272579.009
  2030:   272580.005   272587.009   272588.005   272596.009   272597.005
  2035:   272604.009   272605.005   272612.009   272613.005   272621.009
  2040:   272622.005   272629.009   272630.005   272637.009   272638.005
  2045:   272645.009   272647.005   272654.009   272655.005   272661.009
  2050:   272664.005   272670.009   272672.005   272679.009   272680.005
  2055:   272687.009   272688.005   272704.009   272705.005   272712.009
  2060:   272713.005   272729.009   272730.005   272737.009   272738.005
  2065:   272779.009   272780.005   273154.009   273155.005   273179.009
  2070:   273180.005   273822.003   273827.023   273827.021   275867.009
  2075:   275869.005   275981.009   276003.005   276037.009   276130.005
  2080:   276269.009   276277.005   276328.013   276328.011   276359.009
  2085:   276362.005   276387.009   276394.005   276398.009   276402.005
  2090:   276475.001   281475.018   286327.003   286333.016   286383.026
  2095:   286429.009   286435.005   286804.009   286815.005   287648.009
  2100:   287656.005   287797.009   287798.005   288271.001   288553.003
  2105:   288558.023   288558.021   288583.001   288693.003   289842.009
  2110:   289843.005   290133.009   290134.005   290788.009   290845.005
  2115:   290986.009   290988.005   291059.013   291059.011   291102.009
  2120:   291105.005   291132.009   291200.001   291376.005   291379.009
  2125:   291384.005   291388.009   291392.005   291397.009   291401.005
  2130:   291403.009   291409.005   291412.009   291434.005   291440.009
  2135:   291442.005   291447.009   291468.005   291470.009   291475.005
  2140:   291481.009   291484.005   291489.009   291492.005   291498.009
  2145:   291500.005   291507.009   291508.005   291515.009   291517.005
  2150:   291523.009   291525.005   291531.009   291533.005   291540.009
  2155:   291541.005   291548.009   291550.005   291557.009   291558.005
  2160:   291565.009   291566.005   291574.009   291575.005   291582.009
  2165:   291583.005   291590.009   291591.005   296200.018   298928.003
  2170:   298934.016   298984.026   299069.009   299079.005   300155.009
  2175:   300162.005   300193.009   300198.005   300234.009   300238.005
  2180:   300257.009   300487.005   300492.009   300504.005   300509.009
  2185:   300512.005   300518.009   300520.005   300527.009   300528.005
  2190:   300535.009   300536.005   301111.009   301112.005   301119.009
  2195:   301121.005   301125.009   301238.005   301243.009   301245.005
  2200:   301252.009   301253.005   301261.009   301262.005   301269.009
  2205:   301270.005   301277.009   301279.005   301286.009   301287.005
  2210:   301294.009   301295.005   301311.009   301312.005   301319.009
  2215:   301320.005   301327.009   301329.005   301335.009   301417.005
  2220:   301426.009   301431.005   301436.009   301437.005   301443.009
  2225:   301444.005   301450.009   301471.005   301481.009   301489.005
  2230:   301498.009   301833.001   303278.003   303283.023   303283.021
  2235:   303289.005   303684.009   303705.005   303793.009   303796.005
  2240:   303880.009   303909.005   303918.009   303928.005   303943.009
  2245:   303947.005   303983.009   303997.005   305441.009   305469.005
  2250:   305493.009   305504.005   305629.009   305630.005   305656.009
  2255:   305661.005   305671.009   305694.005   305705.009   305723.005
  2260:   305784.013   305784.011   305823.009   305825.005   305830.009
  2265:   306051.001   307534.005   307541.009   307542.005   307691.009
  2270:   307692.005   307816.009   307817.005   307833.009   307834.005
  2275:   307841.009   307842.005   307849.009   307850.005   307858.009
  2280:   307859.005   307866.009   307867.005   307883.009   307884.005
  2285:   307891.009   307892.005   307983.009   307984.005   308008.009
  2290:   308009.005   308108.009   308109.005   311051.018   313482.009
  2295:   313483.005   313490.009   313491.005   313507.009   313508.005
  2300:   313515.009   313516.005   313528.009   313529.005   313604.009
  2305:   313605.005   313617.009   313619.005   313624.003   313626.009
  2310:   313627.005   313630.009   313630.016   313631.005   313637.009
  2315:   313639.005   313680.026   313681.009   313698.005   314028.009
  2320:   314037.005   314049.009   314052.005   314057.009   314059.005
  2325:   314092.009   314094.005   314100.009   314101.005   314125.009
  2330:   314126.005   314133.009   314134.005   314225.009   314226.005
  2335:   314250.009   314251.005   314258.009   314259.005   314267.009
  2340:   314268.005   314275.009   314276.005   314283.009   314284.005
  2345:   314291.009   314293.005   314299.009   314301.005   314307.009
  2350:   314309.005   314316.009   314318.005   314324.009   314326.005
  2355:   314333.009   314335.005   314341.009   314343.005   314349.009
  2360:   314352.005   314357.009   314360.005   314365.009   314368.005
  2365:   314373.009   314377.005   314379.009   314402.005   314407.009
  2370:   314410.005   314412.009   314418.005   314423.009   314426.005
  2375:   314432.009   314435.005   314440.009   314443.005   314448.009
  2380:   314452.005   314457.009   314460.005   314465.009   314510.005
  2385:   314514.009   314519.005   314522.009   314535.005   314540.009
  2390:   314576.001   314618.005   314623.009   314626.005   314632.009
  2395:   314635.005   314640.009   314643.005   314648.009   314651.005
  2400:   314657.009   314659.005   314665.009   314668.005   314674.009
  2405:   314676.005   314682.009   314684.005   314691.009   314693.005
  2410:   314699.009   314701.005   314708.009   314710.005   314716.009
  2415:   314718.005   314724.009   314752.005   314756.009   314768.005
  2420:   314774.009   314776.005   314782.009   314785.005   314790.009
  2425:   314793.005   314798.009   314801.005   314807.009   314810.005
  2430:   314815.009   314818.005   314824.009   314826.005   314832.009
  2435:   314834.005   314840.009   314843.005   314848.009   314860.005
  2440:   314865.009   314877.005   314880.009   314885.005   314888.009
  2445:   314893.005   314899.009   314901.005   314907.009   314910.005
  2450:   314915.009   314918.005   314923.009   314927.005   314931.009
  2455:   314935.005   314940.009   314943.005   314948.009   314951.005
  2460:   314957.009   314960.005   314965.009   314968.005   314974.009
  2465:   314976.005   314983.009   314984.005   314991.009   314993.005
  2470:   314998.009   315002.005   315006.009   315010.005   315015.009
  2475:   315027.005   315032.009   315034.005   315041.009   315043.005
  2480:   315049.009   315051.005   315057.009   315060.005   315065.009
  2485:   315068.005   315074.009   315076.005   315082.009   315084.005
  2490:   315091.009   315093.005   315099.009   315101.005   315107.009
  2495:   315109.005   315116.009   315118.005   315124.009   315126.005
  2500:   315132.009   315134.005   315141.009   315143.005   315150.009
  2505:   315151.005   315153.003   315158.009   315158.023   315158.021
  2510:   315159.005   315170.001   315283.003   315965.009   315977.005
  2515:   316101.009   316113.005   316130.009   316132.005   316183.009
  2520:   316184.005   316219.009   316225.005   317068.009   317070.005
  2525:   317106.009   317108.005   317157.009   317165.005   317179.009
  2530:   317188.005   317237.009   317244.005   317659.013   317659.011
  2535:   317808.009   317809.005   317815.009   317818.005   317823.009
  2540:   317842.001   317868.005   317873.009   317877.005   317881.009
  2545:   317884.005   317891.009   317892.005   317908.009   317909.005
  2550:   317925.009   317926.005   317933.009   317934.005   317941.009
  2555:   317942.005   317949.009   317951.005   317957.009   317959.005
  2560:   317966.009   317967.005   317975.009   317976.005   317983.009
  2565:   317984.005   317991.009   317992.005   318033.009   318034.005
  2570:   318050.009   318051.005   318058.009   318059.005   318091.009
  2575:   318092.005   318100.009   318101.005   318108.009   318109.005
  2580:   318116.009   318117.005   318124.009   318126.005   318133.009
  2585:   318134.005   318141.009   318142.005   318149.009   318151.005
  2590:   318158.009   318159.005   318166.009   318167.005   318175.009
  2595:   318176.005   318183.009   318184.005   318191.009   318192.005
  2600:   318200.009   318201.005   318208.009   318209.005   318216.009
  2605:   318217.005   318225.009   318226.005   318233.009   318234.005
  2610:   318241.009   318242.005   318249.009   318251.005   318258.009
  2615:   318259.005   318266.009   318267.005   318275.009   318276.005
  2620:   318283.009   318284.005   318291.009   318292.005   318300.009
  2625:   318301.005   318308.009   318309.005   318333.009   318334.005
  2630:   318358.009   318359.005   318863.003   318868.023   318868.021
  2635:   321369.013   321369.011   321641.001   323121.003   323126.023
  2640:   323126.021   323154.001   323216.003   323245.001   323265.003
  2645:   323554.009   323558.005   323851.009   323853.005   324441.009
  2650:   324444.005   324507.009   324510.005   324518.009   324529.005
  2655:   324604.009   324615.005   324632.009   324641.005   324802.009
  2660:   324812.005   324887.009   324931.005   324942.009   324946.005
  2665:   324957.009   324964.005   325001.009   325003.005   325627.013
  2670:   325627.011   325855.009   325863.005   325867.009   325870.005
  2675:   325877.009   325888.005   326124.001   331124.018   333740.003
  2680:   333746.016   333796.026   333798.009   333807.005   334175.009
  2685:   334177.005   334241.009   334262.005   334379.009   334380.005
  2690:   334397.009   334398.005   334428.009   334439.005   334657.009
  2695:   334658.005   334699.009   334700.005   334774.009   334775.005
  2700:   334782.009   334783.005   334807.009   334808.005   334832.009
  2705:   334833.005   334849.009   334850.005   334857.009   334858.005
  2710:   334874.009   334875.005   334882.009   334883.005   334890.009
  2715:   334892.005   334898.009   334900.005   334906.009   334908.005
  2720:   334914.009   334917.005   334923.009   334925.005   334931.009
  2725:   334933.005   334940.009   334942.005   334948.009   334950.005
  2730:   334957.009   334958.005   334965.009   334966.005   334974.009
  2735:   334975.005   334982.009   334983.005   334999.009   335000.005
  2740:   335007.009   335008.005   335024.009   335025.005   335032.009
  2745:   335033.005   335040.009   335041.005   335049.009   335050.005
  2750:   335057.009   335058.005   335065.009   335067.005   335074.009
  2755:   335075.005   335082.009   335083.005   335099.009   335100.005
  2760:   335124.009   335125.005   335132.009   335133.005   335249.009
  2765:   335250.005   335257.009   335258.005   335274.009   335275.005
  2770:   335282.009   335283.005   335299.009   335300.005   335307.009
  2775:   335308.005   335390.009   335393.005   335397.009   335400.005
  2780:   335407.009   335408.005   335413.001   335415.009   335417.005
  2785:   335424.009   335425.005   340413.018   344647.003   344653.016
  2790:   344703.026   344721.009   344738.005   345395.009   345406.005
  2795:   345413.009   345431.005   345438.009   345829.005   345857.009
  2800:   345858.005   345861.009   345894.005   345898.009   345906.005
  2805:   345921.009   345923.005   345939.009   345948.005   345951.009
  2810:   345965.005   345974.009   345984.005   346028.009   346062.005
  2815:   346071.009   346088.005   346094.009   346812.001   347558.003
  2820:   347563.023   347563.021   347566.005   349713.009   349734.005
  2825:   350064.013   350064.011   350084.009   350089.005   350105.009
  2830:   350114.005   350121.009   350122.005   350236.001   350838.003
  2835:   350843.023   350843.021   350891.001   350971.003   351209.009
  2840:   351214.005   352559.009   352567.005   353344.013   353344.011
  2845:   353498.009   353500.005   353506.009   353508.005   353514.009
  2850:   353528.001   353534.005   353537.009   353542.005   353547.009
  2855:   353576.005   353580.009   353584.005   353590.009   353592.005
  2860:   353598.009   353600.005   353607.009   353608.005   353615.009
  2865:   353617.005   353623.009   353625.005   353632.009   353633.005
  2870:   353649.009   353650.005   353674.009   353675.005   354374.009
  2875:   354375.005   355163.003   355168.023   355168.021   357551.009
  2880:   357574.005   357669.013   357669.011   357721.009   357742.005
  2885:   357851.001   362851.018   364785.003   364791.016   364841.026
  2890:   364873.009   364887.005   365322.009   365336.005   365345.009
  2895:   365352.005   365366.009   365376.005   365407.009   365416.005
  2900:   365422.009   365423.005   365428.009   365440.005   365444.009
  2905:   365473.005   365489.009   365490.005   365497.009   365498.005
  2910:   365967.001   368599.003   368604.023   368604.021   368965.009
  2915:   368969.005   369073.009   369079.005   369087.009   369090.005
  2920:   369097.009   369101.005   369110.009   369114.005   369148.009
  2925:   369151.005   371105.013   371105.011   371398.001   372928.003
  2930:   372933.023   372933.021   372969.001   373069.003   373404.009
  2935:   373408.005   373416.009   373421.005   373440.009   373447.005
  2940:   373697.009   373711.005   375434.013   375434.011   375452.009
  2945:   375457.005   375460.009   375464.005   375469.009   375483.005
  2950:   375490.009   375495.005   375585.001   380585.018   383243.003
  2955:   383249.016   383283.009   383292.005   383299.026   383793.009
  2960:   383798.005   383821.009   383826.005   383836.009   383837.005
  2965:   383861.009   383870.005   383877.009   383879.005   383906.009
  2970:   383917.005   384433.001   389433.018   393323.009   393324.005
  2975:   393331.009   393332.005   393339.009   393340.005   393348.009
  2980:   393349.005   393356.009   393357.005   393364.009   393365.005
  2985:   393373.009   393374.005   393381.009   393382.005   393389.009
  2990:   393391.005   393397.009   393399.005   393405.009   393408.005
  2995:   393413.009   393416.005   393422.009   393424.005   393430.009
  3000:   393432.005   393439.009   393440.005   393448.009   393449.005
  3005:   393456.009   393457.005   393498.009   393499.005   393788.003
  3010:   393794.016   393844.026   393931.009   393948.005   394651.009
  3015:   394689.005   394698.009   394699.005   394709.009   394710.005
  3020:   394715.009   394717.005   394723.009   394763.005   394767.009
  3025:   395051.005   395056.009   395058.005   395064.009   395512.001
  3030:   395711.005   395729.009   395856.005   395861.009   395862.005
  3035:   395866.009   395867.005   395873.009   395875.005   395877.009
  3040:   395878.005   395883.009   395885.005   395889.009   395890.005
  3045:   395892.009   395895.005   395901.009   395903.005   395907.009
  3050:   395908.005   395915.009   395916.005   395926.009   395927.005
  3055:   395931.009   395932.005   395943.009   395944.005   395951.009
  3060:   395952.005   400512.018   403381.003   403387.016   403437.026
  3065:   403482.009   403493.005   403935.009   403936.005   404005.009
  3070:   404007.005   404050.009   404063.005   404068.009   404075.005
  3075:   404123.009   404142.005   404147.009   404150.005   404179.009
  3080:   404189.005   405166.009   405167.005   405183.009   405184.005
  3085:   405191.009   405192.005   405199.009   405200.005   405208.009
  3090:   405209.005   405216.009   405217.005   405224.009   405225.005
  3095:   405233.009   405234.005   405241.009   405242.005   405249.009
  3100:   405250.005   405599.009   405600.005   405612.009   405618.005
  3105:   405996.001   410996.018   412710.003   412716.016   412766.026
  3110:   412770.009   412774.005   413259.009   413264.005   413285.009
  3115:   413289.005   413533.009   413534.005   413558.009   413561.005
  3120:   413678.009   413682.005   413686.009   413687.005   413690.009
  3125:   413715.005   413765.009   413785.005   413790.009   413792.005
  3130:   413838.009   413898.005   413902.009   413904.005   413907.009
  3135:   413918.005   413945.009   413973.005   414013.009   414031.005
  3140:   414034.009   414042.005   414043.009   414058.005   414062.009
  3145:   414063.005   414141.009   414142.005   414149.009   414150.005
  3150:   414166.009   414276.005   414279.009   414284.005   414289.009
  3155:   414292.005   414298.009   414301.005   414306.009   414309.005
  3160:   414314.009   414317.005   414323.009   414326.005   414331.009
  3165:   414343.005   414348.009   414350.005   414356.009   414359.005
  3170:   414365.009   414367.005   414373.009   414375.005   414382.009
  3175:   414384.005   414390.009   414392.005   414398.009   414401.005
  3180:   414406.009   414409.005   414414.009   414417.005   414422.009
  3185:   414426.005   414431.009   414434.005   414439.009   414443.005
  3190:   414448.009   414451.005   414456.009   414459.005   414465.009
  3195:   414468.005   414473.009   414476.005   414481.009   414484.005
  3200:   414489.009   414492.005   414498.009   414501.005   414507.009
  3205:   414509.005   414515.009   414524.005   414532.009   414534.005
  3210:   414540.009   414542.005   414548.009   414559.005   414564.009
  3215:   414568.005   414572.009   414584.005   414589.009   414601.005
  3220:   414606.009   414609.005   414614.009   414617.005   414622.009
  3225:   414634.005   414648.009   414651.005   415033.009   415034.005
  3230:   415333.009   415334.005   415508.009   415509.005   415516.009
  3235:   415517.005   415533.009   415534.005   415558.009   415559.005
  3240:   415650.009   415651.005   415658.009   415659.005   415666.009
  3245:   415667.005   415683.009   415684.005   415708.009   415709.005
  3250:   415725.009   415726.005   415733.009   415734.005   415750.009
  3255:   415751.005   415758.009   415759.005   415775.009   415776.005
  3260:   415783.009   415784.005   415850.009   415851.005   415858.009
  3265:   415859.005   415933.009   415934.005   416136.001   416488.003
  3270:   416493.023   416493.021   416522.001   416596.003   417589.009
  3275:   417632.005   417657.009   417670.005   418994.013   418994.011
  3280:   419026.009   419145.005   419150.009   419152.005   419199.001
  3285:   419210.009   419211.005   419217.009   419293.003   419298.023
  3290:   419298.021   419302.005   419327.001   419883.003   421528.009
  3295:   421534.005   421546.009   421579.005   421649.009   421654.005
  3300:   421663.009   421664.005   421690.009   421695.005   421720.009
  3305:   421722.005   421799.013   421799.011   421903.001   426903.018
  3310:   429654.003   429660.016   429698.009   429710.005   429710.026
  3315:   430011.009   430018.005   430037.009   430038.005   430041.009
  3320:   430047.005   430064.009   430067.005   430886.001   435886.018
  3325:   440050.009   440051.005   440057.009   440069.005   440073.009
  3330:   440193.005   440198.009   440201.005   440208.009   440209.005
  3335:   440300.003   440306.016   440309.009   440331.005   440356.026
  3340:   441641.009   441647.005   441658.009   441666.005   441682.009
  3345:   441688.005   441694.009   442730.005   442763.009   442767.005
  3350:   442772.009   442785.005   442794.009   442799.005   442815.009
  3355:   442820.005   442848.009   442849.005   442864.009   442866.005
  3360:   442881.009   442886.005   442892.009   442896.005   442905.009
  3365:   443323.001   445484.003   445489.023   445489.021   446713.005
  3370:   446716.009   446733.005   446763.009   446768.005   446781.009
  3375:   446790.005   446817.009   446824.005   446860.009   446873.005
  3380:   446885.009   446923.005   446945.009   446986.005   447099.009
  3385:   447103.005   447213.009   447214.005   447569.009   447574.005
  3390:   447595.009   447614.005   447631.009   447635.005   447645.009
  3395:   447990.013   447990.011   448129.001   449412.003   449417.023
  3400:   449417.021   449439.001   449530.003   449847.005   449863.009
  3405:   449867.005   449878.009   449883.005   449980.009   449993.005
  3410:   450022.009   450029.005   450045.009   450054.005   450871.009
  3415:   450876.005   450994.009   451003.005   451023.009   451028.005
  3420:   451037.009   451039.005   451058.009   451069.005   451131.009
  3425:   451139.005   451149.009   451153.005   451918.013   451918.011
  3430:   451940.009   452183.001   456280.005   456321.009   456322.005
  3435:   456327.009   456447.005   456452.009   456548.005   456552.009
  3440:   456556.005   456561.009   456564.005   456569.009   456823.005
  3445:   456828.009   456831.005   456836.009   456848.005   456852.009
  3450:   456856.005   456861.009   456865.005   456870.009   456890.005
  3455:   456895.009   456914.005   456919.009   456923.005   456928.009
  3460:   456931.005   456937.009   456939.005   456944.009   456948.005
  3465:   456953.009   456956.005   456961.009   457023.005   457028.009
  3470:   457031.005   457037.009   457040.005   457045.009   457047.005
  3475:   457054.009   457123.005   457128.009   457131.005   457137.009
  3480:   457183.018   457448.005   457453.009   457456.005   457462.009
  3485:   457607.005   457612.009   457674.005   457679.009   457682.005
  3490:   457687.009   457699.005   457701.009   457724.005   457728.009
  3495:   457791.005   457795.009   457798.005   457804.009   457807.005
  3500:   457813.009   457815.005   457821.009   457824.005   457828.009
  3505:   457899.005   457904.009   457907.005   457912.009   457915.005
  3510:   457921.009   457923.005   457929.009   457932.005   457937.009
  3515:   457940.005   457945.009   458066.005   458071.009   458074.005
  3520:   458079.009   458082.005   458087.009   458241.005   458246.009
  3525:   458249.005   458255.009   458257.005   458263.009   458266.005
  3530:   458271.009   458274.005   458279.009   458324.005   458329.009
  3535:   458341.005   458346.009   458349.005   458355.009   458357.005
  3540:   458362.009   458374.005   458379.009   458382.005   458387.009
  3545:   458491.005   458496.009   458499.005   458505.009   458507.005
  3550:   458513.009   458516.005   458521.009   458608.005   458613.009
  3555:   458692.005   458696.009   458966.005   458972.009   458975.005
  3560:   458979.009   459058.005   459062.009   459066.005   459072.009
  3565:   459075.005   459080.009   459091.005   459097.009   459099.005
  3570:   459105.009   459108.005   459113.009   459116.005   459122.009
  3575:   459125.005   459130.009   459134.005   459137.009   459141.005
  3580:   459147.009   459150.005   459155.009   459158.005   459164.009
  3585:   459166.005   459173.009   459174.005   459182.009   459183.005
  3590:   459189.009   459191.005   459198.009   459199.005   459205.009
  3595:   459267.005   459271.009   459275.005   459279.009   459284.005
  3600:   459289.009   459292.005   459297.009   459308.005   459314.009
  3605:   459317.005   459322.009   459325.005   459331.009   459333.005
  3610:   459339.009   459341.005   459348.009   459350.005   459356.009
  3615:   459358.005   459364.009   459366.005   459373.009   459375.005
  3620:   459381.009   459383.005   459389.009   459391.005   459398.009
  3625:   459400.005   459406.009   459408.005   459414.009   459416.005
  3630:   459423.009   459425.005   459431.009   459433.005   459439.009
  3635:   459567.005   459572.009   459575.005   459581.009   459583.005
  3640:   459590.009   459591.005   459724.009   459725.005   459731.009
  3645:   459750.005   459756.009   459767.005   459772.009   459775.005
  3650:   459780.009   459784.005   459789.009   462015.003   462021.016
  3655:   462071.026   462097.005   462447.009   462470.005   462537.009
  3660:   462548.005   462565.009   462742.005   462753.009   463559.001
  3665:   467962.005   467967.009   467970.005   467993.009   467995.005
  3670:   468000.009   468559.018   470111.003   470117.016   470137.001
  3675:   470167.026   470340.005   470345.009   470347.005   470353.009
  3680:   471132.003   471137.023   471137.021   471147.005   471169.009
  3685:   471183.005   472034.009   472068.005   472082.009   472138.005
  3690:   472143.009   473205.005   473223.009   473250.005   473280.009
  3695:   473289.005   473294.009   473311.005   473543.009   473556.005
  3700:   473611.009   473618.005   473623.009   473631.005   473638.013
  3705:   473638.011   473639.009   473751.001   478751.018   481250.003
  3710:   481256.016   481296.005   481306.026   482020.009   482036.005
  3715:   482041.009   482049.005   482055.009   482058.005   482071.009
  3720:   482079.005   482088.009   482089.005   482094.009   482099.005
  3725:   482103.009   483340.001   485879.003   485884.023   485884.021
  3730:   486273.005   486678.009   486699.005   486712.009   486713.005
  3735:   486718.009   487715.005   487728.009   487733.005   487752.009
  3740:   487768.005   487817.009   487901.005   487911.009   487920.005
  3745:   487961.009   487972.005   488385.013   488385.011   488404.009
  3750:   488783.005   488786.009   488788.005   488797.009   488799.005
  3755:   488809.009   488822.005   488829.009   488835.005   488839.009
  3760:   488846.005   488856.009   489090.001   494090.018   496408.003
  3765:   496414.016   496419.001   496439.003   496464.026   496468.005
  3770:   496872.009   496876.005   496921.009   496928.005   496941.009
  3775:   497811.001   498597.003   498602.023   498602.021   498628.001
  3780:   498729.003   500811.005   500816.009   500839.005   500898.009
  3785:   500900.005   500911.009   500920.005   500926.009   500965.005
  3790:   501069.009   501070.005   501088.009   501089.005   501096.009
  3795:   501103.013   501103.011   501114.005   501116.009   501212.001
  3800:   502893.003   502898.023   502898.021   502925.001   502997.003
  3805:   504842.005   504918.009   504926.005   504966.009   504970.005
  3810:   504983.009   504998.005   505011.009   505014.005   505030.009
  3815:   505031.005   505274.009   505284.005   505304.009   505310.005
  3820:   505315.009   505321.005   505332.009   505399.013   505399.011
  3825:   505629.001   507364.003   507369.023   507369.021   507403.001
  3830:   507491.003   507721.005   507749.009   507750.005   508081.009
  3835:   508091.005   508107.009   508116.005   508123.009   508125.005
  3840:   508145.009   508155.005   508175.009   508177.005   508183.009
  3845:   508185.005   509870.013   509870.011   509886.009   510008.005
  3850:   510018.009   510333.001   515333.018   518530.003   518536.016
  3855:   518580.005   518586.026   518989.009   518992.005   519039.009
  3860:   519045.005   519053.009   519060.005   519211.009   519368.005
  3865:   519376.009   519397.005   519405.009   519414.005   519423.009
  3870:   519428.005   519437.009   519452.005   519528.009   519533.005
  3875:   519541.009   519594.005   519615.009   519661.005   519664.009
  3880:   521037.001   526037.018   530579.003   530585.016   530635.026
  3885:   530641.005   530645.009   530656.005   531097.009   531103.005
  3890:   531178.009   531193.005   531199.009   531211.005   531262.009
  3895:   531276.005   531291.009   531305.005   531322.009   531331.005
  3900:   531351.009   531356.005   532171.009   532184.005   532230.009
  3905:   532245.005   532262.009   532263.005   532271.009   532275.005
  3910:   532283.009   532322.005   532331.009   534190.001   535579.003
  3915:   535584.023   535584.021   536196.005   536209.009   536210.005
  3920:   536507.009   536514.005   536542.009   536550.005   536556.009
  3925:   536587.005   536607.009   536609.005   536643.009   536741.005
  3930:   536782.009   536791.005   536801.009   538085.013   538085.011
  3935:   538223.001   538447.003   538452.023   538452.021   538484.001
  3940:   538558.003   540803.005   540823.009   540828.005   540953.013
  3945:   540953.011   540998.009   541004.005   541015.009   541018.005
  3950:   541030.009   541035.005   541044.009   541115.001   546115.018
  3955:   547408.003   547414.016   547424.001   547464.026   547594.005
  3960:   547607.009   547608.005   547624.009   547943.003   547948.023
  3965:   547948.021   547957.005   547963.009   547964.005   547980.009
  3970:   547988.005   549021.009   549093.005   549368.009   549407.005
  3975:   549422.009   550449.013   550449.011   550685.005   550690.009
  3980:   550732.005   550740.009   552067.005   552072.009   552136.005
  3985:   552272.009   552278.005   552285.009   552289.005   552315.009
  3990:   552330.005   552495.009   552499.005   552513.009   552519.005
  3995:   552524.009   552528.005   552534.009   552549.005   552554.009
  4000:   552559.005   552564.009   552566.005   552572.009   552776.001
  4005:   557776.018   560353.003   560359.016   560409.026   560489.005
  4010:   560991.009   563292.001   568292.018   572739.003   572745.016
  4015:   572795.026   572846.005   573371.009   574678.001   575450.003
  4020:   575455.023   575455.021   577956.013   577956.011   578365.001
  4025:   579635.003   579640.023   579640.021   579672.001   579737.003
  4030:   579954.005   580025.009   580087.005   580103.009   581882.005
  4035:   581887.009   581893.005   581897.009   581900.005   581906.009
  4040:   582035.005   582040.009   582041.005   582046.009   582078.005
  4045:   582094.009   582095.005   582141.013   582141.011   582185.009
  4050:   582219.005   582267.009   582277.005   582284.009   582303.005
  4055:   582308.009   582514.001   587514.018   592308.003   592314.016
  4060:   592364.026   592412.005   592814.009   592819.005   592831.009
  4065:   592834.005   592858.009   592873.005   592880.009   592888.005
  4070:   592911.009   593828.005   593832.009   594511.001   596323.003
  4075:   596328.023   596328.021   596354.001   596399.003   596622.005
  4080:   596655.009   596658.005   596667.009   598828.005   598829.013
  4085:   598829.011   598831.009   598840.005   598866.009   598878.005
  4090:   598884.009   599012.001   601131.003   601136.023   601136.021
  4095:   601167.001   601244.003   603637.013   603637.011   603903.001
  4100:   604819.003   604824.023   604824.021   604831.001   604961.003
  4105:   605232.005   605398.009   605412.005   605472.009   605542.005
  4110:   605569.009   605587.005   605605.009   605613.005   605681.009
  4115:   605797.005   606180.009   606182.005   606190.009   607325.013
  4120:   607325.011   607597.001   608798.003   608803.023   608803.021
  4125:   610969.005   610977.009   610980.005   611049.009   611103.005
  4130:   611106.009   611146.005   611304.013   611304.011   611361.009
  4135:   611369.005   611381.009   611390.005   611396.009   611500.001
  4140:   616500.018   617924.003   617930.016   617980.026   618257.001
  4145:   618541.003   618546.023   618546.021   618595.005   619344.009
  4150:   621047.013   621047.011   621387.001   621727.003   621732.023
  4155:   621732.021   621743.001   621841.003   622983.005   622990.009
  4160:   622991.005   623023.009   623041.005   623049.009   623153.005
  4165:   623171.009   623280.005   623293.009   623309.005   623321.009
  4170:   623381.005   623391.009   624233.013   624233.011   624464.001
  4175:   625224.003   625229.023   625229.021   625283.001   625329.003
  4180:   625661.005   625687.009   625741.005   625753.009   625757.005
  4185:   625781.009   627730.013   627730.011   628115.005   628122.009
  4190:   628417.001   633417.018   636811.003   636817.016   636865.005
  4195:   636867.026   637235.009   637257.005   637344.009   637362.005
  4200:   637386.009   637405.005   637411.009   638894.001   643541.003
  4205:   643546.023   643546.021   643565.001   643647.003   644132.005
  4210:   644268.009   644514.005   644707.009   644727.005   644731.009
  4215:   646047.013   646047.011   646378.001   649224.003   649229.023
  4220:   649229.021   649262.001   649349.003   649574.005   649851.009
  4225:   649865.005   649896.009   650036.005   650055.009   651730.013
  4230:   651730.011   651731.061   651732.061   651733.061   651734.061
  4235:   651735.061
B:
     0:        0.000      132.000        0.000      132.000        0.000
     5:     1803.000        0.000        0.000        0.000     1803.000
    10:        0.000       60.000        0.000       60.000        0.000
    15:        0.000       41.000        0.000       41.000        0.000
    20:        0.000       59.000        0.000       59.000        0.000
    25:        0.000       41.000        0.000        0.000        0.000
    30:        0.000
D:
     0:  2315284.000  2312439.000  2315285.000
E:
     0:     5000.000     5000.000
T:
     0:        0.000        0.000        0.000        0.000
W:
     0:        0.000        0.000        0.000
