File: C:\MED-PC IV\Data\Reyes\AY\AY5055.999


Start Date: 11/29/24
End Date: 11/29/24
Subject: 55
Experiment: AY
Group: SHORT
Box: 2
Start Time: 14:07:52
End Time: 14:33:47
MSN: DRRD_timeout_retract
C:       0.000
F:       0.000
G:       0.000
H:       0.000
I:       0.000
J:       0.000
K:   10000.000
L:       0.000
M:       0.000
N:     100.000
O:       0.000
P:    2500.000
Q:       0.000
R:       0.000
S:       0.000
U:    2373.000
V:       0.000
X:       0.000
Y:     949.000
Z:       0.000
A:
     0:    15000.013    15000.011    15806.001    20806.018    21433.003
     5:    21439.016    21462.005    21489.026    22000.009    22007.005
    10:    22010.009    22265.001    27265.018    31048.003    31054.016
    15:    31099.005    31104.026    31504.009    31505.005    31510.009
    20:    31512.005    31517.009    31858.001    36858.018    36902.003
    25:    36908.016    36958.026    37003.005    37330.009    37332.005
    30:    37341.009    37345.005    37355.009    37360.005    37368.009
    35:    37798.001    42798.018    43966.003    43972.016    44022.026
    40:    44044.005    44858.009    45243.001    46498.003    46503.023
    45:    46503.021    46522.001    46799.003    49004.013    49004.011
    50:    49188.001    54188.018    54871.003    54877.016    54916.005
    55:    54927.026    55278.009    55288.005    55293.009    55316.005
    60:    55324.009    55327.005    55334.009    55700.001    60700.018
    65:    60797.003    60803.016    60840.005    60853.026    61313.009
    70:    61322.005    61335.009    61347.005    61353.009    61359.005
    75:    61366.009    61644.001    66644.018    67739.003    67745.016
    80:    67793.005    67795.026    68297.009    68299.005    68305.009
    85:    68721.001    73621.003    73626.023    73626.021    73685.005
    90:    73873.009    75237.005    75244.009    76127.013    76127.011
    95:    76395.001    81395.018    81636.003    81642.016    81683.005
   100:    81692.026    82125.009    82126.005    82139.009    82144.005
   105:    82155.009    82484.001    87484.018    87926.003    87932.016
   110:    87982.026    87985.005    88467.009    88474.005    88486.009
   115:    88496.005    88514.009    88521.005    88527.009    88528.005
   120:    88559.009    88570.005    88580.009    88602.005    88607.009
   125:    88932.001    93932.018    94393.003    94399.016    94449.026
   130:    94477.005    94937.009    94939.005    94949.009    95296.001
   135:   100296.018   101834.003   101840.016   101890.026   101921.005
   140:   102430.009   102442.005   102449.009   102743.001   107743.018
   145:   108645.003   108651.016   108701.026   108760.005   109595.009
   150:   110219.001   115219.018   115858.003   115864.016   115914.026
   155:   115957.005   116359.009   116365.005   116388.009   116812.001
   160:   121391.003   121396.023   121396.021   123897.013   123897.011
   165:   124065.001   128941.003   128946.023   128946.021   128991.005
   170:   129148.009   129149.005   129156.009   131216.005   131226.009
   175:   131243.005   131279.009   131289.005   131293.009   131447.013
   180:   131447.011   131708.001   136708.018   138517.003   138523.016
   185:   138572.005   138573.026   139259.009   139543.001   143597.003
   190:   143602.023   143602.021   143610.001   143635.003   144932.005
   195:   144956.009   146103.013   146103.011   146279.001   151279.018
   200:   152573.003   152579.016   152629.026   152637.005   153272.009
   205:   153576.001   158576.018   159116.003   159122.016   159172.026
   210:   159202.005   159479.009   159482.005   159500.009   159504.005
   215:   159545.009   159793.001   164793.018   166261.003   166267.016
   220:   166317.026   166339.005   167005.009   167470.001   172470.018
   225:   174345.003   174351.016   174401.026   174434.005   174915.009
   230:   175208.001   180208.018   182134.003   182140.016   182190.026
   235:   182212.005   182602.009   182618.005   182685.009   182998.001
   240:   187998.018   190500.003   190506.016   190556.026   190606.005
   245:   190924.009   190932.005   190992.009   191302.001   191511.003
   250:   191516.023   191516.021   191521.001   191963.003   194017.013
   255:   194017.011   194235.001   197590.003   197595.023   197595.021
   260:   200096.013   200096.011   200424.001   205424.018   207370.003
   265:   207376.016   207401.005   207426.026   207845.009   207872.005
   270:   207878.009   208176.001   213176.018   214114.003   214120.016
   275:   214170.026   214205.005   214950.009   215414.001   220414.018
   280:   221733.003   221739.016   221789.026   221805.005   222274.009
   285:   222275.005   222347.009   222385.005   222392.009   222779.001
   290:   227779.018   229456.003   229462.016   229512.026   229546.005
   295:   229848.009   229869.005   229873.009   229875.005   229878.009
   300:   230962.001   235962.018   236751.003   236757.016   236807.026
   305:   236857.005   237231.009   237269.005   237303.009   237814.001
   310:   242814.018   244670.003   244676.016   244726.026   244784.005
   315:   245169.009   245183.005   245257.009   245289.005   245306.009
   320:   245634.001   250634.018   252392.003   252398.016   252448.026
   325:   252483.005   253028.009   253557.001   253581.003   253586.023
   330:   253586.021   253629.001   253832.003   256087.013   256087.011
   335:   256368.001   261368.018   262286.003   262292.016   262336.005
   340:   262342.026   262746.009   262757.005   262773.009   263125.001
   345:   268125.018   269976.003   269982.016   270032.026   270054.005
   350:   271067.009   271581.001   276581.018   278950.003   278956.016
   355:   279006.026   279026.005   279398.009   279410.005   279473.009
   360:   279896.001   284896.018   286888.003   286894.016   286944.026
   365:   286977.005   287366.009   287367.005   287404.009   287809.001
   370:   292809.018   294236.003   294242.016   294292.026   294322.005
   375:   294799.009   294861.005   294880.009   294919.005   294963.009
   380:   295640.001   300640.018   302001.003   302007.016   302057.026
   385:   302080.005   302639.009   303329.001   308329.018   309266.003
   390:   309272.016   309322.026   309358.005   309754.009   309767.005
   395:   309772.009   309796.005   309805.009   309829.005   309837.009
   400:   309848.005   309855.009   310311.001   315311.018   317191.003
   405:   317197.016   317247.026   317289.005   317770.009   318212.001
   410:   323212.018   324503.003   324509.016   324559.026   324598.005
   415:   325266.009   325899.001   330899.018   331565.003   331571.016
   420:   331621.026   331644.005   332283.009   332306.005   332338.009
   425:   333013.001   338013.018   339432.003   339438.016   339488.026
   430:   339489.005   340108.009   341393.001   346393.018   348178.003
   435:   348184.016   348234.026   348275.005   348847.009   349311.001
   440:   354311.018   355727.003   355733.016   355783.026   355819.005
   445:   356191.009   356225.005   356259.009   356713.001   361713.018
   450:   363517.003   363523.016   363573.026   363611.005   364236.009
   455:   364271.005   364310.009   365213.001   370213.018   371968.003
   460:   371974.016   372024.026   372067.005   372557.009   373724.001
   465:   378724.018   379665.003   379671.016   379721.026   379764.005
   470:   380151.009   380166.005   380192.009   382259.001   386276.003
   475:   386281.023   386281.021   388542.005   388638.009   388782.013
   480:   388782.011   389021.001   391923.003   391928.023   391928.021
   485:   391959.001   392048.003   394429.013   394429.011   395028.001
   490:   400028.018   401711.003   401717.016   401767.026   401802.005
   495:   402652.009   402670.005   402814.009   403331.001   408331.018
   500:   408505.003   408511.016   408553.005   408561.026   409296.009
   505:   409495.005   409589.009   409720.005   409726.009   410076.001
   510:   415076.018   417355.003   417361.016   417411.026   417435.005
   515:   417966.009   417987.005   418000.009   418025.005   418034.009
   520:   418568.001   423568.018   425125.003   425131.016   425181.026
   525:   425218.005   425652.009   426487.001   426517.003   426522.023
   530:   426522.021   426563.001   426642.003   427200.005   427213.009
   535:   429023.013   429023.011   429255.005   429312.009   429429.001
   540:   434429.018   435869.003   435875.016   435907.005   435925.026
   545:   436523.009   437046.001   442046.018   442497.003   442503.016
   550:   442553.026   442557.005   443264.009   443266.005   443273.009
   555:   443277.005   443332.009   443344.005   443439.009   443990.001
   560:   448990.018   449215.003   449221.016   449271.026   449289.005
   565:   449843.009   449860.005   449878.009   449879.005   449906.009
   570:   449933.005   450126.009   450138.005   450144.009   450944.001
   575:   455944.018   457641.003   457647.016   457697.026   457708.005
   580:   458178.009   458181.005   458191.009   458192.005   458260.009
   585:   458277.005   458282.009   458358.005   458366.009   459035.001
   590:   464035.018   465382.003   465388.016   465438.026   465449.005
   595:   466038.009   466080.005   466107.009   467491.001   472491.018
   600:   473611.003   473617.016   473667.026   473673.005   474264.009
   605:   474275.005   474325.009   474420.005   474425.009   475478.001
   610:   480478.018   481494.003   481500.016   481550.026   481558.005
   615:   482193.009   482267.005   482285.009   482327.005   482331.009
   620:   483221.001   488221.018   490595.003   490601.016   490651.026
   625:   490673.005   491122.009   491148.005   491210.009   491214.005
   630:   491221.009   491956.001   496956.018   498149.003   498155.016
   635:   498205.026   498236.005   498733.009   499313.001   504313.018
   640:   506022.003   506028.016   506078.026   506132.005   506538.009
   645:   506735.005   506753.009   506793.005   506800.009   506803.005
   650:   506808.009   508303.001   513303.018   514816.003   514822.016
   655:   514872.026   514903.005   515607.009   515616.005   515638.009
   660:   516323.001   521323.018   521924.003   521930.016   521980.026
   665:   522014.005   522509.009   522510.005   522520.009   523396.001
   670:   528396.018   529156.003   529162.016   529212.026   529255.005
   675:   529792.009   529796.005   529822.009   529828.005   529834.009
   680:   530430.001   535430.018   536400.003   536406.016   536456.026
   685:   536485.005   537158.009   537214.005   537217.009   538457.001
   690:   543457.018   545092.003   545098.016   545148.026   545198.005
   695:   545681.009   545753.005   545758.009   547423.001   552423.018
   700:   554715.003   554721.016   554771.026   554787.005   555491.009
   705:   556712.001   561712.018   562732.003   562738.016   562788.026
   710:   562826.005   563472.009   563483.005   563492.009   565005.001
   715:   565309.003   565314.023   565314.021   565325.001   565910.003
   720:   567815.013   567815.011   568010.001   573010.018   573693.003
   725:   573699.016   573749.026   573774.005   574405.009   575921.001
   730:   580921.018   581736.003   581742.016   581792.026   581826.005
   735:   582304.009   582400.005   582609.009   583323.001   588323.018
   740:   589121.003   589127.016   589177.026   589194.005   589640.009
   745:   589761.005   589820.009   590796.001   595796.018   597453.003
   750:   597459.016   597509.026   597541.005   597988.009   598074.005
   755:   598077.009   599564.001   604564.018   605684.003   605690.016
   760:   605740.026   605755.005   606514.009   608375.001   613375.018
   765:   613793.003   613799.016   613849.026   613864.005   614900.009
   770:   614943.005   614965.009   616527.001   621527.018   623050.003
   775:   623056.016   623106.026   623157.005   623895.009   623896.005
   780:   624263.009   625868.001   630868.018   631609.003   631615.016
   785:   631665.026   631705.005   632337.009   632410.005   632420.009
   790:   632525.005   632596.009   632601.005   632633.009   632673.005
   795:   632687.009   632748.005   632764.009   634014.005   634062.009
   800:   635391.001   640391.018   640894.003   640900.016   640950.026
   805:   641001.005   641554.009   641568.005   641586.009   641602.005
   810:   641685.009   641825.005   641833.009   643113.005   643122.009
   815:   643370.005   643397.009   644580.001   649580.018   651892.003
   820:   651898.016   651948.026   651981.005   652644.009   654911.001
   825:   659911.018   661869.003   661875.016   661925.026   661961.005
   830:   662425.009   662484.005   662491.009   664389.001   669389.018
   835:   671068.003   671074.016   671124.026   671144.005   672156.009
   840:   673823.001   678823.018   680068.003   680074.016   680124.026
   845:   680143.005   681119.009   683109.001   688109.018   689899.003
   850:   689905.016   689955.026   689989.005   690531.009   692597.001
   855:   697597.018   698067.003   698073.016   698123.026   698175.005
   860:   698539.009   700417.001   705417.018   706624.003   706630.016
   865:   706680.026   706702.005   707185.009   707386.005   707397.009
   870:   711271.001   716271.018   717968.003   717974.016   718024.026
   875:   718040.005   718679.009   718755.005   718760.009   721580.001
   880:   726580.018   727757.003   727763.016   727813.026   727832.005
   885:   728373.009   728457.005   728459.009   731169.001   736169.018
   890:   736477.003   736483.016   736533.026   736577.005   737041.009
   895:   737088.005   737096.009   737117.005   737124.009   739404.001
   900:   742577.003   742582.023   742582.021   745083.013   745083.011
   905:   745410.001   750410.018   751650.003   751656.016   751706.026
   910:   751732.005   752277.009   752285.005   752292.009   752541.005
   915:   752593.009   752634.005   752641.009   753931.001   758931.018
   920:   759406.003   759412.016   759462.026   759499.005   759925.009
   925:   761338.001   766338.018   766555.003   766561.016   766611.026
   930:   766633.005   767127.009   767189.005   767203.009   769784.001
   935:   774538.003   774543.023   774543.021   774617.005   774619.009
   940:   774624.005   775032.009   777044.013   777044.011   777045.061
   945:   777046.061   777047.061   777048.061   777049.061
B:
     0:        0.000      107.000        0.000      107.000        0.000
     5:      207.000        0.000        0.000        0.000      207.000
    10:        0.000       15.000        0.000       15.000        0.000
    15:        0.000       86.000        0.000       86.000        0.000
    20:        0.000       14.000        0.000       14.000        0.000
    25:        0.000       86.000        0.000        0.000        0.000
    30:        0.000
D:
     0:   776910.000   772157.000   776911.000
E:
     0:     5000.000     5000.000
T:
     0:        0.000        0.000        0.000        0.000
W:
     0:        0.000        0.000        0.000
