File: C:\MED-PC IV\Data\Reyes\BB\BB0108.999


Start Date: 06/28/25
End Date: 06/28/25
Subject: 108
Experiment: BB
Group: TIMEOUT
Box: 4
Start Time: 15:08:25
End Time: 15:12:59
MSN: autoshapeRecordingLeverPresses_retract
C:       0.000
F:      60.000
G:       0.000
H:       0.000
I:       0.000
J:       0.000
K:       0.000
L:       0.000
M:       0.000
N:       0.000
O:       0.000
P:       0.000
Q:       0.000
R:       0.000
U:  114279.000
V:       0.000
X:       0.000
Y:     756.000
Z:       0.000
A:
     0:     3918.005     4610.009    12785.005    13033.009    13082.005
     5:    13687.009    15000.013    15000.011    16234.001    16235.018
    10:    16468.003    16473.023    16473.021    16474.016    16524.026
    15:    16691.005    16774.013    16774.011    17638.009    18174.001
    20:    18175.018    18232.003    18237.023    18237.021    18238.016
    25:    18285.001    18288.026    18316.003    18526.005    18538.013
    30:    18538.011    19232.009    19555.005    19559.009    19567.005
    35:    19739.009    19748.005    20274.009    20336.005    20458.009
    40:    20742.001    20743.018    20909.003    20914.023    20914.021
    45:    20915.016    20965.026    21207.005    21215.013    21215.011
    50:    21997.009    23119.005    23743.009    23848.005    24140.009
    55:    24674.001    24675.018    24743.003    24748.023    24748.021
    60:    24749.016    24799.026    24947.005    25049.013    25049.011
    65:    25380.009    25683.001    25684.018    25814.003    25819.023
    70:    25819.021    25820.016    25870.026    26120.013    26120.011
    75:    26201.005    26782.009    27176.001    27177.018    27658.003
    80:    27663.023    27663.021    27664.016    27714.026    27871.005
    85:    27964.013    27964.011    28346.009    28597.001    28598.018
    90:    28896.003    28901.023    28901.021    28902.016    28952.026
    95:    29098.005    29202.013    29202.011    29546.009    29659.005
   100:    29686.009    30036.001    30037.018    30306.003    30311.023
   105:    30311.021    30312.016    30362.026    30540.005    30550.009
   110:    30555.005    30612.013    30612.011    31578.009    31684.005
   115:    31815.009    32367.001    32368.018    32852.003    32857.023
   120:    32857.021    32858.016    32880.001    32908.026    32954.003
   125:    33158.013    33158.011    33261.005    33852.009    34362.001
   130:    34363.018    34629.003    34634.023    34634.021    34635.016
   135:    34685.026    34895.005    34935.013    34935.011    35480.009
   140:    35822.001    35823.018    35954.003    35959.023    35959.021
   145:    35960.016    36010.026    36260.013    36260.011    36350.005
   150:    36687.009    36979.001    36980.018    37474.003    37479.023
   155:    37479.021    37480.016    37530.026    37686.005    37780.013
   160:    37780.011    38004.009    38391.001    38392.018    38683.003
   165:    38688.023    38688.021    38689.016    38739.026    38905.005
   170:    38989.013    38989.011    39256.009    39603.001    39604.018
   175:    40356.003    40361.023    40361.021    40362.016    40412.026
   180:    40492.005    40662.013    40662.011    41005.009    41071.005
   185:    41076.009    41161.005    41162.009    41790.001    41791.018
   190:    42061.003    42066.023    42066.021    42067.016    42117.026
   195:    42168.005    42367.013    42367.011    42770.009    43025.001
   200:    43026.018    43288.003    43293.023    43293.021    43294.016
   205:    43344.026    43594.013    43594.011    43904.005    44168.009
   210:    44219.005    44244.009    44379.005    44382.009    44603.001
   215:    44604.018    44792.003    44797.023    44797.021    44798.016
   220:    44848.026    44862.001    44896.003    45098.013    45098.011
   225:    45231.005    45589.009    45918.001    45919.018    46660.003
   230:    46665.023    46665.021    46666.016    46716.026    46966.013
   235:    46966.011    47352.001    47353.018    47489.003    47494.023
   240:    47494.021    47495.016    47545.026    47795.013    47795.011
   245:    47805.005    48326.009    48446.005    48449.009    48973.001
   250:    48974.018    49128.003    49133.023    49133.021    49134.016
   255:    49184.026    49244.005    49434.013    49434.011    49848.009
   260:    54485.005    54618.009    54647.005    54823.009    55193.001
   265:    55194.018    55244.003    55249.023    55249.021    55250.016
   270:    55300.026    55543.005    55550.013    55550.011    56006.009
   275:    56526.001    56527.018    56726.003    56731.023    56731.021
   280:    56732.016    56782.026    57032.013    57032.011    57160.005
   285:    57431.009    57780.001    57781.018    57900.003    57905.023
   290:    57905.021    57906.016    57956.026    58206.013    58206.011
   295:    58274.005    58603.009    58915.001    58916.018    59104.003
   300:    59109.023    59109.021    59110.016    59160.026    59389.005
   305:    59410.013    59410.011    59842.009    60375.005    60377.009
   310:    60386.005    60395.009    60742.001    60743.018    61067.003
   315:    61072.023    61072.021    61073.016    61123.026    61288.005
   320:    61373.013    61373.011    61868.009    61922.005    61979.009
   325:    62666.001    62667.018    62779.003    62784.023    62784.021
   330:    62785.016    62835.026    62956.005    63085.013    63085.011
   335:    63491.009    64366.001    64367.018    64575.003    64580.023
   340:    64580.021    64581.016    64631.026    64744.005    64881.013
   345:    64881.011    65084.009    65945.001    65946.018    65959.003
   350:    65964.023    65964.021    65965.016    66015.026    66265.013
   355:    66265.011    66462.005    66914.009    66921.005    66928.009
   360:    69827.005    70085.009    70623.001    70624.018    70650.003
   365:    70655.023    70655.021    70656.016    70706.026    70923.005
   370:    70956.013    70956.011    71174.009    72612.005    72936.009
   375:    72991.005    73521.009    74211.001    74212.018    74272.003
   380:    74277.023    74277.021    74278.016    74328.026    74409.005
   385:    74578.013    74578.011    75044.009    75523.001    75524.018
   390:    75620.003    75625.023    75625.021    75626.016    75676.026
   395:    75834.005    75926.013    75926.011    76248.009    76255.005
   400:    76276.009    76554.001    76555.018    76759.003    76764.023
   405:    76764.021    76765.016    76815.026    77065.013    77065.011
   410:    77084.005    77859.009    78197.001    78198.018    78442.003
   415:    78447.023    78447.021    78448.016    78498.026    78748.013
   420:    78748.011    78765.005    79073.009    80039.001    80040.018
   425:    80401.003    80406.023    80406.021    80407.016    80457.026
   430:    80707.013    80707.011    80721.005    81346.009    81801.001
   435:    81802.018    82021.003    82026.023    82026.021    82027.016
   440:    82077.026    82327.013    82327.011    82459.005    83302.009
   445:    83809.001    83810.018    84319.003    84324.023    84324.021
   450:    84325.016    84375.026    84483.005    84489.009    84491.005
   455:    84625.013    84625.011    85090.009    85230.005    85450.009
   460:    85969.001    85970.018    86257.003    86262.023    86262.021
   465:    86263.016    86313.026    86563.013    86563.011    86631.005
   470:    86927.009    87468.001    87469.018    88399.003    88404.023
   475:    88404.021    88405.016    88455.026    88540.005    88705.013
   480:    88705.011    88982.009    89465.001    89466.018    89615.003
   485:    89620.023    89620.021    89621.016    89671.026    89921.013
   490:    89921.011    89933.005    90271.009    92487.005    92885.009
   495:    93076.005    93219.009    94328.005    95039.009    95844.001
   500:    95845.018    95914.003    95919.023    95919.021    95920.016
   505:    95970.026    96046.005    96220.013    96220.011    96595.009
   510:    96616.005    96619.009    96624.005    96730.009    97425.001
   515:    97426.018    97541.003    97546.023    97546.021    97547.016
   520:    97597.026    97686.005    97847.013    97847.011    98005.009
   525:    98399.001    98400.018    98769.003    98774.023    98774.021
   530:    98775.016    98825.026    99075.013    99075.011    99090.005
   535:    99542.009    99996.001    99997.018   100332.003   100337.023
   540:   100337.021   100338.016   100388.026   100620.005   100638.013
   545:   100638.011   100937.009   101087.005   101184.009   101666.001
   550:   101667.018   101972.003   101977.023   101977.021   101978.016
   555:   102028.026   102278.013   102278.011   102281.005   102552.009
   560:   102944.001   102945.018   103540.003   103545.023   103545.021
   565:   103546.016   103596.026   103846.013   103846.011   103880.005
   570:   104370.009   104876.001   104877.018   105595.003   105600.023
   575:   105600.021   105601.016   105651.026   105811.005   105901.013
   580:   105901.011   106058.009   106428.001   106429.018   106949.003
   585:   106954.023   106954.021   106955.016   107005.026   107202.005
   590:   107255.013   107255.011   107544.009   108225.001   108226.018
   595:   108752.003   108757.023   108757.021   108758.016   108808.026
   600:   109019.005   109058.013   109058.011   109388.009   111155.005
   605:   111161.009   111171.005   111272.009   111746.005   112090.009
   610:   112402.001   112403.018   112527.003   112532.023   112532.021
   615:   112533.016   112583.026   112783.005   112833.013   112833.011
   620:   113429.009   113692.001   113693.018   114243.003   114248.023
   625:   114248.021   114249.016   114299.026   114534.005   114549.013
   630:   114549.011   114859.009   116149.005   116612.009   116837.005
   635:   116864.009   116895.005   116898.009   117051.005   117297.009
   640:   117998.001   117999.018   118100.003   118105.023   118105.021
   645:   118106.016   118156.026   118234.005   118307.009   118406.013
   650:   118406.011   118779.005   119398.009   119793.001   119794.018
   655:   120511.003   120516.023   120516.021   120517.016   120567.026
   660:   120638.005   120817.013   120817.011   121154.009   121874.001
   665:   121875.018   122014.003   122019.023   122019.021   122020.016
   670:   122070.026   122103.005   122320.013   122320.011   123398.009
   675:   123489.005   123680.009   123855.005   123993.009   124549.001
   680:   124550.018   124675.003   124680.023   124680.021   124681.016
   685:   124731.026   124782.005   124981.013   124981.011   125206.009
   690:   125587.001   125588.018   125834.003   125839.023   125839.021
   695:   125840.016   125890.026   126094.005   126140.013   126140.011
   700:   126627.009   127069.001   127070.018   127246.003   127251.023
   705:   127251.021   127252.016   127302.026   127481.005   127552.013
   710:   127552.011   128027.009   128451.001   128452.018   128821.003
   715:   128826.023   128826.021   128827.016   128877.026   129071.005
   720:   129127.013   129127.011   129490.009   129954.001   129955.018
   725:   130615.003   130620.023   130620.021   130621.016   130671.026
   730:   130921.013   130921.011   130932.005   131477.009   133072.005
   735:   133484.009   135026.001   135027.018   135106.003   135111.023
   740:   135111.021   135112.016   135162.026   135412.013   135412.011
   745:   135448.005   135852.009   136203.001   136204.018   136365.003
   750:   136370.023   136370.021   136371.016   136421.026   136671.013
   755:   136671.011
B:
     0:        0.000       63.000        0.000       63.000        0.000
     5:      104.000        0.000        0.000        0.000      104.000
    10:        0.000       61.000        0.000       61.000        0.000
    15:        0.000       60.000        0.000       60.000        0.000
    20:        0.000       60.000        0.000       60.000        0.000
    25:        0.000       60.000        0.000        0.000        0.000
    30:        0.000
D:
     0:   250643.000   250482.000   250644.000
E:
     0:        0.000        0.000
S:
     0:        0.000        1.000
T:
     0:        0.000        0.000        0.000        0.000
W:
     0:        0.000        0.000        0.000
