File: C:\MED-PC IV\Data\Reyes\BB\BB1114.999


Start Date: 06/30/25
End Date: 06/30/25
Subject: 114
Experiment: BB
Group: TIMEOUT
Box: 4
Start Time: 17:35:22
End Time: 19:35:22
MSN: DRRD_random_timeout_retract
C:       0.000
F:       0.000
G:       0.000
H:       0.000
I:       0.000
J:       0.000
K:    1200.000
L:       0.000
M:       0.000
N:     363.000
O:       0.000
Q:       0.000
R:       0.000
S:       0.000
U: 4457579.000
V:       0.000
X:    2000.000
Y:    2791.000
Z:       0.000
A:
     0:     7296.005     7369.009     8399.005     8502.009     8652.005
     5:     8744.009    15000.013    15000.011    18666.001    18815.003
    10:    18820.023    18820.021    20313.005    20334.009    20350.005
    15:    20373.009    20721.013    20721.011    20832.001    21377.003
    20:    21382.023    21382.021    22567.005    22637.009    23383.013
    25:    23383.011    23540.001    24057.003    24062.023    24062.021
    30:    25159.005    25163.013    25163.011    25390.009    25787.001
    35:    26387.018    26413.003    26419.016    26469.026    26979.005
    40:    27691.009    28189.001    28642.003    28647.023    28647.021
    45:    29948.013    29948.011    30014.005    30019.009    30031.005
    50:    30062.009    30384.001    30984.018    31064.003    31070.016
    55:    31120.026    31586.005    31948.009    32158.005    32560.009
    60:    33075.001    33675.018    33831.003    33837.016    33887.026
    65:    34318.005    35083.009    35739.001    36339.018    36862.003
    70:    36868.016    36918.026    37440.005    38074.009    38946.001
    75:    39391.003    39396.023    39396.021    40797.013    40797.011
    80:    44427.001    44555.003    44560.023    44560.021    45561.013
    85:    45561.011    45753.001    46344.003    46349.023    46349.021
    90:    47764.005    47850.013    47850.011    47877.009    48180.001
    95:    48211.003    48216.023    48216.021    48250.001    48316.003
   100:    49531.005    49543.009    49557.005    49672.009    49817.013
   105:    49817.011    50034.001    50634.018    50642.003    50648.016
   110:    50698.026    51228.005    51798.009    52353.001    52953.018
   115:    53009.003    53015.016    53065.026    53672.005    54283.009
   120:    54816.001    55416.018    55590.003    55596.016    55646.026
   125:    56074.005    56607.009    57215.001    57815.018    58137.003
   130:    58143.016    58193.026    58584.005    58937.009    59826.001
   135:    60250.003    60255.023    60255.021    61456.013    61456.011
   140:    64762.001    65032.003    65037.023    65037.021    65613.005
   145:    65648.009    66738.013    66738.011    68103.001    68331.003
   150:    68336.023    68336.021    70137.013    70137.011    70344.001
   155:    70944.018    71261.003    71267.016    71317.026    71756.005
   160:    72371.009    73195.001    73795.018    74219.003    74225.016
   165:    74275.026    74804.005    75375.009    76337.001    76937.018
   170:    77267.003    77273.016    77323.026    77702.005    78036.009
   175:    78391.001    78991.018    80180.003    80186.016    80236.026
   180:    80557.005    80894.009    81341.001    81941.018    82655.003
   185:    82661.016    82711.026    82928.005    83426.009    83939.001
   190:    84539.018    85343.003    85349.016    85399.026    86011.005
   195:    86757.009    87273.001    87873.018    88232.003    88238.016
   200:    88288.026    88786.005    89395.009    90692.001    91015.003
   205:    91020.023    91020.021    92321.013    92321.011    92517.001
   210:    93041.003    93046.023    93046.021    94647.013    94647.011
   215:    94911.001    95511.018    95839.003    95845.016    95895.026
   220:    96423.005    96801.009    97465.001    98065.018    98727.003
   225:    98733.016    98783.026    99421.005   100022.009   101163.001
   230:   101721.003   101726.023   101726.021   103727.013   103727.011
   235:   103942.001   104239.003   104244.023   104244.021   105345.013
   240:   105345.011   106596.001   107196.018   107398.003   107404.016
   245:   107454.026   107544.005   108427.009   108476.005   108544.009
   250:   108547.005   108551.009   109047.001   109211.003   109216.023
   255:   109216.021   110417.013   110417.011   110648.001   111248.018
   260:   111280.003   111286.016   111336.026   111954.005   112386.009
   265:   112440.005   112451.009   113669.001   114043.003   114048.023
   270:   114048.021   115049.013   115049.011   115365.001   115965.018
   275:   116045.003   116051.016   116101.026   116583.005   117035.009
   280:   118045.001   118597.003   118602.023   118602.021   120403.013
   285:   120403.011   120558.001   121078.003   121083.023   121083.021
   290:   122584.013   122584.011   122889.001   123075.003   123080.023
   295:   123080.021   123093.001   123107.003   123124.001   123181.003
   300:   124781.013   124781.011   125559.005   125684.009   126542.001
   305:   126713.003   126718.023   126718.021   127056.005   127084.009
   310:   128619.013   128619.011   138968.001   139066.003   139071.023
   315:   139071.021   139935.005   140077.009   140402.005   140472.013
   320:   140472.011   140523.009   140904.001   141504.018   141574.003
   325:   141580.016   141630.026   141925.005   142349.009   143009.001
   330:   143609.018   143792.003   143798.016   143848.026   144355.005
   335:   144625.009   145217.001   145817.018   146040.003   146046.016
   340:   146096.026   146658.005   147154.009   148575.001   149077.003
   345:   149082.023   149082.021   150283.013   150283.011   150644.001
   350:   151244.018   151283.003   151289.016   151339.026   152092.005
   355:   152433.009   153058.001   153658.018   153882.003   153888.016
   360:   153938.026   154661.005   155514.009   156898.001   157443.003
   365:   157448.023   157448.021   158549.013   158549.011   158796.001
   370:   159300.003   159305.023   159305.021   159920.005   159952.009
   375:   160906.013   160906.011   161267.001   161867.018   162051.003
   380:   162057.016   162107.026   163150.005   163783.009   164507.001
   385:   165107.018   165766.003   165772.016   165822.026   166402.005
   390:   166904.009   167652.001   168252.018   168501.003   168507.016
   395:   168557.026   169083.005   169747.009   170565.001   171165.018
   400:   171592.003   171598.016   171648.026   172341.005   172799.009
   405:   173622.001   174222.018   174518.003   174524.016   174574.026
   410:   175105.005   175694.009   176833.001   177433.018   177679.003
   415:   177685.016   177735.026   178521.005   178932.009   178946.005
   420:   178950.009   178954.005   178959.009   178972.005   179098.009
   425:   180710.001   181096.003   181101.023   181101.021   183002.013
   430:   183002.011   183142.001   183742.018   183976.003   183982.016
   435:   184032.026   184627.005   185514.009   186202.001   186802.018
   440:   187778.003   187784.016   187834.026   188519.005   188903.009
   445:   190039.001   190622.003   190627.023   190627.021   192628.013
   450:   192628.011   192782.001   193382.018   193430.003   193436.016
   455:   193486.026   193914.005   194271.009   195646.001   196246.018
   460:   196443.003   196449.016   196499.026   197333.005   197720.009
   465:   198299.001   198899.018   199203.003   199209.016   199259.026
   470:   199996.005   200342.009   201052.001   201652.018   201816.003
   475:   201822.016   201872.026   202558.005   202854.009   203730.001
   480:   204330.018   204495.003   204501.016   204551.026   205231.005
   485:   205719.009   206642.001   206749.003   206754.023   206754.021
   490:   206801.001   206851.003   208155.013   208155.011   208317.001
   495:   208917.018   209121.003   209127.016   209177.026   209806.005
   500:   210141.009   212461.005   213154.009   217126.001   217268.003
   505:   217273.023   217273.021   218974.013   218974.011   219234.001
   510:   219834.018   220319.003   220325.016   220375.026   220909.005
   515:   221337.009   221380.005   221536.009   222351.001   222951.018
   520:   223247.003   223253.016   223303.026   223461.001   223751.003
   525:   223756.023   223756.021   223899.005   224306.009   224325.005
   530:   224340.009   224353.005   224488.009   225557.013   225557.011
   535:   225845.001   226445.018   227000.003   227006.016   227056.026
   540:   227562.005   228149.009   229323.001   229923.018   230215.003
   545:   230221.016   230271.026   230439.005   230453.009   230754.005
   550:   231313.009   232445.001   233045.018   233050.003   233056.016
   555:   233085.001   233106.026   233147.003   233152.023   233152.021
   560:   233412.005   233865.009   233930.005   234062.009   234653.013
   565:   234653.011   234885.001   235485.018   235995.003   236001.016
   570:   236051.026   236355.001   236550.003   236555.023   236555.021
   575:   236856.005   237307.009   237556.013   237556.011   238211.001
   580:   238811.018   238987.003   238993.016   239043.026   239808.005
   585:   240083.009   241191.001   241731.003   241736.023   241736.021
   590:   243037.013   243037.011   243175.001   243775.018   243977.003
   595:   243983.016   244033.026   244902.005   245616.009   247793.005
   600:   247821.009   250147.001   250747.018   251095.003   251101.016
   605:   251151.026   251747.005   252134.009   252736.001   253336.018
   610:   254376.003   254382.016   254432.026   255090.005   255764.009
   615:   257342.001   257555.003   257560.023   257560.021   258761.013
   620:   258761.011   259128.001   259728.018   259888.003   259894.016
   625:   259944.026   260515.005   260959.009   261382.001   261982.018
   630:   263468.003   263474.016   263524.026   264229.005   264632.009
   635:   266922.005   267609.009   267971.001   268571.018   268822.003
   640:   268828.016   268878.026   269575.005   270041.009   270687.001
   645:   271287.018   271612.003   271618.016   271668.026   271957.001
   650:   272022.003   272027.023   272027.021   272287.005   272748.009
   655:   273428.013   273428.011   273835.001   274435.018   275282.003
   660:   275288.016   275338.026   275924.005   276431.009   276440.005
   665:   276527.009   277489.001   277612.003   277617.023   277617.021
   670:   277641.001   277717.003   279118.013   279118.011   279301.001
   675:   279901.018   280254.003   280260.016   280310.026   280936.005
   680:   281435.009   282232.001   282832.018   284222.003   284228.016
   685:   284278.026   284709.005   285055.009   285141.005   285327.009
   690:   286325.001   286925.018   287644.003   287650.016   287700.026
   695:   288273.005   288810.009   288887.005   288931.009   290821.001
   700:   291421.018   291764.003   291770.016   291820.026   292059.001
   705:   292099.003   292104.023   292104.021   292374.005   292752.009
   710:   292760.005   292777.009   293705.013   293705.011   296286.005
   715:   296342.009   296948.001   297043.003   297048.023   297048.021
   720:   298949.013   298949.011   299113.001   299713.018   299796.003
   725:   299802.016   299852.026   300356.005   300926.009   301749.001
   730:   302349.018   302939.003   302945.016   302995.026   303109.001
   735:   303660.003   303665.023   303665.021   303867.005   304315.009
   740:   304966.013   304966.011   305231.001   305831.018   306642.003
   745:   306648.016   306698.026   307575.005   308088.009   309385.001
   750:   309985.018   310489.003   310495.016   310545.026   310713.001
   755:   310888.003   310893.023   310893.021   311135.005   311658.009
   760:   311672.005   311718.009   312694.013   312694.011   312877.001
   765:   313477.018   314478.003   314484.016   314534.026   315072.005
   770:   315356.009   316239.001   316839.018   317532.003   317538.016
   775:   317588.026   317997.001   318065.003   318070.023   318070.021
   780:   318186.005   318515.009   320071.013   320071.011   320252.001
   785:   320852.018   321879.003   321885.016   321935.026   322399.005
   790:   322686.009   325169.001   325769.018   325880.003   325886.016
   795:   325936.026   326150.001   326253.003   326258.023   326258.021
   800:   326366.005   326844.009   327059.005   327259.013   327259.011
   805:   327500.009   327802.001   328402.018   328673.003   328679.016
   810:   328729.026   329179.005   329582.009   331075.001   331139.003
   815:   331144.023   331144.021   332245.013   332245.011   332394.001
   820:   332994.018   333195.003   333201.016   333251.026   333536.001
   825:   333665.003   333670.023   333670.021   334255.005   334748.009
   830:   335371.013   335371.011   335736.001   336336.018   336753.003
   835:   336759.016   336809.026   337379.005   337692.009   339346.001
   840:   339946.018   340631.003   340637.016   340687.026   341633.005
   845:   342076.009   343521.001   344121.018   344147.003   344153.016
   850:   344203.026   344638.005   345403.009   348701.001   349192.003
   855:   349197.023   349197.021   350298.013   350298.011   350826.001
   860:   351426.018   351603.003   351609.016   351659.026   352205.005
   865:   352670.009   353883.001   354483.018   354564.003   354570.016
   870:   354620.026   355519.005   355979.009   357050.001   357650.018
   875:   358198.003   358204.016   358254.026   358990.005   359412.009
   880:   360606.001   361206.018   361581.003   361587.016   361637.026
   885:   362209.005   362868.009   363924.001   364524.018   364654.003
   890:   364660.016   364710.026   365307.005   366568.009   369268.001
   895:   369868.018   369904.003   369910.016   369960.026   370051.001
   900:   370249.003   370254.023   370254.021   370400.005   370783.009
   905:   372055.013   372055.011   372377.001   372977.018   373179.003
   910:   373185.016   373235.026   373719.005   374157.009   375859.001
   915:   376459.018   376584.003   376590.016   376640.026   376817.001
   920:   377093.003   377098.023   377098.021   377200.005   377761.009
   925:   378399.013   378399.011   380317.001   380506.003   380511.023
   930:   380511.021   382512.013   382512.011   382788.001   383388.018
   935:   383527.003   383533.016   383583.026   384132.005   384862.009
   940:   395844.005   396322.009   397238.001   397838.018   398294.003
   945:   398300.016   398350.026   399481.005   400059.009   401356.001
   950:   401956.018   402234.003   402240.016   402290.026   403024.001
   955:   403228.003   403233.023   403233.021   403846.005   404265.009
   960:   404434.013   404434.011   405932.001   406532.018   407174.003
   965:   407180.016   407230.026   407747.005   408214.009   409526.001
   970:   410126.018   410239.003   410245.016   410295.026   410773.005
   975:   411084.009   411146.005   411271.009   413900.001   413952.003
   980:   413957.023   413957.021   414006.001   414030.003   415658.013
   985:   415658.011   415828.001   416428.018   416812.003   416818.016
   990:   416868.026   417364.005   417851.009   417878.005   417951.009
   995:   419659.001   420259.018   420792.003   420798.016   420848.026
  1000:   421391.005   421823.009   431841.001   432441.018   432465.003
  1005:   432471.016   432521.026   432984.005   433427.009   434728.001
  1010:   435328.018   435548.003   435554.016   435604.026   436164.005
  1015:   436713.009   438230.001   438830.018   439007.003   439013.016
  1020:   439063.026   439553.005   439984.009   441087.001   441687.018
  1025:   441804.003   441810.016   441860.026   442308.005   442678.009
  1030:   443597.001   444197.018   444917.003   444923.016   444973.026
  1035:   445065.001   445202.003   445207.023   445207.021   445583.005
  1040:   446007.009   446708.013   446708.011   446851.005   447065.009
  1045:   448590.001   448880.003   448885.023   448885.021   449886.013
  1050:   449886.011   450047.001   450647.018   450974.003   450980.016
  1055:   451030.026   451153.001   451446.003   451451.023   451451.021
  1060:   451548.005   452096.009   453352.013   453352.011   453521.001
  1065:   454121.018   454351.003   454357.016   454407.026   454825.005
  1070:   455295.009   456228.001   456828.018   457402.003   457408.016
  1075:   457458.026   458150.005   458956.009   461771.001   462371.018
  1080:   462734.003   462740.016   462790.026   462896.001   463115.003
  1085:   463120.023   463120.021   463201.005   463861.009   464521.013
  1090:   464521.011   465767.001   466367.018   466673.003   466679.016
  1095:   466729.026   467219.005   467651.009   467692.005   467825.009
  1100:   470011.001   470611.018   470743.003   470749.016   470799.026
  1105:   471269.005   472013.009   474282.001   474882.018   475110.003
  1110:   475116.016   475166.026   475412.005   475878.009   477647.001
  1115:   478247.018   478294.003   478300.016   478350.026   478838.005
  1120:   479618.009   483676.001   484276.018   484291.003   484297.016
  1125:   484347.026   484981.005   485315.009   485343.005   485371.009
  1130:   487735.001   488335.018   488651.003   488657.016   488707.026
  1135:   489158.005   489597.009   491347.001   491947.018   492360.003
  1140:   492366.016   492416.026   492919.005   493591.009   493636.005
  1145:   493792.009   502511.001   502607.003   502612.023   502612.021
  1150:   502631.001   502713.003   502741.001   502802.003   504213.013
  1155:   504213.011   504374.001   504974.018   505139.003   505145.016
  1160:   505195.026   505405.001   505447.003   505452.023   505452.021
  1165:   505695.005   506192.009   506238.005   506422.009   507153.013
  1170:   507153.011   507393.001   507993.018   508055.003   508061.016
  1175:   508111.026   508738.005   509222.009   509268.005   509306.009
  1180:   510871.001   511471.018   511586.003   511592.016   511642.026
  1185:   512141.005   512667.009   514075.001   514675.018   515161.003
  1190:   515167.016   515217.026   515711.005   516142.009   516222.005
  1195:   516324.009   516359.005   516389.009   518175.001   518775.018
  1200:   518867.003   518873.016   518923.026   519385.005   519843.009
  1205:   522581.001   523181.018   523550.003   523556.016   523606.026
  1210:   524440.005   525073.009   525546.001   525740.003   525745.023
  1215:   525745.021   527546.013   527546.011   527698.001   528298.018
  1220:   528462.003   528468.016   528518.026   529286.005   529744.009
  1225:   533442.001   534042.018   534258.003   534264.016   534314.026
  1230:   534745.005   535394.009   537919.001   538519.018   538948.003
  1235:   538954.016   539004.026   539470.005   540055.009   542060.001
  1240:   542660.018   542832.003   542838.016   542888.026   543617.005
  1245:   544190.009   544197.005   544229.009   545829.001   546429.018
  1250:   546534.003   546540.016   546590.026   547148.005   547494.009
  1255:   549247.001   549847.018   550087.003   550093.016   550143.026
  1260:   550783.005   551304.009   553036.001   553636.018   553801.003
  1265:   553807.016   553857.026   554518.005   555111.009   558318.001
  1270:   558918.018   559724.003   559730.016   559780.026   560356.005
  1275:   561102.009   563086.001   563686.018   563832.003   563838.016
  1280:   563888.026   564431.005   564875.009   565091.005   565138.009
  1285:   567159.001   567759.018   567897.003   567903.016   567953.026
  1290:   568477.005   569391.009   570229.001   570829.018   571227.003
  1295:   571233.016   571283.026   571873.005   572430.009   572462.005
  1300:   572474.009   575703.001   576303.018   576496.003   576502.016
  1305:   576552.026   577283.005   577749.009   577768.005   577970.009
  1310:   579396.001   579996.018   580439.003   580445.016   580495.026
  1315:   581002.005   581428.009   585477.001   585867.003   585872.023
  1320:   585872.021   586873.013   586873.011   587033.001   587633.018
  1325:   588453.003   588459.016   588509.026   589312.005   589699.009
  1330:   590847.005   591069.009   592701.001   593301.018   593354.003
  1335:   593360.016   593410.026   594025.005   594569.009   596490.001
  1340:   597003.003   597008.023   597008.021   598209.013   598209.011
  1345:   598514.001   599114.018   599493.003   599499.016   599549.026
  1350:   600338.005   600961.009   602221.001   602821.018   603528.003
  1355:   603534.016   603584.026   605580.005   605668.009   608566.001
  1360:   609166.018   609252.003   609258.016   609308.026   609813.005
  1365:   610423.009   610549.005   610576.009   612739.001   613321.003
  1370:   613326.023   613326.021   614827.013   614827.011   614983.001
  1375:   615569.003   615574.023   615574.021   617475.013   617475.011
  1380:   617649.001   618249.018   618634.003   618640.016   618690.026
  1385:   619286.005   619959.009   621524.001   622124.018   622217.003
  1390:   622223.016   622273.026   622853.005   623259.009   624777.001
  1395:   625377.018   625609.003   625615.016   625665.026   626083.005
  1400:   626691.009   629695.001   630118.003   630123.023   630123.021
  1405:   632124.013   632124.011   632314.001   632914.018   632960.003
  1410:   632966.016   633016.026   633549.005   633847.009   635616.001
  1415:   636216.018   636433.003   636439.016   636489.026   637243.005
  1420:   637663.009   637676.005   637704.009   640065.005   640325.009
  1425:   640954.001   641554.018   641723.003   641729.016   641779.026
  1430:   642261.005   642764.009   642789.005   642801.009   648137.001
  1435:   648618.003   648623.023   648623.021   649724.013   649724.011
  1440:   649974.001   650574.018   650740.003   650746.016   650796.026
  1445:   650875.001   650943.003   650948.023   650948.021   651197.005
  1450:   651771.009   652249.013   652249.011   654349.005   655164.009
  1455:   657162.001   657762.018   657982.003   657988.016   658038.026
  1460:   658638.005   659159.009   659197.005   659227.009   659246.005
  1465:   659296.009   659374.005   659428.009   661457.001   662004.003
  1470:   662009.023   662009.021   663410.013   663410.011   663618.001
  1475:   664218.018   664389.003   664395.016   664445.026   664972.005
  1480:   665835.009   670356.001   670956.018   671842.003   671848.016
  1485:   671898.026   672540.005   672988.009   675347.001   675777.003
  1490:   675782.023   675782.021   677383.013   677383.011   677579.001
  1495:   678179.018   678447.003   678453.016   678503.026   679167.005
  1500:   680172.009   682057.001   682657.018   682850.003   682856.016
  1505:   682906.026   683419.005   684108.009   684135.005   684223.009
  1510:   686008.001   686608.018   686635.003   686641.016   686691.026
  1515:   687174.005   687585.009   689373.001   689973.018   690022.003
  1520:   690028.016   690078.026   690678.005   691212.009   698566.001
  1525:   699156.003   699161.023   699161.021   700362.013   700362.011
  1530:   700533.001   701133.018   701534.003   701540.016   701590.026
  1535:   702303.005   702830.009   704043.001   704643.018   704895.003
  1540:   704901.016   704951.026   705473.005   706258.009   707859.001
  1545:   708459.018   709043.003   709049.016   709099.026   709702.005
  1550:   710191.009   712400.001   712927.003   712932.023   712932.021
  1555:   714633.013   714633.011   714799.001   715399.018   715610.003
  1560:   715616.016   715666.026   716285.005   716997.009   719924.001
  1565:   720524.018   720570.003   720576.016   720626.026   721303.005
  1570:   721835.009   721957.005   722010.009   724227.001   724820.003
  1575:   724825.023   724825.021   726726.013   726726.011   726912.001
  1580:   727512.018   727958.003   727964.016   728014.026   728729.005
  1585:   729442.009   732046.001   732646.018   732683.003   732689.016
  1590:   732739.026   733393.005   733797.009   735620.001   736220.018
  1595:   736290.003   736296.016   736346.026   737088.005   737680.009
  1600:   740908.001   741508.018   741728.003   741734.016   741784.026
  1605:   742465.005   742997.009   743216.005   743252.009   744724.001
  1610:   745324.018   745553.003   745559.016   745609.026   746204.005
  1615:   746621.009   748970.001   749399.003   749404.023   749404.021
  1620:   750405.013   750405.011   750570.001   751170.018   751333.003
  1625:   751339.016   751389.026   752046.005   752873.009   755164.001
  1630:   755764.018   756402.003   756408.016   756458.026   757256.005
  1635:   757746.009   757761.005   757864.009   757886.005   757919.009
  1640:   760652.001   761252.018   761475.003   761481.016   761531.026
  1645:   762025.005   762404.009   762609.005   762620.009   763986.001
  1650:   764573.003   764578.023   764578.021   766079.013   766079.011
  1655:   766299.001   766899.018   767217.003   767223.016   767273.026
  1660:   767493.005   768133.009   769685.001   770285.018   770588.003
  1665:   770594.016   770644.026   771251.005   771581.009   774037.001
  1670:   774637.018   774880.003   774886.016   774936.026   775608.005
  1675:   776208.009   778844.001   779444.018   779593.003   779599.016
  1680:   779649.026   780355.005   781261.009   783292.001   783892.018
  1685:   784055.003   784061.016   784111.026   784668.005   785218.009
  1690:   787725.001   788298.003   788303.023   788303.021   789604.013
  1695:   789604.011   789825.001   790425.018   790557.003   790563.016
  1700:   790613.026   791225.005   791954.009   794785.001   795101.003
  1705:   795106.023   795106.021   796507.013   796507.011   796680.001
  1710:   797273.003   797278.023   797278.021   799279.013   799279.011
  1715:   799564.001   800164.018   800213.003   800219.016   800269.026
  1720:   800506.005   801029.009   801039.005   801076.009   802425.001
  1725:   803025.018   803469.003   803475.016   803525.026   804101.005
  1730:   804802.009   806875.001   807475.018   807568.003   807574.016
  1735:   807624.026   807959.005   808792.009   808804.005   808817.009
  1740:   808852.005   808915.009   808920.005   808933.009   813586.001
  1745:   814186.018   814314.003   814320.016   814370.026   814857.005
  1750:   815742.009   825756.005   825774.009   826527.001   827031.003
  1755:   827036.023   827036.021   828637.013   828637.011   829002.001
  1760:   829602.018   829753.003   829759.016   829809.026   830798.005
  1765:   831412.009   833716.001   834316.018   834663.003   834669.016
  1770:   834719.026   835317.005   835973.009   838117.001   838717.018
  1775:   838937.003   838943.016   838993.026   839434.005   839830.009
  1780:   841777.001   842377.018   842465.003   842471.016   842521.026
  1785:   843043.005   843434.009   845860.001   846460.018   846682.003
  1790:   846688.016   846738.026   847208.005   847699.009   851254.005
  1795:   851315.009   856892.001   856979.003   856984.023   856984.021
  1800:   858785.013   858785.011   859166.001   859766.018   860063.003
  1805:   860069.016   860119.026   860672.005   861336.009   863843.001
  1810:   864443.018   864453.003   864459.016   864509.026   865081.005
  1815:   865886.009   868012.001   868612.018   868625.003   868631.016
  1820:   868681.026   869167.005   869912.009   872063.001   872663.018
  1825:   872913.003   872919.016   872969.026   873670.005   874535.009
  1830:   874544.005   874559.009   877044.001   877644.018   877667.003
  1835:   877673.016   877723.026   878237.005   878624.009   880189.005
  1840:   880200.009   880877.001   881477.018   881577.003   881583.016
  1845:   881633.026   882337.005   883263.009   884989.001   885589.018
  1850:   885813.003   885819.016   885869.026   886352.005   886784.009
  1855:   886816.005   886856.009   888519.001   889119.018   889723.003
  1860:   889729.016   889779.026   890289.005   891542.009   892578.001
  1865:   892670.003   892675.023   892675.021   892688.001   892894.003
  1870:   893776.013   893776.011   893949.001   894549.018   894797.003
  1875:   894803.016   894853.026   895264.005   895804.009   897317.001
  1880:   897843.003   897848.023   897848.021   898949.013   898949.011
  1885:   899275.001   899875.018   899989.003   899995.016   900045.026
  1890:   900532.005   900908.009   901774.001   902374.018   902626.003
  1895:   902632.016   902682.026   903208.005   903737.009   903753.005
  1900:   903770.009   906091.001   906117.003   906122.023   906122.021
  1905:   907723.013   907723.011   908033.001   908633.018   908822.003
  1910:   908828.016   908878.026   909411.005   909903.009   909925.005
  1915:   910008.009   912067.001   912663.003   912668.023   912668.021
  1920:   914369.013   914369.011   914593.001   915193.018   915594.003
  1925:   915600.016   915650.026   916137.005   916520.009   918706.001
  1930:   919306.018   919361.003   919367.016   919417.026   920080.005
  1935:   920782.009   920800.005   920822.009   920909.005   921120.009
  1940:   924350.001   924950.018   925086.003   925092.016   925142.026
  1945:   925625.005   926165.009   928006.001   928606.018   928928.003
  1950:   928934.016   928984.026   929460.005   930159.009   932972.001
  1955:   933572.018   933710.003   933716.016   933766.026   934457.005
  1960:   935135.009   937724.001   938324.018   938602.003   938608.016
  1965:   938658.026   939068.005   939758.009   941582.001   942182.018
  1970:   942317.003   942323.016   942373.026   942771.005   943370.009
  1975:   943387.005   943499.009   946215.001   946815.018   947006.003
  1980:   947012.016   947062.026   947498.005   948073.009   948089.005
  1985:   948111.009   948260.005   948365.009   950064.001   950664.018
  1990:   950701.003   950707.016   950757.026   951168.005   951678.009
  1995:   953498.001   954065.003   954070.023   954070.021   955871.013
  2000:   955871.011   956088.001   956688.018   957211.003   957217.016
  2005:   957267.026   957878.005   958463.009   958509.005   958529.009
  2010:   960581.005   960650.009   961390.001   961990.018   962314.003
  2015:   962320.016   962370.026   962893.005   963451.009   966615.001
  2020:   967215.018   967273.003   967279.016   967329.026   967894.005
  2025:   968383.009   971091.001   971691.018   971974.003   971980.016
  2030:   972030.026   972458.005   972878.009   977514.001   978067.003
  2035:   978072.023   978072.021   979973.013   979973.011   980138.001
  2040:   980738.018   981113.003   981119.016   981169.026   981679.005
  2045:   982142.009   983924.005   984001.009   984785.001   985385.018
  2050:   985423.003   985429.016   985479.026   986097.005   986495.009
  2055:   988777.001   989370.003   989375.023   989375.021   990776.013
  2060:   990776.011   990942.001   991540.003   991545.023   991545.021
  2065:   992346.005   992434.009   993546.013   993546.011   993773.001
  2070:   994373.018   994656.003   994662.016   994712.026   995239.005
  2075:   995693.009   997396.001   997996.018   998321.003   998327.016
  2080:   998377.026   998936.005   999331.009  1004492.001  1005092.018
  2085:  1005413.003  1005419.016  1005469.026  1006175.005  1006905.009
  2090:  1010966.005  1011412.009  1011965.001  1012565.018  1012573.003
  2095:  1012579.016  1012629.026  1013099.005  1013653.009  1063689.005
  2100:  1063871.009  1069294.001  1069802.003  1069807.023  1069807.021
  2105:  1070808.013  1070808.011  1071758.001  1072358.018  1072447.003
  2110:  1072453.016  1072503.026  1072809.005  1073496.009  1075735.001
  2115:  1076309.003  1076314.023  1076314.021  1077515.013  1077515.011
  2120:  1077671.001  1078271.018  1078768.003  1078774.016  1078824.026
  2125:  1079434.005  1080123.009  1084046.001  1084429.003  1084434.023
  2130:  1084434.021  1085735.013  1085735.011  1085905.001  1086505.018
  2135:  1086799.003  1086805.016  1086855.026  1087394.005  1087879.009
  2140:  1089604.005  1089624.009  1090612.001  1091023.003  1091028.023
  2145:  1091028.021  1092529.013  1092529.011  1092740.001  1093340.018
  2150:  1093517.003  1093523.016  1093573.026  1094205.005  1094830.009
  2155:  1095420.005  1095468.009  1201566.005  1201665.009  1201738.005
  2160:  1201903.009  1202257.005  1202672.009  1207617.001  1208217.018
  2165:  1208261.003  1208267.016  1208317.026  1209036.005  1209597.009
  2170:  1213031.001  1213631.018  1213815.003  1213821.016  1213871.026
  2175:  1214339.005  1215051.009  1486708.005  1486815.009  1487193.005
  2180:  1487225.009  1487389.005  1487397.009  1487462.005  1487660.009
  2185:  1487713.005  1487928.009  1487975.005  1488292.009  1489620.001
  2190:  1490066.003  1490071.023  1490071.021  1490734.005  1490764.009
  2195:  1490770.005  1490810.009  1491172.013  1491172.011  1493013.005
  2200:  1493195.009  1494662.005  1494714.009  1494717.005  1494833.009
  2205:  1639287.001  1639608.003  1639613.023  1639613.021  1640294.005
  2210:  1640758.009  1641014.013  1641014.011  1643042.005  1643819.009
  2215:  1644602.001  1645202.018  1645223.003  1645229.016  1645279.026
  2220:  1645790.005  1646405.009  1648065.001  1648403.003  1648408.023
  2225:  1648408.021  1649609.013  1649609.011  1649890.001  1650490.018
  2230:  1650581.003  1650587.016  1650637.026  1651175.005  1652074.009
  2235:  1652100.005  1652140.009  1654449.001  1654591.003  1654596.023
  2240:  1654596.021  1656097.013  1656097.011  1656394.001  1656994.018
  2245:  1657086.003  1657092.016  1657142.026  1657839.005  1658372.009
  2250:  1663286.001  1663881.003  1663886.023  1663886.021  1665587.013
  2255:  1665587.011  1665794.001  1666359.003  1666364.023  1666364.021
  2260:  1667665.013  1667665.011  1667853.001  1668453.018  1669017.003
  2265:  1669023.016  1669073.026  1669570.005  1670283.009  1673415.001
  2270:  1674015.018  1674125.003  1674131.016  1674181.026  1674625.005
  2275:  1675431.009  1675454.005  1675564.009  1683132.001  1683675.003
  2280:  1683680.023  1683680.021  1685481.013  1685481.011  1685695.001
  2285:  1686295.018  1686376.003  1686382.016  1686432.026  1686884.005
  2290:  1687646.009  1735182.001  1735471.003  1735476.023  1735476.021
  2295:  1736417.005  1736600.009  1737077.013  1737077.011  1737198.005
  2300:  1737363.009  1738046.001  1738646.018  1738654.003  1738660.016
  2305:  1738710.026  1738921.005  1739773.009  1739799.005  1739855.009
  2310:  1739871.005  1739945.009  1743508.001  1744017.003  1744022.023
  2315:  1744022.021  1746023.013  1746023.011  1746250.001  1746850.018
  2320:  1746867.003  1746873.016  1746923.026  1747397.005  1747826.009
  2325:  1920862.005  1921587.009  1925577.005  1925660.009  1997413.001
  2330:  1997670.003  1997675.023  1997675.021  1998341.005  1998444.009
  2335:  1999576.013  1999576.011  2000308.001  2000747.003  2000752.023
  2340:  2000752.021  2001753.013  2001753.011  2001926.001  2002526.018
  2345:  2002646.003  2002652.016  2002702.026  2003308.005  2003823.009
  2350:  2006566.001  2007065.003  2007070.023  2007070.021  2008371.013
  2355:  2008371.011  2008588.001  2009188.018  2009257.003  2009263.016
  2360:  2009313.026  2010021.005  2011049.009  2011077.005  2011088.009
  2365:  2011284.005  2011342.009  2017818.001  2018305.003  2018310.023
  2370:  2018310.021  2020311.013  2020311.011  2020631.001  2021231.018
  2375:  2021467.003  2021473.016  2021523.026  2022011.005  2022688.009
  2380:  2022734.005  2022952.009  2025774.001  2026353.003  2026358.023
  2385:  2026358.021  2027859.013  2027859.011  2028142.001  2028742.018
  2390:  2029012.003  2029018.016  2029068.026  2029572.005  2030472.009
  2395:  2030479.005  2030524.009  2030564.005  2030616.009  2030722.005
  2400:  2030733.009  2031144.005  2031223.009  2031976.005  2032004.009
  2405:  2034180.001  2034726.003  2034731.023  2034731.021  2035007.005
  2410:  2035808.009  2035832.013  2035832.011  2035972.005  2036067.009
  2415:  2036855.001  2037157.003  2037162.023  2037162.021  2038763.013
  2420:  2038763.011  2314209.005  2314266.009  2314285.005  2314341.009
  2425:  2315551.001  2316151.018  2316356.003  2316362.016  2316412.026
  2430:  2316867.005  2317815.009  2319472.005  2319510.009  2320989.001
  2435:  2321589.018  2321682.003  2321688.016  2321738.026  2322348.005
  2440:  2323926.009  2323959.005  2323970.009  2323984.005  2324170.009
  2445:  2325034.005  2325195.009  2326665.001  2327265.018  2327270.003
  2450:  2327276.016  2327326.026  2327467.001  2327714.003  2327719.023
  2455:  2327719.021  2327793.005  2328919.009  2328960.005  2328969.009
  2460:  2329120.013  2329120.011  2329170.005  2329272.009  2332696.001
  2465:  2333296.018  2333487.003  2333493.016  2333543.026  2333716.005
  2470:  2334512.009  2340013.001  2340613.018  2340936.003  2340942.016
  2475:  2340992.026  2341218.005  2341561.009  2341863.005  2342002.009
  2480:  2342032.005  2342057.009  2342077.005  2342331.009  2346676.001
  2485:  2347276.018  2347405.003  2347411.016  2347461.026  2347714.001
  2490:  2347872.003  2347877.023  2347877.021  2348258.005  2349078.013
  2495:  2349078.011  2349129.009  2352676.001  2353276.018  2353382.003
  2500:  2353388.016  2353438.026  2353678.005  2354877.009  2360532.005
  2505:  2360731.009  2365678.005  2365710.009  2365732.005  2365767.009
  2510:  2365811.005  2365833.009  2367477.001  2368077.018  2368501.003
  2515:  2368507.016  2368557.026  2369007.005  2369580.009  2375190.001
  2520:  2375790.018  2375855.003  2375861.016  2375911.026  2376356.005
  2525:  2377749.009  2379861.005  2379888.009  2381007.001  2381607.018
  2530:  2381682.003  2381688.016  2381738.026  2381917.001  2382187.003
  2535:  2382192.023  2382192.021  2382263.005  2383155.009  2383196.005
  2540:  2383209.009  2383893.013  2383893.011  2403291.005  2403310.009
  2545:  2403329.005  2403388.009  2404186.001  2404786.018  2404981.003
  2550:  2404987.016  2405037.026  2405254.001  2405320.003  2405325.023
  2555:  2405325.021  2405748.005  2406326.013  2406326.011  2406480.009
  2560:  2406546.005  2406591.009  2410036.001  2410636.018  2410745.003
  2565:  2410751.016  2410801.026  2410979.001  2411434.003  2411439.023
  2570:  2411439.021  2411546.005  2412228.009  2413240.013  2413240.011
  2575:  2413465.001  2414062.003  2414067.023  2414067.021  2415968.013
  2580:  2415968.011  2416236.001  2416836.018  2417336.003  2417342.016
  2585:  2417392.026  2417637.005  2418391.009  2422877.005  2426987.009
  2590:  2427165.005  2427183.009  2429614.005  2431063.009  2431959.005
  2595:  2432012.009  2432044.005  2432065.009  2432475.005  2433018.009
  2600:  2433940.001  2434503.003  2434508.023  2434508.021  2435609.013
  2605:  2435609.011  2435847.001  2436447.018  2436661.003  2436667.016
  2610:  2436717.026  2437240.005  2437911.009  2437948.005  2438019.009
  2615:  2442648.001  2443207.003  2443212.023  2443212.021  2444213.013
  2620:  2444213.011  2444575.001  2445089.003  2445094.023  2445094.021
  2625:  2446595.013  2446595.011  2446801.001  2447401.018  2447882.003
  2630:  2447888.016  2447938.026  2448494.005  2449419.009  2452426.001
  2635:  2452917.003  2452922.023  2452922.021  2454223.013  2454223.011
  2640:  2454439.001  2455039.018  2455417.003  2455423.016  2455473.026
  2645:  2455957.005  2456577.009  2456615.005  2456652.009  2456666.005
  2650:  2457186.009  2460311.001  2460911.018  2460951.003  2460957.016
  2655:  2461007.026  2461485.005  2462458.009  2462523.005  2462531.009
  2660:  2466169.001  2466769.018  2466774.003  2466780.016  2466830.026
  2665:  2467300.005  2467918.009  2468068.005  2468083.009  2475743.001
  2670:  2476322.003  2476327.023  2476327.021  2477928.013  2477928.011
  2675:  2478297.001  2478897.018  2479090.003  2479096.016  2479146.026
  2680:  2479618.005  2480511.009  2487199.001  2487799.018  2487857.003
  2685:  2487863.016  2487913.026  2488317.005  2488919.009  2488947.005
  2690:  2488959.009  2488997.005  2489252.009  2489502.005  2489549.009
  2695:  2492095.001  2492561.003  2492566.023  2492566.021  2494467.013
  2700:  2494467.011  2494781.001  2495381.018  2495625.003  2495631.016
  2705:  2495681.026  2495837.005  2495850.009  2496147.005  2496816.009
  2710:  2505630.001  2505843.003  2505848.023  2505848.021  2507049.013
  2715:  2507049.011  2507391.001  2507991.018  2508520.003  2508526.016
  2720:  2508576.026  2509076.005  2509534.009  2514394.001  2514606.003
  2725:  2514611.023  2514611.021  2516012.013  2516012.011  2516231.001
  2730:  2516831.018  2516857.003  2516863.016  2516913.026  2517378.005
  2735:  2518241.009  2518260.005  2518279.009  2523712.001  2524312.018
  2740:  2524340.003  2524346.016  2524396.026  2524879.005  2525683.009
  2745:  2529247.001  2529847.018  2529908.003  2529914.016  2529964.026
  2750:  2530485.005  2531348.009  2731712.005  2731749.009  2731826.005
  2755:  2732098.009  3139972.005  3140059.009  3149480.005  3149519.009
  2760:  3149529.005  3149778.009  3150825.001  3150894.003  3150899.023
  2765:  3150899.021  3152600.013  3152600.011  3152912.001  3153494.003
  2770:  3153499.023  3153499.021  3154222.005  3154370.009  3155300.013
  2775:  3155300.011  3155936.001  3156287.003  3156292.023  3156292.021
  2780:  3156632.005  3158194.009  3158293.013  3158293.011  3599734.005
  2785:  3599774.009  3599803.005  3599810.009  3599833.005  3599852.009
  2790:  3599928.005
B:
     0:        0.000      372.000        0.000      372.000        0.000
     5:      418.000        0.000        0.000        0.000      417.000
    10:        0.000      122.000        0.000      122.000        0.000
    15:        0.000      242.000        0.000      242.000        0.000
    20:        0.000      121.000        0.000      121.000        0.000
    25:        0.000      242.000        0.000        0.000        0.000
    30:        0.000
D:
     0:  7613865.000  7613515.000  7613866.000
E:
     0:      600.000      600.000
P:
     0:        2.000        2.200        2.400        2.600        2.800
     5:        3.000        3.200        3.400        3.600        3.800
    10:        4.000
T:
     0:        0.000        0.000        0.000        0.000
W:
     0:        0.000        2.000        0.000
