File: C:\MED-PC IV\Data\Reyes\BB\BB1115.999


Start Date: 06/30/25
End Date: 06/30/25
Subject: 115
Experiment: BB
Group: NO_TIMEOUT_RET
Box: 5
Start Time: 17:35:22
End Time: 19:35:22
MSN: DRRD_no_timeout_retract
C:       0.000
F:       2.000
G:       0.000
H:       0.000
I:       0.000
J:       0.000
K:    1100.000
L:       0.000
M:       0.000
N:     669.000
O:       0.000
Q:       0.000
R:       0.000
S:       0.000
U: 4457579.000
V:       0.000
X:     250.000
Y:    5223.000
Z:       0.000
A:
     0:    10599.005    10890.009    11015.005    11028.009    15000.013
     5:    15000.011    16213.001    16302.003    16307.023    16307.021
    10:    16382.001    16408.003    16558.013    16558.011    17083.001
    15:    17091.003    17096.023    17096.021    17330.005    17343.009
    20:    17347.013    17347.011    17527.005    17537.009    17901.001
    25:    18062.003    18067.023    18067.021    18145.001    18162.003
    30:    18318.013    18318.011    19028.005    19044.009    19233.005
    35:    19345.009    19972.001    20389.003    20394.023    20394.021
    40:    20645.013    20645.011    20923.001    21039.003    21044.023
    45:    21044.021    21295.013    21295.011    23214.001    23335.003
    50:    23340.023    23340.021    23393.001    23438.003    23591.013
    55:    23591.011    25352.001    25361.003    25366.023    25366.021
    60:    25420.001    25467.003    25617.013    25617.011    26040.001
    65:    26203.003    26208.023    26208.021    26459.013    26459.011
    70:    26547.005    26795.009    27217.001    27712.003    27717.023
    75:    27717.021    27968.013    27968.011    28080.005    28097.009
    80:    28603.001    29153.018    29183.003    29189.016    29239.026
    85:    29475.005    30101.009    30314.005    30374.009    34036.005
    90:    34172.009    34613.001    34644.003    34649.023    34649.021
    95:    34900.013    34900.011    35057.001    35433.003    35438.023
   100:    35438.021    35689.013    35689.011    35827.005    35935.009
   105:    36166.001    36428.003    36433.023    36433.021    36454.001
   110:    36531.003    36684.013    36684.011    36826.001    37313.003
   115:    37318.023    37318.021    37569.013    37569.011    38488.001
   120:    39038.018    39372.003    39378.016    39428.026    39681.005
   125:    40183.009    40186.005    40207.009    40931.001    40991.003
   130:    40996.023    40996.021    41007.001    41098.003    41247.013
   135:    41247.011    41460.001    41886.003    41891.023    41891.021
   140:    42142.013    42142.011    42276.001    42750.003    42755.023
   145:    42755.021    43006.013    43006.011    43108.005    43143.009
   150:    43383.001    43933.018    44242.003    44248.016    44298.026
   155:    44467.005    44965.009    44979.005    44982.009    46734.005
   160:    46751.009    47084.001    47181.003    47186.023    47186.021
   165:    47437.013    47437.011    47811.001    48234.003    48239.023
   170:    48239.021    48490.013    48490.011    48614.005    48874.009
   175:    49264.001    49299.003    49304.023    49304.021    49555.013
   180:    49555.011    49668.001    49701.003    49706.023    49706.021
   185:    49757.001    49805.003    49957.013    49957.011    50020.001
   190:    50250.003    50255.023    50255.021    50506.013    50506.011
   195:    51453.001    51919.003    51924.023    51924.021    52175.013
   200:    52175.011    53379.001    53929.018    53933.003    53939.016
   205:    53989.026    54176.005    54557.009    55033.001    55583.018
   210:    55633.003    55639.016    55689.026    55782.001    55834.005
   215:    55840.009    55963.003    55968.023    55968.021    56075.005
   220:    56219.013    56219.011    56686.009    57372.001    57475.003
   225:    57480.023    57480.021    57731.013    57731.011    57960.001
   230:    58352.003    58357.023    58357.021    58608.013    58608.011
   235:    58981.001    59102.003    59107.023    59107.021    59358.013
   240:    59358.011    59446.001    59481.003    59486.023    59486.021
   245:    59543.001    59597.003    59737.013    59737.011    59806.001
   250:    59904.003    59909.023    59909.021    60160.013    60160.011
   255:    60334.001    60884.018    61073.003    61079.016    61129.026
   260:    61502.005    61935.009    65898.001    66357.003    66362.023
   265:    66362.021    66613.013    66613.011    66879.001    67409.003
   270:    67414.023    67414.021    67665.013    67665.011    68647.001
   275:    69071.003    69076.023    69076.021    69327.013    69327.011
   280:    69363.005    69382.009    69694.001    69799.003    69804.023
   285:    69804.021    70055.013    70055.011    70215.001    70576.003
   290:    70581.023    70581.021    70832.013    70832.011    71198.001
   295:    71359.003    71364.023    71364.021    71376.001    71464.003
   300:    71615.013    71615.011    71823.005    71852.009    71864.005
   305:    72289.009    72407.005    72444.009    73092.001    73642.018
   310:    73702.003    73708.016    73758.026    73960.005    74377.009
   315:    75677.001    76040.003    76045.023    76045.021    76296.013
   320:    76296.011    76559.001    77092.003    77097.023    77097.021
   325:    77348.013    77348.011    77450.001    77960.003    77965.023
   330:    77965.021    78216.013    78216.011    82203.005    82426.009
   335:    82716.001    82772.003    82777.023    82777.021    83028.013
   340:    83028.011    83191.001    83328.003    83333.023    83333.021
   345:    83584.013    83584.011    83751.001    84301.018    84378.003
   350:    84384.016    84434.026    84607.005    85063.009    86365.001
   355:    86855.003    86860.023    86860.021    87111.013    87111.011
   360:    87373.001    87559.003    87564.023    87564.021    87815.013
   365:    87815.011    87931.001    87971.003    87976.023    87976.021
   370:    87999.001    88077.003    88227.013    88227.011    88544.001
   375:    89014.003    89019.023    89019.021    89270.013    89270.011
   380:    89326.005    89517.009    89741.001    89845.003    89850.023
   385:    89850.021    89869.001    89890.003    90101.013    90101.011
   390:    91146.005    91209.009    91213.005    91225.009    91449.001
   395:    91497.003    91502.023    91502.021    91514.001    91604.003
   400:    91753.013    91753.011    92027.001    92339.003    92344.023
   405:    92344.021    92595.013    92595.011    93776.005    93995.009
   410:    94239.001    94675.003    94680.023    94680.021    94931.013
   415:    94931.011    95126.001    95659.003    95664.023    95664.021
   420:    95915.013    95915.011    95980.005    96026.009    96209.001
   425:    96591.003    96596.023    96596.021    96847.013    96847.011
   430:    98258.005    98564.009    98909.001    99139.003    99144.023
   435:    99144.021    99166.001    99241.003    99395.013    99395.011
   440:    99539.001   100089.018   100350.003   100356.016   100406.026
   445:   100600.005   101076.009   101294.001   101658.003   101663.023
   450:   101663.021   101770.005   101891.009   101914.013   101914.011
   455:   101978.005   102001.009   102380.001   102793.003   102798.023
   460:   102798.021   103049.013   103049.011   103303.001   103734.003
   465:   103739.023   103739.021   103779.001   103841.003   103990.013
   470:   103990.011   104248.001   104422.003   104427.023   104427.021
   475:   104479.001   104512.003   104678.013   104678.011   105063.001
   480:   105088.003   105093.023   105093.021   105344.013   105344.011
   485:   105933.001   106011.003   106016.023   106016.021   106267.013
   490:   106267.011   106366.005   106605.009   108583.001   109133.018
   495:   109388.003   109394.016   109444.026   109507.001   109752.003
   500:   109757.023   109757.021   109949.005   109961.009   109965.005
   505:   110008.013   110008.011   110599.009   110856.001   111403.003
   510:   111408.023   111408.021   111659.013   111659.011   111920.001
   515:   112049.003   112054.023   112054.021   112305.013   112305.011
   520:   112686.001   113214.003   113219.023   113219.021   113470.013
   525:   113470.011   113704.001   114254.018   114564.003   114570.016
   530:   114620.026   115092.005   115609.009   116180.001   116283.003
   535:   116288.023   116288.021   116539.013   116539.011   116664.001
   540:   117021.003   117026.023   117026.021   117277.013   117277.011
   545:   118293.005   118330.009   118348.005   118366.009   118381.005
   550:   118502.009   118977.001   119527.018   119627.003   119633.016
   555:   119683.026   119869.005   120461.009   123713.005   123726.009
   560:   124015.001   124565.018   124588.003   124594.016   124644.026
   565:   124894.005   125375.009   125826.001   126376.018   127173.003
   570:   127179.016   127229.026   127231.017   127496.005   128025.009
   575:   128266.001   128318.003   128323.023   128323.021   128574.013
   580:   128574.011   129571.001   129873.003   129878.023   129878.021
   585:   130129.013   130129.011   130936.001   131075.003   131080.023
   590:   131080.021   131140.001   131167.003   131331.013   131331.011
   595:   131692.005   131695.009   131708.005   131792.009   131840.005
   600:   132056.009   132156.005   132399.009   132737.001   133314.003
   605:   133319.023   133319.021   133570.013   133570.011   134020.001
   610:   134594.003   134599.023   134599.021   134670.001   134709.003
   615:   134850.013   134850.011   134985.001   135482.003   135487.023
   620:   135487.021   135738.013   135738.011   135857.005   136067.009
   625:   136326.001   136723.003   136728.023   136728.021   136979.013
   630:   136979.011   137319.001   137615.003   137620.023   137620.021
   635:   137871.013   137871.011   138019.001   138582.003   138587.023
   640:   138587.021   138838.013   138838.011   139007.005   139356.009
   645:   139626.001   139853.003   139858.023   139858.021   140109.013
   650:   140109.011   140270.001   140340.003   140345.023   140345.021
   655:   140596.013   140596.011   140632.005   140643.009   140657.005
   660:   140739.009   140946.001   140983.003   140988.023   140988.021
   665:   141239.013   141239.011   141672.001   142225.003   142230.023
   670:   142230.021   142481.013   142481.011   142665.005   142789.009
   675:   143097.001   143234.003   143239.023   143239.021   143490.013
   680:   143490.011   143706.001   144102.003   144107.023   144107.021
   685:   144358.013   144358.011   144453.001   144977.003   144982.023
   690:   144982.021   145233.013   145233.011   145419.001   145991.003
   695:   145996.023   145996.021   146247.013   146247.011   146696.001
   700:   147296.018   147377.003   147383.016   147433.026   147693.005
   705:   148146.009   148504.001   148661.003   148666.023   148666.021
   710:   148917.013   148917.011   148992.001   149004.003   149009.023
   715:   149009.021   149260.013   149260.011   149442.001   149487.003
   720:   149492.023   149492.021   149743.013   149743.011   150067.005
   725:   150189.009   150341.001   150596.003   150601.023   150601.021
   730:   150852.013   150852.011   151215.001   151456.003   151461.023
   735:   151461.021   151712.013   151712.011   151890.005   152176.009
   740:   153326.001   153402.003   153407.023   153407.021   153658.013
   745:   153658.011   154131.005   154569.009   154878.001   155366.003
   750:   155371.023   155371.021   155622.013   155622.011   155628.005
   755:   155861.009   156059.001   156468.003   156473.023   156473.021
   760:   156724.013   156724.011   156960.001   157429.003   157434.023
   765:   157434.021   157685.013   157685.011   161708.005   161821.009
   770:   163251.001   163280.003   163285.023   163285.021   163536.013
   775:   163536.011   166487.001   166612.003   166617.023   166617.021
   780:   166643.001   166675.003   166868.013   166868.011   167418.001
   785:   167812.003   167817.023   167817.021   168068.013   168068.011
   790:   168269.005   168281.009   168298.005   168521.009   168775.001
   795:   169112.003   169117.023   169117.021   169368.013   169368.011
   800:   169440.005   169538.009   170008.001   170347.003   170352.023
   805:   170352.021   170603.013   170603.011   170804.001   171313.003
   810:   171318.023   171318.021   171332.001   171418.003   171569.013
   815:   171569.011   171706.001   172296.003   172301.023   172301.021
   820:   172552.013   172552.011   172715.001   173219.003   173224.023
   825:   173224.021   173475.013   173475.011   174396.005   174421.009
   830:   183993.001   184593.018   184624.003   184630.016   184680.026
   835:   185021.005   185589.009   187277.001   187373.003   187378.023
   840:   187378.021   187629.013   187629.011   187782.001   187924.003
   845:   187929.023   187929.021   188180.013   188180.011   188362.001
   850:   188845.003   188850.023   188850.021   189101.013   189101.011
   855:   189247.001   189644.003   189649.023   189649.021   189900.013
   860:   189900.011   190027.005   190080.009   190514.001   190940.003
   865:   190945.023   190945.021   191196.013   191196.011   191409.001
   870:   191598.003   191603.023   191603.021   191854.013   191854.011
   875:   192091.005   192108.009   192109.005   192156.009   193105.001
   880:   193186.003   193191.023   193191.021   193442.013   193442.011
   885:   194235.001   194498.003   194503.023   194503.021   194754.013
   890:   194754.011   195438.005   195712.009   195942.001   195980.003
   895:   195985.023   195985.021   195996.001   196088.003   196236.013
   900:   196236.011   196703.005   196893.009   198431.001   198840.003
   905:   198845.023   198845.021   199096.013   199096.011   199396.005
   910:   199565.009   204776.001   205106.003   205111.023   205111.021
   915:   205362.013   205362.011   205751.001   206351.018   206421.003
   920:   206427.016   206477.026   206746.005   207419.009   207849.001
   925:   208220.003   208225.023   208225.021   208476.013   208476.011
   930:   208738.001   209338.018   209343.003   209349.016   209399.026
   935:   209616.005   210027.009   210046.005   210143.009   210457.001
   940:   210960.003   210965.023   210965.021   211216.013   211216.011
   945:   211535.001   212135.018   212136.003   212142.016   212192.026
   950:   212360.005   212759.009   213052.001   213538.003   213543.023
   955:   213543.021   213794.013   213794.011   213987.001   214191.003
   960:   214196.023   214196.021   214447.013   214447.011   214750.001
   965:   215307.003   215312.023   215312.021   215563.013   215563.011
   970:   215689.005   215872.009   216165.001   216281.003   216286.023
   975:   216286.021   216537.013   216537.011   216703.001   217148.003
   980:   217153.023   217153.021   217404.013   217404.011   217772.001
   985:   218241.003   218246.023   218246.021   218497.013   218497.011
   990:   218623.005   218735.009   218844.005   219007.009   219357.001
   995:   219593.003   219598.023   219598.021   219670.001   219703.003
  1000:   219849.013   219849.011   220002.001   220574.003   220579.023
  1005:   220579.021   220830.013   220830.011   221226.005   221316.009
  1010:   221563.001   221709.003   221714.023   221714.021   221965.013
  1015:   221965.011   222107.001   222707.018   223502.003   223508.016
  1020:   223558.026   223637.001   223649.003   223654.023   223654.021
  1025:   223905.013   223905.011   223999.005   224591.009   224913.001
  1030:   225411.003   225416.023   225416.021   225667.013   225667.011
  1035:   226277.005   226292.009   226316.005   226339.009   226659.001
  1040:   226941.003   226946.023   226946.021   227197.013   227197.011
  1045:   228251.001   228808.003   228813.023   228813.021   229064.013
  1050:   229064.011   229351.005   229468.009   229547.005   229687.009
  1055:   229907.001   230507.018   231165.003   231171.016   231221.026
  1060:   231284.001   231485.003   231490.023   231490.021   231741.013
  1065:   231741.011   232680.005   232793.009   232807.005   233357.009
  1070:   233861.005   233939.009   234447.001   234587.003   234592.023
  1075:   234592.021   234843.013   234843.011   235150.001   235750.018
  1080:   235865.003   235871.016   235921.026   236069.005   236497.009
  1085:   237047.001   237356.003   237361.023   237361.021   237612.013
  1090:   237612.011   237798.001   238398.018   238420.003   238426.016
  1095:   238476.026   238691.005   239715.009   239788.005   239879.009
  1100:   241458.005   241581.009   242367.001   242827.003   242832.023
  1105:   242832.021   243083.013   243083.011   243389.001   243989.018
  1110:   244079.003   244085.016   244135.026   244345.005   245083.009
  1115:   246070.005   246082.009   246103.005   246121.009   246408.001
  1120:   247008.018   247294.003   247300.016   247350.026   247502.005
  1125:   247511.009   247512.005   248469.009   248510.005   248514.009
  1130:   248534.005   248567.009   248588.005   248606.009   249217.001
  1135:   249458.003   249463.023   249463.021   249714.013   249714.011
  1140:   249859.001   250459.018   250471.003   250477.016   250527.026
  1145:   250736.005   251250.009   251269.005   251454.009   252263.001
  1150:   252762.003   252767.023   252767.021   253018.013   253018.011
  1155:   253263.005   253431.009   253790.001   253889.003   253894.023
  1160:   253894.021   253922.001   253990.003   254145.013   254145.011
  1165:   254485.005   254842.009   255410.001   256000.003   256005.023
  1170:   256005.021   256256.013   256256.011   256623.001   257201.003
  1175:   257206.023   257206.021   257457.013   257457.011   257680.005
  1180:   257698.009   258024.001   258578.003   258583.023   258583.021
  1185:   258834.013   258834.011   259026.001   259626.018   259660.003
  1190:   259666.016   259716.026   259900.005   260559.009   260584.005
  1195:   260709.009   262386.001   262986.018   263052.003   263058.016
  1200:   263108.026   263486.005   263947.009   263982.005   264139.009
  1205:   264821.001   265421.018   265536.003   265542.016   265592.026
  1210:   265648.001   265944.003   265949.023   265949.021   266200.013
  1215:   266200.011   266252.005   266264.009   266269.005   266547.009
  1220:   266668.005   266875.009   266929.005   267364.009   267558.005
  1225:   267737.009   268380.001   268862.003   268867.023   268867.021
  1230:   269118.013   269118.011   269247.001   269847.018   270011.003
  1235:   270017.016   270067.026   270936.001   271536.018   271541.003
  1240:   271547.016   271597.026   271756.005   272471.009   275352.001
  1245:   275919.003   275924.023   275924.021   276175.013   276175.011
  1250:   276227.005   276573.009   276820.001   277041.003   277046.023
  1255:   277046.021   277297.013   277297.011   277463.001   277795.003
  1260:   277800.023   277800.021   277830.001   277874.003   278051.013
  1265:   278051.011   278137.001   278210.003   278215.023   278215.021
  1270:   278466.013   278466.011   280230.001   280769.003   280774.023
  1275:   280774.021   281025.013   281025.011   281159.005   281491.009
  1280:   281771.001   282275.003   282280.023   282280.021   282531.013
  1285:   282531.011   283243.001   283292.003   283297.023   283297.021
  1290:   283548.013   283548.011   283707.001   284307.018   284890.003
  1295:   284896.016   284918.001   284944.003   284946.026   285082.005
  1300:   285798.009   286772.001   287372.018   287887.003   287893.016
  1305:   287935.001   287943.026   287977.003   287982.023   287982.021
  1310:   288072.005   288233.013   288233.011   288877.009   289566.001
  1315:   289652.003   289657.023   289657.021   289908.013   289908.011
  1320:   290135.001   290587.003   290592.023   290592.021   290651.001
  1325:   290687.003   290843.013   290843.011   291430.005   291771.009
  1330:   292104.001   292704.018   292762.003   292768.016   292818.026
  1335:   293001.005   293203.009   293282.005   293744.009   294249.005
  1340:   294569.009   295471.005   295591.009   295620.005   295649.009
  1345:   295915.001   295977.003   295982.023   295982.021   296233.013
  1350:   296233.011   296374.001   296869.003   296874.023   296874.021
  1355:   297125.013   297125.011   297434.001   297548.003   297553.023
  1360:   297553.021   297804.013   297804.011   298024.001   298040.003
  1365:   298045.023   298045.021   298296.013   298296.011   299080.005
  1370:   299365.009   299683.001   300247.003   300252.023   300252.021
  1375:   300503.013   300503.011   300771.001   301371.018   301385.003
  1380:   301391.016   301441.026   301760.005   302300.009   302740.001
  1385:   302878.003   302883.023   302883.021   303134.013   303134.011
  1390:   304795.001   305395.018   305491.003   305497.016   305547.026
  1395:   305764.005   306257.009   307254.001   307721.003   307726.023
  1400:   307726.021   307977.013   307977.011   308212.001   308807.003
  1405:   308812.023   308812.021   309063.013   309063.011   309333.001
  1410:   309772.003   309777.023   309777.021   310028.013   310028.011
  1415:   310280.005   310485.009   310752.001   311352.018   311361.003
  1420:   311367.016   311417.026   311739.005   312306.009   313545.005
  1425:   313585.009   315712.001   316148.003   316153.023   316153.021
  1430:   316404.013   316404.011   316734.001   317254.003   317259.023
  1435:   317259.021   317510.013   317510.011   317734.001   318334.018
  1440:   318402.003   318408.016   318458.026   318625.005   319392.009
  1445:   319708.001   320086.003   320091.023   320091.021   320342.013
  1450:   320342.011   320464.005   320844.009   321169.001   321717.003
  1455:   321722.023   321722.021   321973.013   321973.011   322815.005
  1460:   322902.009   322991.005   323280.009   324107.001   324672.003
  1465:   324677.023   324677.021   324928.013   324928.011   325237.001
  1470:   325278.003   325283.023   325283.021   325314.001   325386.003
  1475:   325534.013   325534.011   325894.001   326462.003   326467.023
  1480:   326467.021   326718.013   326718.011   327093.001   327360.003
  1485:   327365.023   327365.021   327616.013   327616.011   328909.005
  1490:   328952.009   329324.001   329735.003   329740.023   329740.021
  1495:   329763.001   329841.003   329991.013   329991.011   331420.005
  1500:   331608.009   331872.005   331998.009   334289.005   334363.009
  1505:   335644.001   335941.003   335946.023   335946.021   336197.013
  1510:   336197.011   336387.001   336500.003   336505.023   336505.021
  1515:   336756.013   336756.011   336889.001   337443.003   337448.023
  1520:   337448.021   337699.013   337699.011   337905.001   338505.018
  1525:   338575.003   338581.016   338631.026   339168.005   339414.009
  1530:   339450.005   339470.009   341396.001   341737.003   341742.023
  1535:   341742.021   341993.013   341993.011   342125.001   342673.003
  1540:   342678.023   342678.021   342929.013   342929.011   343273.001
  1545:   343311.003   343316.023   343316.021   343338.001   343431.003
  1550:   343567.013   343567.011   343857.001   344457.018   344555.003
  1555:   344561.016   344585.001   344611.026   344700.003   344705.023
  1560:   344705.021   344751.005   344758.009   344781.005   344788.009
  1565:   344949.005   344956.013   344956.011   345441.009   346446.001
  1570:   346798.003   346803.023   346803.021   347054.013   347054.011
  1575:   347340.001   347433.003   347438.023   347438.021   347689.013
  1580:   347689.011   348759.005   348976.009   349094.005   349114.009
  1585:   349443.001   350043.018   350140.003   350146.016   350174.001
  1590:   350188.003   350196.026   350447.001   350561.003   350566.023
  1595:   350566.021   350817.013   350817.011   351317.005   351820.009
  1600:   352166.001   352766.018   353075.003   353081.016   353131.026
  1605:   353141.005   353972.009   355503.005   355738.009   355984.005
  1610:   356059.009   356153.005   356290.009   356478.001   356769.003
  1615:   356774.023   356774.021   356794.001   356875.003   357025.013
  1620:   357025.011   357244.001   357789.003   357794.023   357794.021
  1625:   358045.013   358045.011   358245.001   358514.003   358519.023
  1630:   358519.021   358770.013   358770.011   359075.001   359663.003
  1635:   359668.023   359668.021   359919.013   359919.011   360239.001
  1640:   360683.003   360688.023   360688.021   360939.013   360939.011
  1645:   361680.001   361726.003   361731.023   361731.021   361982.013
  1650:   361982.011   362201.001   362596.003   362601.023   362601.021
  1655:   362852.013   362852.011   363140.001   363712.003   363717.023
  1660:   363717.021   363968.013   363968.011   365023.005   365403.009
  1665:   365762.001   365989.003   365994.023   365994.021   366245.013
  1670:   366245.011   367317.005   367466.009   367519.005   367731.009
  1675:   368740.001   369198.003   369203.023   369203.021   369454.013
  1680:   369454.011   372854.001   372935.003   372940.023   372940.021
  1685:   373191.013   373191.011   373378.005   373584.009   373988.001
  1690:   374588.018   374866.003   374872.016   374922.026   375090.005
  1695:   375796.009   375853.005   375892.009   377293.005   377415.009
  1700:   377792.001   378392.018   378631.003   378637.016   378687.026
  1705:   378970.005   379549.009   379886.001   380310.003   380315.023
  1710:   380315.021   380566.013   380566.011   380969.001   381208.003
  1715:   381213.023   381213.021   381464.013   381464.011   381668.001
  1720:   382268.018   382294.003   382300.016   382350.026   382668.005
  1725:   383040.009   384966.001   385466.003   385471.023   385471.021
  1730:   385722.013   385722.011   386046.005   386242.009   386469.001
  1735:   387069.018   387119.003   387125.016   387165.001   387175.026
  1740:   387396.003   387401.023   387401.021   387652.013   387652.011
  1745:   387984.005   388375.009   389198.005   389263.009   389573.001
  1750:   390173.018   390578.003   390584.016   390634.026   390910.005
  1755:   391388.009   391417.005   391582.009   391827.001   392427.018
  1760:   392568.003   392574.016   392624.026   392796.005   394107.009
  1765:   395156.001   395729.003   395734.023   395734.021   395985.013
  1770:   395985.011   396431.001   397031.018   397162.003   397168.016
  1775:   397218.026   397499.005   398200.009   400023.005   400398.009
  1780:   400783.001   400899.003   400904.023   400904.021   401155.013
  1785:   401155.011   401398.001   401998.018   402158.003   402164.016
  1790:   402178.001   402214.026   402288.003   402293.023   402293.021
  1795:   402324.001   402375.003   402383.005   402397.009   402544.013
  1800:   402544.011   402848.001   403448.018   403621.003   403627.016
  1805:   403677.026   403850.005   405584.009   407771.001   408323.003
  1810:   408328.023   408328.021   408579.013   408579.011   408807.001
  1815:   409407.018   409425.003   409431.016   409481.026   409628.005
  1820:   410563.009   411919.001   412501.003   412506.023   412506.021
  1825:   412757.013   412757.011   413103.001   413356.003   413361.023
  1830:   413361.021   413388.001   413443.003   413612.013   413612.011
  1835:   413712.001   414312.018   414406.003   414412.016   414462.026
  1840:   414657.005   415129.009   415537.001   416125.003   416130.023
  1845:   416130.021   416381.013   416381.011   417143.001   417472.003
  1850:   417477.023   417477.021   417728.013   417728.011   417981.005
  1855:   418222.009   418289.005   418482.009   418725.001   419325.018
  1860:   419820.003   419826.016   419876.026   420145.005   420650.009
  1865:   422147.005   422539.009   422885.001   423485.018   423732.003
  1870:   423738.016   423788.026   423963.005   423976.009   424331.005
  1875:   424365.009   424368.005   424373.009   424595.005   425274.009
  1880:   427056.001   427632.003   427637.023   427637.021   427888.013
  1885:   427888.011   428148.005   428178.009   428552.001   428755.003
  1890:   428760.023   428760.021   429011.013   429011.011   429196.001
  1895:   429524.003   429529.023   429529.021   429780.013   429780.011
  1900:   430019.001   430619.018   430627.003   430633.016   430683.026
  1905:   430946.005   431923.009   431999.005   432061.009   432206.005
  1910:   432249.009   433784.001   434384.018   434449.003   434455.016
  1915:   434505.026   434698.005   435257.009   435719.001   436319.018
  1920:   436592.003   436598.016   436648.026   437008.005   437804.009
  1925:   438353.001   438953.018   439025.003   439031.016   439080.001
  1930:   439081.026   439130.003   439135.023   439135.021   439222.005
  1935:   439386.013   439386.011   439854.009   439866.005   440035.009
  1940:   440041.005   440060.009   441927.001   442518.003   442523.023
  1945:   442523.021   442774.013   442774.011   442966.001   443566.018
  1950:   443575.003   443581.016   443631.026   443859.005   444370.009
  1955:   444467.005   444488.009   445069.001   445669.018   446430.003
  1960:   446436.016   446486.026   446671.005   447376.009   448208.001
  1965:   448593.003   448598.023   448598.021   448849.013   448849.011
  1970:   448981.001   449533.003   449538.023   449538.021   449789.013
  1975:   449789.011   450021.001   450621.018   451112.003   451118.016
  1980:   451168.026   451507.005   452351.009   453132.001   453732.018
  1985:   454277.003   454283.016   454333.026   454798.005   455371.009
  1990:   455396.005   455402.009   455997.001   456064.003   456069.023
  1995:   456069.021   456320.013   456320.011   456703.001   457245.003
  2000:   457250.023   457250.021   457501.013   457501.011   457650.001
  2005:   457948.003   457953.023   457953.021   458204.013   458204.011
  2010:   458423.001   458556.003   458561.023   458561.021   458812.013
  2015:   458812.011   459222.001   459822.018   460004.003   460010.016
  2020:   460060.026   460490.005   460802.009   460984.005   461323.009
  2025:   461691.001   462168.003   462173.023   462173.021   462190.001
  2030:   462269.003   462424.013   462424.011   463031.001   463626.003
  2035:   463631.023   463631.021   463882.013   463882.011   464054.001
  2040:   464654.018   464761.003   464767.016   464817.026   465037.005
  2045:   465592.009   467447.001   467548.003   467553.023   467553.021
  2050:   467804.013   467804.011   468213.001   468741.003   468746.023
  2055:   468746.021   468997.013   468997.011   469177.001   469777.018
  2060:   469865.003   469871.016   469921.026   470070.005   470078.009
  2065:   470118.005   470540.009   470918.001   471480.003   471485.023
  2070:   471485.021   471736.013   471736.011   472185.005   472211.009
  2075:   472652.001   472809.003   472814.023   472814.021   473065.013
  2080:   473065.011   473286.001   473694.003   473699.023   473699.021
  2085:   473950.013   473950.011   474051.005   474135.009   474149.005
  2090:   474417.009   474651.001   475209.003   475214.023   475214.021
  2095:   475465.013   475465.011   475834.001   476158.003   476163.023
  2100:   476163.021   476414.013   476414.011   476646.005   476661.009
  2105:   476665.005   476940.009   477204.001   477804.018   477808.003
  2110:   477814.016   477864.026   478113.005   479048.009   480489.001
  2115:   480849.003   480854.023   480854.021   481105.013   481105.011
  2120:   481313.001   481783.003   481788.023   481788.021   482039.013
  2125:   482039.011   482194.005   482277.009   482310.005   482638.009
  2130:   482893.001   483493.018   483502.003   483508.016   483558.026
  2135:   483789.005   484351.009   484442.005   484497.009   485331.001
  2140:   485931.018   486431.003   486437.016   486487.026   486626.005
  2145:   487439.009   488071.001   488358.003   488363.023   488363.021
  2150:   488614.013   488614.011   488811.001   489253.003   489258.023
  2155:   489258.021   489509.013   489509.011   490314.005   490356.009
  2160:   490380.005   490401.009   490718.001   491290.003   491295.023
  2165:   491295.021   491546.013   491546.011   491793.001   492393.018
  2170:   492441.003   492447.016   492497.026   492686.005   493251.009
  2175:   494420.005   494537.009   494571.005   494628.009   494893.001
  2180:   495493.018   495536.003   495542.016   495592.026   495805.005
  2185:   496252.009   496818.001   497418.018   497617.003   497623.016
  2190:   497673.026   498188.005   498777.009   499618.001   499854.003
  2195:   499859.023   499859.021   500110.013   500110.011   500434.001
  2200:   500721.003   500726.023   500726.021   500977.013   500977.011
  2205:   501390.005   501421.009   501428.005   501451.009   501826.001
  2210:   502066.003   502071.023   502071.021   502322.013   502322.011
  2215:   502906.001   503173.003   503178.023   503178.021   503208.001
  2220:   503282.003   503429.013   503429.011   503675.001   504275.018
  2225:   504307.003   504313.016   504363.026   504571.005   505056.009
  2230:   505151.005   505165.009   505550.001   505720.003   505725.023
  2235:   505725.021   505976.013   505976.011   506273.001   506557.003
  2240:   506562.023   506562.021   506813.013   506813.011   507026.001
  2245:   507626.018   507794.003   507800.016   507850.026   508078.005
  2250:   508595.009   509235.001   509815.003   509820.023   509820.021
  2255:   510071.013   510071.011   511917.001   512517.018   512570.003
  2260:   512576.016   512626.026   512762.005   513409.009   514476.001
  2265:   514996.003   515001.023   515001.021   515252.013   515252.011
  2270:   515551.001   515914.003   515919.023   515919.021   516170.013
  2275:   516170.011   516252.005   516527.009   516550.005   516726.009
  2280:   517039.001   517639.018   518029.003   518035.016   518085.026
  2285:   518423.005   518837.009   519486.001   519713.003   519718.023
  2290:   519718.021   519969.013   519969.011   520148.001   520748.018
  2295:   520904.003   520910.016   520960.026   521263.005   521913.009
  2300:   523326.001   523465.003   523470.023   523470.021   523721.013
  2305:   523721.011   523895.001   524463.003   524468.023   524468.021
  2310:   524719.013   524719.011   525683.001   526283.018   526523.003
  2315:   526529.016   526579.026   526715.005   527428.009   531126.005
  2320:   531316.009   531583.001   532183.018   532222.003   532228.016
  2325:   532278.026   532622.005   533021.009   533866.001   534362.003
  2330:   534367.023   534367.021   534618.013   534618.011   534801.001
  2335:   535398.003   535403.023   535403.021   535654.013   535654.011
  2340:   535844.005   536066.009   536341.001   536941.018   537086.003
  2345:   537092.016   537142.026   537395.005   537986.009   538382.001
  2350:   538982.018   539229.003   539235.016   539285.026   539351.005
  2355:   540530.009   541034.001   541437.003   541442.023   541442.021
  2360:   541693.013   541693.011   542095.001   542646.003   542651.023
  2365:   542651.021   542902.013   542902.011   543165.005   543457.009
  2370:   543945.005   544039.009   549084.005   549124.009   549515.001
  2375:   549923.003   549928.023   549928.021   550179.013   550179.011
  2380:   550681.001   551205.003   551210.023   551210.021   551461.013
  2385:   551461.011   551850.005   552015.009   552506.001   552964.003
  2390:   552969.023   552969.021   553220.013   553220.011   553396.001
  2395:   553867.003   553872.023   553872.021   554123.013   554123.011
  2400:   554507.001   554648.003   554653.023   554653.021   554904.013
  2405:   554904.011   555112.001   555184.003   555189.023   555189.021
  2410:   555440.013   555440.011   555616.001   555883.003   555888.023
  2415:   555888.021   556139.013   556139.011   557263.001   557755.003
  2420:   557760.023   557760.021   558011.013   558011.011   558069.005
  2425:   558152.009   559613.005   559652.009   559695.005   559889.009
  2430:   560123.001   560495.003   560500.023   560500.021   560751.013
  2435:   560751.011   561684.001   561764.003   561769.023   561769.021
  2440:   562020.013   562020.011   562957.001   563126.003   563131.023
  2445:   563131.021   563382.013   563382.011   563796.001   564231.003
  2450:   564236.023   564236.021   564487.013   564487.011   564742.001
  2455:   565252.003   565257.023   565257.021   565508.013   565508.011
  2460:   567151.001   567432.003   567437.023   567437.021   567688.013
  2465:   567688.011   567823.001   568423.018   568432.003   568438.016
  2470:   568488.026   568603.005   569093.009   569571.001   569984.003
  2475:   569989.023   569989.021   570240.013   570240.011   570701.001
  2480:   571301.018   571438.003   571444.016   571494.026   571615.005
  2485:   572331.009   573004.001   573604.018   573771.003   573777.016
  2490:   573827.026   573945.005   574686.009   575184.001   575620.003
  2495:   575625.023   575625.021   575876.013   575876.011   576639.001
  2500:   577192.003   577197.023   577197.021   577448.013   577448.011
  2505:   577648.005   577659.009   578256.001   578856.018   579133.003
  2510:   579139.016   579189.026   579340.005   579935.009   582057.001
  2515:   582657.018   582805.003   582811.016   582861.026   583135.005
  2520:   583704.009   583718.005   583923.009   584987.001   585587.018
  2525:   585706.003   585712.016   585762.026   585885.005   587374.009
  2530:   587379.005   587703.009   587788.005   587792.009   587818.005
  2535:   588034.009   589886.001   590486.018   590579.003   590585.016
  2540:   590635.026   590774.005   591300.009   591322.005   591338.009
  2545:   591446.005   591451.009   592331.001   592776.003   592781.023
  2550:   592781.021   593032.013   593032.011   593225.001   593721.003
  2555:   593726.023   593726.021   593977.013   593977.011   594374.005
  2560:   594458.009   594523.005   594619.009   594880.001   595480.018
  2565:   595649.003   595655.016   595705.026   595855.005   596489.009
  2570:   596957.001   597557.018   597909.003   597915.016   597965.026
  2575:   597986.005   599053.009   599059.005   599569.009   599994.005
  2580:   600209.009   601093.001   601661.003   601666.023   601666.021
  2585:   601917.013   601917.011   602270.005   602755.009   604600.001
  2590:   605138.003   605143.023   605143.021   605394.013   605394.011
  2595:   605632.001   606232.018   606244.003   606250.016   606300.026
  2600:   606465.005   607165.009   608298.001   608898.018   608956.003
  2605:   608962.016   609012.026   609133.005   610013.009   610037.005
  2610:   610075.009   610638.001   611238.018   611718.003   611724.016
  2615:   611774.026   611934.005   612520.009   614248.001   614649.003
  2620:   614654.023   614654.021   614905.013   614905.011   615160.001
  2625:   615255.003   615260.023   615260.021   615511.013   615511.011
  2630:   616651.005   616681.009   617266.001   617379.003   617384.023
  2635:   617384.021   617390.001   617484.003   617635.013   617635.011
  2640:   617701.001   617747.003   617752.023   617752.021   618003.013
  2645:   618003.011   618295.001   618415.003   618420.023   618420.021
  2650:   618671.013   618671.011   619583.001   620179.003   620184.023
  2655:   620184.021   620435.013   620435.011   620846.001   621433.003
  2660:   621438.023   621438.021   621689.013   621689.011   621898.001
  2665:   622498.018   622551.003   622557.016   622607.026   622770.005
  2670:   623617.009   624420.001   625020.018   625445.003   625451.016
  2675:   625501.026   625737.005   626141.009   627276.001   627553.003
  2680:   627558.023   627558.021   627809.013   627809.011   628094.001
  2685:   628432.003   628437.023   628437.021   628688.013   628688.011
  2690:   628844.001   629444.018   629570.003   629576.016   629626.026
  2695:   629838.005   630833.009   631810.001   631954.003   631959.023
  2700:   631959.021   632210.013   632210.011   632407.001   632887.003
  2705:   632892.023   632892.021   633143.013   633143.011   633549.001
  2710:   634034.003   634039.023   634039.021   634290.013   634290.011
  2715:   634489.001   635089.018   635251.003   635257.016   635307.026
  2720:   635756.005   636386.009   637158.001   637688.003   637693.023
  2725:   637693.021   637944.013   637944.011   638150.001   638750.018
  2730:   639052.003   639058.016   639108.026   639261.005   639269.009
  2735:   639276.005   640032.009   640505.001   641105.018   641538.003
  2740:   641544.016   641594.026   641839.005   642721.009   642755.005
  2745:   642808.009   643854.001   643956.003   643961.023   643961.021
  2750:   644212.013   644212.011   645006.001   645606.018   645662.003
  2755:   645668.016   645718.026   645916.005   646297.009   646940.001
  2760:   647540.018   648323.003   648329.016   648379.026   648544.005
  2765:   649203.009   651166.001   651766.018   651810.003   651816.016
  2770:   651866.026   652097.005   652473.009   652504.005   652661.009
  2775:   653292.001   653892.018   654673.003   654679.016   654729.026
  2780:   655347.005   656454.009   656466.005   656477.009   658073.001
  2785:   658491.003   658496.023   658496.021   658747.013   658747.011
  2790:   659641.001   660217.003   660222.023   660222.021   660473.013
  2795:   660473.011   660840.001   661411.003   661416.023   661416.021
  2800:   661667.013   661667.011   661781.005   661810.009   664097.005
  2805:   664161.009   664526.001   665126.018   665311.003   665317.016
  2810:   665367.026   665547.005   666089.009   666458.001   667058.018
  2815:   667166.003   667172.016   667222.026   667350.005   667904.009
  2820:   669745.001   670345.018   670391.003   670397.016   670447.026
  2825:   670627.005   671017.009   672955.001   673465.003   673470.023
  2830:   673470.021   673721.013   673721.011   674019.001   674619.018
  2835:   674781.003   674787.016   674837.026   675162.005   675656.009
  2840:   676873.001   677473.018   677554.003   677560.016   677610.026
  2845:   677826.005   678248.009   678581.001   679181.018   679801.003
  2850:   679807.016   679857.026   679860.005   680552.009   681778.001
  2855:   682307.003   682312.023   682312.021   682563.013   682563.011
  2860:   682800.001   683330.003   683335.023   683335.021   683586.013
  2865:   683586.011   683939.001   684539.018   684626.003   684632.016
  2870:   684682.026   684854.005   685396.009   685707.001   686307.018
  2875:   687086.003   687092.016   687142.026   687370.005   687830.009
  2880:   687923.005   687930.009   688250.001   688850.018   689164.003
  2885:   689170.016   689220.026   689501.005   690408.009   693221.001
  2890:   693821.018   693879.003   693885.016   693935.026   694070.005
  2895:   694575.009   698667.005   698671.009   709284.005   709590.009
  2900:   710543.001   711143.018   711318.003   711324.016   711374.026
  2905:   711643.005   712118.009   712205.005   712219.009   713651.001
  2910:   714251.018   714389.003   714395.016   714445.026   714598.005
  2915:   714980.009   716542.001   716597.003   716602.023   716602.021
  2920:   716853.013   716853.011   717058.001   717658.018   717852.003
  2925:   717858.016   717908.026   718096.005   718595.009   718945.005
  2930:   719056.009   719585.001   720185.018   720239.003   720245.016
  2935:   720295.026   720521.005   721135.009   721174.005   721194.009
  2940:   721658.001   722014.003   722019.023   722019.021   722270.013
  2945:   722270.011   722793.001   723213.003   723218.023   723218.021
  2950:   723469.013   723469.011   723675.001   724274.003   724279.023
  2955:   724279.021   724530.013   724530.011   724743.001   725343.018
  2960:   725656.003   725662.016   725712.026   725864.005   726816.009
  2965:   729622.001   729987.003   729992.023   729992.021   730243.013
  2970:   730243.011   730492.001   731092.018   731160.003   731166.016
  2975:   731216.026   731343.005   731922.009   733049.001   733649.018
  2980:   733723.003   733729.016   733779.026   733930.005   734354.009
  2985:   735073.001   735673.018   735992.003   735998.016   736048.026
  2990:   736168.005   736869.009   739197.005   739266.009   741059.005
  2995:   741146.009   741159.005   741216.009   741665.001   742119.003
  3000:   742124.023   742124.021   742375.013   742375.011   742636.001
  3005:   742741.003   742746.023   742746.021   742761.001   742858.003
  3010:   742997.013   742997.011   743256.001   743849.003   743854.023
  3015:   743854.021   744105.013   744105.011   744230.005   744626.009
  3020:   746115.001   746421.003   746426.023   746426.021   746677.013
  3025:   746677.011   746867.001   747467.018   747475.003   747481.016
  3030:   747531.026   747694.005   748136.009   748589.001   749189.018
  3035:   749839.003   749845.016   749895.026   750139.005   750641.009
  3040:   750660.005   750664.009   751101.001   751655.003   751660.023
  3045:   751660.021   751911.013   751911.011   752323.001   752826.003
  3050:   752831.023   752831.021   753082.013   753082.011   753229.001
  3055:   753829.018   753903.003   753909.016   753959.026   754152.005
  3060:   754505.009   755816.001   756268.003   756273.023   756273.021
  3065:   756524.013   756524.011   756747.001   757347.018   757453.003
  3070:   757459.016   757509.026   757700.005   758466.009   760500.001
  3075:   761100.018   761157.003   761163.016   761213.026   761788.005
  3080:   762479.009   762480.005   762484.009   762512.005   762531.009
  3085:   762564.005   762566.009   762579.005   762796.009   763898.001
  3090:   764498.018   764951.003   764957.016   765007.026   765481.005
  3095:   766021.009   767628.001   768228.018   768618.003   768624.016
  3100:   768674.026   768841.005   769430.009   770147.001   770747.018
  3105:   770950.003   770956.016   771006.026   771152.005   771609.009
  3110:   771615.005   771669.009   776426.001   777026.018   777328.003
  3115:   777334.016   777384.026   777612.005   778337.009   778784.001
  3120:   779384.018   779611.003   779617.016   779667.026   779765.005
  3125:   780450.009   782063.001   782663.018   783052.003   783058.016
  3130:   783108.026   783314.005   783850.009   784912.001   785512.018
  3135:   785665.003   785671.016   785721.026   785915.005   786786.009
  3140:   786821.005   787277.009   790266.001   790757.003   790762.023
  3145:   790762.021   791013.013   791013.011   791150.005   791212.009
  3150:   791511.001   792111.018   792413.003   792419.016   792469.026
  3155:   792612.005   793223.009   794614.001   794758.003   794763.023
  3160:   794763.021   795014.013   795014.011   795188.005   795330.009
  3165:   795570.001   796144.003   796149.023   796149.021   796400.013
  3170:   796400.011   797579.001   798179.018   798214.003   798220.016
  3175:   798270.026   798435.005   798869.009   800400.001   800873.003
  3180:   800878.023   800878.021   801129.013   801129.011   801151.005
  3185:   801532.009   802116.001   802716.018   803117.003   803123.016
  3190:   803173.026   803392.005   803796.009   804066.001   804666.018
  3195:   805225.003   805231.016   805281.026   805487.005   806118.009
  3200:   806148.005   806174.009   806204.005   806234.009   807972.001
  3205:   808438.003   808443.023   808443.021   808694.013   808694.011
  3210:   808880.001   809480.018   809941.003   809947.016   809997.026
  3215:   810401.005   811032.009   811384.001   811984.018   812684.003
  3220:   812690.016   812740.026   812780.005   813613.009   813772.005
  3225:   813776.009   813779.005   813809.009   813992.005   814104.009
  3230:   816633.001   817096.003   817101.023   817101.021   817352.013
  3235:   817352.011   817483.001   818083.018   818226.003   818232.016
  3240:   818282.026   818436.005   819077.009   819554.001   820154.018
  3245:   820217.003   820223.016   820258.005   820273.026   820937.009
  3250:   821003.005   821023.009   823681.001   824049.003   824054.023
  3255:   824054.021   824305.013   824305.011   824522.001   825110.003
  3260:   825115.023   825115.021   825366.013   825366.011   825678.001
  3265:   826278.018   826297.003   826303.016   826353.026   826572.005
  3270:   827484.009   829149.001   829725.003   829730.023   829730.021
  3275:   829981.013   829981.011   830148.001   830748.018   830974.003
  3280:   830980.016   831030.026   831187.005   831700.009   831704.005
  3285:   831725.009   833229.001   833829.018   833913.003   833919.016
  3290:   833969.026   834137.005   834719.009   836538.005   836643.009
  3295:   838838.001   839438.018   839563.003   839569.016   839619.026
  3300:   839885.005   840367.009   843240.001   843614.003   843619.023
  3305:   843619.021   843870.013   843870.011   844109.001   844527.003
  3310:   844532.023   844532.021   844783.013   844783.011   845577.005
  3315:   845630.009   845631.005   845865.009   847358.001   847958.018
  3320:   848233.003   848239.016   848289.026   848510.005   849137.009
  3325:   850842.001   851442.018   851540.003   851546.016   851596.026
  3330:   851768.005   852338.009   854266.001   854866.018   855000.003
  3335:   855006.016   855056.026   855245.005   855671.009   858404.005
  3340:   858422.009   858435.005   858475.009   858826.001   859147.003
  3345:   859152.023   859152.021   859403.013   859403.011   859939.001
  3350:   860539.018   860730.003   860736.016   860786.026   862186.005
  3355:   862220.009   862232.005   862744.009   865623.001   866223.018
  3360:   866336.003   866342.016   866392.026   866595.005   866989.009
  3365:   867787.005   868015.009   869995.001   870595.018   870662.003
  3370:   870668.016   870718.026   870921.005   871641.009   871686.005
  3375:   871736.009   875329.001   875929.018   875967.003   875973.016
  3380:   876023.026   876188.005   876587.009   876612.005   877124.009
  3385:   878365.001   878704.003   878709.023   878709.021   878960.013
  3390:   878960.011   879516.001   880116.018   880191.003   880197.016
  3395:   880247.026   880405.005   880909.009   880944.005   881034.009
  3400:   884300.001   884900.018   885138.003   885144.016   885194.026
  3405:   885415.005   885902.009   885931.005   885943.009   886492.001
  3410:   887092.018   887383.003   887389.016   887439.026   887626.005
  3415:   888269.009   895114.005   895153.009   899417.005   899553.009
  3420:   906652.005   906694.009   908753.001   908842.003   908847.023
  3425:   908847.021   909098.013   909098.011   909728.005   909978.009
  3430:   910414.001   911014.018   911533.003   911539.016   911589.026
  3435:   911759.005   912408.009   912977.001   913577.018   914410.003
  3440:   914416.016   914466.026   914642.005   914981.009   915010.005
  3445:   915021.009   915072.005   915286.009   916440.001   917020.003
  3450:   917025.023   917025.021   917276.013   917276.011   917476.001
  3455:   918076.018   918117.003   918123.016   918173.026   918418.005
  3460:   919409.009   920131.001   920731.018   921279.003   921285.016
  3465:   921335.026   921536.005   921964.009   922735.001   922901.003
  3470:   922906.023   922906.021   923157.013   923157.011   923517.001
  3475:   924117.018   924309.003   924315.016   924365.026   924574.005
  3480:   924957.009   926443.001   926744.003   926749.023   926749.021
  3485:   927000.013   927000.011   927218.001   927818.018   927869.003
  3490:   927875.016   927925.026   928145.005   929325.009   930266.001
  3495:   930866.018   931195.003   931201.016   931251.026   931436.005
  3500:   932159.009   934512.001   935112.018   935330.003   935336.016
  3505:   935386.026   935546.005   936022.009   939070.001   939670.018
  3510:   940298.003   940304.016   940354.026   940744.005   946422.009
  3515:   946454.005   946892.009   947781.005   947908.009   947976.005
  3520:   948009.009   948025.005   948129.009   949040.001   949559.003
  3525:   949564.023   949564.021   949815.013   949815.011   950046.001
  3530:   950548.003   950553.023   950553.021   950804.013   950804.011
  3535:   951095.005   951297.009   954054.005   954676.009   979936.005
  3540:   979957.009   997849.005   997882.009   999485.001  1000085.018
  3545:  1000564.003  1000570.016  1000620.026  1000807.005  1001400.009
  3550:  1002669.001  1003269.018  1003651.003  1003657.016  1003707.026
  3555:  1003952.005  1004411.009  1005972.001  1006572.018  1006633.003
  3560:  1006639.016  1006689.026  1006913.005  1007720.009  1007786.005
  3565:  1007789.009  1007791.005  1007824.009  1008900.001  1009500.018
  3570:  1010050.003  1010056.016  1010106.026  1010307.005  1011269.009
  3575:  1012022.001  1012467.003  1012472.023  1012472.021  1012723.013
  3580:  1012723.011  1013056.001  1013351.003  1013356.023  1013356.021
  3585:  1013607.013  1013607.011  1013835.001  1014435.018  1014856.003
  3590:  1014862.016  1014912.026  1015196.005  1015928.009  1018556.005
  3595:  1018587.009  1019006.001  1019498.003  1019503.023  1019503.021
  3600:  1019754.013  1019754.011  1020705.001  1021305.018  1021469.003
  3605:  1021475.016  1021525.026  1021720.005  1022201.009  1022852.001
  3610:  1023452.018  1024264.003  1024270.016  1024320.026  1024544.005
  3615:  1024902.009  1025360.005  1025498.009  1041215.005  1041414.009
  3620:  1041944.001  1041984.003  1041989.023  1041989.021  1042240.013
  3625:  1042240.011  1042773.001  1042856.003  1042861.023  1042861.021
  3630:  1043112.013  1043112.011  1044007.005  1044113.009  1044409.005
  3635:  1044634.009  1045283.001  1045647.003  1045652.023  1045652.021
  3640:  1045903.013  1045903.011  1046214.001  1046814.018  1047092.003
  3645:  1047098.016  1047148.026  1047449.005  1048123.009  1048502.001
  3650:  1049102.018  1049696.003  1049702.016  1049752.026  1049962.005
  3655:  1050700.009  1051753.001  1052353.018  1052718.003  1052724.016
  3660:  1052774.026  1053176.005  1054058.009  1054889.001  1055489.018
  3665:  1056399.003  1056405.016  1056455.026  1056543.005  1057357.009
  3670:  1058290.001  1058747.003  1058752.023  1058752.021  1058773.001
  3675:  1058787.003  1059003.013  1059003.011  1059373.001  1059973.018
  3680:  1060179.003  1060185.016  1060235.026  1060471.005  1061322.009
  3685:  1063468.001  1064068.018  1064229.003  1064235.016  1064285.026
  3690:  1064604.005  1065745.009  1068142.001  1068742.018  1069045.003
  3695:  1069051.016  1069101.026  1069361.005  1070402.009  1070421.005
  3700:  1070447.009  1073744.001  1074344.018  1074560.003  1074566.016
  3705:  1074616.026  1074837.005  1075177.009  1075253.005  1075308.009
  3710:  1075371.005  1075550.009  1077362.005  1077451.009  1077827.001
  3715:  1078427.018  1078597.003  1078603.016  1078653.026  1078889.005
  3720:  1079502.009  1081287.005  1081509.009  1082050.001  1082650.018
  3725:  1082662.003  1082668.016  1082718.026  1082880.005  1083440.009
  3730:  1083465.005  1083540.009  1137761.005  1138048.009  1141405.001
  3735:  1142005.018  1142055.003  1142061.016  1142111.026  1142341.005
  3740:  1142863.009  1143233.001  1143833.018  1144269.003  1144275.016
  3745:  1144325.026  1145160.001  1145760.018  1145905.003  1145911.016
  3750:  1145961.026  1146175.005  1147374.009  1147395.005  1147423.009
  3755:  1147624.005  1147850.009  1151419.001  1151723.003  1151728.023
  3760:  1151728.021  1151979.013  1151979.011  1152148.001  1152402.003
  3765:  1152407.023  1152407.021  1152658.013  1152658.011  1152936.001
  3770:  1153403.003  1153408.023  1153408.021  1153659.013  1153659.011
  3775:  1153992.001  1154592.018  1154928.003  1154934.016  1154984.026
  3780:  1155493.005  1156089.009  1156103.005  1156162.009  1164504.005
  3785:  1164594.009  1164750.005  1164928.009  1184336.005  1184341.009
  3790:  1185027.001  1185627.018  1185857.003  1185863.016  1185913.026
  3795:  1186206.005  1187090.009  1188842.001  1189442.018  1189610.003
  3800:  1189616.016  1189666.026  1189881.005  1190554.009  1190628.005
  3805:  1190662.009  1192327.001  1192813.003  1192818.023  1192818.021
  3810:  1193069.013  1193069.011  1193249.001  1193849.018  1193943.003
  3815:  1193949.016  1193999.026  1194345.005  1195238.009  1195320.005
  3820:  1195384.009  1197179.001  1197779.018  1198126.003  1198132.016
  3825:  1198182.026  1198340.005  1198893.009  1201142.001  1201640.003
  3830:  1201645.023  1201645.021  1201896.013  1201896.011  1202068.001
  3835:  1202668.018  1203043.003  1203049.016  1203099.026  1203356.005
  3840:  1204084.009  1206147.001  1206747.018  1207272.003  1207278.016
  3845:  1207328.026  1207889.005  1208749.009  1217378.005  1217425.009
  3850:  1221254.005  1221287.009  1222124.001  1222724.018  1223201.003
  3855:  1223207.016  1223257.026  1223524.005  1224401.009  1224419.005
  3860:  1224532.009  1225752.001  1226352.018  1226582.003  1226588.016
  3865:  1226638.026  1226836.005  1227807.009  1230333.001  1230933.018
  3870:  1231397.003  1231403.016  1231453.026  1231715.001  1231902.003
  3875:  1231907.023  1231907.021  1232158.013  1232158.011  1232219.005
  3880:  1233731.009  1239355.001  1239955.018  1240221.003  1240227.016
  3885:  1240277.026  1241100.005  1241178.009  1241193.005  1241504.009
  3890:  1253655.005  1253726.009  1253731.005  1253913.009  1255769.001
  3895:  1256369.018  1256572.003  1256578.016  1256628.026  1256854.005
  3900:  1257146.009  1257318.005  1257942.009  1262464.005  1265233.009
  3905:  1298590.005  1298603.009  1298614.005  1298793.009  1344926.005
  3910:  1345313.009  1345746.005  1345908.009  1347762.005  1348040.009
  3915:  1348195.005  1348201.009  1374289.001  1374327.003  1374332.023
  3920:  1374332.021  1374583.013  1374583.011  1374889.001  1375489.018
  3925:  1375638.003  1375644.016  1375694.026  1375934.005  1376770.009
  3930:  1376772.005  1376805.009  1376829.005  1376831.009  1379796.001
  3935:  1380396.018  1380693.003  1380699.016  1380749.026  1380936.005
  3940:  1381881.009  1381897.005  1382087.009  1384302.001  1384668.003
  3945:  1384673.023  1384673.021  1384924.013  1384924.011  1385130.001
  3950:  1385730.018  1386047.003  1386053.016  1386103.026  1386302.005
  3955:  1386999.009  1387111.005  1387446.009  1387516.005  1387549.009
  3960:  1387706.005  1387719.009  1387861.005  1387885.009  1388282.005
  3965:  1388315.009  1389256.001  1389856.018  1390416.003  1390422.016
  3970:  1390472.026  1390718.005  1391868.009  1391968.005  1392006.009
  3975:  1392107.005  1392116.009  1392124.005  1392688.009  1392693.005
  3980:  1392759.009  1392788.005  1393206.009  1393225.005  1393311.009
  3985:  1393340.005  1393588.009  1393603.005  1394250.009  1394259.005
  3990:  1394368.009  1394392.005  1394496.009  1394524.005  1394608.009
  3995:  1394685.005  1394720.009  1394827.005  1394853.009  1395113.005
  4000:  1395156.009  1396424.005  1396545.009  1396693.005  1396868.009
  4005:  1396873.005  1396889.009  1397001.005  1397013.009  1397015.005
  4010:  1397052.009  1397189.005  1397212.009  1397265.005  1397288.009
  4015:  1397515.005  1397519.009  1397596.005  1397608.009  1408215.005
  4020:  1408252.009  1427786.005  1427814.009  1428377.005  1428420.009
  4025:  1486566.001  1487166.018  1487245.003  1487251.016  1487301.026
  4030:  1487541.005  1488353.009  1490808.001  1491408.018  1491776.003
  4035:  1491782.016  1491832.026  1492541.001  1492604.003  1492609.023
  4040:  1492609.021  1492860.013  1492860.011  1493150.001  1493750.018
  4045:  1494439.003  1494445.016  1494495.026  1494773.005  1497311.009
  4050:  1497337.005  1497531.009  1497557.005  1497596.009  1497725.005
  4055:  1497865.009  1497904.005  1498178.009  1498274.005  1498282.009
  4060:  1500061.001  1500661.018  1501411.003  1501417.016  1501467.026
  4065:  1501736.005  1503246.009  1506072.001  1506672.018  1506989.003
  4070:  1506995.016  1507045.026  1507231.005  1508040.009  1508060.005
  4075:  1508274.009  1511034.001  1511634.018  1511661.003  1511667.016
  4080:  1511717.026  1511975.005  1512833.009  1514313.001  1514913.018
  4085:  1515151.003  1515157.016  1515207.026  1515368.005  1517167.009
  4090:  1518912.001  1519512.018  1519608.003  1519614.016  1519664.026
  4095:  1519855.005  1520327.009  1525790.001  1526294.003  1526299.023
  4100:  1526299.021  1526550.013  1526550.011  1526712.001  1527312.018
  4105:  1527880.003  1527886.016  1527936.026  1528235.005  1529001.009
  4110:  1532760.001  1533188.003  1533193.023  1533193.021  1533444.013
  4115:  1533444.011  1533624.001  1534224.018  1534238.003  1534244.016
  4120:  1534294.026  1534541.005  1534553.009  1534560.005  1534582.009
  4125:  1534587.005  1535066.009  1535151.005  1535204.009  1535273.005
  4130:  1535298.009  1629636.005  1629662.009  1632052.001  1632652.018
  4135:  1632692.003  1632698.016  1632748.026  1632934.005  1633796.009
  4140:  1637505.001  1638095.003  1638100.023  1638100.021  1638351.013
  4145:  1638351.011  1638523.001  1639123.018  1639571.003  1639577.016
  4150:  1639627.026  1639811.005  1641062.009  1641084.005  1641131.009
  4155:  1642629.001  1643229.018  1643479.003  1643485.016  1643535.026
  4160:  1643830.005  1644538.009  1644631.005  1644743.009  1648791.001
  4165:  1649106.003  1649111.023  1649111.021  1649362.013  1649362.011
  4170:  1649583.001  1650183.018  1650339.003  1650345.016  1650395.026
  4175:  1650548.005  1651448.009  1651493.005  1651510.009  1651547.005
  4180:  1651613.009  1651656.005  1652265.009  1652274.005  1653110.009
  4185:  1653118.005  1653245.009  1653274.005  1653296.009  1653315.005
  4190:  1653592.009  1656698.001  1657298.018  1657677.003  1657683.016
  4195:  1657733.026  1657968.005  1659665.009  1659668.005  1660609.009
  4200:  1660633.005  1660736.009  1660752.005  1660846.009  1662534.001
  4205:  1663134.018  1663247.003  1663253.016  1663303.026  1663548.005
  4210:  1664307.009  2022655.001  2023193.003  2023198.023  2023198.021
  4215:  2023449.013  2023449.011  2023735.001  2024335.018  2024371.003
  4220:  2024377.016  2024427.026  2024590.005  2025259.009  2025336.005
  4225:  2025351.009  2029460.001  2029794.003  2029799.023  2029799.021
  4230:  2030050.013  2030050.011  2030204.001  2030804.018  2031388.003
  4235:  2031394.016  2031444.026  2031717.005  2032452.009  2034293.001
  4240:  2034893.018  2035058.003  2035064.016  2035114.026  2035317.005
  4245:  2035981.009  2036034.005  2036218.009  2038673.001  2039273.018
  4250:  2039375.003  2039381.016  2039431.026  2039600.005  2040530.009
  4255:  2044498.001  2044666.003  2044671.023  2044671.021  2044922.013
  4260:  2044922.011  2045128.001  2045728.018  2045811.003  2045817.016
  4265:  2045867.026  2046087.005  2046875.009  2049610.001  2050166.003
  4270:  2050171.023  2050171.021  2050422.013  2050422.011  2050563.001
  4275:  2051136.003  2051141.023  2051141.021  2051392.013  2051392.011
  4280:  2051872.001  2052472.018  2052634.003  2052640.016  2052690.026
  4285:  2052947.005  2053886.009  2055755.001  2056355.018  2056631.003
  4290:  2056637.016  2056687.026  2056858.005  2057680.009  2057713.005
  4295:  2057720.009  2060135.001  2060735.018  2061139.003  2061145.016
  4300:  2061195.026  2061326.005  2062103.009  2064552.001  2065152.018
  4305:  2065224.003  2065230.016  2065280.026  2065500.005  2065965.009
  4310:  2066497.001  2067097.018  2067475.003  2067481.016  2067531.026
  4315:  2067606.005  2068946.009  2077392.001  2077857.003  2077862.023
  4320:  2077862.021  2078113.013  2078113.011  2078279.001  2078879.018
  4325:  2079505.003  2079511.016  2079561.026  2079924.005  2080646.009
  4330:  2082484.001  2083084.018  2083364.003  2083370.016  2083420.026
  4335:  2083561.005  2083567.009  2084101.001  2084701.018  2084789.003
  4340:  2084795.016  2084845.026  2085136.005  2086798.009  2089072.005
  4345:  2089561.009  2089598.005  2089636.009  2092567.001  2093029.003
  4350:  2093034.023  2093034.021  2093285.013  2093285.011  2093589.001
  4355:  2094050.003  2094055.023  2094055.021  2094306.013  2094306.011
  4360:  2094473.001  2095073.018  2095369.003  2095375.016  2095425.026
  4365:  2095626.005  2096265.009  2098136.001  2098327.003  2098332.023
  4370:  2098332.021  2098583.013  2098583.011  2098779.001  2099379.018
  4375:  2099503.003  2099509.016  2099559.026  2099755.005  2100261.009
  4380:  2100319.005  2100327.009  2104231.005  2104706.009  2105336.001
  4385:  2105936.018  2106214.003  2106220.016  2106270.026  2106458.005
  4390:  2107616.009  2109927.001  2110359.003  2110364.023  2110364.021
  4395:  2110615.013  2110615.011  2110839.001  2111439.018  2111891.003
  4400:  2111897.016  2111947.026  2112319.005  2112908.009  2116411.005
  4405:  2116582.009  2147813.005  2148150.009  2149705.001  2150305.018
  4410:  2150321.003  2150327.016  2150377.026  2150614.005  2151298.009
  4415:  2151338.005  2151353.009  2151409.005  2151425.009  2152304.001
  4420:  2152452.003  2152457.023  2152457.021  2152708.013  2152708.011
  4425:  2153014.001  2153614.018  2153758.003  2153764.016  2153814.026
  4430:  2154073.005  2154604.009  2156182.001  2156409.003  2156414.023
  4435:  2156414.021  2156665.013  2156665.011  2156937.001  2157537.018
  4440:  2157956.003  2157962.016  2158012.026  2158275.005  2158897.009
  4445:  2160542.001  2161142.018  2161626.003  2161632.016  2161682.026
  4450:  2161948.005  2162747.009  2169385.005  2169426.009  2169438.005
  4455:  2169462.009  2170452.001  2170627.003  2170632.023  2170632.021
  4460:  2170883.013  2170883.011  2172017.001  2172617.018  2172896.003
  4465:  2172902.016  2172952.026  2173095.005  2173923.009  2175323.001
  4470:  2175923.018  2176363.003  2176369.016  2176419.026  2176565.005
  4475:  2177557.009  2178635.005  2178687.009  2185468.001  2186068.018
  4480:  2186393.003  2186399.016  2186449.026  2186692.005  2187339.009
  4485:  2187363.005  2187881.009  2191065.001  2191665.018  2192231.003
  4490:  2192237.016  2192287.026  2192402.005  2193198.009  2199384.001
  4495:  2199970.003  2199975.023  2199975.021  2200226.013  2200226.011
  4500:  2200379.001  2200979.018  2201495.003  2201501.016  2201551.026
  4505:  2201813.005  2202437.009  2207242.001  2207842.018  2208032.003
  4510:  2208038.016  2208088.026  2208350.005  2208947.009  2210727.001
  4515:  2211327.018  2211567.003  2211573.016  2211623.026  2211727.005
  4520:  2212486.009  2212500.005  2212724.009  2214546.001  2215146.018
  4525:  2215262.003  2215268.016  2215318.026  2215379.005  2216432.009
  4530:  2218678.005  2218981.009  2220318.001  2220918.018  2221027.003
  4535:  2221033.016  2221083.026  2221199.005  2221825.009  2222094.005
  4540:  2222166.009  2223083.005  2223093.009  2223116.005  2223210.009
  4545:  2223310.005  2223343.009  2223370.005  2223399.009  2223435.005
  4550:  2223472.009  2223509.005  2223528.009  2223549.005  2223578.009
  4555:  2223612.005  2223712.009  2224736.005  2224777.009  2225846.001
  4560:  2226434.003  2226439.023  2226439.021  2226690.013  2226690.011
  4565:  2226865.001  2227465.018  2227767.003  2227773.016  2227823.026
  4570:  2228164.005  2229325.009  2231929.001  2232422.003  2232427.023
  4575:  2232427.021  2232678.013  2232678.011  2232818.001  2233418.018
  4580:  2233498.003  2233504.016  2233554.026  2233700.005  2234851.009
  4585:  2238875.001  2239475.018  2239693.003  2239699.016  2239749.026
  4590:  2239908.005  2240342.009  2240832.001  2241432.018  2241450.003
  4595:  2241456.016  2241506.026  2241520.005  2242316.009  2242348.005
  4600:  2242369.009  2242522.005  2242686.009  2245027.005  2245335.009
  4605:  2246139.005  2246240.009  2246578.001  2247178.018  2247200.003
  4610:  2247206.016  2247256.026  2247441.005  2247824.009  2247873.005
  4615:  2247934.009  2249736.005  2250144.009  2250980.001  2251580.018
  4620:  2251639.003  2251645.016  2251695.026  2251881.005  2252720.009
  4625:  2254248.005  2254370.009  2256070.001  2256670.018  2256786.003
  4630:  2256792.016  2256842.026  2256994.005  2257487.009  2257511.005
  4635:  2257624.009  2258129.001  2258729.018  2259016.003  2259022.005
  4640:  2259022.016  2259072.026  2260243.009  2262771.005  2262812.009
  4645:  2263023.001  2263410.003  2263415.023  2263415.021  2263666.013
  4650:  2263666.011  2264057.001  2264657.018  2264666.003  2264672.016
  4655:  2264722.026  2265005.005  2265749.009  2267354.005  2267567.009
  4660:  2268049.001  2268649.018  2269017.003  2269023.016  2269073.026
  4665:  2269254.005  2269853.009  2270443.001  2271043.018  2271629.003
  4670:  2271635.016  2271685.026  2271841.005  2272943.009  2275223.005
  4675:  2275307.009  2275495.005  2275543.009  2275552.005  2275713.009
  4680:  2277715.001  2278307.003  2278312.023  2278312.021  2278563.013
  4685:  2278563.011  2278775.001  2279375.018  2279568.003  2279574.016
  4690:  2279624.026  2279790.005  2280373.009  2282753.001  2283353.018
  4695:  2283641.003  2283647.016  2283697.026  2283933.005  2284513.009
  4700:  2284563.005  2285691.009  2291234.001  2291834.018  2292168.003
  4705:  2292174.016  2292224.026  2292429.005  2292918.009  2294734.001
  4710:  2295334.018  2295808.003  2295814.016  2295864.026  2296073.005
  4715:  2297121.009  2299118.001  2299411.003  2299416.023  2299416.021
  4720:  2299432.001  2299519.003  2299667.013  2299667.011  2299830.001
  4725:  2300377.003  2300382.023  2300382.021  2300633.013  2300633.011
  4730:  2300772.001  2301364.003  2301369.023  2301369.021  2301620.013
  4735:  2301620.011  2301743.005  2302347.009  2303049.001  2303302.003
  4740:  2303307.023  2303307.021  2303558.013  2303558.011  2303813.001
  4745:  2303922.003  2303927.023  2303927.021  2304178.013  2304178.011
  4750:  2304756.005  2304776.009  2310595.001  2310909.003  2310914.023
  4755:  2310914.021  2311165.013  2311165.011  2311754.005  2312086.009
  4760:  2312775.001  2313217.003  2313222.023  2313222.021  2313473.013
  4765:  2313473.011  2314553.005  2314903.009  2349946.005  2350114.009
  4770:  2414523.005  2414596.009  2416063.005  2416081.009  3134999.005
  4775:  3135004.009  3135043.005  3135393.009  3163601.005  3163810.009
  4780:  3164569.001  3164610.003  3164615.023  3164615.021  3164866.013
  4785:  3164866.011  3165363.001  3165809.003  3165814.023  3165814.021
  4790:  3166065.013  3166065.011  3166262.001  3166565.003  3166570.023
  4795:  3166570.021  3166821.013  3166821.011  3167175.005  3167299.009
  4800:  3167333.005  3167344.009  3167365.005  3167569.009  3168011.001
  4805:  3168074.003  3168079.023  3168079.021  3168330.013  3168330.011
  4810:  3170146.005  3170238.009  3170333.005  3170536.009  3171040.001
  4815:  3171640.018  3171827.003  3171833.016  3171883.026  3172220.005
  4820:  3173449.009  3176276.001  3176876.018  3176900.003  3176906.016
  4825:  3176956.026  3177164.005  3178003.009  3178069.005  3178120.009
  4830:  3178151.005  3178167.009  3181693.001  3182190.003  3182195.023
  4835:  3182195.021  3182446.013  3182446.011  3182632.001  3183232.018
  4840:  3183415.003  3183421.016  3183471.026  3183789.005  3184810.009
  4845:  3186880.005  3187209.009  3189882.001  3190482.018  3190556.003
  4850:  3190562.016  3190612.026  3190824.005  3191777.009  3193865.001
  4855:  3194465.018  3194682.003  3194688.016  3194738.026  3194940.005
  4860:  3195970.009  3202647.001  3203202.003  3203207.023  3203207.021
  4865:  3203458.013  3203458.011  3203636.001  3204236.018  3204634.003
  4870:  3204640.016  3204690.026  3205034.005  3205987.009  3206143.005
  4875:  3206157.009  3206182.005  3206265.009  3210638.001  3211238.018
  4880:  3211280.003  3211286.016  3211336.026  3211492.005  3212492.009
  4885:  3213004.005  3213125.009  3213509.005  3213625.009  3216010.001
  4890:  3216584.003  3216589.023  3216589.021  3216840.013  3216840.011
  4895:  3217143.001  3217206.003  3217211.023  3217211.021  3217223.001
  4900:  3217312.003  3217462.013  3217462.011  3217700.001  3218300.018
  4905:  3218925.003  3218931.016  3218981.026  3219144.005  3219953.009
  4910:  3219966.005  3220279.009  3220291.005  3220303.009  3222637.001
  4915:  3223110.003  3223115.023  3223115.021  3223366.013  3223366.011
  4920:  3223538.001  3224138.018  3224274.003  3224280.016  3224330.026
  4925:  3224602.005  3225473.009  3226959.001  3227559.018  3228119.003
  4930:  3228125.016  3228175.026  3228472.005  3229308.009  3232532.005
  4935:  3232676.009  3232752.005  3232759.009  3232887.005  3232894.009
  4940:  3233544.001  3234144.018  3234220.003  3234226.016  3234262.005
  4945:  3234276.026  3235691.009  3235704.005  3236568.009  3236691.005
  4950:  3236700.009  3238928.001  3239068.003  3239073.023  3239073.021
  4955:  3239324.013  3239324.011  3239601.001  3240201.018  3240351.003
  4960:  3240357.016  3240407.026  3240571.005  3241403.009  3243612.001
  4965:  3243961.003  3243966.023  3243966.021  3244068.005  3244217.013
  4970:  3244217.011  3244289.009  3247444.001  3248014.003  3248019.023
  4975:  3248019.021  3248270.013  3248270.011  3248536.001  3249136.018
  4980:  3249311.003  3249317.016  3249367.026  3249533.005  3250178.009
  4985:  3252072.001  3252484.003  3252489.023  3252489.021  3252740.013
  4990:  3252740.011  3254291.001  3254421.003  3254426.023  3254426.021
  4995:  3254677.013  3254677.011  3254864.001  3255464.018  3255681.003
  5000:  3255687.016  3255737.026  3255958.005  3256976.009  3257704.001
  5005:  3258304.018  3258723.003  3258729.016  3258779.026  3258832.005
  5010:  3259743.009  3261496.005  3261535.009  3263559.001  3264159.018
  5015:  3264269.003  3264275.016  3264325.026  3264548.005  3265345.009
  5020:  3267114.005  3267658.009  3268556.001  3268734.003  3268739.023
  5025:  3268739.021  3268990.013  3268990.011  3269711.005  3269843.009
  5030:  3269926.005  3269938.009  3292976.005  3292995.009  3293008.005
  5035:  3293042.009  3305884.005  3306099.009  3325643.005  3325875.009
  5040:  3327836.001  3328181.003  3328186.023  3328186.021  3328437.013
  5045:  3328437.011  3328958.005  3329264.009  3330032.001  3330077.003
  5050:  3330082.023  3330082.021  3330333.013  3330333.011  3330545.001
  5055:  3330580.003  3330585.023  3330585.021  3330836.013  3330836.011
  5060:  3331774.001  3331809.003  3331814.023  3331814.021  3332065.013
  5065:  3332065.011  3332610.005  3332805.009  3333314.001  3333914.018
  5070:  3333922.003  3333928.016  3333978.026  3334257.005  3334702.009
  5075:  3334790.005  3334885.009  3336788.001  3337388.018  3337443.003
  5080:  3337449.016  3337499.026  3337691.005  3338497.009  3338541.005
  5085:  3338558.009  3340696.001  3341296.018  3341520.003  3341526.016
  5090:  3341576.026  3341791.005  3342327.009  3342354.005  3342513.009
  5095:  3344000.001  3344600.018  3344993.003  3344999.016  3345049.026
  5100:  3345314.005  3346016.009  3346024.005  3346082.009  3346831.001
  5105:  3347421.003  3347426.023  3347426.021  3347677.013  3347677.011
  5110:  3348430.001  3349030.018  3349243.003  3349249.016  3349299.026
  5115:  3349439.005  3350126.009  3350218.005  3350256.009  3350290.005
  5120:  3350317.009  3352720.001  3353320.018  3353615.003  3353621.016
  5125:  3353671.026  3353881.005  3354609.009  3359634.005  3360286.009
  5130:  3361435.001  3362026.003  3362031.023  3362031.021  3362282.013
  5135:  3362282.011  3362496.001  3362536.003  3362541.023  3362541.021
  5140:  3362792.013  3362792.011  3363301.001  3363553.003  3363558.023
  5145:  3363558.021  3363809.013  3363809.011  3365388.005  3365736.009
  5150:  3366377.001  3366977.018  3367337.003  3367343.016  3367393.026
  5155:  3367732.005  3368223.009  3368253.005  3368283.009  3369049.001
  5160:  3369456.003  3369461.023  3369461.021  3369633.005  3369695.009
  5165:  3369712.013  3369712.011  3370194.001  3370491.003  3370496.023
  5170:  3370496.021  3370747.013  3370747.011  3371358.001  3371788.003
  5175:  3371793.023  3371793.021  3372044.013  3372044.011  3372206.001
  5180:  3372806.018  3373169.003  3373175.016  3373225.026  3373471.005
  5185:  3374346.009  3375588.001  3376161.003  3376166.023  3376166.021
  5190:  3376417.013  3376417.011  3376600.001  3377200.018  3377448.003
  5195:  3377454.016  3377504.026  3377754.005  3378354.009  3384999.001
  5200:  3385229.003  3385234.023  3385234.021  3385291.001  3385334.003
  5205:  3385485.013  3385485.011  3386056.001  3386656.018  3386842.003
  5210:  3386848.016  3386898.026  3387162.005  3387716.009  3388542.001
  5215:  3389142.018  3389621.003  3389627.016  3389677.026  3389758.005
  5220:  3390816.009  3397300.005  3397441.009
B:
     0:        0.000      709.000        0.000      709.000        0.000
     5:      707.000        0.000        0.000        0.000      707.000
    10:        0.000      382.000        0.000      382.000        0.000
    15:        0.000      288.000        1.000      288.000        0.000
    20:        0.000      381.000        0.000      381.000        0.000
    25:        0.000      288.000        0.000        0.000        0.000
    30:        0.000
D:
     0:  7847199.000  7846121.000  7847200.000
E:
     0:      550.000      600.000
P:
     0:        0.500        0.500
T:
     0:        0.000        0.000        0.000        0.000
W:
     0:        0.000        0.000        0.000
