File: C:\MED-PC IV\Data\Reyes\BB\BB2115.999


Start Date: 07/15/25
End Date: 07/15/25
Subject: 115
Experiment: BB
Group: NO_TIMEOUT_RET
Box: 5
Start Time: 16:20:06
End Time: 17:10:06
MSN: DRRD_lin
C:       0.000
F:       2.000
G:       0.000
H:       0.000
I:       0.000
J:       0.000
K:   10000.000
L:       0.000
M:       0.000
N:       0.000
O:       0.000
P:       0.000
Q:       0.000
R:       0.000
S:       0.000
U: 1959302.000
V:       0.000
X:       0.000
Y:    1238.000
Z:       0.000
A:
     0:     3800.005     3919.009     4438.005     4467.009     6041.005
     5:     6155.009    10676.005    10758.009    11365.005    11391.009
    10:    15000.013    15000.011    15811.001    16728.003    17293.001
    15:    18193.003    18222.001    20229.003    20252.001    21336.003
    20:    21515.005    21652.009    21954.001    24904.003    25101.001
    25:    25115.003    25607.001    30607.018    30890.003    30896.016
    30:    30946.026    31037.005    31790.009    31845.005    31890.009
    35:    32399.001    37399.018    37613.003    37619.016    37669.026
    40:    37740.005    38343.009    41159.001    45123.003    45672.001
    45:    50215.003    50523.005    50848.009    51095.001    55849.003
    50:    56160.001    58620.003    58931.001    61462.003    62234.001
    55:    66768.003    67656.001    71825.003    72469.001    77104.003
    60:    77406.001    77530.003    77558.001    81848.003    84710.001
    65:    89710.018    89845.003    89851.016    89901.026    89970.005
    70:    90701.009    91392.001    93450.003    93487.001    95949.003
    75:    96093.005    96232.009    96448.001    96578.003    96623.001
    80:   100415.003   101041.001   106041.018   106965.003   106971.016
    85:   107021.026   107076.005   107622.009   108576.001   112468.003
    90:   112928.001   117628.003   117886.001   122886.018   123241.003
    95:   123247.016   123297.026   123359.005   124423.009   125478.001
   100:   130478.018   131770.003   131776.016   131826.026   131888.005
   105:   132705.009   133664.001   134302.003   134397.001   139397.018
   110:   139759.003   139765.016   139815.026   139862.005   140365.009
   115:   141221.001   141457.003   142071.001   147007.003   147609.001
   120:   152498.003   152615.005   152962.009   153347.001   158347.018
   125:   158423.003   158429.016   158479.026   158531.005   159373.009
   130:   160879.001   164732.003   165129.001   169384.003   169571.005
   135:   169668.009   169898.001   174659.003   175259.001   175518.003
   140:   175667.001   180667.018   180922.003   180928.016   180978.026
   145:   181026.005   181577.009   182709.001   187709.018   188260.003
   150:   188266.016   188316.026   188354.005   189119.009   190876.001
   155:   195876.018   196338.003   196344.016   196394.026   196441.005
   160:   197144.009   197151.005   197192.009   198554.001   203554.018
   165:   204160.003   204166.016   204216.026   204295.005   204724.009
   170:   205274.001   210274.018   210591.003   210597.016   210647.026
   175:   210700.005   211213.009   212563.001   216993.003   217112.005
   180:   217280.009   217486.001   222051.003   222619.001   226704.003
   185:   226996.001   230652.003   230878.001   234165.003   234916.001
   190:   239916.018   242828.003   242834.016   242884.026   242925.005
   195:   243597.009   243613.005   243664.009   245040.001   250040.018
   200:   251293.003   251299.016   251349.026   251403.005   251887.009
   205:   252888.001   257888.018   258930.003   258936.016   258986.026
   210:   259035.005   259736.009   266938.001   271938.018   272066.003
   215:   272072.016   272122.026   272225.005   272903.009   277006.001
   220:   277217.003   277284.001   282284.018   282459.003   282465.016
   225:   282515.026   282551.005   283307.009   284556.001   289556.018
   230:   290265.003   290271.016   290321.026   290406.005   290946.009
   235:   293369.001   298369.018   298823.003   298829.016   298879.026
   240:   298925.005   299411.009   300187.001   301033.003   301124.001
   245:   306124.018   306138.003   306144.016   306194.026   306283.005
   250:   306678.009   309239.001   313968.003   314869.001   319433.003
   255:   319917.001   319999.003   320036.001   320134.003   320166.001
   260:   325166.018   326340.003   326346.016   326396.026   326470.005
   265:   326913.009   327716.001   331425.003   331956.001   336418.003
   270:   336966.001   341728.003   344373.005   344417.009   346214.001
   275:   350853.003   350962.005   351265.009   351470.001   356470.018
   280:   356984.003   356990.016   357040.026   357098.005   358335.009
   285:   358653.005   358768.009   359338.001   364338.018   365287.003
   290:   365293.016   365343.026   365413.005   365777.009   366474.001
   295:   370959.003   371206.001   374244.003   374292.001   378611.003
   300:   378709.005   379032.009   379418.001   382661.003   383410.001
   305:   383441.003   383462.001   387459.003   388381.001   393381.018
   310:   395265.003   395271.016   395321.026   395410.005   395832.009
   315:   397292.001   402292.018   403582.003   403588.016   403638.026
   320:   403671.005   403992.009   404923.001   409923.018   410115.003
   325:   410121.016   410171.026   410224.005   410610.009   412083.001
   330:   417083.018   417927.003   417933.016   417983.026   418046.005
   335:   418627.009   419606.001   424606.018   424777.003   424783.016
   340:   424833.026   424921.005   425971.009   426807.001   428287.003
   345:   428302.001   432906.003   433673.001   438673.018   440232.003
   350:   440238.016   440288.026   440347.005   441374.009   442924.001
   355:   447924.018   448395.003   448401.016   448451.026   448498.005
   360:   448986.009   449893.001   454893.018   455268.003   455274.016
   365:   455324.026   455365.005   456114.009   456626.001   461626.018
   370:   462359.003   462365.016   462415.026   462481.005   462912.009
   375:   463188.001   463278.003   464324.001   469324.018   469632.003
   380:   469638.016   469688.026   469798.005   470330.009   476504.001
   385:   480377.003   480949.001   485949.018   486695.003   486701.016
   390:   486751.026   486776.005   487531.009   491021.005   491083.009
   395:   491561.001   496561.018   496626.003   496632.016   496682.026
   400:   496751.005   497679.009   498676.001   503676.018   503821.003
   405:   503827.016   503877.026   503954.005   504746.009   506839.001
   410:   511839.018   513037.003   513043.016   513093.026   513159.005
   415:   513853.009   514372.001   519372.018   520138.003   520144.016
   420:   520194.026   520262.005   520875.009   522040.001   525859.003
   425:   526861.001   531861.018   532300.003   532306.016   532356.026
   430:   532407.005   533038.009   535428.001   540428.018   541472.003
   435:   541478.016   541528.026   541588.005   542399.009   543013.001
   440:   548013.018   549794.003   549800.016   549850.026   549926.005
   445:   550550.009   550718.005   550733.009   550750.005   550806.009
   450:   552159.001   552444.003   552508.001   557046.003   557439.005
   455:   557477.009   557708.001   562708.018   563292.003   563298.016
   460:   563348.026   563416.005   563872.009   564413.001   564845.003
   465:   564896.001   569763.003   570096.001   572517.003   572664.001
   470:   577434.003   577851.001   581635.003   581949.001   585803.003
   475:   588132.005   588141.009   588144.005   588227.009   588499.001
   480:   589554.003   589624.001   594616.003   595409.001   600409.018
   485:   601474.003   601480.016   601530.026   601596.005   602623.009
   490:   603841.001   604036.003   604104.001   609104.018   610905.003
   495:   610911.016   610961.026   611025.005   611417.009   613815.001
   500:   618690.003   618998.001   623998.018   624740.003   624746.016
   505:   624796.026   624862.005   625227.009   625307.005   625316.009
   510:   625327.005   625544.009   626148.001   626758.003   626861.001
   515:   631861.018   632941.003   632947.016   632997.026   633065.005
   520:   633935.009   635236.001   640236.018   643228.003   643234.016
   525:   643284.026   643349.005   644269.009   645144.001   649557.003
   530:   650189.001   655102.003   657329.001   662050.003   662219.005
   535:   662282.009   663037.001   666882.003   668122.001   673122.018
   540:   673816.003   673822.016   673872.026   673928.005   674902.009
   545:   675847.001   680825.003   681531.001   686531.018   688015.003
   550:   688021.016   688071.026   688133.005   689000.009   692099.005
   555:   692225.009   692819.001   697819.018   698329.003   698335.016
   560:   698385.026   698434.005   699268.009   701450.001   706450.018
   565:   709428.003   709434.016   709484.026   709542.005   710210.009
   570:   710651.001   715651.018   718479.003   718485.016   718535.026
   575:   718605.005   719198.009   720589.001   725589.018   727697.003
   580:   727703.016   727753.026   727821.005   728662.009   728683.005
   585:   728727.009   730628.001   735628.018   736262.003   736268.016
   590:   736318.026   736374.005   736743.009   737550.001   742550.018
   595:   742943.003   742949.016   742999.026   743075.005   743928.009
   600:   744032.005   744087.009   745398.001   750398.018   751141.003
   605:   751147.016   751197.026   751334.005   751745.009   752475.001
   610:   757475.018   759206.003   759212.016   759262.026   759307.005
   615:   759923.009   762100.001   765178.003   765585.001   765689.003
   620:   765775.001   770775.018   770784.003   770790.016   770840.026
   625:   770892.005   771640.009   772291.001   777291.018   778533.003
   630:   778539.016   778589.026   778627.005   779312.009   779358.005
   635:   779612.009   780679.001   785679.018   786058.003   786064.016
   640:   786114.026   786164.005   786707.009   787244.001   791865.003
   645:   792599.001   796481.003   797063.001   802063.018   802618.003
   650:   802624.016   802674.026   802737.005   803343.009   804348.001
   655:   809348.018   810436.003   810442.016   810492.026   810552.005
   660:   811211.009   812131.001   817131.018   819058.003   819064.016
   665:   819114.026   819194.005   819622.009   820367.001   825367.018
   670:   828718.003   828724.016   828774.026   828834.005   829185.009
   675:   829967.001   834967.018   835716.003   835722.016   835772.026
   680:   835838.005   836375.009   837157.001   842157.018   844190.003
   685:   844196.016   844246.026   844283.005   844948.009   846560.001
   690:   846807.003   846971.001   851971.018   852171.003   852177.016
   695:   852227.026   852265.005   853529.009   853772.005   853785.009
   700:   853911.005   853918.009   853946.005   854053.009   854796.001
   705:   859796.018   859845.003   859851.016   859901.026   859975.005
   710:   861559.009   861596.005   861632.009   865161.001   870161.018
   715:   871145.003   871151.016   871201.026   871275.005   871974.009
   720:   873128.001   878128.018   878456.003   878462.016   878512.026
   725:   878601.005   879169.009   880505.001   885505.018   888014.003
   730:   888020.016   888070.026   888157.005   888629.009   889494.001
   735:   894494.018   897499.003   897505.016   897555.026   897641.005
   740:   898405.009   898913.001   903913.018   905356.003   905362.016
   745:   905412.026   905460.005   905856.009   906676.001   911676.018
   750:   912484.003   912490.016   912540.026   912596.005   913696.009
   755:   914976.001   915006.003   915197.001   915419.003   915482.001
   760:   915674.003   915695.001   920695.018   921545.003   921551.016
   765:   921601.026   921683.005   922088.009   923085.001   928085.018
   770:   928499.003   928505.016   928555.026   928596.005   929403.009
   775:   930888.001   935888.018   939260.003   939266.016   939316.026
   780:   939382.005   939752.009   941174.001   946174.018   947986.003
   785:   947992.016   948042.026   948107.005   948719.009   949355.001
   790:   949734.003   950060.001   955060.018   955094.003   955100.016
   795:   955150.026   955194.005   955715.009   956557.001   961557.018
   800:   963135.003   963141.016   963191.026   963254.005   963977.009
   805:   965410.001   965797.003   965935.001   970935.018   974135.003
   810:   974141.016   974191.026   974300.005   974672.009   975490.001
   815:   980490.018   984363.003   984369.016   984419.026   984492.005
   820:   985190.009   986654.001   991654.018   992456.003   992462.016
   825:   992512.026   992659.005   993060.009   993740.001   998740.018
   830:  1000421.003  1000427.016  1000477.026  1000529.005  1001346.009
   835:  1003840.005  1003892.009  1004228.001  1009228.018  1010445.003
   840:  1010451.016  1010501.026  1010603.005  1011229.009  1012633.001
   845:  1012716.003  1012800.001  1017800.018  1021082.003  1021088.016
   850:  1021138.026  1021216.005  1021686.009  1022064.001  1027064.018
   855:  1028527.003  1028533.016  1028583.026  1028632.005  1029565.009
   860:  1031258.001  1031314.003  1031393.001  1036393.018  1039451.003
   865:  1039457.016  1039507.026  1039592.005  1040169.009  1041755.005
   870:  1041854.009  1042325.001  1047325.018  1047922.003  1047928.016
   875:  1047978.026  1048045.005  1048900.009  1049382.001  1049414.003
   880:  1050653.001  1055653.018  1058087.003  1058093.016  1058107.005
   885:  1058143.026  1059384.009  1060942.005  1061011.009  1061448.001
   890:  1066448.018  1067631.003  1067637.016  1067687.026  1067746.005
   895:  1068380.009  1069210.001  1074210.018  1076378.003  1076384.016
   900:  1076434.026  1076457.005  1077369.009  1078191.001  1083191.018
   905:  1085643.003  1085649.016  1085699.026  1085754.005  1086230.009
   910:  1086573.001  1091573.018  1093543.003  1093549.016  1093599.026
   915:  1093646.005  1094648.009  1095434.001  1100434.018  1102971.003
   920:  1102977.016  1103027.026  1103060.005  1103543.009  1105903.001
   925:  1110903.018  1111739.003  1111745.016  1111795.026  1111835.005
   930:  1112299.009  1113410.001  1118410.018  1120764.003  1120770.016
   935:  1120820.026  1120859.005  1121587.009  1122779.001  1123555.003
   940:  1123584.001  1128584.018  1129100.003  1129106.016  1129156.026
   945:  1129212.005  1130057.009  1131718.001  1132400.003  1132480.001
   950:  1137283.003  1137847.001  1137906.003  1137947.001  1142947.018
   955:  1144373.003  1144379.016  1144429.026  1144476.005  1145529.009
   960:  1145592.005  1145659.009  1147869.005  1147881.009  1147904.005
   965:  1147922.009  1148791.001  1153791.018  1154222.003  1154228.016
   970:  1154278.026  1154318.005  1154964.009  1156169.001  1161169.018
   975:  1162398.003  1162404.016  1162454.026  1162562.005  1163331.009
   980:  1165004.001  1165242.003  1165292.001  1170292.018  1171157.003
   985:  1171163.016  1171213.026  1171301.005  1172294.009  1176498.001
   990:  1177552.003  1177601.001  1182601.018  1182656.003  1182662.016
   995:  1182712.026  1182756.005  1183349.009  1185610.001  1189673.003
  1000:  1190317.001  1195317.018  1196237.003  1196243.016  1196293.026
  1005:  1196348.005  1197087.009  1198023.001  1203023.018  1204592.003
  1010:  1204598.016  1204648.026  1204701.005  1205103.009  1206389.001
  1015:  1211389.018  1212471.003  1212477.016  1212527.026  1212636.005
  1020:  1213091.009  1214156.001  1219156.018  1219863.003  1219869.016
  1025:  1219919.026  1219995.005  1221066.009  1223021.001  1223557.003
  1030:  1223601.001  1228601.018  1230725.003  1230731.016  1230781.026
  1035:  1230852.005  1231550.009  1232196.001  1237196.018  1240555.003
  1040:  1240561.016  1240611.026  1240664.005  1241500.009  1242841.001
  1045:  1247721.003  1248245.005  1248434.009  1249035.001  1254035.018
  1050:  1255515.003  1255521.016  1255571.026  1255649.005  1256289.009
  1055:  1256831.001  1261831.018  1264913.003  1264919.016  1264969.026
  1060:  1265012.005  1265732.009  1266661.001  1271661.018  1273481.003
  1065:  1273487.016  1273537.026  1273631.005  1274128.009  1275044.001
  1070:  1280044.018  1283285.003  1283291.016  1283341.026  1283435.005
  1075:  1283930.009  1286727.005  1286944.009  1287014.005  1287184.009
  1080:  1290973.001  1295973.018  1296234.003  1296240.016  1296290.026
  1085:  1296345.005  1297338.009  1299173.001  1304173.018  1306583.003
  1090:  1306589.016  1306639.026  1306676.005  1307252.009  1309023.001
  1095:  1314023.018  1317427.003  1317433.016  1317483.026  1317604.005
  1100:  1318432.009  1320654.001  1325654.018  1326471.003  1326477.016
  1105:  1326527.026  1326574.005  1327380.009  1330451.001  1330603.003
  1110:  1330741.001  1335741.018  1338684.003  1338690.016  1338740.026
  1115:  1338771.005  1339580.009  1341842.001  1346842.018  1348114.003
  1120:  1348120.016  1348170.026  1348270.005  1349094.009  1351281.001
  1125:  1356281.018  1357862.003  1357868.016  1357918.026  1357984.005
  1130:  1358540.009  1360106.001  1365106.018  1367882.003  1367888.016
  1135:  1367930.005  1367938.026  1368912.009  1369945.001  1374945.018
  1140:  1377788.003  1377794.016  1377844.026  1377849.005  1378720.009
  1145:  1381012.001  1386012.018  1387440.003  1387446.016  1387496.026
  1150:  1387522.005  1388343.009  1388447.005  1388544.009  1390133.001
  1155:  1395133.018  1397797.003  1397803.016  1397853.026  1397923.005
  1160:  1399068.009  1400024.001  1405024.018  1405885.003  1405891.016
  1165:  1405941.026  1405981.005  1406552.009  1408257.001  1413257.018
  1170:  1415751.003  1415757.016  1415807.026  1415870.005  1416625.009
  1175:  1419121.001  1419276.003  1419323.001  1424323.018  1425653.003
  1180:  1425659.016  1425709.026  1425777.005  1426632.009  1444992.001
  1185:  1449155.003  1450272.001  1455272.018  1456406.003  1456412.016
  1190:  1456462.026  1456583.005  1457421.009  1457441.005  1457448.009
  1195:  1458306.001  1459074.003  1459149.001  1464149.018  1464733.003
  1200:  1464739.016  1464789.026  1464835.005  1465730.009  1465739.005
  1205:  1465791.009  1468572.005  1468656.009  1469340.001  1474340.018
  1210:  1475016.003  1475022.016  1475072.026  1475103.005  1475972.009
  1215:  1475974.005  1475985.009  1476023.005  1476123.009  1478021.001
  1220:  1478132.003  1478196.001  1483157.003  1483466.001  1488466.018
  1225:  1488591.003  1488597.016  1488647.026  1488699.005  1489523.009
  1230:  1490382.001  1495382.018  1496778.003  1496784.016  1496834.026
  1235:  1496913.005  1497571.009  1498359.001
B:
     0:        0.000      236.000        0.000      235.000        0.000
     5:      183.000        0.000        0.000        0.000      183.000
    10:        0.000        1.000        0.000        1.000        0.000
    15:        0.000      133.000        0.000      133.000        0.000
    20:        0.000        0.000        0.000        0.000        0.000
    25:        0.000      133.000        0.000        0.000        0.000
    30:        0.000
D:
     0:  3459307.000  3457661.000  3456080.000
E:
     0:     5000.000     5000.000
T:
     0:        0.000        0.000        0.000        0.000
W:
     0:        2.000        0.000        0.000
