File: C:\MED-PC IV\Data\Reyes\BB\BB2112.999


Start Date: 07/02/25
End Date: 07/02/25
Subject: 112
Experiment: BB
Group: NO_TIMEOUT_RET
Box: 2
Start Time: 16:19:15
End Time: 17:09:15
MSN: DRRD_lin
C:       0.000
F:       0.000
G:       0.000
H:       0.000
I:       0.000
J:       0.000
K:    2700.000
L:       0.000
M:       0.000
N:       0.000
O:       0.000
P:       0.000
Q:       0.000
R:       0.000
S:       0.000
U: 2076197.000
V:       0.000
X:       0.000
Y:    3372.000
Z:       0.000
A:
     0:     3277.005     3872.009    15000.013    15000.011    15584.001
     5:    16024.003    16601.005    16622.009    16654.005    16661.009
    10:    16728.005    16745.009    17536.001    18000.003    18613.005
    15:    18623.009    18699.005    18735.009    19132.001    19672.003
    20:    20327.001    20842.003    21061.001    21451.003    21535.005
    25:    21920.009    21942.005    21950.009    21976.005    21992.009
    30:    22330.001    22770.003    23032.005    23033.009    23478.001
    35:    23609.003    23665.001    23752.003    23778.001    24882.003
    40:    24968.005    25101.009    25129.005    25142.009    25149.005
    45:    25179.009    25207.005    25231.009    25238.005    25485.009
    50:    25535.005    25540.009    25544.005    25559.009    30450.005
    55:    30456.009    30460.005    30464.009    30502.005    30694.009
    60:    30726.005    30731.009    33896.001    34064.003    34475.005
    65:    34484.009    34765.001    35213.003    35539.001    36548.003
    70:    37144.005    37180.009    37459.001    38230.003    38462.001
    75:    38608.003    39346.005    39351.009    39353.005    39362.009
    80:    39377.005    39508.009    39509.005    39515.009    39517.005
    85:    39526.009    39559.005    39566.009    39579.005    39610.009
    90:    39632.005    39644.009    39707.005    39719.009    39835.005
    95:    39892.009    39915.005    39919.009    39937.005    39943.009
   100:    40080.001    40264.003    40506.001    41246.003    41673.001
   105:    42225.003    43486.001    43610.003    44180.005    44185.009
   110:    44212.005    44288.009    46500.001    46606.003    57641.001
   115:    58104.003    58478.005    58508.009    58510.005    58665.009
   120:    58680.005    58684.009    61994.001    62501.003    66080.001
   125:    67062.003   108212.005   108226.009   108246.005   108263.009
   130:   108267.005   108278.009   108296.005   108533.009   108542.005
   135:   108549.009   108915.005   108921.009   108953.005   108981.009
   140:   108991.005   109122.009   109134.005   109142.009   109145.005
   145:   109178.009   109181.005   109187.009   109207.005   109212.009
   150:   109241.005   109258.009   109280.005   109282.009   109291.005
   155:   109504.009   109510.005   109515.009   109520.005   109529.009
   160:   109554.005   109561.009   109568.005   109578.009   109587.005
   165:   109625.009   110030.001   110712.003   111600.005   111607.009
   170:   111612.005   111616.009   111814.001   112698.003   114000.001
   175:   114913.003   114938.001   115123.003   115734.005   115756.009
   180:   115854.005   115877.009   115897.005   115952.009   116682.001
   185:   117788.003   118785.005   118787.009   118941.005   118950.009
   190:   118971.005   119612.009   119619.005   119633.009   119634.005
   195:   120338.009   120353.005   120363.009   120372.005   120379.009
   200:   120453.005   120459.009   120483.005   120493.009   120513.005
   205:   120519.009   120526.005   120701.009   120734.005   120740.009
   210:   120758.005   120764.009   120766.005   120776.009   125532.001
   215:   125792.003   126697.005   126702.009   177574.001   177992.003
   220:   178724.005   178835.009   178845.005   178876.009   178918.005
   225:   179015.009   179672.001   180484.003   181084.005   181093.009
   230:   181113.005   181588.009   181626.005   181644.009   181781.005
   235:   181789.009   181829.005   181945.009   183477.001   183628.003
   240:   184719.001   185873.003   186294.005   186400.009   186603.001
   245:   187827.003   188513.001   189857.003   190499.001   191849.018
   250:   191941.003   191947.016   191997.026   192052.005   193211.009
   255:   193212.005   193702.009   193708.005   193717.009   193723.005
   260:   193724.009   193727.005   193793.009   193987.005   194005.009
   265:   194008.005   194013.009   194019.005   194023.009   194025.005
   270:   194031.009   194035.005   194264.009   194278.005   194290.009
   275:   194858.005   194865.009   197750.001   198900.003   199710.005
   280:   199719.009   199763.005   199944.009   200243.001   200441.003
   285:   200738.001   200917.003   201906.001   203256.018   203289.003
   290:   203295.016   203345.026   203362.005   204230.009   204231.005
   295:   204445.009   204460.005   204584.009   204638.005   204716.009
   300:   204764.005   204807.009   204831.005   204857.009   204861.005
   305:   204871.009   204874.005   204884.009   204953.005   204964.009
   310:   204969.005   204983.009   205038.005   205051.009   205052.005
   315:   205067.009   205168.005   205173.009   205182.005   205258.009
   320:   205296.005   205307.009   205314.005   205442.009   205911.001
   325:   205999.003   206149.001   207214.003   208389.005   208396.009
   330:   208415.005   208425.009   208506.005   208514.009   208531.005
   335:   208673.009   208817.005   208825.009   208834.005   208838.009
   340:   208856.005   208863.009   209214.001   210169.003   211327.001
   345:   212359.003   213099.005   213134.009   213144.005   213179.009
   350:   213473.001   213684.003   213762.001   214614.003   214986.005
   355:   214993.009   215016.005   215172.009   215343.005   215468.009
   360:   215471.005   215478.009   215535.005   215545.009   215560.005
   365:   215565.009   215667.005   215694.009   215762.005   215792.009
   370:   215795.005   215829.009   215831.005   215840.009   215841.005
   375:   215926.009   215928.005   215941.009   215942.005   215950.009
   380:   215963.005   215972.009   216019.005   216032.009   216033.005
   385:   216056.009   216658.001   217538.003   218261.005   218267.009
   390:   218295.005   218376.009   218948.005   218975.009   218978.005
   395:   219067.009   219991.001   220653.003   221823.001   221931.003
   400:   222115.001   222180.003   222217.001   222371.003   223016.005
   405:   223224.009   223261.005   223271.009   223293.005   223302.009
   410:   223309.005   224043.009   224139.005   224158.009   224167.005
   415:   224231.009   224236.005   224242.009   224251.005   224266.009
   420:   224323.005   224355.009   224361.005   224385.009   224389.005
   425:   224399.009   224411.005   224426.009   224462.005   224480.009
   430:   224486.005   224493.009   224881.001   225216.003   225248.001
   435:   226038.003   226459.005   226881.009   227393.001   227568.003
   440:   227677.001   227720.003   227812.001   227847.003   227890.001
   445:   228016.003   228740.001   229762.003   229786.001   229950.003
   450:   231398.001   231556.003   231726.001   231996.003   232565.005
   455:   232578.009   232604.005   232636.009   232647.005   232716.009
   460:   232937.001   233117.003   233206.001   233273.003   234001.005
   465:   234009.009   234015.005   234025.009   234040.005   234355.009
   470:   234356.005   234362.009   234371.005   234384.009   234519.001
   475:   235869.018   235877.003   235883.016   235933.026   235961.005
   480:   236722.009   236740.005   236764.009   236794.005   237148.009
   485:   237156.005   237169.009   237188.005   237201.009   237215.005
   490:   237227.009   237234.005   237246.009   237328.005   237334.009
   495:   238354.005   238371.009   238452.005   238460.009   238663.001
   500:   239312.003   240796.001   240871.003   241174.005   241298.009
   505:   241317.005   241351.009   241356.005   241373.009   241374.005
   510:   241392.009   242346.001   242622.003   243471.005   243476.009
   515:   243757.001   244495.003   245016.001   245994.003   246824.001
   520:   247548.003   247856.001   248309.003   248859.005   249166.009
   525:   249169.005   249179.009   249196.005   249215.009   249216.005
   530:   249233.009   249251.005   249258.009   249306.005   249744.009
   535:   249759.005   249767.009   250076.001   250766.003   255195.001
   540:   255895.003   256901.001   257283.003   257963.001   259313.018
   545:   259317.003   259323.016   259373.026   259449.005   260173.009
   550:   260256.005   260332.009   260335.005   260355.009   260435.005
   555:   260451.009   261038.005   261059.009   269210.001   270244.003
   560:   270883.001   271716.003   272319.005   272453.009   272745.001
   565:   272986.003   275660.001   275742.003   276773.001   277896.003
   570:   278658.001   280008.018   280128.003   280134.016   280184.026
   575:   280225.005   280988.009   281016.005   281028.009   281029.005
   580:   281844.009   281885.005   281893.009   281938.005   281953.009
   585:   282279.005   282287.009   282290.005   282310.009   282313.005
   590:   282445.009   282453.005   282475.009   282963.001   283602.003
   595:   284455.001   284726.003   286013.001   286100.003   287382.001
   600:   287968.003   288792.001   289774.003   290320.005   290780.009
   605:   290787.005   290835.009   290837.005   290844.009   290874.005
   610:   290884.009   291206.001   292363.003   293799.005   293917.009
   615:   298251.001   299009.003   300319.001   301669.018   301806.003
   620:   301812.016   301862.026   301935.005   302439.009   302444.005
   625:   302462.009   302495.005   302511.009   302521.005   302562.009
   630:   302563.005   302580.009   302586.005   302598.009   302600.005
   635:   302634.009   302635.005   302640.009   310382.005   310387.009
   640:   310848.001   311224.003   311829.005   311833.009   311836.005
   645:   311852.009   312219.005   312238.009   312278.005   312293.009
   650:   312296.005   312434.009   312661.001   314011.018   314052.003
   655:   314058.016   314108.026   314163.005   315118.009   315167.005
   660:   315183.009   315234.005   315301.009   315333.005   315408.009
   665:   315460.005   315518.009   315591.005   315600.009   315748.005
   670:   315753.009   315914.005   315925.009   315927.005   315931.009
   675:   315986.005   316018.009   316294.005   316299.009   316575.005
   680:   316580.009   316973.001   318323.018   318574.003   318580.016
   685:   318630.026   318732.005   319534.009   319544.005   319554.009
   690:   319657.005   319842.009   319901.005   319911.009   319932.005
   695:   319939.009   319960.005   319974.009   320042.005   320469.009
   700:   320645.005   320653.009   321048.001   321310.003   321651.001
   705:   321867.003   321890.001   322584.003   323057.005   323238.009
   710:   323302.005   323306.009   323449.001   324671.003   325017.005
   715:   325113.009   325128.005   325163.009   325191.005   325227.009
   720:   325241.005   325262.009   325272.005   325280.009   325290.005
   725:   325456.009   325459.005   325466.009   325482.005   325491.009
   730:   325505.005   325517.009   325691.001   327018.003   327376.005
   735:   327422.009   327571.005   327578.009   327592.005   327601.009
   740:   327615.005   327620.009   327639.005   327865.009   327889.005
   745:   327897.009   327914.005   327918.009   328071.001   329349.003
   750:   329440.005   329783.009   330888.001   332114.003   332372.005
   755:   332376.009   332450.005   332463.009   332653.001   334003.018
   760:   334070.003   334076.016   334126.026   334195.005   334898.009
   765:   335243.005   335248.009   335266.005   335276.009   335362.005
   770:   335365.009   335708.001   336381.003   336805.005   336812.009
   775:   336847.005   336872.009   336880.005   336887.009   337105.001
   780:   338121.003   338964.001   339710.003   341803.001   342556.003
   785:   343011.001   344278.003   344748.005   344889.009   345084.001
   790:   346042.003   346066.001   346246.003   346554.001   347420.003
   795:   347463.001   347609.003   347709.005   347713.009   348267.005
   800:   348373.009   348590.005   348600.009   348886.005   349020.009
   805:   349023.005   349028.009   349045.005   349052.009   349187.001
   810:   349889.003   350095.005   350110.009   350138.005   350171.009
   815:   350297.005   350331.009   350585.001   351280.003   351592.005
   820:   351947.009   351954.005   351959.009   351967.005   351973.009
   825:   352010.005   352016.009   352134.001   353034.003   353043.001
   830:   353269.003   353568.005   353789.009   353824.005   353828.009
   835:   353950.001   355254.003   355735.005   355829.009   356004.001
   840:   357354.018   357442.003   357448.016   357498.026   357541.005
   845:   358475.009   358484.005   358517.009   359032.001   359386.003
   850:   359807.001   360419.003   360504.005   360700.009   360705.005
   855:   360719.009   360729.005   360757.009   360950.001   361070.003
   860:   361113.001   362186.003   362597.001   363947.018   364009.003
   865:   364015.016   364065.026   364112.005   365121.009   365167.005
   870:   365296.009   365299.005   365337.009   365342.005   365376.009
   875:   365381.005   365398.009   365488.005   365498.009   365529.005
   880:   365532.009   365990.005   366025.009   366381.001   367462.003
   885:   367607.005   367892.009   367901.005   367919.009   367923.005
   890:   367929.009   367996.005   368001.009   368006.005   368008.009
   895:   368021.005   368201.009   368378.001   369595.003   370178.001
   900:   371030.003   371289.005   371423.009   371461.005   371464.009
   905:   371596.001   372762.003   372807.001   372898.003   373390.005
   910:   373467.009   373650.001   374230.003   374352.005   374499.009
   915:   374612.005   374618.009   374629.005   374635.009   374660.005
   920:   374668.009   374674.005   374682.009   375612.001   376129.003
   925:   376694.001   377040.003   377368.001   378232.003   378699.001
   930:   379918.003   380645.005   380744.009   380755.005   380761.009
   935:   385098.001   385309.003   385384.001   385413.003   385461.001
   940:   385690.003   386293.005   386480.009   386523.005   386558.009
   945:   386563.005   386581.009   386597.005   386606.009   386614.005
   950:   386621.009   386636.005   386643.009   386793.001   387582.003
   955:   388191.005   388196.009   388213.005   388477.009   388483.005
   960:   388490.009   388492.005   388509.009   388766.005   388917.009
   965:   389094.001   389271.003   389313.001   389876.003   390120.001
   970:   390264.003   391153.005   391159.009   391178.005   391186.009
   975:   393433.001   394637.003   395322.005   395334.009   396164.005
   980:   396169.009   396188.005   396368.009   396574.001   397711.003
   985:   398727.001   399832.003   400182.001   400877.003   400957.001
   990:   401620.003   402099.005   402419.009   402432.005   402463.009
   995:   402514.005   402556.009   402557.005   402563.009   402569.005
  1000:   402575.009   402620.005   402625.009   402636.005   402650.009
  1005:   402661.005   402666.009   402671.005   402683.009   402690.005
  1010:   403567.009   403603.005   403611.009   403775.005   403786.009
  1015:   403953.005   403962.009   405662.005   405734.009   406108.001
  1020:   406520.003   407262.001   408559.003   408927.005   409125.009
  1025:   409305.001   410655.018   411063.003   411069.016   411119.026
  1030:   411153.005   411901.009   411932.005   411969.009   411980.005
  1035:   411984.009   412039.005   412286.009   412289.005   412317.009
  1040:   412334.005   412358.009   413195.001   414545.018   414923.003
  1045:   414929.016   414979.026   415029.005   416097.009   416713.005
  1050:   416720.009   416728.005   416733.009   417238.001   417959.003
  1055:   418342.001   419123.003   419172.001   419206.003   419806.005
  1060:   419906.009   420274.005   420425.009   420477.005   420799.009
  1065:   420952.001   422185.003   422407.005   422966.009   423232.001
  1070:   424244.003   425074.001   426424.018   426459.003   426465.016
  1075:   426515.026   426579.005   427200.009   427313.005   427463.009
  1080:   427525.005   427545.009   427618.005   427636.009   428629.001
  1085:   429159.003   429865.001   430773.003   430799.001   431007.003
  1090:   431714.001   432466.003   433071.005   433120.009   433462.001
  1095:   434441.003   434776.005   434967.009   434981.005   434994.009
  1100:   435000.005   435004.009   435025.005   435030.009   435035.005
  1105:   435039.009   435046.005   435052.009   435305.001   436312.003
  1110:   436756.005   436847.009   437258.001   438608.018   438835.003
  1115:   438841.016   438891.026   438951.005   439947.009   439950.005
  1120:   439972.009   439973.005   440007.009   440012.005   440020.009
  1125:   440027.005   440107.009   440117.005   440141.009   440775.005
  1130:   440780.009   446283.005   446381.009   446668.001   447789.003
  1135:   448564.005   448587.009   449231.005   449548.009   449551.005
  1140:   449582.009   449650.005   449655.009   449993.001   451183.003
  1145:   451675.001   451932.003   452024.001   452907.003   453368.001
  1150:   454718.018   454721.003   454727.016   454777.026   454816.005
  1155:   455671.009   456144.005   456151.009   456168.005   456177.009
  1160:   456451.001   457447.003   457787.005   457808.009   457812.005
  1165:   457819.009   457831.005   457838.009   457857.005   457939.009
  1170:   457955.005   457976.009   458184.001   459452.003   460020.001
  1175:   460745.003   460791.001   460912.003   461204.005   461525.009
  1180:   461555.005   461566.009   461575.005   461588.009   461889.001
  1185:   463101.003   463670.001   464420.003   464566.005   465139.009
  1190:   465334.001   465944.003   472667.001   472904.003   473704.005
  1195:   473713.009   473758.005   473925.009   474508.001   475650.003
  1200:   476171.005   476207.009   476854.001   477675.003   477696.001
  1205:   477922.003   478680.001   479457.003   479480.001   479661.003
  1210:   480348.005   480538.009   480559.005   480572.009   480774.001
  1215:   481987.003   482728.005   482757.009   482762.005   482913.009
  1220:   482931.005   482939.009   482949.005   482954.009   482956.005
  1225:   482969.009   483549.001   484899.018   484913.003   484919.016
  1230:   484969.026   485027.005   485943.009   485948.005   485971.009
  1235:   485974.005   486758.009   486774.005   486795.009   486827.005
  1240:   486839.009   486875.005   486893.009   486914.005   486918.009
  1245:   487471.001   488525.003   488558.001   488646.003   488996.005
  1250:   489250.009   489485.001   490759.003   491204.001   492368.003
  1255:   492750.005   492881.009   492901.005   492911.009   493269.001
  1260:   494619.018   494935.003   494941.016   494991.026   495126.005
  1265:   495756.009   495782.005   496391.009   496395.005   496407.009
  1270:   496490.005   496496.009   496588.005   496594.009   496615.005
  1275:   496636.009   496725.005   496754.009   496786.005   496792.009
  1280:   496810.005   497085.009   497130.005   497258.009   497330.005
  1285:   497346.009   497389.005   497418.009   497878.001   499228.018
  1290:   499809.003   499815.016   499865.026   500340.005   501495.009
  1295:   501506.005   501523.009   501533.005   501549.009   501551.005
  1300:   501570.009   501580.005   501612.009   501613.005   501628.009
  1305:   501651.005   501662.009   501663.005   501668.009   501674.005
  1310:   501685.009   501742.005   501751.009   501760.005   501784.009
  1315:   501785.005   501826.009   501829.005   501843.009   501925.005
  1320:   501937.009   501951.005   501957.009   501960.005   501966.009
  1325:   501994.005   502040.009   502290.005   502294.009   502641.005
  1330:   502657.009   502658.005   502664.009   502680.005   502718.009
  1335:   503541.001   504533.003   505355.001   506390.003   507082.001
  1340:   507446.003   508914.001   508965.003   509025.001   509357.003
  1345:   510189.001   510385.003   510589.001   510640.003   510781.001
  1350:   511062.003   511589.005   511885.009   511904.005   511910.009
  1355:   511939.005   511951.009   511966.005   511975.009   511989.005
  1360:   512007.009   512029.005   512516.009   512531.005   512542.009
  1365:   512544.005   512555.009   512577.005   512589.009   512615.005
  1370:   512623.009   512938.001   514174.003   514564.005   514582.009
  1375:   514979.001   516146.003   517152.001   518502.018   518547.003
  1380:   518553.016   518569.001   518603.026   518691.003   518806.005
  1385:   519901.009   519924.005   519954.009   519955.005   520043.009
  1390:   520071.005   520097.009   520117.005   520140.009   520201.005
  1395:   520209.009   520618.005   520624.009   520633.005   520638.009
  1400:   520695.005   520708.009   520767.005   520773.009   521166.001
  1405:   522182.003   523045.001   524114.003   524495.005   524723.009
  1410:   524737.005   524745.009   524946.001   526296.018   526347.003
  1415:   526353.016   526403.026   526431.005   527715.009   527740.005
  1420:   527751.009   527772.005   527802.009   527808.005   527816.009
  1425:   527836.005   527863.009   527893.005   527901.009   527904.005
  1430:   527910.009   527915.005   527921.009   527932.005   527945.009
  1435:   527981.005   527990.009   528010.005   528028.009   528073.005
  1440:   528083.009   528104.005   528116.009   528120.005   528126.009
  1445:   528134.005   528143.009   528149.005   528154.009   528557.005
  1450:   528568.009   528650.005   528662.009   529086.001   530436.018
  1455:   530913.003   530919.016   530969.026   530995.005   532160.009
  1460:   532166.005   532191.009   532213.005   532252.009   532269.005
  1465:   532278.009   532296.005   532310.009   532344.005   532366.009
  1470:   532376.005   532812.009   532864.005   532890.009   533874.001
  1475:   535123.003   535203.005   535209.009   535239.005   535411.009
  1480:   535622.005   535719.009   535952.001   536675.003   536966.001
  1485:   537247.003   537909.001   537976.003   537993.001   539157.003
  1490:   539250.005   539256.009   539612.001   540174.003   542367.005
  1495:   542598.009   542605.005   542617.009   542631.005   542649.009
  1500:   542981.001   544192.003   544521.005   544946.009   544954.005
  1505:   544961.009   544975.005   544982.009   545327.001   545723.003
  1510:   546069.001   546195.003   546641.005   546706.009   546962.001
  1515:   548125.003   548465.005   548688.009   548880.001   549978.003
  1520:   550610.005   550614.009   551877.001   553153.003   553898.001
  1525:   554508.003   554611.001   554949.003   555785.001   557135.018
  1530:   557142.003   557148.016   557198.026   557218.001   557240.003
  1535:   557331.005   558606.009   558646.005   558693.009   558757.005
  1540:   558769.009   558821.005   558891.009   558919.005   558931.009
  1545:   558967.005   558982.009   559053.005   559060.009   559062.005
  1550:   559073.009   559076.005   559083.009   559266.005   559274.009
  1555:   559330.005   559341.009   559716.001   560133.003   560162.001
  1560:   560311.003   561047.001   561401.003   561414.001   561774.003
  1565:   562436.001   563116.003   563437.005   563459.009   563483.005
  1570:   563523.009   563845.001   564111.003   564887.001   565182.003
  1575:   565375.001   565557.003   565682.001   565837.003   566219.005
  1580:   566248.009   566453.005   566475.009   566754.001   567528.003
  1585:   568024.001   568701.003   568730.001   568963.003   569549.005
  1590:   569694.009   569697.005   569702.009   569707.005   569725.009
  1595:   570019.005   570025.009   570052.005   570061.009   570066.005
  1600:   570068.009   570076.005   570086.009   570092.005   570167.009
  1605:   571120.005   571149.009   571386.001   572509.003   572937.005
  1610:   572946.009   572960.005   573009.009   573288.001   573767.003
  1615:   573794.001   574684.003   575008.005   575425.009   575440.005
  1620:   575446.009   575474.005   575482.009   575504.005   575516.009
  1625:   575818.001   577002.003   577013.001   577297.003   577653.005
  1630:   577844.009   577847.005   577851.009   577857.005   577876.009
  1635:   578715.005   578729.009   578730.005   578735.009   578736.005
  1640:   578743.009   578751.005   578798.009   579910.001   579976.003
  1645:   580006.001   580147.003   581728.001   581994.003   582830.005
  1650:   583238.009   583585.001   583841.003   583892.001   585201.003
  1655:   586104.001   587410.003   588217.005   588242.009   588249.005
  1660:   588528.009   588534.005   588541.009   588555.005   588562.009
  1665:   588569.005   588617.009   588630.005   588660.009   588671.005
  1670:   588684.009   588689.005   588704.009   588707.005   588713.009
  1675:   588714.005   589077.009   589095.005   589101.009   589304.001
  1680:   590654.018   590864.003   590870.016   590920.026   590972.005
  1685:   592216.009   592219.005   592226.009   592237.005   592244.009
  1690:   592307.005   592317.009   592390.005   592398.009   592419.005
  1695:   592429.009   592430.005   592601.009   592653.005   592664.009
  1700:   592670.005   592684.009   592686.005   592697.009   592702.005
  1705:   592712.009   593598.001   594948.018   595238.003   595244.016
  1710:   595294.026   595354.005   596636.009   596700.005   596727.009
  1715:   596728.005   596735.009   596743.005   596770.009   596807.005
  1720:   596879.009   596946.005   596957.009   597394.001   598298.003
  1725:   598321.001   598423.003   599010.001   600134.003   600611.005
  1730:   600618.009   601039.001   601968.003   602663.001   603705.003
  1735:   604207.001   605095.003   605900.001   607246.003   607267.001
  1740:   607494.003   608296.005   608319.009   608325.005   608408.009
  1745:   608435.005   608439.009   608451.005   608629.009   608647.005
  1750:   608681.009   608690.005   608764.009   609138.001   609747.003
  1755:   610874.001   611094.003   611977.005   612000.009   612121.005
  1760:   612146.009   612174.005   612251.009   612845.001   613712.003
  1765:   613980.005   614355.009   614365.005   614389.009   614397.005
  1770:   614411.009   614454.005   614499.009   614586.005   614595.009
  1775:   614778.001   615466.003   615491.001   615626.003   615923.005
  1780:   616081.009   616435.001   616936.003   616994.001   617129.003
  1785:   618076.005   618086.009   618102.005   618164.009   618195.005
  1790:   618200.009   618485.005   618547.009   618568.005   618575.009
  1795:   618583.005   618590.009   618698.005   618700.009   618864.001
  1800:   619968.003   620026.001   620340.003   620883.001   622233.018
  1805:   622489.003   622495.016   622499.001   622545.026   622608.003
  1810:   622685.005   623452.009   623455.005   623500.009   623540.005
  1815:   624181.009   624222.005   624249.009   624253.005   624260.009
  1820:   624264.005   624275.009   624283.005   624295.009   624309.005
  1825:   624318.009   624434.005   624442.009   624483.005   624496.009
  1830:   624545.005   624549.009   624710.005   624716.009   625026.001
  1835:   625794.003   626880.001   627504.003   627542.001   627705.003
  1840:   628382.005   628388.009   628483.005   628551.009   628897.001
  1845:   630247.018   630274.003   630280.016   630330.026   630418.005
  1850:   630897.009   630926.005   630943.009   630944.005   630985.009
  1855:   631035.005   631612.009   631631.005   631666.009   631727.005
  1860:   631831.009   631838.005   631854.009   631865.005   631885.009
  1865:   631905.005   631913.009   631932.005   631949.009   632291.001
  1870:   633481.003   634159.005   634378.009   635388.001   636738.018
  1875:   636775.003   636781.016   636831.026   636881.005   637926.009
  1880:   637958.005   637976.009   638008.005   638439.009   638468.005
  1885:   638686.009   638723.005   638746.009   639678.005   639691.009
  1890:   639698.005   639703.009   639740.005   639748.009   639958.001
  1895:   640053.003   640140.001   641490.018   641515.003   641521.016
  1900:   641571.026   641646.005   642874.009   642966.005   643173.009
  1905:   643179.005   643186.009   643188.005   643198.009   643235.005
  1910:   643245.009   643456.005   643463.009   643808.001   644928.003
  1915:   645652.001   647002.018   647020.003   647026.016   647076.026
  1920:   647146.005   648146.009   648155.005   648257.009   648300.005
  1925:   648312.009   648331.005   648555.009   648575.005   648582.009
  1930:   648583.005   648593.009   648643.005   648652.009   648715.005
  1935:   648722.009   648783.005   648789.009   649062.001   650412.018
  1940:   650500.003   650506.016   650556.026   650647.005   651395.009
  1945:   651429.005   651447.009   651636.005   651791.009   652116.001
  1950:   653384.003   653929.005   654068.009   654300.001   655605.003
  1955:   656193.001   657300.003   657800.001   658918.003   659774.001
  1960:   660616.003   661054.005   661272.009   661484.001   662834.018
  1965:   662844.003   662850.016   662900.026   662979.005   662986.009
  1970:   662995.005   663008.009   663012.005   664568.009   664569.005
  1975:   664753.009   664770.005   664780.009   664819.005   664830.009
  1980:   664852.005   664862.009   664880.005   664885.009   664929.005
  1985:   664939.009   665440.001   666393.003   666416.001   666668.003
  1990:   667272.001   668105.003   668162.005   668304.009   668575.001
  1995:   669398.003   669408.001   669631.003   670495.001   671642.003
  2000:   671728.005   671922.009   671926.005   671932.009   671943.005
  2005:   671953.009   671975.005   671988.009   672195.001   672892.003
  2010:   673241.001   673309.003   674179.005   674228.009   674239.005
  2015:   674256.009   674469.001   675674.003   676195.001   676588.003
  2020:   676685.005   676868.009   676925.005   676961.009   676976.005
  2025:   677026.009   677245.001   677798.003   677817.001   678780.003
  2030:   679327.005   679731.009   679875.005   679888.009   680118.001
  2035:   681248.003   681681.005   681704.009   681719.005   681793.009
  2040:   682075.001   682945.003   683510.005   683528.009   683530.005
  2045:   683663.009   683682.005   683687.009   683702.005   683706.009
  2050:   683777.005   683781.009   683943.001   684874.003   685004.005
  2055:   685180.009   685352.005   685487.009   685697.001   686814.003
  2060:   686828.001   687012.003   687443.005   688033.009   688034.005
  2065:   688189.009   688356.001   689270.003   689592.005   689602.009
  2070:   689686.005   690032.009   690037.005   690045.009   690248.001
  2075:   691270.003   691716.001   692478.003   692804.005   692898.009
  2080:   692900.005   692908.009   692960.005   692964.009   693080.001
  2085:   693572.003   694426.001   694893.003   695297.001   695550.003
  2090:   695806.005   696585.009   697316.005   697337.009   700120.001
  2095:   700630.003   701051.001   701582.003   702950.001   703440.003
  2100:   703734.001   703919.003   704814.001   705713.003   705770.001
  2105:   705969.003   706350.005   706586.009   706594.005   706616.009
  2110:   706856.001   708075.003   708876.001   709825.003   710242.001
  2115:   711214.003   715699.001   716716.003   717092.001   717236.003
  2120:   718081.005   718160.009   718419.001   719459.003   719978.005
  2125:   720005.009   720008.005   720330.009   720333.005   720418.009
  2130:   720428.005   720445.009   720446.005   720457.009   720461.005
  2135:   720468.009   720625.001   721612.003   722522.005   722587.009
  2140:   722808.001   723740.003   723784.001   724006.003   724949.001
  2145:   726299.018   726344.003   726350.016   726400.026   726463.005
  2150:   727415.009   727436.005   727535.009   727568.005   727609.009
  2155:   727610.005   727621.009   727625.005   727630.009   727637.005
  2160:   727648.009   727651.005   727663.009   727690.005   727700.009
  2165:   727703.005   727710.009   727720.005   727760.009   728803.001
  2170:   729949.003   730309.005   730590.009   730652.005   730658.009
  2175:   730667.005   730694.009   730718.005   730737.009   730743.005
  2180:   730798.009   730837.005   730872.009   731156.001   732389.003
  2185:   733426.001   734477.003   735056.001   736008.003   784644.005
  2190:   784650.009   786655.001   786821.003   787864.005   788042.009
  2195:   788314.001   788599.003   789242.005   789520.009   789532.005
  2200:   789547.009   789549.005   789561.009   789578.005   789582.009
  2205:   789906.001   790726.003   791304.001   792446.003   792497.001
  2210:   792684.003   793123.005   793140.009   793229.005   793233.009
  2215:   793370.001   794131.003   794158.001   794380.003   795028.005
  2220:   795329.009   795438.005   795608.009   795619.005   795627.009
  2225:   795631.005   795637.009   795682.005   795692.009   795829.001
  2230:   797179.018   797184.003   797190.016   797240.026   797301.005
  2235:   799130.009   799139.005   799157.009   799185.005   799401.009
  2240:   799764.001   800722.003   801174.001   801223.003   801271.001
  2245:   802575.003   802830.005   802836.009   803362.001   804635.003
  2250:   805050.005   805151.009   805423.001   806427.003   807323.001
  2255:   807944.003   813818.001   815168.018   815719.003   815725.016
  2260:   815775.026   815899.005   815909.009   815931.005   815937.009
  2265:   815939.005   815945.009   815957.005   817318.009   817328.005
  2270:   817390.009   817417.005   817474.009   817480.005   817546.009
  2275:   817551.005   817628.009   817638.005   817658.009   818006.005
  2280:   818015.009   818016.005   818028.009   818034.005   818056.009
  2285:   818080.005   818296.009   818297.005   818309.009   818323.005
  2290:   818343.009   818347.005   818362.009   818370.005   818377.009
  2295:   818396.005   818659.009   819088.001   819705.003   820936.001
  2300:   821755.003   822510.005   823187.009   824111.005   824116.009
  2305:   824161.005   824169.009   824178.005   824182.009   824205.005
  2310:   824221.009   824249.005   824440.009   824442.005   824483.009
  2315:   824489.005   824498.009   830095.001   831025.003   832098.001
  2320:   833314.003   833935.005   834251.009   834289.005   834298.009
  2325:   834310.005   834316.009   834361.005   834532.009   834602.005
  2330:   834607.009   835158.001   836068.003   837105.001   838112.003
  2335:   839496.001   840518.003   841220.005   841253.009   841267.005
  2340:   841329.009   841460.005   842230.009   842247.005   842356.009
  2345:   842360.005   842375.009   842433.005   842439.009   842512.005
  2350:   842524.009   843288.001   844311.003   845279.005   845410.009
  2355:   845717.001   846710.003   847722.005   847747.009   847748.005
  2360:   847954.009   848051.005   848061.009   848063.005   848080.009
  2365:   848405.001   849755.018   850647.003   850653.016   850703.026
  2370:   850750.005   851630.009   851644.005   851653.009   851657.005
  2375:   852219.009   852232.005   852327.009   852347.005   852402.009
  2380:   852436.005   852445.009   852467.005   852503.009   852624.005
  2385:   852716.009   855027.001   856245.003   857252.001   858445.003
  2390:   859047.005   859380.009   859662.001   861012.018   861379.003
  2395:   861385.016   861435.026   861503.005   863402.009   863642.001
  2400:   864970.003   865911.001   866971.003   867476.001   868517.003
  2405:   868856.005   869124.009   869133.005   869144.009   869157.005
  2410:   869170.009   869211.005   869218.009   869225.005   869244.009
  2415:   869254.005   869261.009   869284.005   869296.009   869570.001
  2420:   870823.003   871599.001   872804.003   873283.005   873810.009
  2425:   874079.001   875173.003   875729.005   876422.009   876465.005
  2430:   876477.009   876479.005   876489.009   876490.005   876506.009
  2435:   876508.005   876529.009   876545.005   876557.009   876585.005
  2440:   876944.009   877219.001   877310.003   877367.001   878689.003
  2445:   879076.005   879221.009   879523.001   880834.003   881610.005
  2450:   881684.009   881975.001   883325.018   883549.003   883555.016
  2455:   883605.026   883691.005   884565.009   884571.005   884595.009
  2460:   884630.005   884647.009   884650.005   884681.009   884690.005
  2465:   885088.009   885093.005   885123.009   885151.005   885163.009
  2470:   885209.005   885240.009   885720.005   885726.009   885980.001
  2475:   887177.003   888178.001   889034.003   889052.001   889259.003
  2480:   890134.001   891132.003   891611.001   892961.018   892976.003
  2485:   892982.016   893032.026   893118.005   894195.009   894207.005
  2490:   894538.009   894686.005   894691.009   894793.005   894799.009
  2495:   894806.005   894812.009   894820.005   894839.009   894884.005
  2500:   894892.009   894897.005   894905.009   895011.005   895014.009
  2505:   895034.005   895041.009   895102.005   895119.009   895167.005
  2510:   895189.009   895191.005   895197.009   895206.005   895212.009
  2515:   895267.005   895277.009   895288.005   895297.009   895300.005
  2520:   895328.009   895347.005   895417.009   895442.005   895473.009
  2525:   897553.001   898478.003   899345.001   899734.003   900759.001
  2530:   901765.003   902418.001   903557.003   904072.005   904114.009
  2535:   904423.001   905371.003   906049.001   907013.003   907881.001
  2540:   908730.003   909287.005   909498.009   909504.005   909519.009
  2545:   909564.005   909610.009   909877.001   911227.018   911231.003
  2550:   911237.016   911287.026   911342.005   913602.009   913862.005
  2555:   913869.009   913915.005   913928.009   914585.001   915532.003
  2560:   915619.001   915744.003   915812.005   915817.009   916051.005
  2565:   916058.009   916479.001   917829.018   917884.003   917890.016
  2570:   917940.026   917986.005   919121.009   919124.005   919139.009
  2575:   919192.005   919203.009   919211.005   919220.009   919300.005
  2580:   919304.009   919310.005   919315.009   919497.001   920476.003
  2585:   921191.001   922464.003   922855.005   923062.009   923467.001
  2590:   924201.003   924640.001   925513.003   925765.005   925954.009
  2595:   925956.005   925973.009   926235.005   926241.009   926429.001
  2600:   927121.003   927663.001   928829.003   929531.001   930336.003
  2605:   930349.001   930505.003   930575.001   930663.003   930849.005
  2610:   931142.009   931146.005   931161.009   931164.005   931185.009
  2615:   931201.005   931207.009   931296.005   931303.009   931535.001
  2620:   932630.003   933338.005   933343.009   933407.005   933654.009
  2625:   933889.001   935239.018   935671.003   935677.016   935727.026
  2630:   935800.005   937027.009   937035.005   937069.009   938319.001
  2635:   939397.003   939912.001   940940.003   941346.005   941361.009
  2640:   941364.005   941463.009   941743.001   943027.003   944028.001
  2645:   944077.003   944247.005   944435.009   944451.005   944459.009
  2650:   944495.005   944514.009   944794.001   945729.003   946644.001
  2655:   947561.003   948224.001   948976.003   949745.001   951095.018
  2660:   951403.003   951409.016   951459.026   951611.005   952726.009
  2665:   952728.005   952756.009   952772.005   952786.009   952792.005
  2670:   952802.009   954383.001   955733.018   956000.003   956006.016
  2675:   956056.026   956294.005   957512.009   957567.005   957609.009
  2680:   957623.005   957949.009   958075.005   958084.009   958116.005
  2685:   958194.009   958519.001   959869.018   959959.003   959965.016
  2690:   960015.026   960017.017   960060.005   961069.009   961231.005
  2695:   961299.009   961307.005   961466.009   961522.005   961533.009
  2700:   961536.005   961584.009   961613.005   961619.009   961698.005
  2705:   961706.009   961783.005   961791.009   961797.005   961818.009
  2710:   962264.001   963503.003   964355.001   964990.003   965648.001
  2715:   966581.003   967051.001   968008.003   968609.001   969768.003
  2720:   970173.001   971154.003   971779.005   971899.009   973554.001
  2725:   974657.003   974857.001   975007.003   975703.001   977161.003
  2730:   977612.005   977623.009   977651.005   977785.009   977788.005
  2735:   977829.009   977874.005   977914.009   977916.005   977924.009
  2740:   977940.005   977949.009   978022.005   978042.009   978179.001
  2745:   979734.003   980651.001   981801.003   983146.005   983429.009
  2750:   983431.005   983472.009   983524.005   983536.009   983717.001
  2755:   984750.003   984779.001   985026.003   985305.005   985310.009
  2760:   985327.005   985614.009   985620.005   985635.009   985681.005
  2765:   985695.009   985705.005   985820.009   985824.005   985836.009
  2770:   986020.001   987165.003   987437.005   987788.009   992175.001
  2775:   993367.003   993673.005   993980.009   994054.005   994059.009
  2780:   994313.001   995011.003   995692.001   996935.003   998336.005
  2785:   998595.009   998650.005   998657.009   999090.001   999298.003
  2790:  1012641.005  1012675.009  1013197.001  1013477.003  1013976.005
  2795:  1014171.009  1014486.005  1014567.009  1014810.001  1015999.003
  2800:  1016990.001  1017906.003  1019003.001  1019864.003  1021145.001
  2805:  1021329.003  1021987.005  1022007.009  1022023.005  1022071.009
  2810:  1022090.005  1022128.009  1022330.005  1022481.009  1022632.005
  2815:  1022721.009  1022728.005  1022780.009  1022799.005  1022805.009
  2820:  1022827.005  1022833.009  1022863.005  1022870.009  1023185.001
  2825:  1024478.003  1025072.005  1025115.009  1025125.005  1025151.009
  2830:  1025366.005  1025382.009  1025413.005  1025444.009  1025458.005
  2835:  1025468.009  1025469.005  1025500.009  1025505.005  1025520.009
  2840:  1025940.001  1027076.003  1027981.001  1029503.003  1030769.001
  2845:  1032050.003  1032918.005  1033035.009  1033057.005  1033065.009
  2850:  1033626.001  1034854.003  1036651.001  1037478.003  1038664.001
  2855:  1039724.003  1041112.005  1041156.009  1041185.005  1041331.009
  2860:  1044685.001  1044991.003  1045032.001  1045236.003  1045854.005
  2865:  1045952.009  1046783.001  1048098.003  1049477.001  1051077.018
  2870:  1051132.003  1051138.016  1051188.026  1051241.005  1052039.009
  2875:  1052044.005  1052057.009  1052177.005  1052198.009  1052208.005
  2880:  1052218.009  1052222.005  1052229.009  1052232.005  1052239.009
  2885:  1052312.005  1052889.009  1052928.005  1052981.009  1053027.005
  2890:  1053036.009  1053084.005  1053093.009  1053102.005  1053108.009
  2895:  1053141.005  1053151.009  1053219.005  1053228.009  1053580.001
  2900:  1054975.003  1055605.005  1055644.009  1056058.001  1057658.018
  2905:  1057826.003  1057832.016  1057882.026  1057993.005  1059626.009
  2910:  1059632.005  1059643.009  1059648.005  1059663.009  1059665.005
  2915:  1059699.009  1059701.005  1059790.009  1059835.005  1059843.009
  2920:  1059858.005  1059898.009  1066106.001  1066316.003  1067061.005
  2925:  1067113.009  1067736.001  1068853.003  1069693.001  1071139.003
  2930:  1071982.001  1073462.003  1074064.001  1075664.018  1076062.003
  2935:  1076068.016  1076118.026  1076169.005  1077087.009  1077096.005
  2940:  1077531.009  1077537.005  1077547.009  1077550.005  1077731.009
  2945:  1077754.005  1077823.009  1077825.005  1078005.009  1078011.005
  2950:  1078085.009  1078097.005  1078148.009  1078159.005  1078245.009
  2955:  1078251.005  1078441.009  1078503.005  1078511.009  1078524.005
  2960:  1078610.009  1079077.001  1080123.003  1081416.001  1082663.003
  2965:  1083768.001  1084846.003  1085176.001  1085499.003  1085813.001
  2970:  1087318.003  1087876.005  1087918.009  1087933.005  1087937.009
  2975:  1087964.005  1088211.009  1088213.005  1088232.009  1088251.005
  2980:  1088256.009  1088276.005  1088292.009  1088364.005  1088370.009
  2985:  1088403.005  1088424.009  1088434.005  1088460.009  1088486.005
  2990:  1089080.009  1119866.001  1120232.003  1120784.005  1120792.009
  2995:  1120837.005  1120862.009  1120868.005  1121193.009  1121608.005
  3000:  1121856.009  1122340.005  1122367.009  1122702.005  1122726.009
  3005:  1122815.005  1122825.009  1123338.001  1124171.003  1126178.001
  3010:  1127500.003  1129247.005  1129291.009  1129847.001  1131064.003
  3015:  1133019.001  1134594.003  1135473.001  1136994.003  1138628.001
  3020:  1139606.003  1140938.001  1141969.003  1142403.005  1142725.009
  3025:  1142741.005  1142747.009  1143848.005  1143857.009  1143912.005
  3030:  1143924.009  1143931.005  1144397.009  1144422.005  1144458.009
  3035:  1144511.005  1144524.009  1144763.001  1145342.003  1146235.001
  3040:  1146529.003  1152781.005  1152786.009  1152833.005  1153202.009
  3045:  1153208.005  1153220.009  1153227.005  1153247.009  1153255.005
  3050:  1153470.009  1153473.005  1153494.009  1153790.001  1154895.003
  3055:  1157432.001  1158940.003  1160494.001  1161966.003  1164596.005
  3060:  1164609.009  1164622.005  1165041.009  1165068.005  1165102.009
  3065:  1165238.005  1165247.009  1165275.005  1165281.009  1165475.001
  3070:  1167075.018  1168170.003  1168176.016  1168226.026  1168348.005
  3075:  1169628.009  1169712.005  1169721.009  1170117.005  1170204.009
  3080:  1170210.005  1170286.009  1170347.005  1170386.009  1170403.005
  3085:  1170743.009  1170745.005  1170753.009  1170770.005  1170778.009
  3090:  1170797.005  1170840.009  1172425.005  1172436.009  1172453.005
  3095:  1172459.009  1172484.005  1172493.009  1173259.001  1174809.003
  3100:  1175678.001  1177228.003  1178123.005  1178131.009  1178151.005
  3105:  1178204.009  1178207.005  1178303.009  1178348.005  1178526.009
  3110:  1178530.005  1178615.009  1178625.005  1178629.009  1178682.005
  3115:  1178684.009  1178913.001  1179763.003  1180903.001  1180968.003
  3120:  1182284.001  1183884.018  1183902.003  1183908.016  1183958.026
  3125:  1183974.005  1183983.009  1184002.005  1185631.009  1185646.005
  3130:  1186189.009  1186242.005  1186293.009  1186300.005  1186329.009
  3135:  1186330.005  1186344.009  1186389.005  1186394.009  1186498.005
  3140:  1186503.009  1186518.005  1186525.009  1186549.005  1186557.009
  3145:  1186620.005  1186628.009  1186632.005  1186642.009  1186743.005
  3150:  1187037.009  1187068.005  1187074.009  1187883.001  1189448.003
  3155:  1190299.001  1191625.003  1192820.001  1194420.018  1194445.003
  3160:  1194451.016  1194501.026  1194619.005  1195882.009  1195895.005
  3165:  1195899.009  1195914.005  1195919.009  1196020.005  1196071.009
  3170:  1196073.005  1196080.009  1196082.005  1196130.009  1196263.005
  3175:  1196319.009  1196362.005  1196368.009  1196606.005  1196613.009
  3180:  1196951.001  1198271.003  1198341.001  1198467.003  1199208.001
  3185:  1200458.003  1201321.001  1202587.003  1202688.005  1202694.009
  3190:  1202715.005  1202876.009  1202910.005  1202928.009  1202931.005
  3195:  1202940.009  1202949.005  1203083.009  1203088.005  1203104.009
  3200:  1203122.005  1203141.009  1203184.005  1203213.009  1203229.005
  3205:  1203321.009  1203724.005  1203732.009  1203975.001  1204081.003
  3210:  1208346.001  1208434.003  1209269.001  1210605.003  1211553.001
  3215:  1212714.003  1213139.001  1214147.003  1215137.001  1216086.003
  3220:  1216917.005  1216952.009  1217195.001  1218088.003  1218640.001
  3225:  1219247.003  1221695.001  1223263.003  1224449.001  1225904.003
  3230:  1225920.001  1226164.003  1227291.001  1228612.003  1229181.005
  3235:  1229739.009  1229750.005  1229767.009  1235490.005  1235500.009
  3240:  1235538.005  1235645.009  1235793.005  1235810.009  1235842.005
  3245:  1235848.009  1235851.005  1235855.009  1236112.001  1237436.003
  3250:  1238254.005  1238272.009  1238292.005  1238324.009  1238591.005
  3255:  1238936.009  1238961.005  1238979.009  1239032.005  1239144.009
  3260:  1239161.005  1239192.009  1239204.005  1239208.009  1239622.001
  3265:  1241222.018  1241358.003  1241364.016  1241414.026  1241534.005
  3270:  1242768.009  1242781.005  1242791.009  1242836.005  1242881.009
  3275:  1242883.005  1242891.009  1242917.005  1243160.009  1243181.005
  3280:  1243209.009  1243255.005  1243262.009  1243616.005  1243624.009
  3285:  1244020.001  1245425.003  1246100.001  1247533.003  1248578.001
  3290:  1249705.003  1249796.001  1250267.003  1250935.005  1250960.009
  3295:  1250971.005  1251007.009  1251014.005  1251022.009  1251031.005
  3300:  1251049.009  1251059.005  1251202.009  1251434.001  1253016.003
  3305:  1254265.001  1255865.018  1256089.003  1256095.016  1256145.026
  3310:  1256207.005  1257107.009  1257126.005  1257132.009  1257228.005
  3315:  1257238.009  1257247.005  1257940.009  1257964.005  1258106.009
  3320:  1258123.005  1258132.009  1258134.005  1258144.009  1258147.005
  3325:  1258162.009  1258163.005  1258176.009  1258182.005  1258204.009
  3330:  1258212.005  1258224.009  1258235.005  1258247.009  1258283.005
  3335:  1258294.009  1258416.005  1258449.009  1258696.001  1260196.003
  3340:  1260891.001  1262179.003  1262772.005  1263102.009  1280328.005
  3345:  1280358.009  1280361.005  1280453.009  1282935.005  1282940.009
  3350:  1283234.001  1284312.003  1285218.005  1285237.009  1291544.001
  3355:  1292174.003  1293099.001  1294077.003  1316503.001  1316762.003
  3360:  1317310.005  1317312.009  1317314.005  1317324.009  1317352.005
  3365:  1317435.009  1317437.005  1317449.009  1466558.005  1466580.009
  3370:  1467218.001  1468694.003
B:
     0:        0.000      494.000        0.000      494.000        0.000
     5:     1111.000        0.000        0.000        0.000     1111.000
    10:        0.000        1.000        0.000        1.000        0.000
    15:        0.000       53.000        1.000       53.000        0.000
    20:        0.000        0.000        0.000        0.000        0.000
    25:        0.000       53.000        0.000        0.000        0.000
    30:        0.000
D:
     0:  3544890.000  3543415.000  3544891.000
E:
     0:     1350.000     1600.000
T:
     0:        0.000        0.000        0.000        0.000
W:
     0:        0.000        0.000        0.000
