File: C:\MED-PC IV\Data\Reyes\BB\BB2111.999


Start Date: 07/08/25
End Date: 07/08/25
Subject: 111
Experiment: BB
Group: TIMEOUT
Box: 1
Start Time: 16:04:22
End Time: 16:54:22
MSN: DRRD_lin
C:       0.000
F:       0.000
G:       0.000
H:       0.000
I:       0.000
J:       0.000
K:   10000.000
L:       0.000
M:       0.000
N:       0.000
O:       0.000
P:       0.000
Q:       0.000
R:       0.000
S:       0.000
U:    2150.000
V:       0.000
X:       0.000
Y:    1469.000
Z:       0.000
A:
     0:    15000.013    15000.011    15207.001    15676.003    18881.001
     5:    19654.003    19743.001    19814.003    20171.001    20261.003
    10:    20270.001    20400.003    20412.001    23459.003    23979.001
    15:    24183.003    24335.005    24457.009    25326.005    25404.009
    20:    25437.005    25506.009    25511.005    25542.009    25767.001
    25:    27063.003    27086.001    27148.003    32127.001    32196.003
    30:    32202.001    32766.003    32794.001    33719.003    33732.001
    35:    36493.003    36798.001    38454.003    38463.001    40172.003
    40:    40460.001    40570.003    40574.001    44843.003    44892.001
    45:    45034.003    45613.001    45696.003    45706.001    50103.003
    50:    50250.005    50343.009    50507.001    51430.003    51447.001
    55:    51537.003    51579.001    51872.003    51890.001    54238.003
    60:    57101.001    57299.003    57997.001    58172.003    58775.001
    65:    62317.003    62457.001    62680.003    62687.001    63227.003
    70:    64717.001    65041.003    65123.001    65161.003    65179.001
    75:    67199.003    67239.001    71977.003    72020.001    72158.003
    80:    72692.001    73397.003    75589.001    75756.003    75758.001
    85:    80763.018    81010.003    81016.016    81066.026    81136.005
    90:    81891.009    82263.001    86263.003    86325.001    86507.003
    95:    86987.001    87118.003    87130.001    90522.003    90843.001
   100:    92055.003    92076.001    95336.003    95932.001    95965.003
   105:    98927.001   100240.003   100581.001   101543.003   101579.001
   110:   102841.003   104742.001   105080.003   105616.005   105911.009
   115:   105965.005   105984.009   106106.005   106321.009   106519.001
   120:   106806.003   106845.001   106916.003   107275.001   107316.003
   125:   107347.001   108206.003   108261.001   108357.003   108822.001
   130:   112584.003   113230.001   113318.003   113328.001   117563.003
   135:   117607.001   117731.003   118321.001   118417.003   118420.001
   140:   121953.003   126719.001   127983.003   127992.001   132842.003
   145:   133508.001   138508.018   139187.003   139193.016   139243.026
   150:   139306.005   139836.009   140103.001   144369.003   145032.001
   155:   145088.003   145092.001   148634.003   149243.001   151406.003
   160:   151425.001   155649.003   156259.005   156359.009   157800.001
   165:   161148.003   161160.001   163340.003   163370.001   163487.003
   170:   163593.001   164763.003   164783.001   169364.003   170442.001
   175:   171277.003   173764.005   173888.009   174113.001   174449.003
   180:   174493.001   174532.003   174789.001   175064.003   175667.001
   185:   176334.003   181622.001   181825.003   182536.001   187417.003
   190:   187892.005   187962.009   188115.001   193115.018   193962.003
   195:   193968.016   194018.026   194068.005   194601.009   195013.001
   200:   200013.018   200641.003   200647.016   200697.026   200734.005
   205:   201149.009   201552.001   201580.003   201639.001   206639.018
   210:   206758.003   206764.016   206814.026   206846.005   207205.009
   215:   207501.001   209735.003   209742.001   213332.003   213344.001
   220:   213663.003   213672.001   214646.003   215456.001   215496.003
   225:   215510.001   220276.003   221163.001   221970.003   222163.005
   230:   222178.009   222547.005   222689.009   222928.001   227928.018
   235:   228221.003   228227.016   228277.026   228315.005   228676.009
   240:   229477.001   233886.003   234003.005   234160.009   234343.001
   245:   239343.018   239967.003   239973.016   240023.026   240039.005
   250:   240395.009   240755.001   240793.003   240803.001   241095.003
   255:   241462.001   244409.003   244963.001   249963.018   250468.003
   260:   250474.016   250524.026   250565.005   250943.009   251349.001
   265:   255089.003   255102.001   259078.003   259128.001   259180.003
   270:   259531.001   262601.003   262614.001   267443.003   267495.001
   275:   267616.003   268153.001   268173.003   268178.001   269977.003
   280:   270060.001   270146.003   271711.001   272759.003   272763.001
   285:   275452.003   275476.001   277074.003   277099.001   277361.003
   290:   277778.001   281033.003   281051.001   281515.003   281719.001
   295:   283012.003   283083.001   283318.003   283861.001   283897.003
   300:   283923.001   284110.003   285540.001   285616.003   285617.001
   305:   289516.003   289519.001   291906.003   291930.001   292203.003
   310:   292794.001   295797.003   295827.001   295887.003   296392.001
   315:   301352.003   301476.001   301531.003   302120.005   302282.009
   320:   302449.001   305627.003   305642.001   309893.003   309931.001
   325:   309989.003   310563.001   310613.003   310621.001   312262.003
   330:   312312.001   312439.003   315253.005   315315.009   315574.001
   335:   315898.003   315907.001   320646.003   320667.001   320763.003
   340:   321530.001   326530.018   327412.003   327418.016   327468.026
   345:   327552.005   328010.009   328833.001   333833.018   334480.003
   350:   334486.016   334536.026   334572.005   334911.009   335284.001
   355:   340284.018   341738.003   341744.016   341794.026   341825.005
   360:   342150.009   342391.001   342427.003   342468.001   342522.003
   365:   342552.001   347552.018   347565.003   347571.016   347621.026
   370:   347654.005   348285.009   349143.001   350211.003   350213.001
   375:   350348.003   350359.001   352340.003   352357.001   356660.003
   380:   357105.005   357229.009   357459.001   358780.003   362848.001
   385:   367848.018   368210.003   368216.016   368266.026   368362.005
   390:   368635.009   369282.001   372271.003   372283.001   373803.003
   395:   374365.001   379365.018   380390.003   380396.016   380441.001
   400:   380446.026   380490.003   380538.005   380769.009   381327.001
   405:   384455.003   384473.001   387444.003   387497.001   387628.003
   410:   388064.001   388592.003   389374.005   389420.009   389616.001
   415:   394575.003   394614.001   398089.003   398114.001   398235.003
   420:   399119.001   399221.003   399232.001   399357.003   400315.001
   425:   400838.003   402211.001   403372.003   403468.001   403902.003
   430:   403910.001   408910.018   410763.003   410769.016   410819.026
   435:   410869.005   411404.009   412231.001   417231.018   419367.003
   440:   419373.016   419423.026   419674.005   420347.009   420838.001
   445:   425838.018   427314.003   427320.016   427370.026   427563.005
   450:   427801.009   428017.001   433017.018   434258.003   434264.016
   455:   434314.026   434421.005   434705.009   434940.001   439940.018
   460:   440605.003   440611.016   440661.026   440708.005   441053.009
   465:   441259.001   442533.003   442546.001   447249.003   447892.001
   470:   450525.003   450538.001   455538.018   455941.003   455947.016
   475:   455997.026   456050.005   456507.009   457350.001   462350.018
   480:   462507.003   462513.016   462563.026   462669.005   462995.009
   485:   463320.001   468320.018   470382.003   470388.016   470438.026
   490:   470485.005   471185.009   471553.001   471675.003   471715.001
   495:   476715.018   478084.003   478090.016   478140.026   478294.005
   500:   478588.009   478925.001   483925.018   486082.003   486088.016
   505:   486102.001   486129.003   486138.026   486197.005   486662.009
   510:   487009.001   492009.018   495286.003   495292.016   495342.026
   515:   495413.005   495665.009   495936.001   498996.003   499031.001
   520:   504031.018   504671.003   504677.016   504727.026   504795.005
   525:   505034.009   505248.001   507012.003   507031.001   507473.003
   530:   507506.001   512506.018   513479.003   513485.016   513535.026
   535:   513633.005   513947.009   514771.001   519771.018   521213.003
   540:   521219.016   521269.026   521329.005   521639.009   521891.001
   545:   523662.003   523678.001   524123.003   524129.001   529130.018
   550:   529225.003   529231.016   529281.026   529331.005   529592.009
   555:   529821.001   534821.018   537075.003   537081.016   537131.026
   560:   537180.005   537481.009   537923.001   542923.018   545002.003
   565:   545008.016   545058.026   545140.005   545479.009   545838.001
   570:   548124.003   548158.001   548496.003   548506.001   550490.003
   575:   550797.001   550989.003   551491.001   556491.018   556547.003
   580:   556553.016   556603.026   556767.005   557071.009   557249.001
   585:   562249.018   563616.003   563622.016   563672.026   563708.005
   590:   564305.009   565179.001   567441.003   567445.001   571744.003
   595:   572407.001   573009.003   573010.001   578016.018   579432.003
   600:   579438.016   579488.026   579559.005   579997.009   580188.001
   605:   580245.003   580261.001   584997.003   586068.001   591068.018
   610:   592415.003   592421.016   592471.026   592512.005   593339.009
   615:   593740.001   594684.003   595713.001   600713.018   601611.003
   620:   601617.016   601627.001   601667.026   601748.003   601819.005
   625:   602296.009   602478.001   607478.018   607495.003   607501.016
   630:   607551.026   607591.005   608017.009   608152.001   613152.018
   635:   613675.003   613681.016   613731.026   613778.005   614244.009
   640:   614458.001   619458.018   619925.003   619931.016   619981.026
   645:   620036.005   620311.009   620503.001   625157.003   626649.001
   650:   631297.003   631905.001   634304.003   634318.001   638288.003
   655:   638838.001   638870.003   638942.001   638973.003   638975.001
   660:   643980.018   644518.003   644524.016   644574.026   644631.005
   665:   645136.009   645419.001   647554.003   647571.001   648083.003
   670:   648086.001   651770.003   651845.001   651975.003   652036.001
   675:   656627.003   656738.005   656853.009   656978.001   661978.018
   680:   662544.003   662550.016   662600.026   662644.005   663052.009
   685:   663276.001   668276.018   669265.003   669271.016   669300.001
   690:   669321.026   669346.003   669387.005   669825.009   670310.001
   695:   675310.018   675363.003   675369.016   675419.026   675474.005
   700:   676041.009   676219.001   676292.003   676457.001   676500.003
   705:   676566.001   681566.018   683187.003   683193.016   683243.026
   710:   683304.005   683652.009   683861.001   686248.003   686259.001
   715:   689798.003   690451.001   695363.003   695811.001   700811.018
   720:   703254.003   703260.016   703299.001   703310.026   703345.003
   725:   703380.005   703673.009   703920.001   708920.018   710368.003
   730:   710374.016   710424.026   710560.005   711462.009   711891.001
   735:   713536.003   713572.001   713711.003   713725.001   718725.018
   740:   720009.003   720015.016   720065.026   720098.005   720617.009
   745:   721450.001   723585.003   723599.001   727415.003   727679.001
   750:   732679.018   733707.003   733713.016   733763.026   733835.005
   755:   734300.009   734472.001   736580.003   736594.001   741299.003
   760:   741814.001   744371.003   745953.005   746112.009   746337.001
   765:   746472.003   746477.001   751479.018   753449.003   753454.001
   770:   753455.016   753505.026   753579.003   753624.005   753958.009
   775:   754141.001   759141.018   762462.003   762468.016   762518.026
   780:   762551.005   762985.009   763166.001   768166.018   770924.003
   785:   770930.016   770980.026   771025.005   771399.009   771713.001
   790:   773026.003   773042.001   777755.003   777963.001   777990.003
   795:   778013.001   781968.003   781970.001   785624.003   786117.001
   800:   790396.003   790405.001   792295.003   792330.001   792454.003
   805:   793616.001   793720.003   793734.001   794399.003   795224.005
   810:   795304.009   795612.001   799470.003   799486.001   802368.003
   815:   802385.001   802709.003   806869.001   807241.003   807467.001
   820:   810464.003   810488.001   811667.003   811684.001   811947.003
   825:   811961.001   812911.003   812928.001   813277.003   813639.001
   830:   818639.018   820081.003   820087.016   820137.026   820220.005
   835:   820618.009   821822.001   822076.003   822458.001   825390.003
   840:   831206.001   831446.003   831471.001   832819.003   832847.001
   845:   832977.003   832984.001   836321.003   836673.001   837534.003
   850:   838096.001   839030.003   839151.001   839246.003   841392.001
   855:   841581.003   841692.001   844122.003   844155.001   844256.003
   860:   844265.001   848702.003   849346.001   854346.018   855784.003
   865:   855790.016   855840.026   855860.005   856250.009   856429.001
   870:   858416.003   858432.001   858518.003   860208.001   860522.003
   875:   860525.001   865529.018   866234.003   866240.016   866290.026
   880:   866349.005   866734.009   866923.001   867228.003   867292.001
   885:   872292.018   872909.003   872915.016   872965.026   872998.005
   890:   873291.009   873506.001   878506.018   879810.003   879816.016
   895:   879866.026   879883.005   880243.009   880422.001   885422.018
   900:   886406.003   886412.016   886462.026   886489.005   887196.009
   905:   888084.001   888167.003   888228.001   893228.018   895878.003
   910:   895884.016   895934.026   895960.005   896419.009   896640.001
   915:   901640.018   902539.003   902545.016   902595.026   902629.005
   920:   902919.009   903120.001   908034.003   908541.001   913541.018
   925:   914091.003   914097.016   914147.026   914211.005   914470.009
   930:   914657.001   914746.003   915123.001   920123.018   920173.003
   935:   920179.016   920229.026   920260.005   920661.009   920916.001
   940:   925916.018   926063.003   926069.016   926119.026   926139.005
   945:   926597.009   927568.001   932267.003   932833.001   937833.018
   950:   938640.003   938646.016   938696.026   938757.005   939502.009
   955:   940091.001   941554.003   941573.001   946318.003   946412.005
   960:   946647.009   946775.001   951775.018   953114.003   953120.016
   965:   953170.026   953211.005   953515.009   953680.001   958455.003
   970:   959023.001   964023.018   965945.003   965951.016   966001.026
   975:   966071.005   966369.009   967598.001   972598.018   973130.003
   980:   973136.016   973186.026   973215.005   973600.009   973985.001
   985:   978985.018   980440.003   980446.016   980496.026   980528.005
   990:   981155.009   981341.001   986341.018   987590.003   987596.016
   995:   987646.026   987672.005   988065.009   988265.001   993265.018
  1000:   993641.003   993647.016   993697.026   993801.005   994089.009
  1005:   994318.001   999318.018  1000123.003  1000129.016  1000179.026
  1010:  1000229.005  1000570.009  1000786.001  1004035.003  1004052.001
  1015:  1004444.003  1004447.001  1009451.018  1009634.003  1009640.016
  1020:  1009690.026  1009729.005  1010163.009  1010423.001  1015423.018
  1025:  1018304.003  1018310.016  1018360.026  1018399.005  1018818.009
  1030:  1019515.001  1024515.018  1025478.003  1025484.016  1025534.026
  1035:  1025577.005  1025895.009  1026078.001  1031078.018  1032687.003
  1040:  1032693.016  1032743.026  1032809.005  1033092.009  1033434.001
  1045:  1034708.003  1034729.001  1039628.003  1040102.001  1040182.003
  1050:  1040188.001  1045189.018  1047654.003  1047660.016  1047708.005
  1055:  1047710.026  1048134.009  1048364.001  1048468.003  1048497.001
  1060:  1053497.018  1054347.003  1054353.016  1054403.026  1054447.005
  1065:  1054726.009  1055000.001  1060000.018  1063891.003  1063897.016
  1070:  1063947.026  1063982.005  1064585.009  1064784.001  1069784.018
  1075:  1070868.003  1070874.016  1070924.026  1070975.005  1071345.009
  1080:  1071629.001  1076629.018  1079435.003  1079441.016  1079491.026
  1085:  1079533.005  1079853.009  1080049.001  1080143.003  1080259.001
  1090:  1085259.018  1087028.003  1087034.016  1087084.026  1087126.005
  1095:  1087500.009  1087888.001  1092888.018  1096380.003  1096386.016
  1100:  1096436.026  1096467.005  1096740.009  1098958.001  1103958.018
  1105:  1105360.003  1105366.016  1105416.026  1105449.005  1106337.009
  1110:  1107431.001  1112431.018  1112834.003  1112840.016  1112890.026
  1115:  1112920.005  1113222.009  1113393.001  1113444.003  1113459.001
  1120:  1118459.018  1119484.003  1119490.016  1119540.026  1119562.005
  1125:  1119970.009  1120174.001  1125174.018  1126544.003  1126550.016
  1130:  1126600.026  1126648.005  1127008.009  1127199.001  1132199.018
  1135:  1132755.003  1132761.016  1132811.026  1132835.005  1133174.009
  1140:  1133343.001  1133388.003  1133410.001  1138410.018  1138412.003
  1145:  1138418.016  1138468.026  1138575.005  1139043.009  1139436.001
  1150:  1144436.018  1146000.003  1146006.016  1146056.026  1146090.005
  1155:  1146415.009  1146601.001  1146651.003  1146675.001  1151675.018
  1160:  1153659.003  1153665.016  1153715.026  1153762.005  1154074.009
  1165:  1154248.001  1159248.018  1160007.003  1160013.016  1160063.026
  1170:  1160182.005  1160482.009  1163880.001  1168146.003  1168164.001
  1175:  1168515.003  1168566.001  1172980.003  1172984.001  1173727.003
  1180:  1174095.001  1177828.003  1177864.001  1177999.003  1178287.001
  1185:  1178386.003  1178391.001  1178559.003  1179673.001  1184673.018
  1190:  1185886.003  1185892.016  1185942.026  1185981.005  1186361.009
  1195:  1186546.001  1186580.003  1186597.001  1186704.003  1186837.001
  1200:  1191837.018  1192849.003  1192855.016  1192905.026  1192928.005
  1205:  1193321.009  1193505.001  1198505.018  1199274.003  1199280.016
  1210:  1199330.026  1199358.005  1199675.009  1199845.001  1204845.018
  1215:  1205331.003  1205337.016  1205387.026  1205416.005  1205704.009
  1220:  1205996.001  1210494.003  1210575.005  1210842.009  1210966.001
  1225:  1215966.018  1217290.003  1217296.016  1217346.026  1217382.005
  1230:  1217734.009  1217906.001  1222906.018  1223417.003  1223423.016
  1235:  1223473.026  1223510.005  1223824.009  1224004.001  1224051.003
  1240:  1224076.001  1228278.003  1228672.001  1233672.018  1236131.003
  1245:  1236137.016  1236187.026  1236213.005  1236876.009  1237182.001
  1250:  1237228.003  1237365.001  1242365.018  1242505.003  1242511.016
  1255:  1242561.026  1242673.005  1242979.009  1243155.001  1248155.018
  1260:  1249678.003  1249684.016  1249734.026  1249758.005  1250500.009
  1265:  1251513.001  1256513.018  1257980.003  1257986.016  1258036.026
  1270:  1258097.005  1258416.009  1258641.001  1263641.018  1264416.003
  1275:  1264422.016  1264472.026  1264519.005  1264901.009  1265079.001
  1280:  1269754.003  1270101.001  1275101.018  1275123.003  1275129.016
  1285:  1275179.026  1275223.005  1275590.009  1276434.001  1281434.018
  1290:  1281468.003  1281474.016  1281524.026  1281568.005  1282329.009
  1295:  1282749.001  1287191.003  1287816.001  1292816.018  1293573.003
  1300:  1293579.016  1293629.026  1293668.005  1293934.009  1294127.001
  1305:  1299127.018  1300713.003  1300719.016  1300769.026  1300858.005
  1310:  1301155.009  1301477.001  1306477.018  1307752.003  1307758.016
  1315:  1307808.026  1307844.005  1308115.009  1309409.001  1314409.018
  1320:  1315130.003  1315136.016  1315186.026  1315259.005  1315570.009
  1325:  1315765.001  1320765.018  1321514.003  1321520.016  1321570.026
  1330:  1321614.005  1321934.009  1322132.001  1326846.003  1327367.001
  1335:  1332367.018  1337079.003  1337085.016  1337135.026  1337237.005
  1340:  1337464.009  1337809.001  1342809.018  1345230.003  1345236.016
  1345:  1345286.026  1345339.005  1345885.009  1346951.001  1351951.018
  1350:  1352566.003  1352572.016  1352622.026  1352661.005  1352944.009
  1355:  1353133.001  1358133.018  1360592.003  1360598.016  1360648.026
  1360:  1360764.005  1361075.009  1361244.001  1366244.018  1368393.003
  1365:  1368399.016  1368449.026  1368606.005  1368983.009  1370182.001
  1370:  1375182.018  1376952.003  1376958.016  1377008.026  1377052.005
  1375:  1377356.009  1377683.001  1382254.003  1382328.001  1382402.003
  1380:  1382754.001  1387754.018  1388145.003  1388151.016  1388201.026
  1385:  1388244.005  1388614.009  1390052.001  1390785.003  1390808.001
  1390:  1391044.003  1391050.001  1394115.003  1394511.001  1399511.018
  1395:  1399795.003  1399801.016  1399851.026  1399903.005  1400386.009
  1400:  1400620.001  1405620.018  1407188.003  1407194.016  1407244.026
  1405:  1407389.005  1408035.009  1409747.001  1414747.018  1416576.003
  1410:  1416582.016  1416632.026  1416661.005  1417150.009  1418565.001
  1415:  1423565.018  1425205.003  1425211.016  1425261.026  1425298.005
  1420:  1425629.009  1425820.001  1430820.018  1431088.003  1431094.016
  1425:  1431144.026  1431266.005  1431536.009  1431706.001  1435832.003
  1430:  1436386.001  1441386.018  1444248.003  1444254.016  1444304.026
  1435:  1444305.001  1444361.003  1444414.005  1444689.009  1444934.001
  1440:  1449882.003  1449939.001  1449997.003  1450393.001  1455070.003
  1445:  1455807.001  1455827.003  1455828.001  1459957.003  1472481.001
  1450:  1477481.018  1479234.003  1479240.016  1479290.026  1479357.005
  1455:  1479710.009  1479879.001  1484259.003  1484280.001  1484410.003
  1460:  1485075.001  1485478.003  1485484.001  1486903.003  1491203.001
  1465:  1493277.003  1493328.001  1497717.003  1498239.001
B:
     0:        0.000      406.000        0.000      405.000        0.000
     5:      145.000        0.000        0.000        0.000      145.000
    10:        0.000        1.000        0.000        1.000        0.000
    15:        0.000      122.000        0.000      122.000        0.000
    20:        0.000        0.000        0.000        0.000        0.000
    25:        0.000      122.000        0.000        0.000        0.000
    30:        0.000
D:
     0:  1502155.000  1500389.000  1499867.000
E:
     0:     5000.000     5000.000
T:
     0:        0.000        0.000        0.000        0.000
W:
     0:        2.000        0.000        0.000
