File: C:\MED-PC IV\Data\Reyes\BB\BB2116.999


Start Date: 07/19/25
End Date: 07/19/25
Subject: 116
Experiment: BB
Group: NO_TIMEOUT
Box: 6
Start Time: 16:12:10
End Time: 17:02:10
MSN: DRRD_lin
C:       0.000
F:       0.000
G:       0.000
H:       0.000
I:       0.000
J:       0.000
K:    7200.000
L:       0.000
M:       0.000
N:       0.000
O:       0.000
P:       0.000
Q:       0.000
R:       0.000
S:       0.000
U: 2255642.000
V:       0.000
X:       0.000
Y:     580.000
Z:       0.000
A:
     0:     7727.005     7750.009     7758.005     7930.009     9790.005
     5:     9795.009     9813.005     9843.009    15000.013    15000.011
    10:    31543.001    32389.003    32413.001    33449.003    33988.005
    15:    34534.009    34667.005    34683.009    54881.001    55102.003
    20:    56714.001    60262.003    61564.001    61928.003    61970.001
    25:    63374.003    63392.001    64579.003    66039.001    66326.003
    30:    66387.001    69422.003    70551.005    70569.009    70589.005
    35:    70976.009    81697.005    81709.009    81728.005    81778.009
    40:    81883.005    82605.009    91446.005    91480.009    92132.005
    45:    92260.009    92749.005    92774.009    93410.001    95370.003
    50:    95843.001    98617.003    99802.001    99827.003    99868.001
    55:   102358.003   103106.005   103114.009   103148.005   103349.009
    60:   138218.001   141818.018   141967.003   141973.016   142023.026
    65:   142221.005   143760.009   143975.005   144073.009   144091.005
    70:   144125.009   144486.005   145603.009   146424.005   146446.009
    75:   147323.001   150923.018   152921.003   152927.016   152977.026
    80:   153059.005   153603.009   153659.005   153683.009   153717.005
    85:   154538.009   154672.005   154756.009   154833.005   154867.009
    90:   154902.005   155928.009   156157.005   156201.009   163772.001
    95:   164075.003   165052.001   167161.003   171208.001   171565.003
   100:   172548.005   172861.009   175332.001   175541.003   177626.001
   105:   180304.003   181280.005   181444.009   182160.001   184665.003
   110:   185455.001   187633.003   189701.001   192297.003   194596.001
   115:   195034.003   195771.005   195882.009   195952.005   196070.009
   120:   197156.001   199052.003   202456.001   203840.003   207343.001
   125:   208432.003   209645.001   211736.003   214463.001   216970.003
   130:   218897.001   219603.003   222381.001   224191.003   226393.001
   135:   227848.003   229671.001   230758.003   231650.001   235203.003
   140:   235990.001   237911.003   238704.001   241248.003   241422.001
   145:   244611.003   246718.005   246724.009   246727.005   246887.009
   150:   247783.001   250873.003   252475.005   252606.009   255371.001
   155:   258650.003   259348.001   262837.003   265674.001   268057.003
   160:   268904.005   269237.009   269372.005   269588.009   271148.001
   165:   273905.003   275628.001   278805.003   280333.001   281883.003
   170:   283500.005   283867.009   283962.005   284224.009   341790.001
   175:   343663.003   345378.001   347140.003   348115.005   348242.009
   180:   348341.005   348438.009   350107.001   352558.003   352567.001
   185:   353190.003   354943.001   354995.003   355069.001   357540.003
   190:   360097.001   362320.003   363568.005   363662.009   363799.005
   195:   363830.009   363870.005   363982.009   364956.001   368121.003
   200:   369603.001   372139.003   374178.001   377440.003   378472.005
   205:   378501.009   379824.001   380347.003   381283.001   383357.003
   210:   384870.005   385399.009   385457.005   385666.009   393615.005
   215:   393642.009   394749.001   397676.003   400561.001   404161.018
   220:   404338.003   404344.016   404394.026   404503.005   406567.009
   225:   407923.001   409535.003   420191.001   422029.003   425041.001
   230:   425987.003   427700.001   430383.003   432685.001   434553.003
   235:   440137.001   441265.003   441990.001   442748.003   442816.001
   240:   445002.003   445929.001   447423.003   448670.005   449409.009
   245:   451200.001   454652.003   458833.001   461073.003   466229.001
   250:   468613.003   470291.001   472753.003   474034.001   477626.003
   255:   480571.001   481078.003   482292.005   482485.009   520005.005
   260:   520087.009   522207.001   522356.003   525816.005   526235.009
   265:   526283.005   526293.009   526310.005   526433.009   564200.001
   270:   565621.003   569280.001   572880.018   573060.003   573066.016
   275:   573116.026   573197.005   573674.009   573681.005   573707.009
   280:   574301.005   574437.009   574519.005   574920.009   575082.005
   285:   575094.009   575120.005   575217.009   575240.005   575301.009
   290:   575330.005   575338.009   575375.005   575628.009   575710.005
   295:   575876.009   575937.005   575976.009   576004.005   576039.009
   300:   576086.005   576196.009   576227.005   576787.009   580423.001
   305:   582700.003   584153.005   584196.009   584336.005   584702.009
   310:   586437.001   588139.003   589685.001   591450.003   594706.001
   315:   595838.003   595898.001   595988.003   596243.001   597294.003
   320:   599405.001   602019.003   606699.001   608600.003   608692.001
   325:   608810.003   610000.005   610254.009   614180.001   615509.003
   330:   615546.001   617593.003   620537.001   622465.003   627668.001
   335:   629796.003   629931.005   629942.009   629961.005   630338.009
   340:   630470.005   630953.009   644069.001   644508.003   649849.001
   345:   653449.018   654161.003   654167.016   654217.026   654333.005
   350:   656016.009   656502.005   656766.009   656939.005   657318.009
   355:   665094.001   666513.003   668628.001   670609.003   673615.001
   360:   674925.003   675023.001   675629.003   675650.001   677008.003
   365:   682904.001   684065.003   685634.005   685739.009   686696.001
   370:   688083.003   688411.001   690805.003   794738.005   795141.009
   375:   796740.001   796843.003   797377.001   797877.003   797931.001
   380:   799743.003   802557.001   802619.003   803432.005   803577.009
   385:   815973.001   817003.003   818001.005   818307.009   821222.001
   390:   821806.003   822842.001   824976.003   826215.001   828322.003
   395:   830091.005   830280.009   831010.001   833933.003   835713.001
   400:   838077.003   838190.001   838337.003   847635.001   848651.003
   405:   851837.001   854536.003   860115.001   862225.003   866879.001
   410:   868301.003   869697.001   871842.003   879682.005   879710.009
   415:   887268.001   889319.003   890441.001   890962.003   893623.001
   420:   895409.003   897006.005   897050.009   897064.005   897086.009
   425:   903940.001   905168.003   909554.001   912527.003   913389.005
   430:   913693.009   914038.005   914226.009   919998.001   920090.003
   435:   926109.001   929709.018   930882.003   930888.016   930938.026
   440:   931106.005   931601.009   931634.005   931668.009   931695.005
   445:   933458.009   935754.005   935779.009   938243.001   940454.003
   450:   941599.005   941650.009   941819.005   941834.009   941954.005
   455:   942203.009   943936.001   945046.003   945098.001   946338.003
   460:   982403.001   983931.003   983970.001   984532.003   984854.005
   465:   984996.009   992054.005   992244.009  1006282.001  1006411.003
   470:  1006459.001  1008756.003  1035027.001  1035353.003  1035417.001
   475:  1036002.003  1037506.001  1039508.003  1040417.001  1042495.003
   480:  1046269.001  1046535.003  1046602.001  1048295.003  1051606.001
   485:  1053532.003  1054058.005  1054099.009  1054299.005  1054736.009
   490:  1067731.001  1070781.003  1073975.001  1075948.003  1082675.001
   495:  1084439.003  1085343.001  1088257.003  1091037.001  1093990.003
   500:  1096350.001  1097524.003  1097568.001  1097726.003  1097752.001
   505:  1099928.003  1102201.001  1105801.018  1106281.003  1106287.016
   510:  1106337.026  1106461.005  1106971.009  1107017.005  1107086.009
   515:  1107127.005  1107181.009  1107240.005  1108055.009  1110749.001
   520:  1113039.003  1113199.001  1114395.003  1118620.001  1122220.018
   525:  1122331.003  1122337.016  1122387.026  1122561.005  1123466.009
   530:  1123589.005  1123606.009  1124069.005  1124299.009  1124513.005
   535:  1124987.009  1128042.001  1130621.003  1132281.005  1133071.009
   540:  1225184.005  1225239.009  1228912.001  1230107.003  1230410.005
   545:  1230748.009  1294305.005  1294397.009  1296043.001  1298048.003
   550:  1298287.005  1298365.009  1300083.001  1302808.003  1303577.005
   555:  1303743.009  1309364.001  1310585.003  1313910.001  1314983.003
   560:  1315029.001  1317322.003  1319515.001  1322090.003  1330112.001
   565:  1331693.003  1332944.001  1335801.003  1336766.005  1336984.009
   570:  1337177.005  1337477.009  1354944.005  1355088.009  1396012.001
   575:  1396415.003  1398883.001  1401133.003  1479219.005  1479253.009
B:
     0:        0.000      160.000        0.000      160.000        0.000
     5:      117.000        0.000        0.000        0.000      117.000
    10:        0.000        1.000        0.000        1.000        0.000
    15:        0.000        8.000        0.000        8.000        0.000
    20:        0.000        0.000        0.000        0.000        0.000
    25:        0.000        8.000        0.000        0.000        0.000
    30:        0.000
D:
     0:  3656774.000  3654525.000  3656775.000
E:
     0:     3600.000     3600.000
T:
     0:        0.000        0.000        0.000        0.000
W:
     0:        0.000        0.000        0.000
