File: C:\MED-PC IV\Data\Reyes\BB\BB2116.999


Start Date: 07/15/25
End Date: 07/15/25
Subject: 116
Experiment: BB
Group: NO_TIMEOUT
Box: 6
Start Time: 16:20:06
End Time: 17:10:06
MSN: DRRD_lin
C:       0.000
F:       0.000
G:       0.000
H:       0.000
I:       0.000
J:       0.000
K:    7200.000
L:       0.000
M:       0.000
N:       0.000
O:       0.000
P:       0.000
Q:       0.000
R:       0.000
S:       0.000
U: 1959302.000
V:       0.000
X:       0.000
Y:     393.000
Z:       0.000
A:
     0:    10374.005    10481.009    15000.013    15000.011    15577.005
     5:    15609.009    16175.001    18441.003    19139.005    19229.009
    10:    19306.005    20467.009    32337.001    34696.003    68299.005
    15:    68354.009    68403.005    68711.009    68802.005    68863.009
    20:    68943.005    69250.009    70263.001    70644.003    70723.001
    25:    70785.003    70906.001    71030.003    76294.001    78529.003
    30:    78669.001    78696.003    79324.005    79870.009   107439.005
    35:   107663.009   118395.005   118402.009   118410.005   118429.009
    40:   120997.001   121169.003   122213.001   122999.003   123573.001
    45:   123696.003   123961.001   124229.003   128826.005   129261.009
    50:   138168.005   138308.009   177206.005   177320.009   258879.001
    55:   259362.003   259675.001   260279.003   260357.001   261217.003
    60:   261232.001   262481.003   263215.005   263248.009   263481.005
    65:   263516.009   264721.001   266933.003   267925.005   268513.009
    70:   271851.001   273403.003   288717.005   289274.009   370272.005
    75:   370294.009   370375.005   370447.009   373301.005   373377.009
    80:   373481.005   373520.009   373716.005   373732.009   374320.005
    85:   374365.009   385276.005   385432.009   385476.005   386362.009
    90:   447340.001   448802.003   450187.001   452928.003   455805.001
    95:   455943.003   457029.001   457108.003   457179.001   459876.003
   100:   460169.005   461017.009   463487.001   466900.003   468111.005
   105:   468138.009   469645.001   473245.018   473465.003   473471.016
   110:   473521.026   473612.005   474486.009   477378.005   477415.009
   115:   477458.005   477486.009   477532.005   477634.009   477644.005
   120:   478026.009   478063.005   478399.009   481912.001   485044.003
   125:   485847.001   489094.003   489115.001   489285.003   492858.001
   130:   494194.003   496740.001   497087.003   498207.001   500828.003
   135:   503711.001   504218.003   504247.001   507643.003   508523.005
   140:   508697.009   508762.005   508829.009   508946.005   509100.009
   145:   589254.001   589842.003   590124.001   591646.003   595486.001
   150:   597639.003   599047.001   602480.003   603523.005   603629.009
   155:   603718.005   605074.009   658175.005   658357.009   668015.001
   160:   670575.003   674102.001   676381.003   676979.001   678893.003
   165:   681121.001   684655.003   688966.001   690411.003   691665.005
   170:   692110.009   692139.005   692174.009   692299.005   692327.009
   175:   692333.005   692369.009   693006.001   696606.018   698018.003
   180:   698024.016   698074.026   698144.005   698763.009   698780.005
   185:   700537.009   704008.005   704131.009   705394.001   708994.018
   190:   709352.003   709358.016   709408.026   709523.005   710301.009
   195:   710316.005   710332.009   710353.005   710455.009   710469.005
   200:   710507.009   710964.005   710995.009   711319.005   711366.009
   205:   711651.005   711730.009   711746.005   712137.009   721696.001
   210:   722224.003   733675.001   734574.003   739942.001   740026.003
   215:   742553.001   743450.003   749137.001   752737.018   756547.003
   220:   756553.016   756603.026   756651.005   757944.009   758801.005
   225:   759104.009   759134.005   759139.009   763928.001   764833.003
   230:   767342.001   768339.003   769847.001   771935.003   772844.001
   235:   775740.003   775897.005   776347.009   778734.001   781145.003
   240:   783468.001   786129.003   786234.005   786610.009   788932.001
   245:   788994.003   789515.001   792538.003   796640.001   797494.003
   250:   797566.001   798490.003   802293.001   802590.003   802790.005
   255:   803533.009   805919.001   808203.003   809218.001   811512.003
   260:   812526.001   814510.003   819986.001   821849.003   824021.001
   265:   827352.003   829648.001   832362.003   833263.001   836863.018
   270:   837196.003   837202.016   837252.026   837390.005   839456.009
   275:   839499.005   839669.009   839772.005   839789.009   839909.005
   280:   839973.009   843929.001   844042.003   844075.001   846559.003
   285:   849640.001   850309.003   850337.001   850731.003   850794.001
   290:   851462.003   874256.005   874286.009   930794.005   930808.009
   295:   990680.005   990780.009   990801.005   990855.009   993476.001
   300:   995021.003   996243.001   996978.003   998095.001   999443.003
   305:  1000422.001  1002354.003  1004086.001  1004198.003  1004236.001
   310:  1006541.003  1017317.005  1017338.009  1017342.005  1018000.009
   315:  1019822.001  1022474.003  1022924.005  1022942.009  1023127.005
   320:  1023289.009  1025114.001  1027437.003  1047072.001  1048947.003
   325:  1056054.001  1058315.003  1062076.001  1063449.003  1063513.001
   330:  1063739.003  1064585.001  1067090.003  1069862.001  1072742.003
   335:  1077799.001  1080515.003  1081549.001  1084041.003  1086438.001
   340:  1087032.003  1088589.001  1089832.003  1090261.005  1090560.009
   345:  1156966.005  1156986.009  1159384.005  1159404.009  1159412.005
   350:  1159525.009  1173234.001  1174924.003  1175036.001  1175182.003
   355:  1176050.001  1179288.003  1180683.005  1180709.009  1182486.001
   360:  1185313.003  1187695.001  1188877.003  1191290.001  1193745.003
   365:  1195071.001  1198385.003  1198716.001  1201487.003  1205181.001
   370:  1205509.003  1205657.001  1207636.003  1209831.001  1211281.003
   375:  1213695.001  1217031.003  1241877.001  1243387.003  1251051.001
   380:  1253557.003  1254237.001  1256688.003  1258065.001  1259567.003
   385:  1259829.001  1260712.003  1261765.005  1262313.009  1312910.005
   390:  1312945.009  1312965.005  1313183.009
B:
     0:        0.000      106.000        0.000      106.000        0.000
     5:       82.000        0.000        0.000        0.000       82.000
    10:        0.000        1.000        0.000        1.000        0.000
    15:        0.000        5.000        0.000        5.000        0.000
    20:        0.000        0.000        0.000        0.000        0.000
    25:        0.000        5.000        0.000        0.000        0.000
    30:        0.000
D:
     0:  3220013.000  3219131.000  3220014.000
E:
     0:     3600.000     3600.000
T:
     0:        0.000        0.000        0.000        0.000
W:
     0:        0.000        0.000        0.000
