File: C:\MED-PC IV\Data\Reyes\BB\BB2111.999


Start Date: 07/05/25
End Date: 07/05/25
Subject: 111
Experiment: BB
Group: TIMEOUT
Box: 1
Start Time: 16:25:40
End Time: 17:15:40
MSN: DRRD_lin
C:       0.000
F:       0.000
G:       0.000
H:       0.000
I:       0.000
J:       0.000
K:    9700.000
L:       0.000
M:       0.000
N:       0.000
O:       0.000
P:       0.000
Q:       0.000
R:       0.000
S:       0.000
U: 5695322.000
V:       0.000
X:       0.000
Y:    1643.000
Z:       0.000
A:
     0:    15000.013    15000.011    15243.001    15479.003    15996.001
     5:    17251.003    17451.005    17867.009    18090.001    19678.003
    10:    19913.001    20913.003    20927.001    23187.003    23734.001
    15:    23863.003    24107.001    25006.003    25013.001    25395.003
    20:    25405.001    27721.003    27776.001    27940.003    28306.001
    25:    28543.003    30034.001    32038.003    32216.001    32332.003
    30:    32668.001    32908.003    32966.001    33068.003    33422.001
    35:    36487.003    37146.001    41959.003    42536.001    46009.003
    40:    46046.001    46128.003    46687.005    46850.009    47056.001
    45:    51252.003    51633.005    51672.009    52659.001    53650.003
    50:    53664.001    58514.018    59254.003    59260.016    59310.026
    55:    59390.005    59787.009    60395.001    63720.003    64219.005
    60:    64490.009    64636.001    68440.003    69000.001    72779.003
    65:    73119.001    73458.003    73476.001    77046.003    77949.001
    70:    78061.003    78068.001    78688.003    78698.001    79178.003
    75:    79186.001    80373.003    80386.001    82687.003    82902.001
    80:    83206.003    83505.005    83631.009    83776.001    88626.018
    85:    89315.003    89321.016    89371.026    89485.005    89843.009
    90:    90551.001    93850.003    94383.001    97413.003    97495.001
    95:    97526.003    98069.001    98183.003    98200.001    99242.003
   100:    99340.005    99639.009   100854.001   100903.003   100937.001
   105:   105787.018   106346.003   106352.016   106402.026   106486.005
   110:   107227.009   107850.001   107944.003   108020.001   111179.003
   115:   111887.001   111913.003   111947.001   112085.003   112094.001
   120:   116772.003   116817.001   116942.003   117612.001   121481.003
   125:   122016.001   122083.003   122097.001   122693.003   122747.001
   130:   122766.003   122980.005   123212.009   124530.001   129380.018
   135:   129766.003   129772.016   129822.026   129949.005   130307.009
   140:   130681.001   132813.003   132830.001   136294.003   137027.001
   145:   137090.003   137099.001   141949.018   142597.003   142603.016
   150:   142653.026   142780.005   143383.009   143983.001   146309.003
   155:   146323.001   150069.003   150538.001   150608.003   150626.001
   160:   150674.003   150709.001   152679.003   153021.005   153122.009
   165:   154419.001   154488.003   154507.001   159357.018   159476.003
   170:   159482.016   159532.026   159670.005   160129.009   160379.001
   175:   160411.003   160595.001   162592.003   162606.001   162728.003
   180:   162732.001   163896.003   163913.001   164220.003   164231.001
   185:   165123.003   165138.001   165404.003   165417.001   166017.003
   190:   167675.005   167807.009   168214.001   168277.003   168285.001
   195:   171437.003   172975.001   173886.003   173888.001   174418.003
   200:   174435.001   174796.003   174896.001   175022.003   176143.005
   205:   176212.009   176434.001   181223.003   181231.001   182740.003
   210:   183341.001   187572.003   187586.001   188922.003   188941.001
   215:   189519.003   189531.001   189844.003   190289.005   190417.009
   220:   190596.001   190680.003   190682.001   190989.003   191016.001
   225:   191219.003   191236.001   191718.003   191972.001   192171.003
   230:   192215.001   192311.003   192341.001   193384.003   193396.001
   235:   193522.003   193760.001   193785.003   197293.001   202143.018
   240:   202734.003   202740.016   202790.026   202862.005   203237.009
   245:   203730.001   206829.003   207381.001   207542.003   207577.001
   250:   207684.003   208196.001   208988.003   211430.001   211474.003
   255:   211497.001   211573.003   211591.001   212411.003   212416.001
   260:   215327.003   215389.001   215498.003   215929.001   216058.003
   265:   216059.001   216415.003   216428.001   216582.003   217004.001
   270:   217023.003   217042.001   217096.003   217131.001   217180.003
   275:   218061.001   222911.018   222980.003   222986.016   223036.026
   280:   223173.005   223501.009   224026.001   225792.003   225803.001
   285:   229468.003   229517.001   229631.003   230489.001   232170.003
   290:   232177.001   236313.003   236327.001   236797.003   237419.005
   295:   237532.009   237694.001   240667.003   240678.001   241708.003
   300:   242115.005   242164.009   244351.001   245423.003   245427.001
   305:   247780.003   247804.001   250749.003   251544.001   251590.003
   310:   251606.001   251997.003   252364.005   252449.009   253087.001
   315:   253247.003   254936.001   259786.018   260223.003   260229.016
   320:   260279.026   260380.005   260874.009   260900.005   260911.009
   325:   261286.001   263391.003   263407.001   266606.003   266614.001
   330:   266867.003   267644.001   267766.003   267770.001   269019.003
   335:   269023.001   269831.003   269836.001   273558.003   274255.001
   340:   274387.003   274401.001   274887.003   278927.001   281236.003
   345:   281243.001   281571.003   281580.001   282629.003   282643.001
   350:   285571.003   286526.001   291376.018   293369.003   293375.016
   355:   293425.026   293566.005   294128.009   294928.001   299778.018
   360:   300776.003   300782.016   300832.026   300925.005   301209.009
   365:   301461.001   303319.003   303325.001   306434.003   307496.001
   370:   307628.003   307639.001   312433.003   313602.001   314470.003
   375:   314491.001   315007.003   315012.001   315273.003   315300.001
   380:   315933.003   318396.005   318401.009   318701.001   321976.003
   385:   322625.001   326896.003   327506.005   327595.009   327838.001
   390:   332688.018   333009.003   333015.016   333065.026   333141.005
   395:   333501.009   333781.001   333829.003   333864.001   334145.003
   400:   334152.001   339003.018   339426.003   339432.016   339482.026
   405:   339576.005   339977.009   340029.005   340147.009   340892.001
   410:   342445.003   342475.001   342662.003   344456.001   345559.003
   415:   345849.001   346047.003   346110.001   346209.003   346364.005
   420:   346384.009   346600.001   346889.003   346895.001   347522.003
   425:   347523.001   347863.003   348332.001   348455.003   348466.001
   430:   353304.003   354058.001   354174.003   354186.001   356192.003
   435:   356197.001   359215.003   359251.001   359365.003   359713.005
   440:   359951.009   360125.001   364409.003   364455.001   364591.003
   445:   365958.001   370517.003   370560.001   370681.003   371173.001
   450:   371262.003   371275.001   375639.003   375698.001   375816.003
   455:   376329.001   376448.003   378038.001   378217.003   378219.001
   460:   381692.003   381708.001   384272.003   385765.001   388112.003
   465:   388120.001   392794.003   393695.001   393832.003   393841.001
   470:   394002.003   396014.001   400075.003   400082.001   401060.003
   475:   401631.001   402736.003   402799.001   402899.003   404952.001
   480:   407275.003   407280.001   410538.003   411639.001   416489.018
   485:   416641.003   416647.016   416697.026   416779.005   417231.009
   490:   419083.005   419300.009   419565.001   419990.003   419995.001
   495:   420590.003   420600.001   424477.003   424532.001   424665.003
   500:   426009.001   426033.003   426119.001   426221.003   426477.001
   505:   431327.018   431805.003   431811.016   431861.026   431936.005
   510:   432243.009   432600.001   437450.018   438123.003   438129.016
   515:   438179.026   438227.005   438722.009   439408.001   444258.018
   520:   444586.003   444592.016   444642.026   444644.017   444712.005
   525:   445099.009   446012.001   450361.003   451224.001   451294.003
   530:   452460.001   452496.003   452498.001   452805.003   452812.001
   535:   452940.003   452951.001   453491.003   454647.005   454777.009
   540:   456922.001   457052.003   457057.001   457138.003   457146.001
   545:   457354.003   457793.001   462768.003   462814.001   462887.003
   550:   463725.001   463783.003   463787.001   464278.003   464300.001
   555:   464508.003   464570.001   464642.003   465045.001   470045.018
   560:   470863.003   470869.016   470919.026   470991.005   471278.009
   565:   471869.001   474391.003   474403.001   474725.003   474728.001
   570:   476894.003   476898.001   478790.003   478858.001   478924.003
   575:   479986.001   480091.003   480104.001   485104.018   486103.003
   580:   486109.016   486159.026   486223.005   486528.009   486892.001
   585:   489944.003   489955.001   493575.003   494305.001   499305.018
   590:   500438.003   500444.016   500494.026   500565.005   500872.009
   595:   501456.001   505815.003   506461.001   506575.003   506586.001
   600:   507834.003   507841.001   511931.003   511974.001   512098.003
   605:   513533.001   513690.003   513737.001   516386.003   516404.001
   610:   520885.003   520928.001   521155.003   521166.001   522039.003
   615:   522999.001   524439.003   525271.005   525368.009   525701.001
   620:   525863.003   525921.001   527507.003   527509.001   532193.003
   625:   532809.001   532826.003   532871.001   533345.003   535160.001
   630:   540160.018   541127.003   541133.016   541170.001   541183.026
   635:   541222.003   541291.005   541634.009   542004.001   543485.003
   640:   543489.001   543635.003   543640.001   547786.003   548391.001
   645:   551690.003   551693.001   555316.003   556156.001   556191.003
   650:   556205.001   557943.003   557956.001   561224.003   562316.001
   655:   562456.003   562464.001   567016.003   567020.001   567454.003
   660:   567465.001   567806.003   568948.005   569286.009   569303.005
   665:   569353.009   569541.001   573486.003   573498.001   573979.003
   670:   574017.001   574263.003   574342.001   574383.003   574404.001
   675:   574555.003   574594.001   574697.003   575102.001   575178.003
   680:   575190.001   580190.018   580264.003   580270.016   580320.026
   685:   580407.005   580750.009   581216.001   581276.003   581306.001
   690:   585989.003   586044.001   586148.003   587320.001   590895.003
   695:   591570.001   592021.003   594445.001   594986.003   595367.001
   700:   596254.003   596264.001   597061.003   597114.001   597289.003
   705:   597325.001   601226.003   601895.001   603086.003   606986.001
   710:   607233.003   607244.001   607660.003   607691.001   607840.003
   715:   607860.001   607899.003   608081.001   608105.003   608136.001
   720:   609474.003   609478.001   613703.003   613759.001   613899.003
   725:   614605.001   615714.003   617500.001   621899.003   621914.001
   730:   622305.003   622313.001   624574.003   625681.001   629421.003
   735:   629436.001   629634.003   630190.001   631634.003   631685.001
   740:   631737.003   634810.001   634950.003   634967.001   639967.018
   745:   640005.003   640011.016   640017.001   640061.026   640127.003
   750:   640183.005   640828.009   641260.001   646260.018   646516.003
   755:   646522.016   646572.026   646645.005   647062.009   647429.001
   760:   647449.003   647575.001   652575.018   652787.003   652793.016
   765:   652843.026   652914.005   653324.009   653695.001   653774.003
   770:   653835.001   653879.003   654000.001   658648.003   660063.001
   775:   660585.003   660599.001   660695.003   660702.001   665702.018
   780:   667864.003   667870.016   667920.026   668058.005   668810.009
   785:   669240.001   674040.003   674096.001   674214.003   675652.001
   790:   680652.018   682511.003   682517.016   682535.001   682567.026
   795:   682602.003   682669.005   683021.009   683339.001   688339.018
   800:   689221.003   689227.016   689277.026   689361.005   689781.009
   805:   690302.001   695141.003   695152.001   697018.003   698170.001
   810:   703170.018   704066.003   704072.016   704122.026   704187.005
   815:   704577.009   705290.001   705464.003   705495.001   708899.003
   820:   708910.001   711730.003   711803.001   711925.003   713377.001
   825:   713450.003   713454.001   714140.003   714207.001   714465.003
   830:   714660.001   714930.003   714963.001   716469.003   716479.001
   835:   716633.003   716643.001   721364.003   721407.001   721521.003
   840:   722137.001   722233.003   722247.001   727247.018   730184.003
   845:   730190.016   730240.026   730318.005   730965.009   731558.001
   850:   731801.003   731846.001   732256.003   732276.001   733592.003
   855:   735729.001   740221.003   740238.001   740687.003   740698.001
   860:   740995.003   741012.001   741304.003   741337.001   746337.018
   865:   748630.003   748636.016   748686.026   748839.005   749187.009
   870:   749692.001   754692.018   755917.003   755923.016   755973.026
   875:   756019.005   756475.009   757152.001   759994.003   759997.001
   880:   761992.003   762001.001   764370.003   764428.001   764478.003
   885:   768461.005   768477.009   768836.001   768956.003   768968.001
   890:   769299.003   769366.001   774366.018   776124.003   776130.016
   895:   776180.026   776250.005   776620.009   776775.001   776802.003
   900:   776843.001   781843.018   782881.003   782887.016   782937.026
   905:   783063.005   783396.009   784397.001   789397.018   790249.003
   910:   790255.016   790265.001   790305.026   790390.003   790445.005
   915:   791027.009   791398.001   796398.018   797004.003   797010.016
   920:   797060.026   797216.001   797225.005   797233.003   797561.009
   925:   797797.001   800350.003   800383.001   802180.003   802349.001
   930:   802418.003   802432.001   807432.018   807522.003   807528.016
   935:   807578.026   807684.005   807931.009   808303.001   811013.003
   940:   811057.001   811158.003   811184.001   813097.003   813111.001
   945:   816845.003   818147.001   823147.018   825139.003   825145.016
   950:   825195.026   825271.005   825590.009   826058.001   831058.018
   955:   832350.003   832356.016   832406.026   832534.005   832943.009
   960:   833222.001   835808.003   835813.001   840815.018   841083.003
   965:   841089.016   841139.026   841217.005   841464.009   842238.001
   970:   843120.003   843125.001   848127.018   848739.003   848745.016
   975:   848795.026   848874.005   849268.009   849468.001   849515.003
   980:   849727.001   849772.003   849793.001   849861.003   849903.001
   985:   851638.003   851642.001   856014.003   856074.001   856208.003
   990:   858279.001   860875.003   860887.001   861435.003   861447.001
   995:   861851.003   861853.001   866858.018   866954.003   866960.016
  1000:   867002.001   867010.026   867044.003   867115.005   867444.009
  1005:   867691.001   872691.018   873048.003   873054.016   873104.026
  1010:   873189.005   873439.009   873742.001   875656.003   875666.001
  1015:   879678.003   880536.001   883414.003   883437.001   885327.003
  1020:   885337.001   885523.003   885530.001   886417.003   886423.001
  1025:   888138.003   888391.001   888521.003   888541.001   892955.003
  1030:   893552.001   898552.018   899989.003   899995.016   900022.001
  1035:   900045.026   900077.003   900148.005   900464.009   900994.001
  1040:   905380.003   906358.001   906647.003   906666.001   906808.003
  1045:   906823.001   911823.018   914763.003   914769.016   914819.026
  1050:   914890.005   915230.009   915875.001   917140.003   917552.001
  1055:   917585.003   917595.001   918106.003   918857.001   920652.003
  1060:   920661.001   924587.003   924593.001   924760.003   925879.001
  1065:   930879.018   932236.003   932242.016   932247.001   932292.026
  1070:   932378.003   932443.005   932887.009   933352.001   938352.018
  1075:   938918.003   938924.016   938974.026   939038.005   939458.009
  1080:   939824.001   942659.003   943169.001   948169.018   949883.003
  1085:   949889.016   949939.026   950044.005   950318.009   950783.001
  1090:   955783.018   957124.003   957130.016   957180.026   957246.005
  1095:   957877.009   958269.001   960328.003   960385.001   965385.018
  1100:   967120.003   967126.016   967176.026   967218.005   967638.009
  1105:   968233.001   973233.018   974680.003   974686.016   974736.026
  1110:   974826.005   975279.009   975928.001   977068.003   977097.001
  1115:   977226.003   977228.001   978999.003   979011.001   982433.003
  1120:   982940.001   983011.003   983014.001   988018.018   990205.003
  1125:   990211.016   990261.026   990310.005   991163.009   992070.001
  1130:   996097.003   996112.001   996888.003   996901.001   999223.003
  1135:   999274.001   999352.003  1001818.001  1006818.018  1009052.003
  1140:  1009058.016  1009108.026  1009240.005  1009574.009  1009798.001
  1145:  1009929.003  1009943.001  1012257.003  1012274.001  1017274.018
  1150:  1018217.003  1018223.016  1018273.026  1018313.005  1019189.009
  1155:  1020049.001  1021700.003  1021712.001  1021907.003  1021917.001
  1160:  1022538.003  1023449.001  1027556.003  1027565.001  1031415.003
  1165:  1031425.001  1031851.003  1031897.001  1032030.003  1033047.001
  1170:  1038047.018  1040211.003  1040217.016  1040267.026  1040396.005
  1175:  1040851.009  1041183.001  1046183.018  1047587.003  1047593.016
  1180:  1047643.026  1047747.005  1048084.009  1048307.001  1050163.003
  1185:  1050189.001  1055189.018  1057431.003  1057437.016  1057487.026
  1190:  1057562.005  1057992.009  1058410.001  1058619.003  1058712.001
  1195:  1063712.018  1067250.003  1067256.016  1067295.001  1067306.026
  1200:  1067350.003  1067402.005  1067766.009  1068086.001  1068132.003
  1205:  1068172.001  1073172.018  1075957.003  1075963.016  1076013.026
  1210:  1076060.005  1076592.009  1076968.001  1079147.003  1079149.001
  1215:  1082947.003  1082998.001  1083105.003  1083433.001  1083490.003
  1220:  1083514.001  1083648.003  1083653.001  1086048.003  1086056.001
  1225:  1091056.018  1091904.003  1091910.001  1091910.016  1091960.026
  1230:  1092057.003  1092115.005  1092607.009  1092954.001  1097954.018
  1235:  1099002.003  1099008.016  1099058.026  1099203.005  1099445.009
  1240:  1099694.001  1101404.003  1101417.001  1102056.003  1102067.001
  1245:  1107067.018  1107708.003  1107714.016  1107764.026  1107808.005
  1250:  1108249.009  1108618.001  1110354.003  1110392.001  1110528.003
  1255:  1110531.001  1115535.018  1116810.003  1116816.016  1116866.026
  1260:  1116980.005  1117389.009  1117862.001  1122862.018  1126615.003
  1265:  1126621.016  1126671.026  1126721.005  1127345.009  1128601.001
  1270:  1129895.003  1129897.001  1134902.018  1136020.003  1136026.016
  1275:  1136076.026  1136149.005  1136558.009  1136850.001  1141850.018
  1280:  1142314.003  1142320.016  1142370.026  1142444.005  1142735.009
  1285:  1143964.001  1143992.003  1144033.001  1149033.018  1149873.003
  1290:  1149879.016  1149929.026  1149985.005  1150319.009  1150932.001
  1295:  1152991.003  1153007.001  1153167.003  1153192.001  1158192.018
  1300:  1158479.003  1158485.016  1158535.026  1158587.005  1158876.009
  1305:  1158918.005  1158937.009  1159943.001  1162297.003  1162304.001
  1310:  1162958.003  1162988.001  1165473.003  1165480.001  1166277.003
  1315:  1166616.001  1167149.003  1167741.005  1167893.009  1168232.001
  1320:  1170976.003  1170980.001  1175560.003  1175569.001  1177310.003
  1325:  1177518.001  1177774.003  1178523.005  1178828.009  1178990.001
  1330:  1183990.018  1186481.003  1186487.016  1186537.026  1186588.005
  1335:  1186892.009  1187463.001  1190241.003  1190248.001  1195248.018
  1340:  1195737.003  1195743.016  1195793.026  1195859.005  1196155.009
  1345:  1196479.001  1201479.018  1203482.003  1203488.016  1203538.026
  1350:  1203584.005  1204049.009  1204256.001  1209256.018  1212775.003
  1355:  1212781.016  1212831.026  1212879.005  1213191.009  1213949.001
  1360:  1216552.003  1216561.001  1217599.003  1220187.001  1220434.003
  1365:  1220466.001  1225466.018  1225970.003  1225976.016  1226026.026
  1370:  1226090.005  1226578.009  1226889.001  1228302.003  1228313.001
  1375:  1232399.003  1232477.001  1232551.003  1233226.001  1234347.003
  1380:  1234355.001  1239355.018  1240892.003  1240898.016  1240948.026
  1385:  1240996.005  1241282.009  1242022.001  1247022.018  1248045.003
  1390:  1248051.016  1248101.026  1248151.005  1248462.009  1248906.001
  1395:  1251956.003  1251980.001  1254539.003  1254549.001  1255857.003
  1400:  1255960.005  1256250.009  1256408.001  1257869.003  1257877.001
  1405:  1257996.003  1258006.001  1259020.003  1259033.001  1263963.003
  1410:  1264049.005  1264362.009  1264565.001  1264666.003  1264673.001
  1415:  1267497.003  1267513.001  1272513.018  1273105.003  1273111.016
  1420:  1273161.026  1273193.005  1274238.009  1274607.005  1274773.009
  1425:  1275451.005  1275548.009  1275749.001  1279659.003  1279663.001
  1430:  1280156.003  1280400.001  1281422.003  1281442.001  1281942.003
  1435:  1281976.001  1286976.018  1288631.003  1288637.016  1288687.026
  1440:  1288843.005  1289437.009  1289710.001  1294710.018  1295691.003
  1445:  1295697.016  1295747.026  1295800.005  1296132.009  1296375.001
  1450:  1301375.018  1305461.003  1305467.016  1305517.026  1305589.005
  1455:  1305833.009  1306098.001  1311098.018  1311141.003  1311147.016
  1460:  1311156.001  1311197.026  1311202.003  1311251.005  1311551.009
  1465:  1313208.001  1318208.018  1320134.003  1320140.016  1320190.026
  1470:  1320239.005  1320556.009  1320844.001  1324345.003  1324352.001
  1475:  1328504.003  1328524.001  1329807.003  1330691.001  1331743.003
  1480:  1332527.005  1332573.009  1332838.001  1336608.003  1336624.001
  1485:  1337910.003  1337968.001  1338138.003  1339708.001  1344708.018
  1490:  1345750.003  1345756.016  1345806.026  1345868.005  1346185.009
  1495:  1346604.001  1346655.003  1347459.001  1348607.003  1348625.001
  1500:  1352241.003  1358431.001  1358551.003  1358589.001  1363589.018
  1505:  1363615.003  1363621.016  1363656.001  1363671.026  1363715.003
  1510:  1363774.005  1364356.009  1366434.001  1371434.018  1371737.003
  1515:  1371743.016  1371793.026  1371838.005  1372138.009  1374553.001
  1520:  1374584.003  1374730.001  1374826.003  1374872.001  1379872.018
  1525:  1381027.003  1381033.016  1381083.026  1381187.005  1381423.009
  1530:  1381995.001  1386995.018  1388885.003  1388891.016  1388941.026
  1535:  1388987.005  1389435.009  1389659.001  1394251.003  1394365.005
  1540:  1394551.009  1394729.001  1399729.018  1402909.003  1402915.016
  1545:  1402965.026  1403076.005  1403612.009  1404195.001  1409195.018
  1550:  1409382.003  1409388.016  1409401.001  1409438.026  1409504.003
  1555:  1409559.005  1409883.009  1410603.001  1411988.003  1412002.001
  1560:  1414775.003  1414782.001  1416825.003  1416866.001  1416952.003
  1565:  1419309.001  1424309.018  1424828.003  1424834.016  1424884.026
  1570:  1424948.005  1425251.009  1425445.001  1430445.018  1430864.003
  1575:  1430870.016  1430920.026  1430969.005  1431378.009  1431564.001
  1580:  1436564.018  1437924.003  1437930.016  1437980.026  1438034.005
  1585:  1438406.009  1438945.001  1443945.018  1445672.003  1445678.016
  1590:  1445728.026  1445789.005  1446603.009  1447224.001  1450695.003
  1595:  1451357.001  1451418.003  1451499.001  1456499.018  1457231.003
  1600:  1457237.016  1457287.026  1457401.005  1457745.009  1457929.001
  1605:  1462929.018  1463721.003  1463727.016  1463737.001  1463777.026
  1610:  1463836.003  1463905.005  1464188.009  1464366.001  1464562.003
  1615:  1464578.001  1467529.003  1467537.001  1468884.003  1468926.001
  1620:  1469064.003  1470888.001  1473304.003  1473306.001  1477066.003
  1625:  1477690.001  1478055.003  1480295.001  1480755.003  1480766.001
  1630:  1484315.003  1485418.001  1490418.018  1490441.003  1490447.016
  1635:  1490497.026  1490573.005  1491134.009  1491360.001  1495358.003
  1640:  1495460.005  1495653.009  1495775.001
B:
     0:        0.000      547.000        0.000      546.000        0.000
     5:      131.000        0.000        0.000        0.000      131.000
    10:        0.000        1.000        0.000        1.000        0.000
    15:        0.000       95.000        1.000       95.000        0.000
    20:        0.000        0.000        0.000        0.000        0.000
    25:        0.000       95.000        0.000        0.000        0.000
    30:        0.000
D:
     0:  7195327.000  7191097.000  7190680.000
E:
     0:     4850.000     5000.000
T:
     0:        0.000        0.000        0.000        0.000
W:
     0:        2.000        0.000        0.000
