File: C:\MED-PC IV\Data\Reyes\BB\BB2114.999


Start Date: 07/19/25
End Date: 07/19/25
Subject: 114
Experiment: BB
Group: TIMEOUT
Box: 4
Start Time: 16:12:10
End Time: 17:02:10
MSN: DRRD_lin
C:       0.000
F:       0.000
G:       0.000
H:       0.000
I:       0.000
J:       0.000
K:   10000.000
L:       0.000
M:       0.000
N:       0.000
O:       0.000
P:       0.000
Q:       0.000
R:       0.000
S:       0.000
U: 2255642.000
V:       0.000
X:       0.000
Y:    1329.000
Z:       0.000
A:
     0:     8404.005     8628.009     9946.005    10188.009    12828.005
     5:    13011.009    15000.013    15000.011    19757.005    19860.009
    10:    23121.001    23306.003    24074.005    24097.009    25346.005
    15:    25513.009    25526.005    25723.009    26153.001    26301.003
    20:    26646.001    27059.003    27220.001    27256.003    27668.005
    25:    27685.009    28042.001    30287.003    30659.005    31500.009
    30:    31888.001    32027.003    32090.001    33274.003    33329.001
    35:    33458.003    33474.001    33565.003    33662.001    37083.003
    40:    37161.001    42161.018    44451.003    44457.016    44507.026
    45:    44607.005    45011.009    45861.001    46023.003    46148.001
    50:    46284.003    46312.001    46354.003    46477.001    50848.003
    55:    51284.001    52205.003    52501.001    52597.003    52630.001
    60:    57019.003    57068.001    57107.003    57366.001    57546.003
    65:    57579.001    62579.018    63340.003    63346.016    63396.026
    70:    63549.005    63890.009    65085.001    70085.018    71966.003
    75:    71972.016    72022.026    72103.005    72386.009    73979.001
    80:    74580.003    74617.001    79617.018    81285.003    81291.016
    85:    81341.026    81355.001    81481.003    81551.005    82601.009
    90:    82605.005    82811.009    84574.001    89574.018    91402.003
    95:    91408.016    91458.026    91587.005    93075.009    93840.001
   100:    98794.003    99333.001    99599.003    99634.001   104634.018
   105:   107281.003   107287.016   107337.026   107466.005   108330.009
   110:   108343.005   108480.009   109773.001   113958.003   114202.001
   115:   114313.003   114326.001   118925.003   119103.005   119647.009
   120:   121491.001   121581.003   121671.001   121708.003   121735.001
   125:   121753.003   122408.001   127323.003   127356.001   127376.003
   130:   128309.001   133309.018   135863.003   135869.016   135919.026
   135:   136027.005   136292.009   137436.001   137724.003   137799.001
   140:   142799.018   143785.003   143791.016   143841.026   143936.005
   145:   144227.009   145160.001   145631.003   145655.001   150655.018
   150:   151885.003   151891.016   151941.026   152086.005   152417.009
   155:   154588.001   154606.003   154701.001   159520.003   160254.001
   160:   160315.003   160384.001   165384.018   166352.003   166358.016
   165:   166408.026   166518.005   167039.009   168087.001   173087.018
   170:   174757.003   174763.016   174813.026   174951.005   175233.009
   175:   176301.001   176590.003   176614.001   181301.003   181305.001
   180:   181990.003   182015.001   182035.003   182109.001   182429.003
   185:   182845.001   187845.018   196012.003   196018.016   196068.026
   190:   196195.005   197431.009   198428.001   201752.003   201800.001
   195:   202274.003   202363.001   206226.003   206381.005   206853.009
   200:   206870.005   206883.009   206913.005   206980.009   207591.001
   205:   207652.003   207675.001   212675.018   218231.003   218237.016
   210:   218287.026   218376.005   219403.009   221075.001   221227.003
   215:   221262.001   221342.003   221743.001   226743.018   228832.003
   220:   228838.016   228888.026   229075.005   230053.009   231095.005
   225:   231200.009   231217.005   231368.009   231383.005   231687.009
   230:   232064.001   237064.018   239530.003   239536.016   239586.026
   235:   239661.005   240056.009   240932.001   241192.003   241285.001
   240:   241393.003   241419.001   246347.003   246601.001   246692.003
   245:   246715.001   250538.003   250563.001   250826.003   250843.001
   250:   255843.018   258142.003   258148.016   258198.026   258275.005
   255:   258618.009   266321.001   267125.003   267586.001   267768.003
   260:   268435.001   270633.003   270706.001   272700.003   272713.001
   265:   277713.018   277784.003   277790.016   277840.026   277993.005
   270:   279302.009   280563.001   285563.018   288170.003   288176.016
   275:   288226.026   288361.005   288730.009   290048.001   290248.003
   280:   290275.001   295275.018   296162.003   296168.016   296218.026
   285:   296356.005   296621.009   298626.001   298706.003   299246.001
   290:   304246.018   304987.003   304993.016   305043.026   305127.005
   295:   305397.009   306384.001   306483.003   306636.001   306801.003
   300:   306833.001   311820.003   312155.001   312188.003   312470.001
   305:   313197.003   313236.001   318236.018   320642.003   320648.016
   310:   320698.026   320839.005   321970.009   323427.005   323465.009
   315:   324131.005   324186.009   324309.005   324377.009   324407.005
   320:   324425.009   324886.001   329886.018   331731.003   331737.016
   325:   331787.026   331916.005   332330.009   333633.001   338633.018
   330:   341524.003   341530.016   341580.026   341671.005   342011.009
   335:   342778.001   343028.003   343092.001   348092.018   351109.003
   340:   351115.016   351165.026   351254.005   351719.009   352811.001
   345:   357811.018   361338.003   361344.016   361394.026   361503.005
   350:   361855.009   363065.001   363103.003   363155.001   368155.018
   355:   374329.003   374335.016   374385.026   374508.005   375509.009
   360:   377255.001   382255.018   384753.003   384759.016   384809.026
   365:   384902.005   385236.009   386808.001   386963.003   386992.001
   370:   391992.018   392978.003   392984.016   393034.026   393123.005
   375:   393500.009   394937.001   395192.003   395452.001   400452.018
   380:   403478.003   403484.016   403534.026   403639.005   403861.009
   385:   405044.001   405238.003   405263.001   410263.018   412387.003
   390:   412393.016   412443.026   412445.001   412481.003   412584.005
   395:   413640.009   414644.001   419644.018   420953.003   420959.016
   400:   421009.026   421141.005   421403.009   423027.001   428027.018
   405:   429974.003   429980.016   430030.026   430173.005   430479.009
   410:   431796.001   436796.018   439181.003   439187.016   439237.026
   415:   439429.005   439926.009   441043.001   446043.018   448560.003
   420:   448566.016   448616.026   448695.005   449529.009   452544.001
   425:   452670.003   452705.001   457705.018   460857.003   460863.016
   430:   460913.026   461062.005   462267.009   463163.001   468163.018
   435:   468399.003   468405.016   468455.026   468622.005   468912.009
   440:   470220.001   475220.018   477680.003   477686.016   477736.026
   445:   477817.005   478191.009   480389.001   480435.003   480499.001
   450:   485499.018   487676.003   487682.016   487732.026   487862.005
   455:   488360.009   490786.001   495569.003   495613.001   495831.003
   460:   496097.001   501097.018   504434.003   504440.016   504490.026
   465:   504766.005   505569.009   510342.001   512192.003   512259.001
   470:   515482.003   515547.001   515781.003   515858.001   515937.003
   475:   516137.001   521137.018   523922.003   523928.016   523978.026
   480:   524159.005   525065.009   526398.001   531398.018   534610.003
   485:   534616.016   534666.026   534732.005   535055.009   536192.001
   490:   541192.018   541859.003   541865.016   541915.026   542076.005
   495:   542315.009   543568.001   548568.018   549982.003   549988.016
   500:   550038.026   550111.005   550482.009   552013.001   552205.003
   505:   552240.001   557240.018   557473.003   557479.016   557529.026
   510:   557635.005   557905.009   561211.001   566211.018   568405.003
   515:   568411.016   568461.026   568621.005   568834.009   569917.001
   520:   570032.003   570538.001   574615.003   574638.001   579449.003
   525:   580239.001   584884.003   585189.001   590189.018   592873.003
   530:   592879.016   592902.001   592929.026   593110.003   593174.005
   535:   593474.009   595662.001   600125.003   600343.001   600426.003
   540:   600881.001   600918.003   601162.001   601263.003   601954.001
   545:   606954.018   608325.003   608331.016   608381.001   608381.026
   550:   608508.003   608582.005   609380.009   609404.005   609422.009
   555:   610999.001   615706.003   615994.001   620994.018   622035.003
   560:   622041.016   622091.026   622216.005   622526.009   623368.001
   565:   623526.003   623765.001   623819.003   624421.001   624593.003
   570:   624636.001   629636.018   630698.003   630704.016   630727.001
   575:   630754.026   630857.003   630898.005   631200.009   632757.001
   580:   637757.018   640892.003   640898.016   640948.026   641038.005
   585:   641526.009   643344.001   647974.003   648025.001   648257.003
   590:   648342.005   648487.009   648498.005   648503.009   649023.001
   595:   654023.018   657080.003   657086.016   657136.026   657233.005
   600:   658298.009   660065.001   660253.003   660282.001   665282.018
   605:   665465.003   665471.016   665521.026   665619.005   666468.009
   610:   670632.005   670695.009   671662.001   672200.003   673744.001
   615:   678176.003   678290.001   678545.003   678559.001   678737.003
   620:   678791.001   683791.018   685060.003   685066.016   685116.026
   625:   685205.005   685911.009   687102.001   692102.018   694468.003
   630:   694474.016   694524.026   694582.005   694956.009   696647.001
   635:   696746.003   697437.001   702437.018   705133.003   705139.016
   640:   705189.026   705316.005   706730.009   708628.001   713628.018
   645:   716339.003   716345.016   716364.001   716395.026   716430.003
   650:   716537.005   717377.009   719008.001   724008.018   727104.003
   655:   727110.016   727147.001   727160.026   727176.003   727268.005
   660:   727673.009   730042.001   730115.003   730143.001   735143.018
   665:   736841.003   736847.016   736897.026   737032.005   737860.009
   670:   739250.001   744250.018   745077.003   745083.016   745133.026
   675:   745302.005   745633.009   747070.001   752070.018   753103.003
   680:   753109.016   753159.026   753242.005   754259.009   755512.001
   685:   760512.018   762989.003   762995.016   763045.026   763113.005
   690:   763515.009   765120.001   770120.018   771159.003   771165.016
   695:   771215.026   771345.005   771722.009   773042.001   778042.018
   700:   779216.003   779222.016   779272.026   779535.005   780056.009
   705:   782572.005   782724.009   783258.001   788258.018   790356.003
   710:   790362.016   790380.001   790412.026   790623.003   790693.005
   715:   791703.009   793029.001   793190.003   793305.001   793411.003
   720:   793432.001   797347.003   797361.001   797388.003   797558.001
   725:   802558.018   803361.003   803367.016   803417.026   803486.005
   730:   803883.009   805555.001   810555.018   813227.003   813233.016
   735:   813283.026   813351.005   813760.009   814994.001   815261.003
   740:   815309.001   815339.003   816099.001   821099.018   821450.003
   745:   821456.016   821506.026   821652.005   821997.009   822608.001
   750:   822712.003   822758.001   827758.018   829036.003   829042.016
   755:   829092.026   829162.005   829487.009   831069.001   831156.003
   760:   831189.001   831389.003   831416.001   836416.018   837043.003
   765:   837049.016   837099.026   837194.005   837581.009   839136.001
   770:   844136.018   844701.003   844707.016   844757.026   844896.005
   775:   845645.009   846952.001   851952.018   852963.003   852969.016
   780:   852995.001   853019.026   853244.003   853273.005   853841.009
   785:   853867.005   853871.009   853877.005   854126.009   855616.001
   790:   860616.018   862511.003   862517.016   862567.026   862676.005
   795:   863161.009   864725.001   869725.018   870278.003   870284.016
   800:   870314.001   870334.026   870354.003   870433.005   870884.009
   805:   871757.005   871856.009   872464.001   872663.003   872701.001
   810:   877701.018   877990.003   877996.016   878046.026   878384.005
   815:   878977.009   881575.001   886575.018   886923.003   886929.016
   820:   886940.001   886979.026   887015.003   887152.005   887769.009
   825:   887773.005   887996.009   888041.005   888146.009   892625.001
   830:   892864.003   892892.001   897892.018   899373.003   899379.016
   835:   899429.026   899529.005   899992.009   902277.001   907277.018
   840:   907827.003   907833.016   907883.026   908007.005   908381.009
   845:   909629.001   914629.018   916233.003   916239.016   916289.026
   850:   916394.005   917216.009   919305.001   919460.003   919495.001
   855:   924495.018   924539.003   924545.016   924595.026   924712.005
   860:   926087.009   927838.001   932838.018   932971.003   932977.016
   865:   933027.026   933157.005   933507.009   934547.001   934716.003
   870:   935283.001   935639.003   935683.001   938754.003   938994.001
   875:   939096.003   939294.001   939474.003   940194.001   945194.018
   880:   945926.003   945932.016   945953.001   945982.026   946265.003
   885:   946290.005   946908.009   948196.001   948593.003   948615.001
   890:   953615.018   953924.003   953930.016   953980.026   954090.005
   895:   954376.009   955961.001   960961.018   962280.003   962286.016
   900:   962336.026   962417.005   962789.009   964222.001   969222.018
   905:   970015.003   970021.016   970050.001   970071.026   970235.003
   910:   970295.005   971132.009   971203.005   971379.009   972853.001
   915:   972876.003   973557.001   973960.003   973998.001   977070.003
   920:   977133.001   977319.003   977455.001   982455.018   982489.003
   925:   982495.016   982545.026   982705.005   983009.009   989869.001
   930:   990239.003   990611.001   990665.003   990728.001   995728.018
   935:   996735.003   996741.016   996791.026   996869.005   997456.009
   940:   998752.001  1003752.018  1004630.003  1004636.016  1004686.026
   945:  1004762.005  1005188.009  1007008.001  1007175.003  1007225.001
   950:  1007321.003  1007373.001  1007564.003  1007586.001  1012524.003
   955:  1014062.001  1019062.018  1020371.003  1020377.016  1020427.026
   960:  1020633.005  1021542.009  1023610.001  1028610.018  1029561.003
   965:  1029567.016  1029617.026  1029772.001  1029860.003  1029955.005
   970:  1030364.009  1032084.001  1037084.018  1037896.003  1037902.016
   975:  1037952.026  1038068.005  1038399.009  1039718.001  1040073.003
   980:  1040118.001  1040228.003  1040269.001  1045269.018  1045991.003
   985:  1045997.016  1046047.026  1046135.005  1046519.009  1047934.001
   990:  1052934.018  1053837.003  1053843.016  1053879.001  1053893.026
   995:  1054013.003  1054078.005  1054664.009  1056344.001  1061214.003
  1000:  1061490.001  1064722.003  1064734.001  1064799.003  1064956.001
  1005:  1065138.003  1065198.001  1065372.003  1065454.001  1070454.018
  1010:  1070687.003  1070693.016  1070743.026  1070874.005  1071393.009
  1015:  1073047.001  1078047.018  1078818.003  1078824.016  1078874.026
  1020:  1079120.005  1079413.009  1089581.001  1094533.003  1094817.001
  1025:  1097744.003  1098292.001  1103214.003  1103679.001  1108679.018
  1030:  1109384.003  1109390.016  1109440.026  1109504.005  1109960.009
  1035:  1111124.001  1116124.018  1118355.003  1118361.016  1118411.026
  1040:  1118573.005  1119658.009  1119706.005  1119852.009  1121541.001
  1045:  1126541.018  1127447.003  1127453.016  1127503.026  1127602.005
  1050:  1128010.009  1129453.001  1129597.003  1129779.001  1134779.018
  1055:  1135835.003  1135841.016  1135891.026  1136016.005  1136413.009
  1060:  1137742.001  1142742.018  1144480.003  1144486.016  1144536.026
  1065:  1144592.005  1145161.009  1147587.005  1147626.009  1147821.005
  1070:  1147932.009  1147974.005  1148425.009  1148847.001  1153847.018
  1075:  1155172.003  1155178.016  1155228.026  1155353.005  1156302.009
  1080:  1156307.005  1157082.009  1158288.001  1163288.018  1164297.003
  1085:  1164303.016  1164353.026  1164442.005  1164898.009  1166365.001
  1090:  1171365.018  1172087.003  1172093.016  1172143.026  1172246.005
  1095:  1172543.009  1175056.001  1175296.003  1175333.001  1175458.003
  1100:  1175545.001  1176356.003  1176401.001  1181401.018  1182096.003
  1105:  1182102.016  1182152.026  1182459.005  1182916.009  1184404.001
  1110:  1184639.003  1184664.001  1189664.018  1190047.003  1190053.016
  1115:  1190103.026  1190200.005  1191189.009  1191789.005  1191969.009
  1120:  1194022.001  1195184.003  1195448.001  1196805.003  1196831.001
  1125:  1199693.003  1199911.005  1200964.009  1201985.001  1206985.018
  1130:  1207225.003  1207231.016  1207281.026  1207379.005  1207770.009
  1135:  1208915.001  1209235.003  1209298.001  1214298.018  1214457.003
  1140:  1214463.016  1214513.026  1214619.005  1214942.009  1216140.001
  1145:  1216261.003  1216297.001  1221297.018  1222018.003  1222024.016
  1150:  1222074.026  1222177.005  1222523.009  1224480.001  1224570.003
  1155:  1224678.001  1229678.018  1230336.003  1230342.016  1230392.026
  1160:  1230499.005  1230860.009  1232075.001  1232232.003  1232360.001
  1165:  1237360.018  1238356.003  1238362.016  1238412.026  1238557.005
  1170:  1238872.009  1240528.001  1240580.003  1240944.001  1245944.018
  1175:  1246712.003  1246718.016  1246768.026  1246912.005  1247175.009
  1180:  1249096.001  1249337.003  1249370.001  1254370.018  1254902.003
  1185:  1254908.016  1254958.026  1255066.005  1255711.009  1255726.005
  1190:  1255753.009  1257536.001  1257860.003  1257883.001  1262883.018
  1195:  1263560.003  1263566.016  1263616.026  1263744.005  1264035.009
  1200:  1265450.001  1265487.003  1265835.001  1265889.003  1266357.001
  1205:  1271357.018  1272207.003  1272213.016  1272263.026  1272416.005
  1210:  1273417.009  1273492.005  1273538.009  1273569.005  1273587.009
  1215:  1275101.001  1280101.018  1280470.003  1280476.016  1280526.026
  1220:  1280609.005  1280929.009  1282247.001  1282387.003  1282438.001
  1225:  1287354.003  1287680.005  1288020.009  1289065.001  1294065.018
  1230:  1295148.003  1295154.016  1295204.026  1295304.005  1295782.009
  1235:  1297267.001  1297722.003  1297763.001  1302375.003  1303581.001
  1240:  1308581.018  1309284.003  1309290.016  1309340.026  1309689.005
  1245:  1310142.009  1311402.001  1316402.018  1317057.003  1317063.016
  1250:  1317113.026  1317212.005  1317720.009  1319807.001  1324494.003
  1255:  1324567.001  1324628.003  1325163.001  1325557.003  1325591.001
  1260:  1327712.003  1327810.001  1328012.003  1328085.001  1328160.003
  1265:  1328189.001  1333138.003  1333345.005  1333486.009  1333896.001
  1270:  1338896.018  1340027.003  1340033.016  1340083.026  1340264.005
  1275:  1341478.009  1385519.005  1385913.009  1387061.001  1387180.003
  1280:  1387307.001  1387340.003  1388151.001  1388191.003  1389470.005
  1285:  1389692.009  1399765.005  1399810.009  1402074.005  1402173.009
  1290:  1407512.005  1407678.009  1407688.005  1408040.009  1408634.005
  1295:  1408967.009  1409617.001  1409832.003  1410111.001  1413602.003
  1300:  1413651.001  1413731.003  1414021.005  1414418.009  1415761.001
  1305:  1415936.003  1415990.001  1420224.003  1420884.001  1425884.018
  1310:  1426084.003  1426090.016  1426140.026  1426273.005  1427281.009
  1315:  1467873.005  1468340.009  1482150.005  1482382.009  1482405.005
  1320:  1482415.009  1483590.001  1485189.003  1485212.001  1485615.003
  1325:  1485663.001  1486072.003  1486113.001  1489547.003
B:
     0:        0.000      310.000        0.000      310.000        0.000
     5:      175.000        0.000        0.000        0.000      175.000
    10:        0.000        1.000        0.000        1.000        0.000
    15:        0.000      119.000        0.000      119.000        0.000
    20:        0.000        0.000        0.000        0.000        0.000
    25:        0.000      119.000        0.000        0.000        0.000
    30:        0.000
D:
     0:  3745188.000  3741755.000  3745189.000
E:
     0:     5000.000     5000.000
T:
     0:        0.000        0.000        0.000        0.000
W:
     0:        0.000        0.000        0.000
