File: C:\MED-PC IV\Data\Reyes\BB\BB2112.999


Start Date: 07/04/25
End Date: 07/04/25
Subject: 112
Experiment: BB
Group: NO_TIMEOUT_RET
Box: 2
Start Time: 16:16:30
End Time: 17:06:31
MSN: DRRD_lin
C:       0.000
F:       0.000
G:       0.000
H:       0.000
I:       0.000
J:       0.000
K:    3700.000
L:       0.000
M:       0.000
N:       0.000
O:       0.000
P:       0.000
Q:       0.000
R:       0.000
S:       0.000
U: 1915983.000
V:       0.000
X:       0.000
Y:    4742.000
Z:       0.000
A:
     0:      968.005      980.009      998.005     1321.009     1332.005
     5:     1335.009     1342.005     1354.009     9225.005     9228.009
    10:     9389.005     9613.009     9622.005     9638.009     9641.005
    15:     9968.009     9969.005     9978.009     9980.005     9987.009
    20:     9991.005    10010.009    10021.005    10025.009    10032.005
    25:    10084.009    10089.005    10181.009    10182.005    10863.009
    30:    10977.005    10993.009    11005.005    11029.009    14416.005
    35:    14421.009    14425.005    14433.009    14436.005    14468.009
    40:    15000.013    15000.011    15721.001    16035.003    16391.005
    45:    16396.009    16438.005    16440.009    16474.005    16480.009
    50:    16747.001    17759.003    18260.005    18517.009    18530.005
    55:    18545.009    18555.005    18560.009    18699.001    18856.003
    60:    18910.001    19792.003    19839.001    19902.003    19984.005
    65:    20004.009    20155.001    21405.003    21567.005    21687.009
    70:    21712.005    21732.009    21748.005    21763.009    21764.005
    75:    21773.009    21788.005    22077.009    22118.005    22126.009
    80:    22249.001    22319.003    22328.001    23666.003    23959.001
    85:    25300.003    25337.001    25694.003    25793.005    25800.009
    90:    27228.001    27451.003    27506.001    27914.003    28326.005
    95:    28941.009    28949.005    28955.009    28972.005    29041.009
   100:    29059.005    29066.009    29067.005    29079.009    29093.005
   105:    29219.009    30323.001    30393.003    30545.001    30672.003
   110:    33843.005    33856.009    34069.001    34153.003    34382.001
   115:    35258.003    36045.001    36224.003    36312.001    36347.003
   120:    36446.005    36451.009    36667.001    38233.003    39121.001
   125:    40698.003    40932.001    41299.003    41341.001    42777.003
   130:    43035.005    43069.009    43122.005    43143.009    43156.005
   135:    43352.009    43531.001    45238.003    45294.001    45325.003
   140:    45765.005    45774.009    45799.005    45825.009    45906.005
   145:    45936.009    46058.001    47420.003    47479.001    47592.003
   150:    48105.001    49570.003    50005.005    50011.009    50035.005
   155:    50048.009    50050.005    50059.009    52565.001    52851.003
   160:    57300.001    57863.003    59025.001    59529.003    62439.001
   165:    62961.003    63742.001    64480.003    64962.005    64967.009
   170:    64997.005    65015.009    65022.005    65062.009    65095.005
   175:    65099.009    65103.005    65988.009    66041.005    66057.009
   180:    66071.005    66545.009    66654.005    66664.009    67403.001
   185:    67655.003    67705.001    68364.003    68411.001    68522.003
   190:    68647.005    69129.009    69135.005    69154.009    69176.005
   195:    69251.009    69262.005    69269.009    69270.005    69600.009
   200:    69602.005    69624.009    69661.005    69907.009    69908.005
   205:    69914.009    70766.001    71920.003    72143.005    72300.009
   210:    72450.001    73013.003    73031.001    73193.003    73645.005
   215:    73827.009    74398.001    74763.003    75010.005    75015.009
   220:    75024.005    75036.009    75037.005    75042.009    75696.005
   225:    75707.009    75780.005    75793.009    75797.005    75995.009
   230:    76169.001    77128.003    77613.001    77894.003    78089.005
   235:    78225.009    78226.005    78237.009    78243.005    78248.009
   240:    78270.005    78292.009    78296.005    78343.009    78394.005
   245:    78410.009    84792.001    85049.003    85551.005    85563.009
   250:    85588.005    85609.009    85646.005    85654.009    85656.005
   255:    85662.009    85690.005    85698.009    85706.005    85988.009
   260:    85997.005    86011.009    93914.001    94004.003    99365.005
   265:    99369.009    99372.005    99378.009    99446.005    99463.009
   270:    99491.005    99515.009   100195.001   100389.003   101001.001
   275:   101904.003   102181.005   102590.009   102591.005   102707.009
   280:   102722.005   103226.009   103480.001   104849.003   104876.001
   285:   105023.003   105122.005   105126.009   105456.001   106946.003
   290:   106966.001   107117.003   107461.005   107615.009   107620.005
   295:   107627.009   107712.005   108131.009   116932.005   116937.009
   300:   116942.005   116946.009   116977.005   116991.009   128380.001
   305:   128771.003   128895.001   129166.003   130871.005   130896.009
   310:   130901.005   130918.009   130926.005   131056.009   156237.005
   315:   156254.009   157096.001   157267.003   157513.005   158047.009
   320:   158053.005   158066.009   175205.005   175220.009   175226.005
   325:   175495.009   175496.005   175504.009   186995.005   187012.009
   330:   187076.005   187081.009   188180.005   188199.009   188269.005
   335:   188274.009   191197.005   191227.009   233238.001   233570.003
   340:   233905.005   233925.009   233939.005   234084.009   234100.005
   345:   234137.009   234143.005   234178.009   234179.005   234510.009
   350:   235246.001   236185.003   236944.005   237073.009   237306.001
   355:   238183.003   240255.001   241557.003   241602.001   241710.003
   360:   241802.005   241879.009   241989.005   242009.009   242035.005
   365:   242088.009   242113.005   242173.009   244338.001   244444.003
   370:   244936.001   246106.003   246111.001   246373.003   246865.001
   375:   247189.003   247256.001   249106.018   249246.003   249252.016
   380:   249302.026   249347.005   251230.009   251236.005   251245.009
   385:   251246.005   251256.009   251268.005   251352.009   251353.005
   390:   251361.009   251387.005   251404.009   251406.005   251414.009
   395:   251430.005   251434.009   251461.005   251496.009   251514.005
   400:   251519.009   251554.005   251560.009   251562.005   251565.009
   405:   251620.005   251628.009   251670.005   251684.009   251696.005
   410:   251702.009   251703.005   251711.009   251712.005   251858.009
   415:   252751.001   253867.003   254057.001   254179.003   254994.005
   420:   255007.009   255385.001   256783.003   257203.005   257941.009
   425:   257959.005   257968.009   257969.005   258055.009   258078.005
   430:   258100.009   258134.005   258140.009   258168.005   258176.009
   435:   258873.005   258879.009   258893.005   258922.009   258955.005
   440:   258972.009   259000.005   259085.009   259087.005   259190.009
   445:   259511.001   260946.003   261396.005   262035.009   262038.005
   450:   262050.009   262063.005   262072.009   262087.005   262106.009
   455:   262141.005   262150.009   262168.005   262186.009   262187.005
   460:   262198.009   262207.005   262216.009   262221.005   262228.009
   465:   262231.005   262319.009   262320.005   262826.009   262836.005
   470:   262880.009   262882.005   262894.009   265837.001   266630.003
   475:   266707.001   266725.003   266772.001   267098.003   267401.005
   480:   267407.009   267424.005   267724.009   267965.001   269525.003
   485:   269734.005   269740.009   269974.001   270329.003   270664.001
   490:   271997.003   272449.005   272463.009   272500.005   272528.009
   495:   272534.005   272539.009   272547.005   272561.009   272576.005
   500:   272584.009   272596.005   272608.009   273291.005   273324.009
   505:   273725.005   273736.009   273811.005   273835.009   273844.005
   510:   273911.009   273923.005   273927.009   275184.001   276233.003
   515:   276380.005   276386.009   276395.005   276400.009   276655.005
   520:   276661.009   276911.001   278333.003   278911.005   278918.009
   525:   279113.005   279137.009   279200.005   279216.009   279228.005
   530:   279284.009   279296.005   279595.009   279600.005   279622.009
   535:   279624.005   279633.009   279645.005   279652.009   279661.005
   540:   280069.009   280085.005   280103.009   280106.005   280113.009
   545:   280121.005   280151.009   280507.001   282059.003   284203.005
   550:   284210.009   285128.005   285135.009   285354.001   286473.003
   555:   286489.001   286739.003   287497.001   289177.003   290231.001
   560:   290901.003   291297.005   291648.009   291650.005   291968.009
   565:   292311.001   293380.003   293422.001   295199.003   295567.005
   570:   295573.009   295662.005   295688.009   295712.005   295732.009
   575:   295750.005   295766.009   295775.005   295784.009   295790.005
   580:   295796.009   315174.005   315190.009   315203.005   315482.009
   585:   315494.005   315503.009   324022.005   324316.009   324345.005
   590:   324364.009   324480.005   324483.009   325387.001   325646.003
   595:   326194.001   327687.003   328099.005   328826.009   328835.005
   600:   328842.009   328866.005   328871.009   328918.005   328925.009
   605:   329054.001   329266.003   339815.005   339831.009   341327.001
   610:   342786.003   343339.005   343349.009   343597.001   344353.003
   615:   344376.001   345644.003   347416.005   347575.009   348346.001
   620:   350105.003   350712.005   350721.009   372907.005   372912.009
   625:   376534.005   376660.009   376672.005   376918.009   376964.005
   630:   376975.009   398867.001   399343.003   399730.001   400178.003
   635:   400585.005   400717.009   400729.005   400774.009   400842.005
   640:   400856.009   401127.001   402091.003   402778.001   404269.003
   645:   404452.005   404519.009   405391.005   405397.009   405412.005
   650:   405418.009   410824.001   411907.003   418396.005   418402.009
   655:   420812.005   421015.009   421016.005   421025.009   421053.005
   660:   421070.009   421086.005   421096.009   421100.005   421396.009
   665:   421464.005   421511.009   421654.001   422827.003   423310.005
   670:   423845.009   423853.005   423950.009   424098.001   425467.003
   675:   439344.005   439525.009   439528.005   439566.009   439569.005
   680:   439577.009   439583.005   439611.009   439628.005   439650.009
   685:   471683.005   471861.009   472961.001   473874.003   473914.001
   690:   474142.003   475292.005   475299.009   475309.005   475413.009
   695:   475441.005   475443.009   475446.005   475451.009   475454.005
   700:   475462.009   475473.005   475486.009   475499.005   475506.009
   705:   475516.005   475521.009   475550.005   475557.009   475568.005
   710:   475574.009   475598.005   475619.009   476308.001   477865.003
   715:   511549.001   511679.003   511728.001   511891.003   512227.005
   720:   512232.009   512254.005   512274.009   512723.001   514280.003
   725:   514311.001   514491.003   514940.005   515548.009   568435.001
   730:   569143.003   569192.001   569458.003   577950.005   577962.009
   735:   579970.001   580008.003   580148.001   580246.003   580402.005
   740:   580985.009   581000.005   581020.009   581032.005   581125.009
   745:   581134.005   581258.009   581267.005   581280.009   581434.005
   750:   581663.009   581666.005   581817.009   582153.001   583155.003
   755:   583492.005   583894.009   583902.005   585600.009   585605.005
   760:   585616.009   585652.005   585661.009   585731.005   585737.009
   765:   586381.001   588231.018   588441.003   588447.016   588497.026
   770:   588505.005   589389.009   589420.005   589454.009   589461.005
   775:   589499.009   589528.005   591140.009   591147.005   591168.009
   780:   591186.005   591220.009   591248.005   591383.009   595883.001
   785:   596924.003   597140.005   597147.009   597577.001   598609.003
   790:   599074.005   599302.009   599362.005   599370.009   599778.001
   795:   600914.003   601331.005   601606.009   601612.005   601620.009
   800:   601645.005   601651.009   602059.005   602069.009   602113.005
   805:   602116.009   604061.005   604073.009   604319.001   604541.003
   810:   607361.005   607370.009   607810.001   609218.003   609774.005
   815:   609810.009   609815.005   610431.009   610437.005   610452.009
   820:   610467.005   610506.009   610521.005   610542.009   610550.005
   825:   610557.009   610571.005   610579.009   610718.001   611996.003
   830:   613063.001   614077.003   615033.005   616071.009   622495.005
   835:   622505.009   623305.001   623546.003   625013.005   625023.009
   840:   625026.005   625030.009   625034.005   625037.009   625271.001
   845:   626762.003   627344.001   627786.003   627853.005   627971.009
   850:   627976.005   627995.009   627996.005   628016.009   628017.005
   855:   628287.009   628325.005   628362.009   628363.005   628414.009
   860:   628430.005   628442.009   628443.005   628461.009   628467.005
   865:   628497.009   628554.005   628561.009   628843.001   630113.003
   870:   630676.005   630681.009   635901.005   635930.009   635954.005
   875:   635967.009   635973.005   635976.009   636809.001   637071.003
   880:   637130.001   637286.003   637787.001   638871.003   639990.005
   885:   640142.009   640145.005   640199.009   640201.005   640512.009
   890:   640516.005   640724.009   641255.001   642677.003   644535.001
   895:   646385.018   646493.003   646499.016   646549.026   646559.005
   900:   648129.009   648147.005   648159.009   648189.005   648253.009
   905:   648254.005   648302.009   648315.005   648327.009   648332.005
   910:   648338.009   648339.005   648353.009   648368.005   648383.009
   915:   648386.005   648403.009   648407.005   648432.009   648512.005
   920:   648522.009   650548.001   651672.003   652208.005   652386.009
   925:   652466.005   652473.009   652790.001   653943.003   654581.005
   930:   654606.009   654662.005   654681.009   654789.005   654805.009
   935:   654836.005   654844.009   654883.005   654915.009   654983.005
   940:   654988.009   655128.001   656978.018   656980.003   656986.016
   945:   657036.026   657059.005   660128.009   660129.005   660169.009
   950:   660181.005   660209.009   660211.005   660227.009   660236.005
   955:   660245.009   660248.005   660259.009   660281.005   660321.009
   960:   660325.005   660344.009   660354.005   660377.009   663325.005
   965:   663338.009   663561.005   663567.009   663794.001   665644.018
   970:   666207.003   666213.016   666263.026   666280.005   667678.009
   975:   667733.005   667740.009   668114.005   668124.009   668137.005
   980:   668149.009   668160.005   668176.009   668180.005   668393.009
   985:   668971.001   670459.003   671025.005   671031.009   671073.005
   990:   671082.009   671088.005   671363.009   671427.005   671436.009
   995:   671563.001   673237.003   673334.005   673339.009   673356.005
  1000:   673505.009   673511.005   673516.009   673518.005   673563.009
  1005:   673569.005   673584.009   673720.005   673726.009   673740.005
  1010:   673869.009   674333.001   675951.003   676397.005   676406.009
  1015:   676484.005   676540.009   676602.005   676608.009   676637.005
  1020:   676641.009   676757.001   677019.003   677592.005   677602.009
  1025:   677731.005   677735.009   677935.001   679591.003   680226.005
  1030:   680232.009   680361.001   681657.003   682318.001   683099.003
  1035:   683148.001   683348.003   683823.005   683849.009   683874.005
  1040:   683901.009   684156.001   685247.003   686630.001   687119.003
  1045:   687203.005   687451.009   687453.005   687471.009   687664.005
  1050:   687712.009   687717.005   687744.009   687754.005   687922.009
  1055:   687933.005   687947.009   687957.005   687966.009   687985.005
  1060:   687987.009   687989.005   687999.009   688021.005   688037.009
  1065:   688076.005   688085.009   688094.005   688504.009   688757.001
  1070:   690073.003   690085.001   690836.003   691482.005   691493.009
  1075:   691506.005   691545.009   691564.005   691612.009   691632.005
  1080:   691653.009   691695.005   691705.009   691961.001   693811.018
  1085:   693905.003   693911.016   693961.026   693965.005   695332.009
  1090:   695336.005   695356.009   695357.005   695399.009   695405.005
  1095:   695682.009   696720.005   696731.009   696733.005   696744.009
  1100:   698215.001   699272.003   699415.001   699909.003   699976.005
  1105:   699981.009   699985.005   700295.009   700299.005   700339.009
  1110:   700373.005   700383.009   700843.001   702376.003   702429.005
  1115:   702544.009   703594.005   703601.009   703944.005   703948.009
  1120:   704061.005   704084.009   704122.005   704156.009   704200.005
  1125:   704220.009   704271.005   704283.009   704330.005   704355.009
  1130:   704412.005   704417.009   704672.005   704684.009   704797.005
  1135:   704799.009   704800.005   704805.009   704916.001   706766.018
  1140:   706821.003   706827.016   706877.026   706899.005   708056.009
  1145:   708068.005   708197.009   708202.005   708374.009   708473.005
  1150:   708502.009   708509.005   708518.009   710201.001   711461.003
  1155:   711991.005   712003.009   712042.005   712052.009   712397.001
  1160:   713292.003   713818.005   713825.009   713869.005   713881.009
  1165:   713883.005   713890.009   714005.005   714015.009   714183.001
  1170:   715840.003   716336.005   716446.009   716449.005   716460.009
  1175:   716461.005   716470.009   720839.005   720846.009   720918.005
  1180:   720926.009   721348.001   723198.018   723487.003   723493.016
  1185:   723543.026   723578.005   725055.009   725059.005   725070.009
  1190:   725171.005   725267.009   725429.005   725436.009   725605.001
  1195:   726927.003   727444.005   727449.009   727454.005   727460.009
  1200:   727554.005   727572.009   727587.005   727596.009   727645.005
  1205:   727653.009   727717.005   727720.009   727737.005   727744.009
  1210:   727830.001   729653.003   731380.001   731622.003   732344.001
  1215:   733447.003   734483.001   735781.003   736377.005   736392.009
  1220:   736412.005   736531.009   736532.005   736544.009   736592.005
  1225:   736771.009   736885.005   736894.009   736908.005   736922.009
  1230:   736934.005   737045.009   737046.005   737059.009   737073.005
  1235:   737134.009   737473.005   737477.009   737576.005   737661.009
  1240:   737665.005   737672.009   737679.005   737686.009   737807.001
  1245:   739657.018   739686.003   739692.016   739742.026   739797.005
  1250:   740913.009   740935.005   741191.009   741209.005   741245.009
  1255:   741250.005   741278.009   741282.005   741286.009   741290.005
  1260:   741816.009   741820.005   741873.009   741877.005   741980.009
  1265:   742014.005   742210.009   742339.005   742347.009   742556.005
  1270:   742560.009   742686.001   743875.003   744514.005   744519.009
  1275:   744775.001   745981.003   746646.005   746669.009   746675.005
  1280:   746684.009   746704.005   746719.009   746753.005   746758.009
  1285:   746781.005   746884.009   746948.005   746954.009   747104.001
  1290:   748942.003   749521.005   749525.009   749546.005   749805.009
  1295:   753336.005   753346.009   753536.005   753541.009   753548.005
  1300:   753558.009   753570.005   753575.009   753788.001   755086.003
  1305:   756150.001   757507.003   758067.005   758292.009   758347.005
  1310:   758357.009   758541.001   759639.003   760755.001   762373.003
  1315:   763026.005   763032.009   763246.001   764234.003   765159.001
  1320:   766851.003   767949.005   767954.009   768728.005   768738.009
  1325:   768739.005   768747.009   768749.005   768848.009   768856.005
  1330:   769043.009   769239.001   770939.003   771569.005   771835.009
  1335:   771845.005   771854.009   772088.005   772230.009   772232.005
  1340:   772261.009   772294.005   772300.009   772489.001   773962.003
  1345:   779166.005   779201.009   779232.005   779238.009   779252.005
  1350:   779256.009   780028.001   781233.003   781263.001   781367.003
  1355:   782364.005   782572.009   782657.005   782667.009   782821.001
  1360:   784671.018   784770.003   784776.016   784826.026   784827.005
  1365:   785755.009   785761.005   785779.009   785818.005   785916.009
  1370:   785959.005   786238.009   786778.001   787937.003   788697.001
  1375:   789945.003   790599.005   790613.009   790654.005   790678.009
  1380:   790685.005   790756.009   790774.005   790781.009   790856.005
  1385:   790860.009   791037.001   791129.003   791141.001   792419.003
  1390:   792984.005   792992.009   793049.005   793066.009   793071.005
  1395:   793080.009   793100.005   793125.009   793336.001   794486.003
  1400:   795099.005   795101.009   795207.001   795513.003   795521.005
  1405:   795533.009   795545.005   795718.009   795727.005   795734.009
  1410:   795737.005   795748.009   795893.005   795925.009   795939.005
  1415:   796140.009   797825.005   797839.009   797909.005   797914.009
  1420:   798203.001   799820.003   800251.005   800262.009   800264.005
  1425:   800901.009   800906.005   800941.009   805597.001   807009.003
  1430:   807030.005   807035.009   807209.005   807214.009   807243.005
  1435:   807256.009   807718.001   808821.003   809420.001   811173.003
  1440:   811568.005   811626.009   811660.005   811679.009   811711.005
  1445:   811748.009   811773.005   811789.009   811993.005   811998.009
  1450:   812006.005   812207.009   814370.001   814709.003   815146.001
  1455:   816996.018   817095.003   817101.016   817151.026   817161.005
  1460:   818579.009   818587.005   818637.009   818639.005   818646.009
  1465:   818649.005   818676.009   818678.005   818716.009   818764.005
  1470:   819297.009   820025.001   821359.003   821431.005   821666.009
  1475:   821841.005   821852.009   821976.005   821989.009   822374.001
  1480:   823779.003   825015.001   826865.018   826874.003   826880.016
  1485:   826930.026   826954.005   828248.009   828280.005   828304.009
  1490:   828321.005   828327.009   828341.005   828412.009   828474.005
  1495:   828503.009   828509.005   828547.009   828836.005   828843.009
  1500:   834715.005   834726.009   834742.005   834752.009   834948.001
  1505:   836350.003   836790.001   838606.003   839654.001   841275.003
  1510:   841572.005   841863.009   841865.005   841885.009   842381.005
  1515:   842402.009   842416.005   842489.009   842524.005   842543.009
  1520:   842617.005   842648.009   842891.001   844437.005   844448.009
  1525:   844456.003   844771.001   846621.018   846638.003   846644.016
  1530:   846694.026   846728.005   848170.009   848175.005   848279.009
  1535:   848292.005   848313.009   848355.005   848375.009   848388.005
  1540:   848413.009   848437.005   848494.009   848505.005   848553.009
  1545:   848554.005   848589.009   848631.005   848668.009   848683.005
  1550:   848730.009   848738.005   848753.009   852171.005   852200.009
  1555:   852440.001   854290.018   854700.003   854706.016   854755.005
  1560:   854756.026   856307.009   856310.005   856385.009   856557.005
  1565:   856566.009   857297.001   859147.018   859500.003   859506.016
  1570:   859556.026   859558.017   859610.005   860939.009   860950.005
  1575:   861373.009   861390.005   861402.009   861529.005   861541.009
  1580:   861542.005   861548.009   861704.005   861714.009   862136.001
  1585:   864094.003   864470.005   864474.009   864482.005   864492.009
  1590:   864505.005   864709.009   864710.005   864740.009   864747.005
  1595:   864756.009   865014.005   865024.009   865145.001   867028.003
  1600:   867800.001   868905.003   869232.005   869554.009   869569.005
  1605:   869584.009   869601.005   869620.009   869623.005   869631.009
  1610:   869633.005   869682.009   869686.005   869894.009   869900.005
  1615:   869911.009   872870.005   872874.009   873159.001   874343.003
  1620:   874391.001   875225.003   875882.005   875886.009   876109.001
  1625:   877615.003   877743.005   877821.009   877976.005   877987.009
  1630:   877988.005   877996.009   878187.005   878201.009   878206.005
  1635:   878214.009   878231.005   878248.009   878256.005   878343.009
  1640:   878351.005   878361.009   878364.005   878386.009   878389.005
  1645:   878456.009   878468.005   878474.009   878843.001   879896.003
  1650:   880748.001   882054.003   882635.005   882670.009   882672.005
  1655:   882682.009   882689.005   882701.009   882714.005   882726.009
  1660:   882728.005   882778.009   882783.005   882819.009   882883.005
  1665:   882889.009   883804.001   885059.003   885169.005   885498.009
  1670:   885513.005   885520.009   885522.005   885549.009   885551.005
  1675:   885572.009   889342.005   889350.009   889520.005   889524.009
  1680:   889740.001   890267.003   890378.005   890385.009   890897.001
  1685:   892933.003   893241.005   893249.009   893261.005   893270.009
  1690:   893282.005   893484.009   893493.005   893501.009   893560.005
  1695:   893602.009   893613.005   893629.009   893639.005   893649.009
  1700:   894078.001   895556.003   896870.005   896876.009   896917.005
  1705:   897036.009   897042.005   897059.009   897067.005   897076.009
  1710:   897119.005   897144.009   897157.005   897168.009   897172.005
  1715:   897198.009   897202.005   897239.009   897242.005   897256.009
  1720:   897259.005   897295.009   897327.005   897868.009   897870.005
  1725:   897986.009   898012.005   898015.009   898027.005   898037.009
  1730:   898039.005   898044.009   898631.001   900186.003   900465.005
  1735:   900474.009   900572.005   900581.009   900820.005   900826.009
  1740:   900970.005   900977.009   901225.001   902837.003   903482.001
  1745:   904989.003   905460.005   905475.009   905479.005   905729.009
  1750:   905732.005   905744.009   905745.005   905753.009   906401.005
  1755:   906407.009   906440.005   906467.009   906525.005   906529.009
  1760:   906612.001   908195.003   908898.001   910098.003   910929.001
  1765:   911843.003   911882.001   912029.003   912948.005   912972.009
  1770:   913452.005   913459.009   917868.005   917874.009   918236.001
  1775:   918875.003   919163.005   919170.009   919306.001   920736.003
  1780:   921054.005   921060.009   921184.005   921309.009   921321.005
  1785:   921327.009   921529.001   923503.003   923998.005   924020.009
  1790:   924273.005   924279.009   924306.005   924481.009   925600.005
  1795:   925606.009   927045.001   927143.003   927273.001   928862.003
  1800:   929123.005   929131.009   929159.005   929554.009   929568.005
  1805:   929576.009   929581.005   929586.009   929825.005   929932.009
  1810:   930306.001   931873.003   932248.005   932260.009   932306.005
  1815:   932311.009   932428.005   932557.009   932578.005   932599.009
  1820:   933270.001   934863.003   935271.005   935344.009   935702.001
  1825:   936752.003   937708.005   937956.009   943675.005   943680.009
  1830:   943918.005   943980.009   944315.001   946097.003   946368.005
  1835:   946373.009   946454.005   946463.009   946767.001   948376.003
  1840:   948832.005   948862.009   948873.005   948906.009   948956.005
  1845:   948983.009   949143.005   949150.009   949188.005   949271.009
  1850:   949273.005   949282.009   949309.005   949350.009   949372.005
  1855:   949424.009   949427.005   949434.009   949710.001   951208.003
  1860:   951689.005   951727.009   951754.005   951908.009   951911.005
  1865:   951919.009   951929.005   951940.009   951946.005   952115.009
  1870:   952132.005   952150.009   952406.001   953549.003   953765.001
  1875:   953838.003   954954.001   956310.003   956561.005   956568.009
  1880:   956800.005   956853.009   956924.005   956954.009   957038.005
  1885:   957049.009   957193.001   958373.003   959390.001   960637.003
  1890:   961041.005   961050.009   961070.005   961304.009   961306.005
  1895:   961320.009   961342.005   961379.009   961380.005   961388.009
  1900:   961403.005   961416.009   961434.005   961464.009   961476.005
  1905:   961501.009   961502.005   961508.009   961521.005   961528.009
  1910:   961529.005   962762.009   962773.005   962821.009   963122.005
  1915:   963145.009   963165.005   963176.009   963480.005   963493.009
  1920:   963765.005   963781.009   966451.005   966482.009   966689.005
  1925:   966727.009   967322.001   968791.003   969089.005   969099.009
  1930:   969107.005   969837.009   973633.001   975440.003   975503.001
  1935:   975655.003   975963.005   975970.009   975980.005   976253.009
  1940:   976323.005   976330.009   976568.001   978049.003   978537.005
  1945:   978823.009   979057.001   980683.003   980836.001   980892.003
  1950:   980917.005   980926.009   980968.005   980976.009   981014.005
  1955:   981034.009   981137.005   981143.009   981411.005   981429.009
  1960:   981438.005   981468.009   981487.005   981492.009   981516.005
  1965:   981521.009   982048.005   982056.009   982328.005   982364.009
  1970:   982711.001   984213.003   984743.005   984747.009   985107.001
  1975:   986679.003   988875.005   988904.009   999536.005   999549.009
  1980:  1026494.005  1026498.009  1026511.005  1026516.009  1026518.005
  1985:  1026524.009  1026527.005  1026533.009  1026552.005  1026557.009
  1990:  1026560.005  1026566.009  1026602.005  1026607.009  1026610.005
  1995:  1026616.009  1026618.005  1026625.009  1026636.005  1026641.009
  2000:  1026644.005  1026649.009  1026653.005  1026657.009  1026662.005
  2005:  1026664.009  1026668.005  1026675.009  1026685.005  1026691.009
  2010:  1026702.005  1026708.009  1026710.005  1026716.009  1026718.005
  2015:  1026724.009  1026735.005  1026741.009  1026744.005  1026749.009
  2020:  1026751.005  1026758.009  1026760.005  1026766.009  1026768.005
  2025:  1026775.009  1026777.005  1026783.009  1026786.005  1026790.009
  2030:  1026794.005  1026799.009  1026803.005  1026807.009  1026810.005
  2035:  1026816.009  1026819.005  1026824.009  1026827.005  1026833.009
  2040:  1026835.005  1026841.009  1026844.005  1026849.009  1026852.005
  2045:  1026858.009  1026860.005  1026866.009  1026868.005  1026874.009
  2050:  1026878.005  1026882.009  1026902.005  1026907.009  1026919.005
  2055:  1026924.009  1026927.005  1026933.009  1026935.005  1026941.009
  2060:  1026953.005  1026958.009  1026960.005  1026966.009  1026969.005
  2065:  1026975.009  1026977.005  1026982.009  1027019.005  1027024.009
  2070:  1027027.005  1027033.009  1027035.005  1027040.009  1027052.005
  2075:  1027058.009  1027060.005  1027066.009  1027069.005  1027075.009
  2080:  1027077.005  1027082.009  1027094.005  1027099.009  1027103.005
  2085:  1027105.009  1027136.005  1027140.009  1027152.005  1027157.009
  2090:  1027161.005  1027166.009  1027169.005  1027173.009  1027178.005
  2095:  1027182.009  1027193.005  1027199.009  1027202.005  1027208.009
  2100:  1027219.005  1027224.009  1027227.005  1027233.009  1027236.005
  2105:  1027240.009  1027244.005  1027249.009  1027252.005  1027257.009
  2110:  1027260.005  1027266.009  1027268.005  1027275.009  1027277.005
  2115:  1027283.009  1027286.005  1027291.009  1027294.005  1027298.009
  2120:  1027302.005  1027307.009  1027319.005  1027325.009  1027344.005
  2125:  1027350.009  1027352.005  1027357.009  1027360.005  1027366.009
  2130:  1027368.005  1027374.009  1027377.005  1027383.009  1027385.005
  2135:  1027390.009  1027394.005  1027399.009  1027402.005  1027407.009
  2140:  1027411.005  1027415.009  1027419.005  1027423.009  1027436.005
  2145:  1027441.009  1027444.005  1027449.009  1027451.005  1027458.009
  2150:  1027461.005  1027466.009  1027469.005  1027474.009  1027477.005
  2155:  1027483.009  1027486.005  1027489.009  1027494.005  1027500.009
  2160:  1027502.005  1027507.009  1027510.005  1027516.009  1027519.005
  2165:  1027525.009  1027528.005  1027533.009  1027544.005  1027549.009
  2170:  1027561.005  1027566.009  1027569.005  1027574.009  1027577.005
  2175:  1027583.009  1027594.005  1027599.009  1027602.005  1027607.009
  2180:  1027610.005  1027616.009  1027618.005  1027624.009  1027636.005
  2185:  1027641.009  1027643.005  1027650.009  1027651.005  1027658.009
  2190:  1027661.005  1027665.009  1027685.005  1027691.009  1027719.005
  2195:  1027724.009  1027727.005  1027733.009  1027744.005  1027749.009
  2200:  1027752.005  1027758.009  1027761.005  1027765.009  1027794.005
  2205:  1027799.009  1027886.005  1027890.009  1027894.005  1027898.009
  2210:  1027911.005  1027916.009  1027919.005  1027924.009  1027944.005
  2215:  1027949.009  1027961.005  1027965.009  1028319.005  1028323.009
  2220:  1028328.005  1028331.009  1028419.005  1028421.009  1028427.005
  2225:  1028432.009  1028436.005  1028439.009  1028485.005  1028490.009
  2230:  1028502.005  1028508.009  1028518.005  1028523.009  1028568.005
  2235:  1028574.009  1028578.005  1028582.009  1028585.005  1028591.009
  2240:  1028595.005  1028597.009  1028601.005  1028608.009  1028610.005
  2245:  1028616.009  1028618.005  1028624.009  1028626.005  1028633.009
  2250:  1028635.005  1028641.009  1028643.005  1028650.009  1028651.005
  2255:  1028658.009  1028660.005  1028666.009  1028668.005  1028673.009
  2260:  1028677.005  1028682.009  1028685.005  1028692.009  1028694.005
  2265:  1028699.009  1028719.005  1028723.009  1032803.005  1032807.009
  2270:  1032811.005  1032884.009  1032885.005  1032892.009  1032894.005
  2275:  1032900.009  1032903.005  1032908.009  1032910.005  1032916.009
  2280:  1032918.005  1032925.009  1032936.005  1032941.009  1032944.005
  2285:  1032949.009  1032952.005  1032958.009  1032960.005  1032966.009
  2290:  1032969.005  1032975.009  1032977.005  1032984.009  1032985.005
  2295:  1032993.009  1032994.005  1033001.009  1033002.005  1033008.009
  2300:  1033010.005  1033017.009  1033019.005  1033025.009  1033027.005
  2305:  1033033.009  1033036.005  1033039.009  1033053.005  1033058.009
  2310:  1033070.005  1033074.009  1033078.005  1033083.009  1033094.005
  2315:  1033100.009  1033103.005  1033108.009  1033110.005  1033117.009
  2320:  1033119.005  1033125.009  1033127.005  1033133.009  1033144.005
  2325:  1033150.009  1033152.005  1033158.009  1033161.005  1033167.009
  2330:  1033169.005  1033174.009  1033186.005  1033191.009  1033194.005
  2335:  1033199.009  1033202.005  1033208.009  1033212.005  1033215.009
  2340:  1033219.005  1033225.009  1033227.005  1033233.009  1033235.005
  2345:  1033242.009  1033252.005  1033258.009  1033261.005  1033266.009
  2350:  1033270.005  1033274.009  1033277.005  1033283.009  1033286.005
  2355:  1033291.009  1033311.005  1033316.009  1033320.005  1033322.009
  2360:  1033328.005  1033333.009  1033378.005  1033383.009  1033403.005
  2365:  1033407.009  1033420.005  1033424.009  1033444.005  1033449.009
  2370:  1033478.005  1033483.009  1033528.005  1033530.009  1033536.005
  2375:  1033541.009  1033544.005  1033550.009  1033553.005  1033558.009
  2380:  1033561.005  1033566.009  1033569.005  1033574.009  1033586.005
  2385:  1033591.009  1033594.005  1033600.009  1033612.005  1033616.009
  2390:  1033619.005  1033625.009  1033627.005  1033634.009  1033636.005
  2395:  1033641.009  1033644.005  1033651.009  1033652.005  1033658.009
  2400:  1033661.005  1033667.009  1033669.005  1033675.009  1033678.005
  2405:  1033683.009  1033686.005  1033691.009  1033719.005  1033726.009
  2410:  1033727.005  1033734.009  1033735.005  1033743.009  1033744.005
  2415:  1033751.009  1033752.005  1033759.009  1033778.005  1033783.009
  2420:  1033828.005  1033831.009  1033836.005  1033842.009  1033844.005
  2425:  1033851.009  1033852.005  1033859.009  1033860.005  1033868.009
  2430:  1033869.005  1033876.009  1033877.005  1033884.009  1033895.005
  2435:  1033899.009  1033902.005  1033908.009  1033911.005  1033917.009
  2440:  1033928.005  1033933.009  1033945.005  1033950.009  1033961.005
  2445:  1033967.009  1033969.005  1033976.009  1033977.005  1033984.009
  2450:  1033986.005  1033992.009  1033993.005  1034001.009  1034002.005
  2455:  1034009.009  1034010.005  1034018.009  1034019.005  1034026.009
  2460:  1034027.005  1034034.009  1034036.005  1034042.009  1034044.005
  2465:  1034050.009  1034052.005  1034059.009  1034060.005  1034067.009
  2470:  1034069.005  1034075.009  1034078.005  1034083.009  1034103.005
  2475:  1034109.009  1034119.005  1034126.009  1034127.005  1034151.009
  2480:  1034153.005  1034159.009  1034161.005  1034167.009  1034169.005
  2485:  1034175.009  1034177.005  1034184.009  1034186.005  1034192.009
  2490:  1034236.005  1034242.009  1034244.005  1034251.009  1034252.005
  2495:  1034259.009  1034260.005  1034267.009  1034270.005  1034276.009
  2500:  1034277.005  1034284.009  1034285.005  1034293.009  1034294.005
  2505:  1034301.009  1034302.005  1034309.009  1034311.005  1034317.009
  2510:  1034319.005  1034325.009  1034328.005  1034334.009  1034336.005
  2515:  1034342.009  1034344.005  1034350.009  1034352.005  1034359.009
  2520:  1034361.005  1034367.009  1034369.005  1034376.009  1034378.005
  2525:  1034384.009  1034385.005  1034401.009  1034402.005  1034409.009
  2530:  1034411.005  1034417.009  1034419.005  1034425.009  1034427.005
  2535:  1034434.009  1034436.005  1034442.009  1034445.005  1034450.009
  2540:  1034453.005  1034458.009  1034462.005  1034466.009  1034478.005
  2545:  1034483.009  1034487.005  1034491.009  1034494.005  1034500.009
  2550:  1034503.005  1034508.009  1034511.005  1034517.009  1034519.005
  2555:  1034525.009  1034536.005  1034542.009  1034544.005  1034551.009
  2560:  1034552.005  1034559.009  1034560.005  1034567.009  1034569.005
  2565:  1034576.009  1034578.005  1034584.009  1034585.005  1034592.009
  2570:  1034594.005  1034600.009  1034602.005  1034608.009  1034619.005
  2575:  1034625.009  1034636.005  1034641.009  1034644.005  1034650.009
  2580:  1034653.005  1034658.009  1034670.005  1034675.009  1034712.005
  2585:  1034715.009  1034737.005  1034741.009  1034745.005  1034750.009
  2590:  1034752.005  1034759.009  1034761.005  1034767.009  1034770.005
  2595:  1034775.009  1034778.005  1034783.009  1034786.005  1034791.009
  2600:  1034795.005  1034800.009  1034812.005  1034816.009  1034820.005
  2605:  1034825.009  1034827.005  1034833.009  1034836.005  1034842.009
  2610:  1034844.005  1034850.009  1034853.005  1034859.009  1034861.005
  2615:  1034867.009  1034869.005  1034875.009  1034879.005  1034881.009
  2620:  1034894.005  1034901.009  1034902.005  1034908.009  1034912.005
  2625:  1034917.009  1034919.005  1034925.009  1034927.005  1034934.009
  2630:  1034937.005  1034939.009  1034945.005  1034950.009  1034952.005
  2635:  1034959.009  1034961.005  1034968.009  1034969.005  1034976.009
  2640:  1034977.005  1034985.009  1034986.005  1034993.009  1034994.005
  2645:  1035002.009  1035003.005  1035010.009  1035011.005  1035018.009
  2650:  1035019.005  1035026.009  1035027.005  1035034.009  1035036.005
  2655:  1035042.009  1035044.005  1035051.009  1035052.005  1035060.009
  2660:  1035061.005  1035085.009  1035086.005  1035093.009  1035094.005
  2665:  1035101.009  1035103.005  1035109.009  1035111.005  1035117.009
  2670:  1035120.005  1035126.009  1035128.005  1035134.009  1035136.005
  2675:  1035143.009  1035144.005  1035151.009  1035152.005  1035158.009
  2680:  1035161.005  1035167.009  1035169.005  1035176.009  1035178.005
  2685:  1035184.009  1035186.005  1035192.009  1035195.005  1035200.009
  2690:  1035203.005  1035209.009  1035211.005  1035217.009  1035219.005
  2695:  1035226.009  1035228.005  1035234.009  1035236.005  1035242.009
  2700:  1035244.005  1035251.009  1035252.005  1035259.009  1035262.005
  2705:  1035267.009  1035270.005  1035275.009  1035279.005  1035283.009
  2710:  1035286.005  1035292.009  1036018.005  1036022.009  1036024.005
  2715:  1036241.009  1036248.005  1036255.009  1036496.005  1036502.009
  2720:  1036503.005  1036534.009  1036568.005  1036576.009  1036637.005
  2725:  1036645.009  1036646.005  1036937.009  1036971.005  1037827.001
  2730:  1037949.003  1038269.009  1038331.005  1038335.009  1038433.005
  2735:  1038619.009  1038622.005  1038640.009  1038659.005  1038661.009
  2740:  1038663.005  1038683.009  1038690.005  1038901.001  1039613.009
  2745:  1039615.005  1039620.009  1040090.005  1040096.009  1040097.003
  2750:  1040097.005  1040104.009  1040105.005  1040173.001  1040263.009
  2755:  1040265.005  1040270.009  1040281.003  1040701.005  1040734.009
  2760:  1045358.005  1045363.009  1046066.005  1046071.009  1046074.005
  2765:  1046081.009  1046082.005  1046156.009  1046158.005  1046163.009
  2770:  1046166.005  1046168.009  1048621.001  1049755.003  1050407.001
  2775:  1051891.003  1052140.001  1052194.003  1052748.005  1052764.009
  2780:  1052767.005  1052775.009  1052778.005  1052782.009  1054353.005
  2785:  1054370.009  1054383.005  1054390.009  1054396.005  1054800.009
  2790:  1054871.005  1054881.009  1055121.001  1057221.018  1057230.003
  2795:  1057236.016  1057286.026  1057322.005  1059459.009  1059474.005
  2800:  1059491.009  1059495.005  1059500.009  1059556.005  1059564.009
  2805:  1059567.005  1059573.009  1059808.005  1059815.009  1060159.001
  2810:  1061739.003  1062116.005  1062117.009  1062325.001  1063796.003
  2815:  1064265.005  1064271.009  1064289.005  1064335.009  1064337.005
  2820:  1064439.009  1064508.005  1064514.009  1064651.001  1066102.003
  2825:  1066844.001  1068573.003  1068876.005  1068890.009  1068895.005
  2830:  1069097.009  1069102.005  1069134.009  1069145.005  1069252.009
  2835:  1069261.005  1069293.009  1069388.005  1069407.009  1069414.005
  2840:  1069429.009  1069445.005  1069495.009  1069510.005  1069514.009
  2845:  1070175.001  1071357.003  1071388.001  1071547.003  1072417.001
  2850:  1073605.003  1074118.005  1074507.009  1074509.005  1074558.009
  2855:  1074567.005  1074628.009  1074661.005  1075067.009  1078282.005
  2860:  1078288.009  1078321.005  1078781.009  1078790.005  1078809.009
  2865:  1078810.005  1078822.009  1078854.005  1078870.009  1083597.005
  2870:  1083605.009  1083612.005  1083736.009  1083740.005  1083758.009
  2875:  1083767.005  1083772.009  1083778.005  1083797.009  1083811.005
  2880:  1083826.009  1083839.005  1083959.009  1083966.005  1083988.009
  2885:  1083994.005  1084007.009  1084280.001  1085917.003  1086783.001
  2890:  1088702.003  1089036.005  1089435.009  1089512.005  1089516.009
  2895:  1089809.001  1091638.003  1091680.001  1091852.003  1092626.001
  2900:  1094221.003  1094639.005  1094652.009  1094914.005  1094954.009
  2905:  1095807.001  1096634.003  1097194.001  1098126.003  1098875.005
  2910:  1099040.009  1099050.005  1099079.009  1099086.005  1099117.009
  2915:  1099127.005  1099137.009  1099161.005  1099169.009  1099177.005
  2920:  1099189.009  1099190.005  1099234.009  1099252.005  1099283.009
  2925:  1099303.005  1099311.009  1099323.005  1099347.009  1099359.005
  2930:  1099378.009  1099381.005  1099391.009  1099394.005  1099400.009
  2935:  1099410.005  1099418.009  1113895.005  1113905.009  1114073.005
  2940:  1114127.009  1114249.005  1114279.009  1114303.005  1114425.009
  2945:  1116106.001  1117010.003  1117698.005  1117709.009  1117794.005
  2950:  1117802.009  1119213.001  1120376.003  1121052.005  1121057.009
  2955:  1121179.005  1121185.009  1121206.005  1121234.009  1121236.005
  2960:  1121252.009  1121272.005  1122079.009  1122092.005  1122119.009
  2965:  1122168.005  1122192.009  1122198.005  1122209.009  1122245.005
  2970:  1122283.009  1122388.005  1122392.009  1126099.001  1126388.003
  2975:  1126821.005  1128741.009  1129027.005  1129069.009  1129154.005
  2980:  1129165.009  1129166.005  1129205.009  1129222.005  1129278.009
  2985:  1129279.005  1129284.009  1129340.005  1129349.009  1142003.005
  2990:  1142009.009  1142010.005  1142117.009  1151533.005  1151556.009
  2995:  1151928.005  1152498.009  1152501.005  1152914.009  1153406.001
  3000:  1155375.003  1155808.005  1156210.009  1156703.001  1158025.003
  3005:  1158644.005  1158791.009  1159062.005  1159175.009  1159184.005
  3010:  1159198.009  1159494.001  1161490.003  1162002.005  1162927.009
  3015:  1162967.005  1162974.009  1162976.005  1162982.009  1163364.001
  3020:  1165277.003  1165852.005  1165902.009  1165992.005  1166000.009
  3025:  1166037.005  1166047.009  1166055.005  1166061.009  1166063.005
  3030:  1166068.009  1166915.005  1166943.009  1166961.005  1167084.009
  3035:  1167220.005  1167298.009  1167365.005  1167409.009  1167794.001
  3040:  1169673.003  1170169.005  1170183.009  1170404.005  1170572.009
  3045:  1170717.005  1170725.009  1170736.005  1171305.009  1171658.001
  3050:  1173758.018  1173926.003  1173932.016  1173982.026  1173984.005
  3055:  1175952.009  1175956.005  1176315.009  1176325.005  1177672.009
  3060:  1177800.005  1177810.009  1178065.005  1178069.009  1178294.001
  3065:  1179891.003  1180499.005  1180514.009  1180591.005  1180597.009
  3070:  1180677.005  1180682.009  1180930.001  1183030.018  1183036.003
  3075:  1183042.016  1183092.026  1183178.005  1184150.009  1184184.005
  3080:  1184273.009  1184275.005  1184899.009  1184901.005  1184917.009
  3085:  1184927.005  1185046.009  1185077.005  1186008.009  1186037.005
  3090:  1186107.009  1186109.005  1186125.009  1186127.005  1186410.009
  3095:  1186779.001  1188879.018  1189131.003  1189137.016  1189187.026
  3100:  1189256.005  1190361.009  1190391.005  1190926.009  1190946.005
  3105:  1190978.009  1191003.005  1191026.009  1191034.005  1191100.009
  3110:  1191121.005  1191157.009  1191175.005  1191181.009  1191183.005
  3115:  1191336.009  1191399.005  1191412.009  1191629.005  1191636.009
  3120:  1192008.001  1193672.003  1194171.005  1194179.009  1194418.001
  3125:  1196099.003  1196317.005  1196483.009  1196486.005  1196500.009
  3130:  1196504.005  1196515.009  1196517.005  1196527.009  1196529.005
  3135:  1196551.009  1196555.005  1196559.009  1198111.005  1198128.009
  3140:  1198181.005  1198189.009  1198190.005  1198198.009  1198203.005
  3145:  1198208.009  1198220.005  1198288.009  1198494.005  1198708.009
  3150:  1198743.005  1198753.009  1204501.001  1205284.003  1205454.005
  3155:  1205498.009  1205503.005  1205766.009  1205791.005  1205796.009
  3160:  1205798.005  1205855.009  1205915.005  1205922.009  1206069.001
  3165:  1208169.018  1208258.003  1208264.016  1208314.026  1208326.005
  3170:  1210080.009  1210094.005  1210123.009  1210139.005  1210150.009
  3175:  1210170.005  1210178.009  1210193.005  1210227.009  1212644.005
  3180:  1212649.009  1212805.005  1212810.009  1212814.005  1212823.009
  3185:  1213836.001  1214159.003  1215055.001  1216604.003  1217048.005
  3190:  1217055.009  1217071.005  1217080.009  1217377.001  1218556.003
  3195:  1218675.001  1218864.003  1219248.005  1219351.009  1219366.005
  3200:  1219381.009  1219442.005  1219450.009  1219573.001  1221167.003
  3205:  1221254.001  1221381.003  1221431.005  1221436.009  1221654.005
  3210:  1221702.009  1221732.005  1221748.009  1221764.005  1221770.009
  3215:  1221775.005  1221781.009  1221791.005  1221801.009  1221991.001
  3220:  1223268.003  1224089.005  1224123.009  1224142.005  1224149.009
  3225:  1224150.005  1224177.009  1224208.005  1224234.009  1224530.001
  3230:  1225724.003  1225836.001  1225861.003  1226280.005  1226296.009
  3235:  1226297.005  1226308.009  1226322.005  1226501.009  1226503.005
  3240:  1226519.009  1226542.005  1226551.009  1226566.005  1226572.009
  3245:  1226647.005  1226656.009  1226876.001  1228464.003  1228909.005
  3250:  1228924.009  1228967.005  1229096.009  1229099.005  1229132.009
  3255:  1229137.005  1229152.009  1229159.005  1229185.009  1229189.005
  3260:  1229197.009  1229212.005  1229224.009  1229375.005  1229388.009
  3265:  1229395.005  1229409.009  1229750.001  1231682.003  1232986.001
  3270:  1234036.003  1234982.001  1236010.003  1246699.005  1246750.009
  3275:  1246820.005  1246829.009  1253708.005  1253773.009  1253774.005
  3280:  1253781.009  1253783.005  1253789.009  1253791.005  1253797.009
  3285:  1253975.005  1253981.009  1254009.005  1254014.009  1254016.005
  3290:  1254022.009  1254025.005  1254030.009  1254033.005  1254040.009
  3295:  1254041.005  1254065.009  1254066.005  1254073.009  1254074.005
  3300:  1254132.009  1254133.005  1254140.009  1254142.005  1254147.009
  3305:  1254200.005  1254477.009  1254490.005  1254509.009  1254510.005
  3310:  1254523.009  1254558.005  1254610.009  1254615.005  1254766.009
  3315:  1254767.005  1254773.009  1254775.005  1254780.009  1255117.005
  3320:  1255123.009  1255125.005  1255256.009  1256351.005  1256383.009
  3325:  1256485.005  1256513.009  1257085.005  1257091.009  1257092.005
  3330:  1257658.009  1257659.005  1257666.009  1257668.005  1257674.009
  3335:  1257676.005  1257682.009  1257685.005  1257691.009  1257693.005
  3340:  1257698.009  1257702.005  1257705.009  1257710.005  1257714.009
  3345:  1263241.005  1263249.009  1263273.005  1263305.009  1263312.005
  3350:  1263339.009  1263431.005  1269700.009  1269706.005  1269808.009
  3355:  1269916.005  1269923.009  1269927.005  1270045.009  1270046.005
  3360:  1270066.009  1270075.005  1270088.009  1270108.005  1270132.009
  3365:  1270134.005  1270140.009  1270164.005  1270171.009  1270188.005
  3370:  1270199.009  1270226.005  1270243.009  1270250.005  1270268.009
  3375:  1270286.005  1270322.009  1270335.005  1270352.009  1270370.005
  3380:  1270380.009  1270391.005  1270402.009  1270403.005  1270707.009
  3385:  1270708.005  1270715.009  1270716.005  1270724.009  1270725.005
  3390:  1270732.009  1270733.005  1270740.009  1270742.005  1270748.009
  3395:  1270750.005  1270756.009  1270758.005  1270765.009  1270766.005
  3400:  1270884.001  1270932.009  1270933.005  1270957.009  1270958.005
  3405:  1270965.009  1270966.005  1270998.009  1270999.005  1271007.009
  3410:  1271008.005  1271015.009  1271016.005  1271032.009  1271033.005
  3415:  1271048.009  1271049.005  1271073.009  1271074.005  1271082.009
  3420:  1271083.005  1271090.009  1271091.005  1271107.009  1271108.005
  3425:  1271115.009  1271116.005  1271124.009  1271125.005  1271132.009
  3430:  1271133.005  1271265.009  1271267.005  1271273.009  1271274.005
  3435:  1271281.009  1271283.005  1271290.009  1271293.005  1271297.009
  3440:  1271300.005  1271306.009  1271317.005  1271323.009  1271325.005
  3445:  1271331.009  1271342.005  1271348.009  1271358.005  1271366.009
  3450:  1271367.005  1271373.009  1271375.005  1271381.009  1271383.005
  3455:  1271390.009  1271392.005  1271399.009  1271400.005  1271406.009
  3460:  1271408.005  1271414.009  1271416.005  1271423.009  1271425.005
  3465:  1271431.009  1271442.005  1271448.009  1271450.005  1271455.009
  3470:  1271459.005  1271464.009  1271467.005  1271473.009  1271475.005
  3475:  1271481.009  1271483.005  1271490.009  1271493.005  1271497.009
  3480:  1271501.005  1271504.009  1271509.005  1271514.009  1271517.005
  3485:  1271523.009  1271525.005  1271532.009  1271533.005  1271541.009
  3490:  1271542.005  1271565.009  1271567.005  1271572.009  1271575.005
  3495:  1271581.009  1271592.005  1271598.009  1271601.005  1271606.009
  3500:  1271609.005  1271614.009  1271617.005  1271621.009  1271625.005
  3505:  1271631.009  1271633.005  1271639.009  1271642.005  1271647.009
  3510:  1271650.005  1271656.009  1271667.005  1271673.009  1271675.005
  3515:  1271682.009  1271683.005  1271715.009  1271716.005  1271740.009
  3520:  1271741.005  1271749.009  1271750.005  1271757.009  1271758.005
  3525:  1271765.009  1271767.005  1271773.009  1271775.005  1271781.009
  3530:  1271784.005  1271789.009  1271793.005  1271797.009  1271800.005
  3535:  1271806.009  1271809.005  1271815.009  1271817.005  1271823.009
  3540:  1271824.005  1272232.009  1272233.005  1272240.009  1272242.005
  3545:  1272248.009  1272250.005  1272256.009  1272634.005  1272640.009
  3550:  1272642.005  1272648.009  1272650.005  1272655.009  1272668.005
  3555:  1272671.003  1272671.009  1272675.005  1272682.009  1272683.005
  3560:  1272691.009  1272692.005  1272697.009  1272700.005  1272707.009
  3565:  1272708.005  1272767.009  1272807.005  1272820.009  1272925.005
  3570:  1272955.009  1272965.005  1273161.009  1273171.005  1273413.009
  3575:  1273457.005  1273837.009  1273863.005  1273876.009  1273934.005
  3580:  1273949.009  1274326.005  1274332.009  1274334.005  1274341.009
  3585:  1274342.005  1274857.009  1278920.005  1278922.009  1280863.005
  3590:  1281428.009  1281501.005  1281512.009  1281527.005  1281536.009
  3595:  1281597.005  1281621.009  1281625.005  1281637.009  1281806.005
  3600:  1281811.009  1281823.005  1281827.009  1281831.005  1281835.009
  3605:  1281838.005  1281845.009  1281846.005  1281854.009  1281855.005
  3610:  1281862.009  1281863.005  1281879.009  1281880.005  1282033.001
  3615:  1282179.009  1282180.005  1282195.009  1282197.005  1282204.009
  3620:  1282205.005  1282212.009  1282213.005  1282220.009  1282222.005
  3625:  1282228.009  1282231.005  1282237.009  1282239.005  1282245.009
  3630:  1282247.005  1282253.009  1282255.005  1282261.009  1282264.005
  3635:  1282269.009  1282272.005  1282278.009  1282280.005  1282286.009
  3640:  1282289.005  1282294.009  1282374.005  1282375.009  1282381.005
  3645:  1282386.009  1282623.005  1282627.009  1282631.005  1282637.009
  3650:  1282639.005  1282645.009  1282647.005  1282654.009  1282655.005
  3655:  1282679.009  1282680.005  1282687.009  1282688.005  1282696.009
  3660:  1282697.005  1282703.009  1282706.005  1282711.009  1282723.005
  3665:  1282727.009  1282731.005  1282736.009  1282740.005  1282745.009
  3670:  1282747.005  1282753.009  1282756.005  1282762.009  1282764.005
  3675:  1282770.009  1282772.005  1282779.009  1282780.005  1282787.009
  3680:  1282789.005  1282796.009  1282797.005  1282804.009  1282805.005
  3685:  1282812.009  1282814.005  1282820.009  1282822.005  1282829.009
  3690:  1282831.005  1282837.009  1282839.005  1282845.009  1282847.005
  3695:  1282853.009  1282856.005  1282861.009  1282864.005  1282871.009
  3700:  1282872.005  1282879.009  1282881.005  1282887.009  1282889.005
  3705:  1282895.009  1282897.005  1282904.009  1282905.005  1283130.009
  3710:  1283131.005  1283138.009  1283139.005  1283146.009  1283147.005
  3715:  1283154.009  1283156.005  1283163.009  1283164.005  1283171.009
  3720:  1283172.005  1283187.009  1283189.005  1283196.009  1283197.005
  3725:  1283204.009  1283205.005  1283212.009  1283213.005  1283220.009
  3730:  1283222.005  1283228.009  1283315.005  1283320.009  1283322.005
  3735:  1283329.009  1283330.005  1283338.009  1283339.005  1283671.009
  3740:  1283915.005  1283921.009  1283923.005  1283938.009  1283939.005
  3745:  1283947.009  1283948.005  1283954.009  1283955.005  1284103.003
  3750:  1284104.009  1284107.005  1284112.009  1284114.005  1284140.009
  3755:  1284183.005  1284526.009  1284556.005  1284596.009  1284802.005
  3760:  1284831.009  1284923.005  1284956.009  1284960.005  1284972.009
  3765:  1285107.005  1285113.009  1285124.005  1285128.009  1285132.005
  3770:  1285138.009  1285141.005  1285146.009  1285153.001  1285166.005
  3775:  1285170.009  1285491.005  1285496.009  1285507.005  1285513.009
  3780:  1285524.005  1285530.009  1285532.005  1285537.009  1285540.005
  3785:  1285556.009  1285557.005  1285564.009  1285565.005  1285572.009
  3790:  1285573.005  1285580.009  1285582.005  1285588.009  1285590.005
  3795:  1285597.009  1285598.005  1285605.009  1285607.005  1285613.009
  3800:  1285615.005  1285622.009  1285624.005  1285630.009  1285632.005
  3805:  1285639.009  1285640.005  1285647.009  1285649.005  1285654.009
  3810:  1285674.005  1285680.009  1285682.005  1285688.009  1285690.005
  3815:  1285739.009  1285749.005  1285755.009  1285758.005  1285763.009
  3820:  1285766.005  1285771.009  1285774.005  1285780.009  1285782.005
  3825:  1285788.009  1285791.005  1285795.009  1285800.005  1285803.009
  3830:  1285816.005  1285822.009  1285824.005  1285830.009  1285833.005
  3835:  1285838.009  1285840.005  1285847.009  1285849.005  1285856.009
  3840:  1285858.005  1285864.009  1285865.005  1285889.009  1285890.005
  3845:  1285905.009  1285907.005  1285914.009  1285915.005  1285922.009
  3850:  1285924.005  1285931.009  1285932.005  1285938.009  1285940.005
  3855:  1285947.009  1285948.005  1285955.009  1285958.005  1285964.009
  3860:  1285966.005  1285972.009  1286007.005  1286014.009  1286015.005
  3865:  1286306.009  1286704.003  1286725.005  1286730.009  1286734.005
  3870:  1286737.009  1286742.005  1286746.009  1286942.005  1286946.009
  3875:  1286949.005  1286957.009  1286958.005  1286964.009  1287762.005
  3880:  1287909.009  1287967.005  1288016.009  1288017.005  1288022.009
  3885:  1288024.005  1288032.009  1288033.005  1288039.009  1288041.005
  3890:  1288047.009  1288051.005  1288054.009  1288059.005  1288064.009
  3895:  1288067.005  1288072.009  1288092.005  1288096.009  1288101.005
  3900:  1288106.009  1288109.005  1288114.009  1288116.005  1288124.009
  3905:  1288125.005  1288132.009  1288133.005  1288139.009  1288141.005
  3910:  1288148.009  1288149.005  1288156.009  1288158.005  1288165.009
  3915:  1288166.005  1288174.009  1288175.005  1288207.009  1288208.005
  3920:  1288224.009  1288225.005  1288229.001  1288231.009  1288233.005
  3925:  1288240.009  1288241.005  1288248.009  1288250.005  1288256.009
  3930:  1288258.005  1288265.009  1288267.005  1288272.009  1288284.005
  3935:  1288288.009  1288334.005  1288339.009  1288342.005  1288347.009
  3940:  1288350.005  1288355.009  1288359.005  1288364.009  1288366.005
  3945:  1288373.009  1288375.005  1288382.009  1288383.005  1288389.009
  3950:  1288391.005  1288398.009  1288400.005  1288423.009  1288425.005
  3955:  1288431.009  1288433.005  1288440.009  1288443.005  1288447.009
  3960:  1288450.005  1288456.009  1288458.005  1288465.009  1288466.005
  3965:  1288474.009  1288475.005  1288482.009  1288483.005  1288490.009
  3970:  1288492.005  1288499.009  1288500.005  1288507.009  1288508.005
  3975:  1288515.009  1288516.005  1288524.009  1288525.005  1288531.009
  3980:  1288533.005  1288549.009  1288550.005  1289007.009  1289008.005
  3985:  1289015.009  1289017.005  1289024.009  1289025.005  1289032.009
  3990:  1289409.005  1289415.009  1289416.005  1289449.003  1289549.009
  3995:  1289550.005  1289599.009  1289600.005  1289607.009  1289609.005
  4000:  1289615.009  1289617.005  1289623.009  1289626.005  1289630.009
  4005:  1289643.005  1289647.009  1289701.005  1289706.009  1289726.005
  4010:  1289731.009  1289734.005  1289740.009  1289742.005  1289748.009
  4015:  1289767.005  1289774.009  1290783.005  1290816.009  1290892.005
  4020:  1290899.009  1290900.005  1291923.009  1292493.005  1292495.009
  4025:  1292668.005  1292674.009  1292676.005  1292872.009  1292880.005
  4030:  1292924.009  1292942.005  1292961.009  1293065.005  1293116.009
  4035:  1293148.005  1293168.009  1293169.005  1293196.009  1293220.005
  4040:  1293292.009  1293302.005  1293316.009  1293327.005  1293556.009
  4045:  1293566.005  1293584.009  1293585.005  1293727.001  1293850.009
  4050:  1293851.005  1293858.009  1293859.005  1293866.009  1293867.005
  4055:  1293874.009  1293876.005  1293882.009  1293885.005  1293890.009
  4060:  1293919.005  1293924.009  1293926.005  1293932.009  1293960.005
  4065:  1293966.009  1293968.005  1293973.009  1293977.005  1293982.009
  4070:  1293985.005  1293991.009  1293993.005  1293999.009  1294019.005
  4075:  1294023.009  1294026.005  1294032.009  1294036.005  1294041.009
  4080:  1294043.005  1294049.009  1294052.005  1294057.009  1294060.005
  4085:  1294066.009  1294069.005  1294073.009  1294076.005  1294083.009
  4090:  1294085.005  1294100.009  1294101.005  1294108.009  1294109.005
  4095:  1294116.009  1294117.005  1294141.009  1294142.005  1294150.009
  4100:  1294151.005  1294157.009  1294159.005  1294166.009  1294168.005
  4105:  1294175.009  1294176.005  1294183.009  1294184.005  1294199.009
  4110:  1294201.005  1294217.009  1294218.005  1294225.009  1294226.005
  4115:  1294233.009  1294234.005  1294241.009  1294243.005  1294250.009
  4120:  1294251.005  1294258.009  1294260.005  1294266.009  1294268.005
  4125:  1294274.009  1294277.005  1294283.009  1294285.005  1294290.009
  4130:  1294293.005  1294299.009  1294310.005  1294316.009  1294318.005
  4135:  1294324.009  1294327.005  1294332.009  1294335.005  1294341.009
  4140:  1294343.005  1294350.009  1294351.005  1294358.009  1294359.005
  4145:  1294366.009  1294368.005  1294374.009  1294376.005  1294383.009
  4150:  1294385.005  1294391.009  1294394.005  1294399.009  1294402.005
  4155:  1294407.009  1294410.005  1294416.009  1294418.005  1294424.009
  4160:  1294426.005  1294433.009  1294434.005  1294441.009  1294443.005
  4165:  1294449.009  1294451.005  1294466.009  1294468.005  1294474.009
  4170:  1294476.005  1294482.009  1294485.005  1294491.009  1294493.005
  4175:  1294499.009  1294501.005  1294508.009  1294509.005  1295480.009
  4180:  1295481.005  1295488.009  1295489.005  1295495.009  1295506.005
  4185:  1295512.009  1295531.005  1295537.009  1295564.005  1295570.009
  4190:  1295768.005  1295773.009  1295776.005  1295782.009  1295784.005
  4195:  1295827.018  1295979.003  1295985.016  1296024.009  1296035.026
  4200:  1296058.005  1297463.009  1297466.005  1297488.009  1297489.005
  4205:  1297502.009  1297544.005  1297555.009  1297599.005  1297613.009
  4210:  1297644.005  1297652.009  1297690.005  1302684.009  1302740.005
  4215:  1302758.009  1302850.005  1302860.009  1302867.005  1303265.001
  4220:  1305042.009  1305043.005  1305049.009  1305052.005  1305055.009
  4225:  1305060.005  1305067.009  1305068.005  1305075.009  1305077.005
  4230:  1305083.009  1305085.005  1305092.009  1305094.005  1305100.009
  4235:  1305101.005  1305109.009  1305110.005  1305117.009  1305118.005
  4240:  1305125.009  1305127.005  1305133.009  1305136.005  1305141.009
  4245:  1305152.005  1305158.009  1305161.005  1305165.009  1305169.005
  4250:  1305175.009  1305176.005  1305184.009  1305185.005  1305276.003
  4255:  1305533.009  1305843.005  1305869.009  1305895.005  1306016.009
  4260:  1306035.005  1306082.009  1306088.005  1306281.001  1307409.009
  4265:  1307410.005  1307417.009  1307428.005  1307433.009  1307444.005
  4270:  1307449.009  1307452.005  1307459.009  1307460.005  1307551.009
  4275:  1307552.005  1307559.009  1307560.005  1307609.009  1307610.005
  4280:  1307617.009  1307618.005  1307626.009  1307627.005  1307642.009
  4285:  1307643.005  1307651.009  1307652.005  1307659.009  1307660.005
  4290:  1307667.009  1307668.005  1307684.009  1307685.005  1307692.009
  4295:  1307694.005  1307700.009  1307701.005  1307717.009  1307719.005
  4300:  1307724.009  1307727.005  1307733.009  1307736.005  1307742.009
  4305:  1307744.005  1307849.003  1308093.009  1308094.005  1308098.009
  4310:  1308419.005  1308425.009  1308426.005  1308963.001  1310206.003
  4315:  1310367.001  1310506.003  1310574.009  1311077.005  1311105.009
  4320:  1311107.005  1311293.009  1311297.005  1311306.009  1311308.005
  4325:  1311316.009  1311583.005  1311605.009  1311980.005  1326093.009
  4330:  1326385.005  1326716.001  1327255.003  1327808.009  1327810.005
  4335:  1327816.009  1327819.005  1327824.009  1327827.005  1327831.009
  4340:  1327836.005  1327841.009  1327852.005  1327858.009  1327860.005
  4345:  1327864.009  1327865.005  1327872.009  1327873.005  1327881.009
  4350:  1327882.005  1327889.009  1327890.005  1327897.009  1327898.005
  4355:  1328027.009  1328038.005  1328066.009  1328089.005  1328200.009
  4360:  1328236.005  1328493.001  1330067.003  1330567.009  1330837.005
  4365:  1331167.001  1332734.003  1332795.009  1332821.005  1332860.009
  4370:  1332896.005  1333313.009  1333536.005  1333548.009  1333568.005
  4375:  1333585.009  1333605.005  1333623.009  1333624.005  1333647.009
  4380:  1333657.005  1333823.009  1333902.005  1333993.009  1333994.005
  4385:  1334266.001  1336279.003  1336544.009  1336586.005  1346335.001
  4390:  1348010.003  1348110.009  1348267.005  1350378.009  1350396.005
  4395:  1350421.009  1350443.005  1350450.009  1350464.005  1350472.009
  4400:  1350474.005  1350480.009  1350504.005  1354973.009  1355032.005
  4405:  1358132.009  1358166.005  1358468.009  1358520.005  1358664.009
  4410:  1359399.005  1367757.009  1367758.005  1370021.001  1370123.003
  4415:  1370300.001  1370390.003  1370522.009  1370716.005  1370763.009
  4420:  1370765.005  1370959.009  1370965.005  1370986.009  1370999.005
  4425:  1371014.009  1371022.005  1371026.009  1371028.005  1371039.009
  4430:  1371056.005  1371108.009  1371122.005  1371138.009  1371139.005
  4435:  1371235.009  1371238.005  1371248.009  1371321.005  1371354.009
  4440:  1371368.005  1371419.009  1371421.005  1371448.009  1371469.005
  4445:  1374846.009  1374861.005  1374877.009  1374882.005  1374937.009
  4450:  1374959.005  1375001.009  1375002.005  1375326.001  1377356.003
  4455:  1377696.009  1377765.005  1377768.009  1377785.005  1377792.009
  4460:  1377799.005  1378128.009  1378148.005  1378168.009  1378172.005
  4465:  1378180.009  1378200.005  1378309.009  1378325.005  1378659.001
  4470:  1380242.003  1381330.001  1382789.003  1383516.001  1385139.003
  4475:  1386109.001  1387508.003  1387868.009  1387942.005  1387998.009
  4480:  1388565.005  1388634.009  1388659.005  1388942.001  1390824.003
  4485:  1391445.009  1391497.005  1391505.009  1391544.005  1391561.009
  4490:  1391578.005  1391617.009  1391659.005  1391910.009  1391911.005
  4495:  1392565.009  1392596.005  1392627.009  1392653.005  1392696.009
  4500:  1392705.005  1392737.009  1392838.005  1392869.009  1392986.005
  4505:  1393020.009  1393196.005  1393277.009  1393278.005  1393367.009
  4510:  1393397.005  1393468.009  1393519.005  1393643.009  1393655.005
  4515:  1393958.001  1395671.003  1395824.001  1395972.003  1396082.009
  4520:  1396098.005  1396995.009  1397016.005  1397689.009  1397698.005
  4525:  1397989.001  1399939.003  1400200.009  1400235.005  1400241.009
  4530:  1400260.005  1400267.009  1400268.005  1400283.009  1400285.005
  4535:  1400292.009  1400293.005  1400300.009  1400301.005  1400308.009
  4540:  1400310.005  1400316.009  1400716.005  1400787.009  1400860.005
  4545:  1401111.001  1402497.003  1402528.001  1402824.003  1403237.009
  4550:  1403273.005  1403689.009  1403765.005  1403866.009  1403922.005
  4555:  1403940.009  1403951.005  1404975.001  1406916.003  1407078.009
  4560:  1407172.005  1407220.009  1407239.005  1407469.009  1407497.005
  4565:  1407878.009  1407885.005  1407900.009  1407920.005  1408174.001
  4570:  1410101.003  1410389.009  1410429.005  1410437.009  1410486.005
  4575:  1410840.009  1410851.005  1413819.001  1413916.003  1416891.009
  4580:  1416955.005  1417213.009  1417233.005  1417248.009  1417258.005
  4585:  1417265.009  1417283.005  1417330.009  1417337.005  1417344.009
  4590:  1417353.005  1417358.009  1417394.005  1417407.009  1417431.005
  4595:  1417438.009  1417449.005  1417461.009  1417470.005  1417493.009
  4600:  1417533.005  1417601.009  1417605.005  1418714.001  1418772.003
  4605:  1419268.009  1419280.005  1419315.009  1419328.005  1419924.009
  4610:  1419953.005  1422917.009  1422956.005  1423000.009  1423022.005
  4615:  1423299.009  1423302.005  1423312.009  1423320.005  1423652.001
  4620:  1425752.018  1425874.003  1425880.016  1425930.026  1425952.009
  4625:  1425959.005  1427246.009  1427249.005  1427795.009  1427805.005
  4630:  1427818.009  1427824.005  1427861.009  1427866.005  1427876.009
  4635:  1427889.005  1427905.009  1427917.005  1428064.009  1428068.005
  4640:  1428237.009  1428239.005  1428277.009  1428332.005  1428342.009
  4645:  1428422.005  1428439.009  1428442.005  1428693.009  1428851.005
  4650:  1428876.009  1428902.005  1428904.009  1428927.005  1429163.001
  4655:  1430644.003  1430698.001  1430847.003  1430895.009  1430965.005
  4660:  1430973.009  1431001.005  1431047.009  1431087.005  1431094.009
  4665:  1431099.005  1431117.009  1431160.005  1431179.009  1431221.005
  4670:  1431255.009  1431256.005  1431319.009  1431320.005  1431327.009
  4675:  1431329.005  1431594.001  1433159.003  1433402.001  1433627.003
  4680:  1433713.009  1433724.005  1433748.009  1433749.005  1433764.009
  4685:  1433832.005  1434253.001  1435569.003  1435769.001  1435853.003
  4690:  1436506.001  1438582.003  1439860.009  1439996.005  1440054.009
  4695:  1440069.005  1440098.009  1440119.005  1440312.001  1441999.003
  4700:  1442699.001  1444011.003  1444285.009  1444298.005  1444964.009
  4705:  1444970.005  1444995.009  1445017.005  1445376.001  1446934.003
  4710:  1447789.009  1447796.005  1447839.009  1447931.005  1448634.001
  4715:  1448932.003  1449138.001  1449625.003  1449972.009  1450191.005
  4720:  1450976.009  1450977.005  1450996.009  1450999.005  1451506.009
  4725:  1451508.005  1451527.009  1451530.005  1451568.009  1451586.005
  4730:  1451631.009  1451638.005  1451649.009  1451650.005  1451687.009
  4735:  1451695.005  1451707.009  1451709.005  1451917.009  1451925.005
  4740:  1451940.009  1451954.005
B:
     0:        0.000      328.000        0.000      328.000        0.000
     5:     2009.000        0.000        0.000        0.000     2008.000
    10:        0.000        1.000        0.000        1.000        0.000
    15:        0.000       22.000        1.000       22.000        0.000
    20:        0.000        0.000        0.000        0.000        0.000
    25:        0.000       22.000        0.000        0.000        0.000
    30:        0.000
D:
     0:  3365607.000  3365121.000  3365608.000
E:
     0:     1850.000     2100.000
T:
     0:        0.000        0.000        0.000        0.000
W:
     0:        0.000        2.000        0.000
