File: C:\MED-PC IV\Data\Reyes\BB\BB2113.999


Start Date: 07/05/25
End Date: 07/05/25
Subject: 113
Experiment: BB
Group: NO_TIMEOUT
Box: 3
Start Time: 16:25:40
End Time: 17:15:40
MSN: DRRD_lin
C:       0.000
F:       0.000
G:       0.000
H:       0.000
I:       0.000
J:       0.000
K:    3600.000
L:       0.000
M:       0.000
N:       0.000
O:       0.000
P:       0.000
Q:       0.000
R:       0.000
S:       0.000
U: 5695322.000
V:       0.000
X:       0.000
Y:    2345.000
Z:       0.000
A:
     0:     3403.005     3425.009     3493.005     3688.009     3694.005
     5:     3703.009     4057.005     4550.009     9174.005     9318.009
    10:     9346.005     9420.009     9590.005    10129.009    10148.005
    15:    10320.009    10747.001    10882.003    10916.001    11012.003
    20:    11031.001    11276.003    11284.001    11425.003    11448.001
    25:    11809.003    11986.001    12085.003    12094.001    12176.003
    30:    14149.005    14156.009    14266.005    14315.009    14335.005
    35:    14347.009    14817.005    14843.009    14867.005    15000.013
    40:    15000.011    15002.009    15055.005    15145.009    15252.005
    45:    15271.009    15298.005    15812.009    17585.001    17790.003
    50:    17845.001    17988.003    18175.001    18235.003    18253.001
    55:    18633.003    19018.001    19092.003    19101.001    19355.003
    60:    19388.001    20025.003    20203.001    22003.018    22714.003
    65:    22720.016    22770.026    22846.005    23826.009    25138.001
    70:    25154.003    25201.001    25253.003    25273.001    25989.003
    75:    26016.001    26121.003    26141.001    26466.003    26787.001
    80:    28022.003    28454.001    29166.003    29174.001    29839.003
    85:    30176.001    30201.003    30213.001    30236.003    30315.001
    90:    31651.003    32011.001    33136.003    33617.001    34903.003
    95:    35129.001    35227.003    35245.001    36562.003    36573.001
   100:    36588.003    36593.001    36973.003    37047.001    37121.003
   105:    37487.005    37940.009    38353.001    38430.003    38555.001
   110:    38652.003    38671.001    38695.003    38716.001    38756.003
   115:    38772.001    38792.003    38820.001    38856.003    38898.001
   120:    40025.003    40376.005    40484.009    40767.001    40988.003
   125:    41037.001    42005.003    42585.001    42645.003    42678.001
   130:    43539.003    43798.001    44757.003    44814.001    44921.003
   135:    44940.001    45066.003    45122.001    45170.003    45240.001
   140:    45285.003    45336.001    45420.003    45453.001    45955.003
   145:    46653.005    46731.009    49214.001    50686.003    51011.001
   150:    51140.003    51173.001    51229.003    51265.001    51511.003
   155:    51523.001    51635.003    51682.001    52817.003    53283.001
   160:    53332.003    53447.001    53903.003    54120.001    55180.003
   165:    55505.001    55527.003    55689.001    55711.003    55758.001
   170:    56311.003    56357.005    56578.009    56928.001    58176.003
   175:    58421.001    58473.003    58510.001    58658.003    58678.001
   180:    58700.003    58753.001    59392.003    60136.001    60209.003
   185:    60265.001    60298.003    60449.001    61728.003    61980.001
   190:    62882.003    63355.001    63431.003    63455.001    64354.003
   195:    67101.001    68372.003    75894.005    75903.009    75959.005
   200:    76179.009    76182.005    76266.009    76287.005    76599.009
   205:    76610.005    77503.009    77509.005    77540.009    77557.005
   210:    77572.009    77581.005    77588.009    77595.005    77604.009
   215:    78891.005    78918.009    78928.005    78945.009    79282.001
   220:    80073.003    80516.001    80578.003    80626.001    80705.003
   225:    80723.001    82309.003    82810.001    83571.003    83698.001
   230:    84073.003    85134.005    85146.009    85178.005    85864.009
   235:    86218.001    86275.003    86363.001    86604.003    86796.001
   240:    87849.003    88210.001    88233.003    88725.001    88769.003
   245:    89208.001    89422.003    90099.001    90187.003    95062.001
   250:    95696.003    95753.001    95885.003    95976.001    96123.003
   255:    96183.001    96282.003    96702.001    96779.003    96827.005
   260:    96849.009    96865.005    96996.009    97002.005    97262.009
   265:   100645.005   100793.009   100808.005   101005.009   101094.005
   270:   101097.009   101115.005   101365.009   101919.001   102548.003
   275:   102590.001   102656.003   102789.001   103318.003   103616.001
   280:   104335.003   104347.001   104763.003   104964.005   105093.009
   285:   105297.001   105687.003   106318.001   106362.003   106406.001
   290:   106924.003   108524.005   108651.009   108678.005   108768.009
   295:   108770.005   108859.009   110561.005   110811.009   111114.001
   300:   111653.003   111912.001   112046.003   112049.001   112799.003
   305:   113010.001   113452.003   113459.001   114581.003   114787.005
   310:   114945.009   115269.001   115597.003   115607.001   116384.003
   315:   116753.001   118000.003   118013.001   118115.003   119759.001
   320:   120215.003   120244.001   121248.003   121464.005   122034.009
   325:   128843.005   128863.009   132035.005   132119.009   133444.001
   330:   134577.003   135004.001   135030.003   135057.001   135115.003
   335:   135148.001   135215.003   135251.001   136137.003   136616.001
   340:   136713.003   136785.001   137420.003   138057.001   138175.003
   345:   138241.001   138992.003   139064.001   139156.003   139190.001
   350:   139268.003   139374.001   139794.003   141665.001   141822.003
   355:   142061.001   142106.003   142200.001   142264.003   142737.005
   360:   142871.009   143147.001   143511.003   143548.001   143572.003
   365:   143626.001   143708.003   143766.001   144650.003   144934.005
   370:   145070.009   145102.005   145117.009   145143.005   145846.009
   375:   145847.005   146110.009   146250.005   146258.009   146271.005
   380:   146404.009   146674.001   146760.003   146784.001   147434.003
   385:   147466.001   147524.003   147649.001   149133.003   149158.001
   390:   150431.003   150653.005   150684.009   150793.005   150835.009
   395:   151162.005   151216.009   169945.001   170061.003   170100.001
   400:   171158.003   171890.001   172504.003   172528.001   173656.003
   405:   174187.001   174832.003   174859.001   174931.003   174963.001
   410:   175515.003   175516.005   175550.009   175565.005   175894.009
   415:   175957.005   175964.009   176456.001   176943.003   192804.005
   420:   192856.009   192857.005   193098.009   193413.005   193428.009
   425:   193450.005   193465.009   193857.001   194046.003   194134.001
   430:   195294.003   195395.001   195423.003   195475.001   196681.003
   435:   197024.005   197246.009   197670.001   197759.003   197779.001
   440:   198728.003   199061.001   199114.003   199142.001   200046.003
   445:   200305.001   200539.003   200610.001   200675.003   200736.001
   450:   202483.003   202966.005   203317.009   203760.001   203959.003
   455:   204063.001   205274.003   205687.001   205723.003   205743.001
   460:   207543.018   207587.003   207593.016   207643.026   207880.005
   465:   208704.009   208816.005   208850.009   208983.005   209413.009
   470:   210147.001   210206.003   210238.001   211660.003   212426.001
   475:   213429.003   214057.001   214119.003   214135.001   214603.003
   480:   214611.001   214656.003   214675.001   215583.003   216394.001
   485:   217415.003   217688.001   218921.003   220007.001   220092.003
   490:   220097.001   220854.003   222558.001   222759.003   222773.001
   495:   223218.003   223805.001   223858.003   223891.001   224773.003
   500:   225492.001   226301.003   226641.001   227305.003   227974.001
   505:   228518.003   228552.001   228587.003   229253.005   229360.009
   510:   229804.001   230994.003   231013.001   231603.003   232991.001
   515:   233231.003   233252.001   234038.003   234381.005   234541.009
   520:   234550.005   234666.009   235098.001   235838.003   235942.001
   525:   236080.003   236123.001   236550.003   238208.001   238250.003
   530:   238288.001   239461.003   240710.001   241011.003   241846.001
   535:   242727.003   243422.001   244248.003   245088.005   245535.009
   540:   246001.001   246716.003   246784.001   246973.003   247731.001
   545:   247986.003   250308.001   250514.003   251410.005   251687.009
   550:   251949.001   252912.003   253144.001   253195.003   253237.001
   555:   254183.003   255342.001   256021.003   256142.001   257624.003
   560:   258346.005   258365.009   258388.005   258422.009   258423.005
   565:   258468.009   259090.001   260050.003   261132.001   261207.003
   570:   261244.001   262135.003   262792.001   263775.003   263858.001
   575:   263942.003   263976.001   264650.003   264683.001   264952.003
   580:   265396.005   265422.009   265493.005   265519.009   265541.005
   585:   265559.009   265628.005   265655.009   266002.005   266398.009
   590:   266752.001   268117.003   268916.001   269083.003   269456.001
   595:   269509.003   269936.001   271231.003   271979.001   272563.003
   600:   273930.001   274616.003   274854.005   274896.009   274901.005
   605:   274909.009   274912.005   274936.009   274941.005   275007.009
   610:   275244.001   276306.003   276912.001   278350.003   278859.001
   615:   279492.003   279806.001   281305.003   289787.005   289821.009
   620:   289913.005   289942.009   289945.005   290071.009   290548.001
   625:   290762.003   290862.001   292071.003   292357.005   292392.009
   630:   292907.001   294026.003   294381.005   294781.009   295375.001
   635:   297175.018   297230.003   297236.016   297286.026   297374.005
   640:   298242.009   298253.005   298341.009   299898.001   300991.003
   645:   301033.001   301818.003   303050.001   303656.003   304700.001
   650:   305634.003   306221.001   307574.003   308555.001   308652.003
   655:   308682.001   308756.003   308807.001   309286.003   309510.001
   660:   310142.003   310924.001   312022.003   312222.001   312294.003
   665:   312313.001   312448.003   312468.001   313174.003   314374.001
   670:   315828.003   315864.001   316651.003   317484.001   317530.003
   675:   317559.001   318555.003   319101.001   319202.003   319329.001
   680:   320499.003   321294.001   322264.003   322696.001   322755.003
   685:   322799.001   323902.003   324908.001   325661.003   326348.001
   690:   326459.003   326476.001   327226.003   327753.001   327915.003
   695:   327952.001   328383.003   328797.001   330099.003   331006.001
   700:   331908.003   332499.001   332583.003   332607.001   332749.003
   705:   332766.001   333351.003   333623.005   333955.009   334291.005
   710:   334442.009   336639.001   337779.003   338282.001   339039.003
   715:   339739.005   339757.009   339779.005   339803.009   339863.005
   720:   340424.009   341101.001   341150.003   341187.001   342086.003
   725:   343084.001   343207.003   343318.001   344440.003   344950.001
   730:   346502.003   347464.001   347616.003   347662.001   348671.003
   735:   349216.001   349873.003   350987.001   351879.003   353200.001
   740:   353278.003   353327.001   353924.003   354032.001   354058.003
   745:   354083.001   354510.003   355192.001   355863.003   357454.001
   750:   358336.003   359397.001   359475.003   359622.001   360872.003
   755:   362021.001   362404.003   362435.001   363270.003   363993.001
   760:   364040.003   364067.001   364794.003   365561.001   365713.003
   765:   365747.001   365898.003   365926.001   366731.003   367237.001
   770:   368620.003   370148.005   370234.009   370877.001   372244.003
   775:   372927.001   373865.003   374595.001   375819.003   376604.001
   780:   376647.003   376673.001   378007.003   378929.001   380271.003
   785:   380791.001   381810.003   382022.005   382493.009   382777.005
   790:   382788.009   383149.005   383163.009   384388.001   384503.003
   795:   384543.001   384682.003   384710.001   385006.003   385575.001
   800:   386837.003   386936.001   387054.003   387117.001   387844.003
   805:   387936.001   387969.003   388803.005   388948.009   389295.001
   810:   390199.003   390759.001   391618.003   391722.001   392744.003
   815:   393220.001   394307.003   394343.001   394443.003   394481.001
   820:   394789.003   395275.005   395407.009   395858.001   397499.003
   825:   398389.001   398443.003   398455.001   399182.003   399498.001
   830:   400744.003   401428.001   401454.003   401781.001   402661.003
   835:   402764.001   402813.003   403149.001   404074.003   404379.001
   840:   404989.003   405689.001   405843.003   405997.001   406148.003
   845:   406976.005   406983.009   431644.005   432020.009   432078.005
   850:   432145.009   432148.005   432545.009   433186.001   434241.003
   855:   434553.005   434640.009   435031.001   436125.003   436541.001
   860:   437683.003   438250.001   439280.003   439661.005   440046.009
   865:   440080.005   440111.009   440454.001   441400.003   441672.001
   870:   442543.003   443043.001   443888.003   444731.001   444765.003
   875:   444837.001   446040.003   446970.001   447070.003   447156.001
   880:   447678.003   448034.001   448126.003   448169.001   448220.003
   885:   448250.001   449105.003   450059.001   450464.003   450573.001
   890:   451064.003   454011.001   454769.003   455156.001   456324.003
   895:   457113.001   457228.003   457258.001   458356.003   458942.001
   900:   459056.003   459063.001   460041.003   461082.001   462246.003
   905:   462567.001   463563.003   463593.001   463785.003   464657.001
   910:   465595.003   465967.005   466194.009   466215.005   466328.009
   915:   466738.001   466775.003   466812.001   467800.003   468275.001
   920:   469652.003   470434.001   470487.003   470588.001   470671.003
   925:   470868.001   471269.003   471801.001   472606.003   472647.001
   930:   472852.003   473191.001   473266.003   473358.001   473732.003
   935:   475095.001   475143.003   476107.001   476180.003   476269.001
   940:   476387.003   477079.005   477348.009   488449.005   488645.009
   945:   489212.001   489566.003   489587.001   489719.003   490427.001
   950:   490513.003   490562.001   491188.003   491239.001   491883.003
   955:   492185.001   492266.003   492955.001   493739.003   496749.001
   960:   497742.003   498219.005   498412.009   498673.001   498830.003
   965:   498861.001   499146.003   499857.001   499907.003   500351.001
   970:   501478.003   502141.001   503123.003   503477.001   503626.003
   975:   503643.001   503933.003   504155.001   504711.003   504730.001
   980:   505691.003   505728.001   505826.003   506865.001   507809.003
   985:   508254.005   508283.009   508456.005   508904.009   509181.005
   990:   509192.009   509193.005   509200.009   509219.005   509239.009
   995:   509771.001   510564.003   510594.001   511191.003   511240.001
  1000:   511291.003   511652.001   512256.003   512472.001   512624.003
  1005:   513716.001   514335.005   514400.009   514512.005   514619.003
  1010:   515140.009   515675.001   515739.003   515754.001   516848.003
  1015:   517290.001   517323.003   517394.001   517511.003   517525.001
  1020:   518576.003   519039.001   519159.003   519530.001   520071.003
  1025:   520359.001   520390.003   520448.001   521422.003   521495.001
  1030:   521783.003   522410.001   523527.003   523564.001   524129.003
  1035:   524763.001   524815.003   524830.001   525034.003   525207.001
  1040:   525353.003   526023.001   526871.003   527182.001   527256.003
  1045:   527356.001   527420.003   527479.001   527761.003   528101.001
  1050:   528692.003   529727.001   529919.003   530935.001   531938.003
  1055:   531955.001   532116.003   532203.001   532493.003   532666.005
  1060:   532686.009   532700.005   532865.009   533411.001   533581.003
  1065:   533594.001   534162.003   534217.001   534450.003   534490.001
  1070:   535153.003   535583.001   535899.003   535977.001   536083.003
  1075:   536521.005   536898.009   544408.005   544416.009   544445.005
  1080:   544600.009   544634.005   544655.009   545666.001   546844.003
  1085:   547293.001   548288.003   548812.001   548885.003   549158.001
  1090:   549799.003   550302.001   551082.003   551609.001   552502.003
  1095:   552948.005   552964.009   552990.005   553030.009   553589.001
  1100:   554515.003   555020.001   555516.003   555874.001   556544.003
  1105:   556602.001   556681.003   557098.001   557128.003   557152.001
  1110:   558274.003   558762.001   559942.003   561185.001   561721.003
  1115:   561747.001   562150.003   562185.001   562444.003   562471.001
  1120:   562485.003   562846.005   563388.009   563435.005   563659.009
  1125:   563879.005   563883.009   563895.005   563943.009   563948.005
  1130:   564661.009   564697.005   564708.009   565057.001   565086.003
  1135:   565155.001   566063.003   566550.001   567459.003   568605.001
  1140:   569306.003   569923.001   570918.003   572254.001   572897.005
  1145:   573004.003   573026.009   573854.001   574590.003   574630.001
  1150:   574881.003   575046.001   575804.003   576290.001   576584.003
  1155:   595019.005   595033.009   595101.005   595114.009   595116.005
  1160:   595171.009   595823.001   596850.003   601225.001   601254.003
  1165:   602958.001   603020.003   603031.001   603122.003   603162.001
  1170:   604173.003   604612.001   605150.003   605643.001   605945.003
  1175:   605966.001   606280.003   606338.001   606714.003   607081.001
  1180:   607122.003   607154.001   607683.003   607977.005   608095.009
  1185:   622725.005   622745.009   622775.005   622794.009   623562.001
  1190:   623597.003   623625.001   623687.003   623709.001   624590.003
  1195:   625693.005   625821.009   627830.001   628192.003   628217.001
  1200:   629276.003   632525.005   632560.009   632639.005   632642.009
  1205:   632647.005   632977.009   633206.001   634178.003   634204.001
  1210:   634481.003   634507.001   634607.003   634625.001   635997.003
  1215:   636145.005   636170.009   636171.005   636278.009   636545.005
  1220:   636877.009   636959.005   636979.009   637036.005   637060.009
  1225:   639348.005   639386.009   639415.005   639427.009   639428.005
  1230:   639438.009   639442.005   639454.009   639457.005   639565.009
  1235:   673122.005   673149.009   673177.005   673855.009   673900.005
  1240:   674536.009   674543.005   674552.009   675074.001   676244.003
  1245:   676835.001   677916.003   678810.005   678918.009   679264.001
  1250:   679903.003   681395.001   682423.003   683272.001   683375.003
  1255:   683403.001   684373.003   685383.001   685776.003   685836.001
  1260:   686179.003   686754.001   687431.003   687751.005   688316.009
  1265:   749072.001   749846.003   750813.001   751849.003   752559.001
  1270:   752609.003   752645.001   753252.003   755135.001   755550.003
  1275:   756277.005   756288.009   756301.005   756528.009   757035.001
  1280:   757584.003   757631.001   759027.003   760307.001   762010.003
  1285:   762629.001   763743.003   763988.005   764010.009   764042.005
  1290:   764675.009   765704.001   766641.003   766975.001   767311.003
  1295:   768732.001   769146.005   769152.009   769180.005   769186.003
  1300:   769418.009   855003.005   855027.009   855030.005   855071.009
  1305:   855082.005   855094.009   855110.005   855120.009   855201.005
  1310:   856584.009   856771.005   858213.009   858866.001   860666.018
  1315:   862152.003   862158.016   862208.026   862573.005   864421.009
  1320:   865460.001   866949.003   867277.005   867474.009   867519.005
  1325:   867616.009   868027.001   869414.003   869466.001   869685.003
  1330:   870038.001   871838.018   872283.003   872289.016   872339.026
  1335:   872463.005   873712.009   875020.001   875224.003   876729.001
  1340:   877729.003   878363.001   879590.003   880184.001   881521.003
  1345:   882206.001   883073.003   883610.005   884244.009   884691.001
  1350:   885296.003   885347.001   885369.003   885401.001   886590.003
  1355:   887614.001   887651.003   887855.001   888364.003   888839.001
  1360:   890513.003   891531.001   892374.003   893815.001   894543.003
  1365:   895231.001   895410.003   896200.005   896496.009   898530.001
  1370:   899073.003   899909.001   900873.003   903127.005   903826.009
  1375:   904260.001   904326.003   904395.001   904471.003   904702.001
  1380:   905983.003   906179.001   906696.003   907522.001   908724.003
  1385:   908978.001   909055.003   909091.001   909880.003   910862.001
  1390:   910890.003   910922.001   911978.003   912599.001   913485.003
  1395:   914297.001   915464.003   916202.001   916246.003   916287.001
  1400:   917461.003   918751.001   918804.003   918836.001   920108.003
  1405:   921371.001   922115.003   922957.001   923798.003   923924.001
  1410:   923961.003   924306.001   924712.003   925415.001   925900.003
  1415:   926642.001   926789.003   926811.001   926832.003   926912.001
  1420:   927007.003   927112.001   927339.003   927754.001   928497.003
  1425:   929186.001   929813.003   930816.005   930926.009   931788.005
  1430:   931964.009   932582.001   934030.003   935174.001   936089.003
  1435:   936603.001   938403.018   938988.003   938994.016   939044.026
  1440:   939126.005   939911.009   939917.005   940582.009   941710.001
  1445:   943172.003   943232.001   943315.003   943373.001   943434.003
  1450:   943928.001   944323.003   945386.001   945951.003   946504.001
  1455:   947606.003   948204.005   948379.009   948734.001   949671.003
  1460:   950365.001   951681.003   952833.001   953639.003   954732.001
  1465:   954829.003   954847.001   955869.003   956581.001   956758.003
  1470:   956772.001   958184.003   958242.001   958324.003   959008.005
  1475:   959374.009   959870.001   960049.003   960098.001   960132.003
  1480:   960150.001   960623.003   961487.001   961592.003   961619.001
  1485:   961770.003   961797.001   962703.003   964097.001   964129.003
  1490:   964145.001   964629.003   966506.001   966643.003   966715.001
  1495:   967450.003   967620.001   967901.003   969324.001   970317.003
  1500:   972603.001   973537.003   974358.005   975207.009   975209.005
  1505:   975213.009   975218.005   975242.009   975254.005   975264.009
  1510:   975286.005   975328.009   975332.005   975373.009   975936.005
  1515:   975940.009   976028.005   976037.009   976059.005   976549.009
  1520:   977270.001   977369.003   977397.001   978083.003   978101.001
  1525:   978413.003   978603.001   978653.003   978750.001   978805.003
  1530:   978903.001   979539.003   981184.001   982732.003   984366.001
  1535:   984621.003   984644.001   984731.003   985617.005   985970.009
  1540:   986532.001   987450.003   988684.001   989607.003   990640.005
  1545:   990996.009   991603.001   992403.003   993015.001   994780.003
  1550:   995747.001   996315.003   996334.001   997159.003   998311.001
  1555:   999289.003   999434.001  1000530.003  1000638.001  1000794.003
  1560:  1000914.001  1001534.003  1003267.001  1003462.003  1004678.005
  1565:  1004687.009  1004690.005  1005050.009  1005378.001  1005431.003
  1570:  1005482.001  1005560.003  1005590.001  1005857.003  1005898.001
  1575:  1007099.003  1007187.001  1007248.003  1007348.001  1007428.003
  1580:  1007484.001  1007908.003  1008274.005  1008297.009  1008315.005
  1585:  1008417.009  1008882.001  1009977.003  1010654.001  1010890.003
  1590:  1010930.001  1011209.003  1011250.001  1011346.003  1011364.001
  1595:  1012117.003  1012535.005  1012751.009  1012774.005  1012941.009
  1600:  1013265.001  1014124.003  1014643.001  1015335.003  1015522.005
  1605:  1015966.009  1016327.001  1017707.003  1019965.001  1020020.003
  1610:  1020223.001  1021463.003  1021485.001  1021594.003  1023103.001
  1615:  1024115.003  1024171.001  1024362.003  1025649.001  1027449.018
  1620:  1027467.003  1027473.016  1027523.026  1027655.005  1028909.009
  1625:  1028914.005  1029052.009  1029987.001  1030951.003  1031298.001
  1630:  1031352.003  1031946.001  1033027.003  1033776.001  1033927.003
  1635:  1034024.001  1034069.003  1034144.001  1034174.003  1034204.001
  1640:  1034663.003  1034950.005  1034982.009  1035627.001  1036593.003
  1645:  1037588.001  1038414.003  1041064.001  1041250.003  1041600.001
  1650:  1041838.003  1042619.001  1042676.003  1042724.001  1042943.003
  1655:  1043091.001  1043209.003  1043374.001  1043434.003  1043916.001
  1660:  1044225.003  1044510.001  1044987.003  1045008.001  1045028.003
  1665:  1045170.001  1045488.003  1046268.001  1046352.003  1046571.001
  1670:  1047314.003  1048431.001  1048842.003  1049022.001  1049369.003
  1675:  1049566.001  1049795.003  1051708.001  1053281.003  1053967.001
  1680:  1055042.003  1055497.001  1055675.003  1055688.001  1056315.003
  1685:  1056520.001  1056547.003  1056570.001  1056996.003  1057020.001
  1690:  1057873.003  1058326.005  1058478.009  1058868.001  1058982.003
  1695:  1059010.001  1059926.003  1060380.001  1061443.003  1061938.001
  1700:  1063021.003  1063336.001  1063392.003  1063399.001  1064029.003
  1705:  1064800.001  1065436.003  1066362.001  1066916.003  1066931.001
  1710:  1068631.003  1068652.001  1069281.003  1069309.001  1069353.003
  1715:  1069550.001  1069806.003  1069839.001  1070152.003  1070175.001
  1720:  1071089.003  1071132.001  1071435.003  1072237.001  1073407.003
  1725:  1073455.001  1074065.003  1075287.005  1075330.009  1075334.005
  1730:  1075391.009  1075988.001  1077240.003  1077278.001  1077804.003
  1735:  1078082.001  1078460.003  1078671.001  1079807.003  1081119.001
  1740:  1081192.003  1081217.001  1081271.003  1081320.001  1081843.003
  1745:  1081859.001  1082601.003  1083571.001  1084149.003  1084811.005
  1750:  1085124.009  1085619.001  1086482.003  1086578.001  1086974.003
  1755:  1086994.001  1087125.003  1087856.001  1087971.003  1088257.001
  1760:  1089469.003  1089588.001  1089821.003  1090930.001  1092129.003
  1765:  1092184.001  1092226.003  1093035.001  1093983.003  1094036.001
  1770:  1094146.003  1094381.001  1095123.003  1095177.001  1095294.003
  1775:  1095351.001  1095960.003  1097651.005  1097781.009  1098804.001
  1780:  1099607.003  1100824.001  1101699.003  1101727.001  1102156.003
  1785:  1102492.005  1103000.009  1103008.005  1103052.009  1103054.005
  1790:  1103084.009  1103085.005  1103105.009  1103706.001  1104652.003
  1795:  1105471.001  1105541.003  1105585.001  1106676.003  1106718.001
  1800:  1106771.003  1106882.001  1107217.003  1107229.001  1107272.003
  1805:  1107395.001  1108301.003  1109357.001  1110594.003  1110649.001
  1810:  1111152.003  1112002.001  1112304.003  1112520.001  1112568.003
  1815:  1112599.001  1113354.003  1113970.001  1114171.003  1114304.001
  1820:  1114539.003  1114548.001  1114629.003  1114646.001  1116420.003
  1825:  1116439.001  1117068.003  1118314.005  1118441.009  1118451.005
  1830:  1118864.009  1119356.001  1119407.003  1119564.001  1119588.003
  1835:  1119618.001  1120481.003  1121033.005  1121218.009  1126862.005
  1840:  1126908.009  1126911.005  1126973.009  1127205.005  1127384.009
  1845:  1128034.001  1128115.003  1128186.001  1128940.003  1129485.001
  1850:  1129545.003  1129588.001  1129829.003  1129881.001  1130544.003
  1855:  1130573.001  1130593.003  1131712.005  1131729.009  1132256.001
  1860:  1133494.003  1133530.001  1133650.003  1133791.001  1133835.003
  1865:  1133885.001  1134136.003  1134217.001  1134806.003  1135189.001
  1870:  1135206.003  1135409.001  1136257.003  1136298.001  1136353.003
  1875:  1136876.001  1138676.018  1139040.003  1139046.016  1139086.001
  1880:  1139096.026  1139241.003  1139265.001  1139339.003  1139780.001
  1885:  1139904.003  1142485.005  1142499.009  1142509.005  1144031.009
  1890:  1145151.001  1146062.003  1146473.001  1147679.003  1148184.001
  1895:  1149339.003  1150305.001  1150633.003  1150636.001  1151465.003
  1900:  1152096.005  1152766.009  1153144.001  1153235.003  1153247.001
  1905:  1153327.003  1153487.001  1155287.018  1155508.003  1155514.016
  1910:  1155541.001  1155564.026  1155632.003  1155710.005  1157501.009
  1915:  1157507.005  1157522.009  1157760.005  1158176.009  1158666.001
  1920:  1159802.003  1160161.005  1160171.009  1160179.005  1160215.009
  1925:  1160662.001  1160944.003  1160980.001  1161665.003  1161826.001
  1930:  1161861.003  1162203.001  1162230.003  1162255.001  1162472.003
  1935:  1162792.001  1163327.003  1163929.001  1164156.003  1164179.001
  1940:  1165069.003  1165802.001  1166038.003  1166217.001  1166474.003
  1945:  1166632.001  1166841.003  1166865.001  1167116.003  1167818.001
  1950:  1168266.003  1168370.001  1168670.003  1168694.001  1169165.003
  1955:  1169226.001  1169270.003  1169622.001  1170312.003  1171097.001
  1960:  1171317.003  1171417.001  1171491.003  1171661.001  1172078.003
  1965:  1172702.001  1173643.003  1174096.001  1175183.003  1175537.005
  1970:  1175786.009  1176173.001  1177321.003  1177886.001  1178048.003
  1975:  1178360.001  1179396.003  1179911.001  1181148.003  1181931.001
  1980:  1182355.003  1182945.005  1183207.009  1183722.001  1184762.003
  1985:  1185420.001  1185473.003  1185729.001  1186169.003  1187043.005
  1990:  1187333.009  1187862.001  1188395.003  1189078.001  1189507.003
  1995:  1190334.001  1190772.003  1190788.001  1191058.003  1191533.005
  2000:  1192377.009  1192500.005  1192515.009  1192767.005  1192791.009
  2005:  1198385.001  1198983.003  1199816.001  1200171.003  1200663.001
  2010:  1201521.003  1202861.001  1203694.003  1203731.001  1203902.003
  2015:  1204553.001  1204980.003  1204995.001  1205869.003  1206628.001
  2020:  1207304.003  1207334.001  1207448.003  1207929.005  1207961.009
  2025:  1207983.005  1208012.009  1208386.001  1208433.003  1208463.001
  2030:  1209292.003  1209836.001  1210578.003  1210601.001  1210877.003
  2035:  1210893.001  1211301.003  1211937.005  1212144.009  1212636.001
  2040:  1213204.003  1213444.001  1213467.003  1213602.001  1213666.003
  2045:  1213697.001  1213884.003  1213900.001  1214481.003  1216179.001
  2050:  1216589.003  1216745.001  1216829.003  1218064.005  1218224.009
  2055:  1219842.001  1220911.003  1222145.005  1222605.009  1223142.001
  2060:  1223227.003  1223329.001  1223450.003  1223460.001  1223846.003
  2065:  1223882.001  1224680.003  1224789.001  1224942.003  1225581.001
  2070:  1226055.003  1226124.001  1226259.003  1226880.001  1227786.003
  2075:  1227886.001  1227949.003  1228313.001  1228454.003  1228493.001
  2080:  1228523.003  1229415.005  1229662.009  1232875.005  1232971.009
  2085:  1233020.005  1233089.009  1233571.001  1234125.003  1234180.001
  2090:  1234489.003  1235323.005  1235703.009  1236338.001  1237153.003
  2095:  1237713.001  1238834.003  1239190.005  1239436.009  1239713.001
  2100:  1239890.003  1239941.001  1240174.003  1250704.005  1250839.009
  2105:  1251286.001  1251747.003  1251762.001  1252464.003  1253185.005
  2110:  1253989.009  1254714.001  1254989.003  1255468.001  1255570.003
  2115:  1256465.001  1256795.003  1256829.001  1257321.003  1258237.005
  2120:  1258375.009  1261677.001  1262671.003  1263792.005  1263939.009
  2125:  1264203.001  1264396.003  1264534.001  1264655.003  1265266.001
  2130:  1265465.003  1265493.001  1265863.003  1270233.001  1270415.003
  2135:  1270870.001  1271012.003  1272010.005  1272209.009  1274571.005
  2140:  1274580.009  1274588.005  1275261.009  1275797.001  1276625.003
  2145:  1277008.005  1277347.009  1277640.001  1278380.003  1279272.001
  2150:  1279767.003  1280445.005  1280469.009  1280470.005  1280481.009
  2155:  1281196.001  1282292.003  1282975.001  1283194.003  1283221.001
  2160:  1283737.003  1283779.001  1284036.003  1285392.001  1285563.003
  2165:  1285585.001  1285681.003  1285707.001  1287150.003  1287179.001
  2170:  1287272.003  1287785.001  1288261.003  1288283.001  1288739.003
  2175:  1289465.001  1290492.003  1290519.001  1291163.003  1291783.001
  2180:  1291914.003  1292072.001  1292163.003  1294196.001  1294418.003
  2185:  1295151.001  1295501.003  1295562.001  1295710.003  1295918.001
  2190:  1296292.003  1296604.005  1296867.009  1297263.001  1297436.003
  2195:  1297500.001  1297599.003  1297629.001  1297895.003  1298720.001
  2200:  1299066.003  1299575.001  1300132.003  1300153.001  1300337.003
  2205:  1306435.005  1306555.009  1306703.005  1307291.009  1308122.001
  2210:  1308350.003  1309475.005  1309583.009  1310785.001  1311316.003
  2215:  1312059.005  1312264.009  1312617.001  1312695.003  1312735.001
  2220:  1313087.003  1313307.005  1313740.009  1313861.005  1314166.009
  2225:  1314501.001  1315492.003  1316210.001  1316326.003  1316343.001
  2230:  1316890.003  1317284.001  1317348.003  1317400.001  1318626.003
  2235:  1318787.001  1318877.003  1320492.001  1320583.003  1320618.001
  2240:  1320743.003  1320781.001  1320914.003  1320963.001  1321287.003
  2245:  1321956.005  1322099.009  1322342.001  1322397.003  1322421.001
  2250:  1322705.003  1322754.001  1323462.003  1324164.001  1324694.003
  2255:  1329444.005  1329637.009  1329659.005  1329709.009  1330208.001
  2260:  1330299.003  1330318.001  1330672.003  1330757.001  1331330.003
  2265:  1331475.001  1331778.003  1332660.001  1332932.003  1333362.001
  2270:  1333845.003  1334249.001  1335953.003  1336486.005  1336506.009
  2275:  1336517.005  1336838.009  1337690.001  1337934.003  1337975.001
  2280:  1338983.003  1339666.001  1340574.003  1340691.001  1340732.003
  2285:  1341469.001  1341882.003  1341922.001  1342982.003  1343488.005
  2290:  1343582.009  1343782.001  1344448.003  1344495.001  1344624.003
  2295:  1345147.001  1345214.003  1345246.001  1345329.003  1345373.001
  2300:  1346651.003  1347883.001  1349178.003  1349563.005  1349847.009
  2305:  1363624.005  1363635.009  1363640.005  1363683.009  1369621.001
  2310:  1369820.003  1372717.005  1372785.009  1373065.001  1373240.003
  2315:  1373430.001  1373563.003  1374203.001  1374241.003  1374338.001
  2320:  1374364.003  1374427.001  1374454.003  1374484.001  1374530.003
  2325:  1374553.001  1374773.003  1392341.005  1392360.009  1392449.005
  2330:  1392568.009  1395220.005  1395239.009  1423716.005  1423918.009
  2335:  1442139.001  1442248.003  1442288.001  1442765.003  1443625.005
  2340:  1444151.009  1446782.005  1446878.009  1450613.005  1450745.009
B:
     0:        0.000      871.000        0.000      871.000        0.000
     5:      287.000        0.000        0.000        0.000      287.000
    10:        0.000        1.000        0.000        1.000        0.000
    15:        0.000        9.000        0.000        9.000        0.000
    20:        0.000        0.000        0.000        0.000        0.000
    25:        0.000        9.000        0.000        0.000        0.000
    30:        0.000
D:
     0:  7138086.000  7137610.000  7138087.000
E:
     0:     1800.000     1800.000
T:
     0:        0.000        0.000        0.000        0.000
W:
     0:        0.000        0.000        0.000
