File: C:\MED-PC IV\Data\Reyes\BB\BB2112.999


Start Date: 07/19/25
End Date: 07/19/25
Subject: 112
Experiment: BB
Group: NO_TIMEOUT_RET
Box: 2
Start Time: 16:12:10
End Time: 17:02:10
MSN: DRRD_lin
C:       0.000
F:       0.000
G:       0.000
H:       0.000
I:       0.000
J:       0.000
K:    9200.000
L:       0.000
M:       0.000
N:       0.000
O:       0.000
P:       0.000
Q:       0.000
R:       0.000
S:       0.000
U: 2255642.000
V:       0.000
X:       0.000
Y:     696.000
Z:       0.000
A:
     0:     3332.005     3407.009    13495.005    13552.009    13562.005
     5:    13698.009    15000.013    15000.011    15499.001    16229.003
    10:    16429.001    16886.003    16916.001    18534.003    18619.001
    15:    18679.003    18762.001    18875.003    19326.001    19486.003
    20:    19894.005    20170.009    20315.005    20319.009    20341.005
    25:    20349.009    20480.005    20492.009    21119.001    22548.003
    30:    23265.005    23383.009    55821.005    55938.009    63068.005
    35:    63290.009    63845.001    65504.003    65598.001    65676.003
    40:    65782.001    66434.003    66604.005    66624.009    66639.005
    45:    67164.009    67538.001    69860.003    70198.001    70810.003
    50:    75230.005    75253.009    75539.005    75718.009    76269.001
    55:    78554.003    78764.001    80070.003    83813.005    83951.009
    60:    85925.005    86539.009    86566.005    86783.009    86816.005
    65:    86830.009    87821.001    88022.003    88075.001    91046.003
    70:    91296.001    92507.003    92748.005    92768.009    92984.005
    75:    93130.009    93135.005    93144.009    93430.005    93455.009
    80:    94138.001    96733.003    97319.001    97814.003   100630.005
    85:   100967.009   101996.001   104422.003   104450.001   105157.003
    90:   105256.001   106256.003   112027.005   112174.009   116222.005
    95:   116228.009   116274.005   116299.009   116638.001   119309.003
   100:   119420.001   120394.003   123329.005   123562.009   124031.001
   105:   126417.003   126465.001   127902.003   133169.001   133915.003
   110:   134020.001   134236.003   134307.001   138310.003   141086.005
   115:   141152.009   145809.001   150194.003   151295.005   151669.009
   120:   151682.005   151714.009   166088.005   166118.009   166132.005
   125:   166172.009   166174.005   166325.009   166452.005   166780.009
   130:   170516.005   170554.009   178750.001   181868.003   184328.001
   135:   184535.003   187985.001   189648.003   190274.005   190328.009
   140:   190798.005   190893.009   192030.001   194563.003   194578.001
   145:   197765.003   197921.005   197941.009   197952.005   198395.009
   150:   202957.005   202998.009   203762.001   207901.003   212999.001
   155:   213734.003   213927.001   213975.003   228458.005   228477.009
   160:   228502.005   228508.009   228518.005   228523.009   228838.005
   165:   228874.009   235931.005   235941.009   237446.001   240939.003
   170:   242185.001   243140.003   243922.001   246510.003   247228.005
   175:   247572.009   247974.005   247983.009   247985.005   247994.009
   180:   255117.005   255162.009   255216.005   255288.009   255451.005
   185:   255476.009   255874.001   259896.003   270112.005   270256.009
   190:   270409.005   270428.009   270449.005   270461.009   271538.001
   195:   276021.003   281109.005   281717.009   282700.001   285917.003
   200:   285983.001   286762.003   295663.001   295721.003   295802.001
   205:   299234.003   299265.001   300750.003   314439.005   314540.009
   210:   314554.005   314559.009   314650.005   314656.009   314670.005
   215:   314708.009   315521.001   318254.003   318519.001   318860.003
   220:   326093.005   326386.009   326767.001   329875.003   330000.001
   225:   330315.003   330533.001   331512.003   332879.005   333636.009
   230:   333646.005   333665.009   333681.005   333691.009   333697.005
   235:   333781.009   333803.005   333821.009   333990.005   333997.009
   240:   334029.005   334035.009   334042.005   334049.009   334064.005
   245:   334068.009   334104.005   334110.009   334113.005   334670.009
   250:   342039.005   342080.009   342556.001   343339.003   343363.001
   255:   346217.003   346404.001   347659.003   360222.005   360356.009
   260:   361030.001   362023.003   362074.001   362153.003   362221.001
   265:   362307.003   362338.001   363099.003   363195.001   364054.003
   270:   367562.001   370471.003   370530.001   370750.003   371187.001
   275:   371407.003   371534.005   372298.009   373547.005   374687.009
   280:   375155.001   375860.003   376159.001   376204.003   376243.001
   285:   380771.003   384137.005   384243.009   385158.005   385329.009
   290:   409931.001   410195.003   410244.001   414844.018   416550.003
   295:   416556.016   416606.026   416639.005   417759.009   417888.005
   300:   418038.009   418066.005   418102.009   418132.005   418243.009
   305:   418272.005   418471.009   418525.005   418924.009   418998.005
   310:   419008.009   419018.005   419060.009   419656.001   420460.003
   315:   423598.005   423973.009   424021.005   424029.009   424952.001
   320:   426512.003   426539.001   426611.003   426705.001   427061.003
   325:   430270.005   430406.009   430793.001   433981.003   435567.005
   330:   435827.009   468396.005   468407.009   468432.005   468968.009
   335:   469367.001   469999.003   470019.001   470988.003   471523.005
   340:   471574.009   478355.005   478428.009   478531.005   478587.009
   345:   479168.001   480097.003   480119.001   481534.003   481607.001
   350:   482747.003   485478.005   485561.009   485691.005   485731.009
   355:   486378.001   488378.003   488429.001   490188.003   503125.005
   360:   503220.009   503222.005   503603.009   504085.001   507855.003
   365:   517720.005   517764.009   518678.001   521990.003   522278.001
   370:   523399.003   548346.005   548579.009   549371.001   553210.003
   375:   553584.001   553889.003   555318.001   555576.003   556519.001
   380:   556693.003   557100.005   557105.009   557109.005   557402.009
   385:   558181.001   560991.003   569870.005   570115.009   570716.001
   390:   573675.003   573712.001   574335.003   577635.001   578221.003
   395:   582064.005   582279.009   583374.001   583517.003   583839.005
   400:   583870.009   583909.005   583980.009   584405.001   588422.003
   405:   589727.005   589966.009   590406.001   594204.003   594311.001
   410:   595196.003   604252.005   604283.009   604323.005   604344.009
   415:   604720.001   609320.018   610410.003   610416.016   610466.026
   420:   610624.005   611189.009   611240.005   611246.009   611268.005
   425:   611299.009   611349.005   611359.009   611421.005   611444.009
   430:   611464.005   611475.009   611483.005   611556.009   611593.005
   435:   611653.009   611664.005   612207.009   612277.005   612409.009
   440:   612417.005   612452.009   612483.005   612595.009   612623.005
   445:   612803.009   612827.005   613005.009   613055.005   613067.009
   450:   613104.005   613116.009   614117.005   614156.009   614169.005
   455:   614362.009   614494.005   614554.009   615153.001   617645.003
   460:   617700.001   618590.003   622405.005   622492.009   626372.001
   465:   626478.003   626503.001   630796.003   636602.005   636843.009
   470:   636847.005   636852.009   639393.001   640492.003   640713.001
   475:   642531.003   642864.001   643632.003   649927.005   649938.009
   480:   649952.005   650014.009   650693.005   650804.009   651642.001
   485:   652428.003   652728.001   652948.003   653124.005   653750.009
   490:   653796.005   653801.009   653812.005   653820.009   653822.005
   495:   654512.009   655451.001   655589.003   655615.001   655770.003
   500:   655815.001   656133.003   656576.005   656583.009   656591.005
   505:   656790.009   657003.001   659422.003   663738.005   664014.009
   510:   664046.005   664183.009   664220.005   664242.009   664259.005
   515:   664333.009   667802.005   667922.009   667962.005   668103.009
   520:   668160.005   668163.009   668164.005   668169.009   668637.001
   525:   668846.003   668858.001   672449.003   672508.001   673172.003
   530:   688046.001   688353.003   688752.005   688756.009   688757.005
   535:   689196.009   689415.005   689676.009   689786.005   689792.009
   540:   690428.001   690463.003   690502.001   694020.003   694644.001
   545:   694991.003   698092.005   698251.009   703509.005   703617.009
   550:   703751.005   703857.009   704192.001   707262.003   707615.001
   555:   708203.003   711186.005   711558.009   712295.005   712375.009
   560:   713252.001   717371.003   723288.005   723565.009   723568.005
   565:   723573.009   723727.005   723936.009   724008.005   724021.009
   570:   729779.005   730071.009   730094.005   730162.009   730843.001
   575:   733599.003   733634.001   733669.003   733693.001   735159.003
   580:   740683.005   740698.009   740867.005   741358.009   742214.001
   585:   745040.003   745088.001   746414.003   751938.005   751968.009
   590:   751969.005   752112.009   757142.005   757483.009   757555.005
   595:   757646.009   757660.005   757669.009   758098.001   760844.003
   600:   765917.005   765964.009   767278.001   770060.003   780681.005
   605:   780828.009   780958.005   780975.009   781022.005   781153.009
   610:   781233.005   781291.009   782759.005   782877.009   783751.001
   615:   787839.003   791747.005   792245.009   792268.005   792275.009
   620:   827481.005   827721.009   829903.005   829919.009   829938.005
   625:   830094.009   830192.005   830199.009   853374.005   853384.009
   630:   853408.005   853417.009   853425.005   853434.009   853436.005
   635:   853689.009   853830.005   853941.009   914941.001   916684.003
   640:   928033.005   928054.009   928294.005   928331.009   928447.005
   645:   928455.009   958662.005   958743.009   958806.005   959060.009
   650:   959142.005   959143.009   959608.005   959648.009   964180.001
   655:   964938.003   964963.001   965699.003  1061019.005  1061155.009
   660:  1061188.005  1061557.009  1094045.005  1094070.009  1094096.005
   665:  1094251.009  1094254.005  1094347.009  1094353.005  1094447.009
   670:  1094454.005  1095198.009  1187611.005  1187847.009  1220312.005
   675:  1220337.009  1220846.001  1221659.003  1243346.001  1244015.003
   680:  1250105.001  1250152.003  1251911.005  1252071.009  1252078.005
   685:  1252082.009  1252089.005  1252094.009  1262882.001  1263332.003
   690:  1265311.001  1265806.003  1443437.005  1443864.009  1476684.001
   695:  1477789.003
B:
     0:        0.000      137.000        0.000      137.000        0.000
     5:      207.000        0.000        0.000        0.000      207.000
    10:        0.000        1.000        0.000        1.000        0.000
    15:        0.000        2.000        0.000        2.000        0.000
    20:        0.000        0.000        0.000        0.000        0.000
    25:        0.000        2.000        0.000        0.000        0.000
    30:        0.000
D:
     0:  3733430.000  3732326.000  3733431.000
E:
     0:     4600.000     4600.000
T:
     0:        0.000        0.000        0.000        0.000
W:
     0:        0.000        0.000        0.000
