File: C:\MED-PC IV\Data\Reyes\BB\BB2107.999


Start Date: 07/22/25
End Date: 07/22/25
Subject: 107
Experiment: BB
Group: NO_TIMEOUT
Box: 3
Start Time: 14:55:38
End Time: 15:45:38
MSN: DRRD_lin
C:       0.000
F:       0.000
G:       0.000
H:       0.000
I:       0.000
J:       0.000
K:    8700.000
L:       0.000
M:       0.000
N:       0.000
O:       0.000
P:       0.000
Q:       0.000
R:       0.000
S:       0.000
U:    1996.000
V:       0.000
X:       0.000
Y:    1056.000
Z:       0.000
A:
     0:     3117.005     3180.009     9883.005     9928.009    10006.005
     5:    10110.009    15000.013    15000.011    16196.001    16339.003
    10:    16481.005    16547.009    16845.001    17347.003    17362.001
    15:    17627.003    17654.001    17723.003    17750.001    18912.003
    20:    19131.001    19318.003    19611.001    19749.003    19777.001
    25:    20371.003    20380.001    20700.003    20705.001    23075.003
    30:    23114.001    23889.003    24568.001    24753.003    24775.001
    35:    24976.003    25003.001    25089.003    25116.001    25657.003
    40:    25661.001    26664.005    26699.009    27937.003    27955.001
    45:    29473.005    29493.009    29570.003    29797.005    29880.009
    50:    30418.001    30917.003    30941.001    31116.003    31135.001
    55:    31223.003    31244.001    31541.003    31562.001    32365.005
    60:    32380.009    35083.005    35104.009    35183.003    35450.005
    65:    35504.009    35756.001    39708.003    39988.005    40149.009
    70:    40363.001    42596.003    42610.001    44194.003    44398.005
    75:    44546.009    44776.001    48508.003    48796.005    48964.009
    80:    49224.005    49252.009    49563.001    50666.003    50689.001
    85:    51901.003    51925.001    54078.003    54354.005    54382.009
    90:    54629.001    58359.003    58600.005    58792.009    59867.001
    95:    60253.003    60263.001    63161.003    64676.001    65061.003
   100:    65077.001    68087.003    68446.005    68923.009    80105.001
   105:    80553.003    81063.001    82153.003    82554.005    82762.009
   110:    83622.005    84652.009    89197.005    89383.009   122855.005
   115:   123215.009   123232.005   123339.009   123406.005   123735.009
   120:   139409.005   139802.009   140547.001   141325.003   141390.001
   125:   141466.003   144077.001   144610.003   144795.001   145099.005
   130:   145155.003   145424.009   145956.001   146232.003   146323.001
   135:   147203.003   147755.001   148050.003   148228.001   148503.003
   140:   148564.001   148659.003   149538.005   149685.009   149725.005
   145:   149848.009   150411.001   151766.003   155056.001   155503.003
   150:   155847.005   156023.009   156692.001   157434.003   218152.005
   155:   218217.009   316123.005   316186.009   316312.005   316336.009
   160:   317167.005   317186.009   317300.005   318070.009   318096.005
   165:   318654.009   319914.001   319986.003   320627.001   322261.005
   170:   322263.003   322606.009   349633.005   349694.009   349821.005
   175:   350012.009   358905.001   359261.003   359927.001   360078.005
   180:   360108.009   360347.003   491519.005   491834.009   589442.005
   185:   590295.009   590315.005   592177.009   593643.001   593897.003
   190:   593936.001   594154.005   594171.003   595903.009   595910.005
   195:   596035.009   596061.005   596081.009   596404.005   596428.009
   200:   596814.005   597245.009   598784.001   599327.003   599373.005
   205:   599789.009   599809.005   599876.009   600543.001   600803.003
   210:   601133.005   601208.009   601270.005   601280.009   602896.001
   215:   603312.003   603697.005   604907.009   605359.005   605852.009
   220:   605853.005   605863.009   606566.001   606794.003   606894.005
   225:   607019.009   608757.001   609281.003   609370.005   609642.009
   230:   609824.001   610425.003   610688.005   611017.009   615556.005
   235:   615575.009   616020.001   616454.003   616535.005   616676.009
   240:   617604.001   617673.005   617794.009   617846.003   617942.005
   245:   618141.009   618319.001   618946.003   620107.001   620350.003
   250:   620394.001   620530.003   621003.001   621178.003   621323.005
   255:   621552.009   621589.005   621732.009   621933.001   622196.003
   260:   622606.001   623109.003   623122.005   623631.009   623778.001
   265:   624007.003   624345.001   624648.003   625286.005   625576.009
   270:   625758.001   626043.003   626070.001   626167.003   626577.001
   275:   626663.003   626796.005   626903.009   627216.005   627322.009
   280:   627504.001   627824.003   627884.005   628434.009   628477.005
   285:   628986.009   629810.001   630099.003   630430.001   630704.003
   290:   630975.005   630992.009   631041.005   631300.009   631676.001
   295:   632579.003   633090.005   633120.009   633352.001   633366.003
   300:   633405.001   634444.005   634452.003   634597.009   634766.001
   305:   635779.003   635795.001   635917.003   636588.001   636647.003
   310:   636670.001   637927.003   637993.005   638174.009   638519.001
   315:   639259.005   639275.009   640034.005   640050.009   640216.003
   320:   640340.005   640565.009   640745.005   641179.009   641181.005
   325:   641197.009   641373.001   642153.003   642164.001   642457.003
   330:   642757.005   643012.009   643174.001   643285.003   643311.001
   335:   643992.003   644277.001   644376.003   644385.001   646466.005
   340:   646486.003   646698.009   646714.005   646725.009   647417.001
   345:   649447.005   649454.003   649642.009   650125.005   650187.009
   350:   650673.001   651151.003   651373.005   651400.009   651626.001
   355:   652206.003   652630.001   653899.003   653911.005   654661.009
   360:   654948.001   655254.003   655594.005   655634.009   655850.001
   365:   655972.003   655987.001   656575.003   656774.005   656952.009
   370:   657112.001   657630.003   657880.005   658110.009   658348.001
   375:   659266.003   659336.005   659524.009   660001.001   660749.003
   380:   660956.005   661163.009   661320.001   662060.003   662212.005
   385:   663005.009   663651.005   663957.009   665662.001   665823.003
   390:   666259.001   666427.003   667160.001   667781.003   668165.001
   395:   668621.003   668661.005   668819.009   669247.001   669511.003
   400:   670002.005   670164.009   670346.001   671039.003   671563.005
   405:   671683.001   671697.009   671732.003   671980.005   672123.001
   410:   672125.009   672163.003   672255.001   672705.003   672745.001
   415:   673013.003   673037.005   673206.009   673215.005   673293.009
   420:   673433.001   673949.003   674086.005   674342.009   674851.001
   425:   675015.003   675536.005   675625.009   678107.005   678239.009
   430:   678974.001   679742.003   680113.005   680124.009   680380.001
   435:   681191.003   681468.005   681621.009   682011.001   682577.003
   440:   682937.005   683295.009   683321.005   683365.009   683695.001
   445:   684361.003   684996.001   685744.003   686106.005   686173.009
   450:   686385.001   687138.003   687162.005   687320.009   687510.001
   455:   688223.003   688530.005   689274.009   689426.001   689943.003
   460:   690122.005   690185.009   690333.001   690809.003   691100.005
   465:   691283.009   691453.001   691812.003   691859.001   691937.005
   470:   691939.003   692176.009   692327.001   692603.003   692614.001
   475:   692721.003   692743.001   693032.005   693048.003   693155.009
   480:   693413.001   693795.003   693826.001   694789.003   694878.005
   485:   695586.009   695599.005   695610.009   695657.005   695918.009
   490:   696209.001   696683.003   696752.005   696838.009   696980.001
   495:   697044.003   697076.001   697462.003   697475.001   697821.003
   500:   698202.001   698371.003   698388.001   698762.003   698903.005
   505:   699181.009   699348.001   699376.003   699387.001   699888.003
   510:   699920.001   700886.003   701010.005   701095.009   701291.001
   515:   701344.003   701893.001   701998.003   702017.001   702313.003
   520:   702321.005   702476.009   702624.001   702884.003   702898.001
   525:   703921.003   703930.001   704037.003   704413.001   704515.003
   530:   704541.001   704685.003   704704.001   704986.005   704987.003
   535:   705138.009   705361.001   705746.003   706087.005   706458.009
   540:   706600.001   706704.003   706722.001   707249.003   707477.005
   545:   707497.009   707651.001   707934.003   708371.005   708470.009
   550:   708628.001   708747.003   708822.001   708893.003   710238.005
   555:   710356.009   710960.001   711067.003   711092.001   711372.005
   560:   711425.009   711455.003   711538.005   711674.009   711820.001
   565:   712206.003   712367.001   712642.003   712663.001   712972.003
   570:   712991.001   714206.003   714424.005   714468.009   714630.001
   575:   716909.003   716950.005   717207.009   720309.001   722167.003
   580:   722453.005   722538.009   724155.001   724649.005   724773.003
   585:   724959.009   725114.001   725515.003   725905.005   726044.009
   590:   726189.001   726867.005   726924.009   726954.005   726992.009
   595:   727044.005   727055.009   727089.005   727128.009   727139.005
   600:   727176.009   727208.003   727404.001   727451.003   727602.001
   605:   727624.005   727722.009   727772.003   728232.001   728616.003
   610:   728673.001   728846.003   728861.005   728939.009   729098.001
   615:   729681.003   730065.001   730136.003   730246.005   730248.001
   620:   730374.009   730424.003   730502.001   731320.003   731473.005
   625:   731918.009   732640.001   733036.003   733349.001   733514.003
   630:   733536.005   733675.009   737479.001   737885.003   738249.001
   635:   738628.003   738873.005   738919.009   739458.001   740150.003
   640:   740157.005   740313.009   740450.001   741064.003   741388.001
   645:   742101.005   742115.003   742247.009   742587.001   743451.003
   650:   744212.001   744959.003   745401.005   745418.001   745608.003
   655:   745722.009   745872.001   746091.003   746642.001   746709.003
   660:   746753.001   747023.005   747034.003   747248.009   751099.005
   665:   751416.009   752071.001   752762.003   752780.001   753209.005
   670:   753328.009   753376.003   753476.001   753710.003   754254.001
   675:   754630.003   754792.005   754878.009   755163.001   755244.003
   680:   755339.001   755571.003   760143.005   760228.009   763941.005
   685:   764023.009   764465.001   764699.003   766103.005   766481.009
   690:   772041.001   772116.003   772276.005   772344.009   772659.001
   695:   773140.003   773194.001   773365.003   773391.005   773538.009
   700:   773709.001   774290.003   774372.001   774584.003   778733.005
   705:   778875.009   779081.001   779611.003   779971.001   780313.005
   710:   780408.009   780469.003   780801.005   780823.009   780843.005
   715:   780862.009   781103.001   781296.003   781627.001   782015.003
   720:   783132.001   783297.003   783327.001   783622.003   784351.005
   725:   784444.009   785875.001   786195.003   786218.001   786272.003
   730:   786618.001   787212.003   787581.001   788241.003   791887.001
   735:   792204.003   802363.005   802478.009   803329.001   803743.003
   740:   804049.005   804199.009   804803.005   804978.009   824149.005
   745:   824375.009   824961.005   825071.009   825252.001   825994.003
   750:   826037.005   826130.009   826284.001   826838.005   826864.009
   755:   826920.003   827012.001   827640.005   827652.003   827826.009
   760:   827983.001   828397.003   828424.001   828607.003   829380.001
   765:   830264.003   855571.005   855656.009   856490.005   856599.009
   770:   869730.005   870025.009   870848.001   871184.005   871218.003
   775:   871845.009   872085.001   872499.003   872877.005   873073.009
   780:   877653.001   877685.003   879895.001   879998.003   880261.005
   785:   880476.009   881634.005   882190.009   882245.005   882581.009
   790:  1013326.005  1013592.009  1013616.005  1013779.009  1014658.005
   795:  1014787.009  1015102.001  1015616.003  1023238.005  1023534.009
   800:  1024153.001  1024271.003  1024760.001  1025593.003  1025593.005
   805:  1025992.009  1026258.001  1027364.003  1027424.005  1027657.009
   810:  1037379.005  1037419.009  1037424.005  1037619.009  1037620.005
   815:  1038392.009  1039385.005  1039514.009  1039758.001  1040476.003
   820:  1040501.005  1041380.009  1042285.001  1042870.003  1043348.001
   825:  1044235.003  1045251.001  1046306.003  1046890.001  1047391.003
   830:  1047427.001  1048805.003  1050189.005  1050472.009  1050675.001
   835:  1051082.003  1051152.001  1052101.003  1052348.005  1053040.009
   840:  1053424.001  1053726.003  1054654.001  1055211.003  1055217.005
   845:  1055338.009  1055548.001  1056477.003  1056579.005  1056770.009
   850:  1098284.005  1098318.009  1098409.005  1098544.009  1099277.005
   855:  1099423.009  1099749.001  1100321.003  1100354.005  1100763.009
   860:  1116502.005  1116585.009  1117553.001  1117980.005  1117996.009
   865:  1117998.005  1118001.003  1118102.009  1118329.001  1119211.003
   870:  1119603.001  1120450.003  1120628.005  1121312.009  1123845.005
   875:  1123945.009  1124281.001  1124547.003  1125729.005  1125776.009
   880:  1125908.005  1126020.009  1127291.001  1127882.003  1128066.005
   885:  1128368.009  1128656.001  1129672.003  1129914.005  1130136.009
   890:  1130370.001  1131655.003  1131750.005  1132007.009  1144010.005
   895:  1144072.009  1169989.005  1170006.009  1170031.005  1170068.009
   900:  1170081.005  1170118.009  1193616.005  1193651.009  1193665.005
   905:  1193692.009  1198423.005  1198572.009  1199209.001  1199447.003
   910:  1199470.005  1199634.009  1199855.001  1200504.003  1201106.001
   915:  1201640.003  1201658.005  1201818.009  1202066.001  1202590.003
   920:  1202613.001  1203760.003  1204039.005  1204166.009  1204398.001
   925:  1204922.003  1205463.001  1205593.003  1205601.001  1205873.003
   930:  1205909.005  1206007.009  1224038.005  1224671.009  1225459.001
   935:  1225604.003  1225844.005  1226042.009  1227246.005  1227652.009
   940:  1235546.005  1235670.009  1236170.001  1236603.003  1236661.001
   945:  1237044.003  1237089.005  1237141.001  1237333.009  1237406.003
   950:  1237457.001  1238197.003  1238518.001  1239527.003  1239735.005
   955:  1240061.009  1256610.005  1256855.009  1258613.001  1259488.003
   960:  1260572.005  1260762.009  1261003.001  1261309.003  1263398.005
   965:  1263952.009  1280341.001  1281081.003  1281105.005  1281209.009
   970:  1281468.001  1282373.003  1282730.005  1282861.009  1283434.001
   975:  1283867.003  1299209.005  1299240.009  1299251.005  1299364.009
   980:  1300002.001  1300142.003  1300414.005  1300653.009  1300735.005
   985:  1300742.009  1301151.001  1302230.005  1302315.003  1302322.009
   990:  1302348.005  1302507.009  1303847.001  1304870.003  1304926.001
   995:  1305123.003  1305158.005  1305690.009  1331419.005  1331612.009
  1000:  1347415.005  1347597.009  1348023.001  1348079.003  1348554.005
  1005:  1348679.009  1348780.005  1348868.009  1349372.001  1349450.003
  1010:  1379792.005  1379911.009  1379940.005  1380187.009  1380344.005
  1015:  1380424.009  1385021.005  1385728.009  1403139.005  1403163.009
  1020:  1404736.005  1404755.009  1406003.005  1406031.009  1407305.001
  1025:  1407391.003  1470518.005  1470782.009  1472980.001  1473440.003
  1030:  1473661.005  1474108.009  1475145.001  1475613.003  1475960.001
  1035:  1476886.003  1477507.001  1477975.005  1478008.009  1478122.005
  1040:  1478138.003  1478143.009  1478144.005  1478651.009  1479783.001
  1045:  1480355.005  1480370.009  1480529.003  1481148.001  1482205.003
  1050:  1482887.005  1483661.009  1484312.001  1485281.003  1485374.005
  1055:  1485525.009
B:
     0:        0.000      275.000        0.000      275.000        0.000
     5:      252.000        0.000        0.000        0.000      252.000
    10:        0.000        1.000        0.000        1.000        0.000
    15:        0.000        0.000        0.000        0.000        0.000
    20:        0.000        0.000        0.000        0.000        0.000
    25:        0.000        0.000        0.000        0.000        0.000
    30:        0.000
D:
     0:  1487276.000  1486308.000  1487277.000
E:
     0:     4350.000     4350.000
T:
     0:        0.000        0.000        0.000        0.000
W:
     0:        0.000        0.000        0.000
