File: C:\MED-PC IV\Data\Reyes\BB\BB2113.999


Start Date: 07/18/25
End Date: 07/18/25
Subject: 113
Experiment: BB
Group: NO_TIMEOUT
Box: 3
Start Time: 15:53:14
End Time: 16:43:14
MSN: DRRD_lin
C:       0.000
F:       0.000
G:       0.000
H:       0.000
I:       0.000
J:       0.000
K:    6600.000
L:       0.000
M:       0.000
N:       0.000
O:       0.000
P:       0.000
Q:       0.000
R:       0.000
S:       0.000
U: 1931649.000
V:       0.000
X:       0.000
Y:    1812.000
Z:       0.000
A:
     0:  1931390.005       86.009     7571.001     7591.003    10582.005
     5:    10705.009    15000.013    15000.011    15607.001    15672.003
    10:    15740.001    15787.003    15839.001    15863.003    15879.001
    15:    15935.003    15961.001    19121.003    19153.001    19255.003
    20:    19547.001    19616.003    19636.001    19838.003    19876.001
    25:    20853.003    21148.001    21526.003    21546.001    22533.003
    30:    22539.001    23633.003    23847.001    24162.003    24176.001
    35:    24217.003    24244.001    26827.003    26898.001    27082.003
    40:    27192.001    27265.003    27505.001    27530.003    27543.001
    45:    27572.003    27631.001    27659.003    27686.001    27755.003
    50:    27828.001    27854.003    27969.001    28376.003    28423.001
    55:    28473.003    28529.001    28590.003    29403.001    29475.003
    60:    29508.001    29532.003    29669.001    31946.003    32012.001
    65:    33810.003    33958.005    33980.009    33987.005    34531.009
    70:    34561.005    34595.009    34813.001    34883.003    34908.001
    75:    37788.003    38656.001    38724.003    38743.001    41199.003
    80:    41229.001    41336.003    41838.005    41937.009    42316.001
    85:    43140.003    43154.001    43306.003    43320.001    44209.003
    90:    44217.001    46606.003    47158.001    47489.003    47728.001
    95:    47938.003    47967.001    48063.003    48289.001    48405.003
   100:    48433.001    48490.003    48554.001    51854.018    52099.003
   105:    52105.016    52155.026    52205.005    52866.009    52873.005
   110:    52899.009    53538.001    54736.003    54761.001    57278.003
   115:    57393.005    57580.009    57606.005    57637.009    57922.001
   120:    61222.018    62755.003    62761.016    62811.026    62859.005
   125:    63529.009    64369.001    64464.003    64629.001    64749.003
   130:    64793.001    64986.003    65036.001    65137.003    65179.001
   135:    68479.018    68581.003    68587.016    68637.026    68760.001
   140:    68843.003    69067.005    69512.009    70747.001    74047.018
   145:    74465.003    74471.016    74521.026    74664.005    75133.009
   150:    76430.001    76828.003    76864.001    79358.003    80617.005
   155:    80651.009    80965.001    81082.003    81106.001    84144.003
   160:    84945.001    88245.018    88393.003    88399.016    88449.026
   165:    88594.005    88947.009    89680.001    92858.003    94057.001
   170:    97357.018    97861.003    97867.016    97917.026    97990.005
   175:    98478.009    98495.005    98603.009    99267.001    99303.003
   180:    99783.001   102248.003   102501.001   102539.003   102766.005
   185:   102855.009   103313.001   103430.003   103477.001   106777.018
   190:   107074.003   107080.016   107130.026   107212.005   107657.009
   195:   108441.001   108627.003   108721.001   112021.018   112047.003
   200:   112053.016   112103.026   112251.005   112570.009   113566.001
   205:   116866.018   117001.003   117007.016   117057.026   117212.005
   210:   117597.009   117601.005   117613.009   117683.005   117707.009
   215:   118167.001   118478.003   118494.001   121624.003   121898.001
   220:   124839.003   126051.001   129351.018   130243.003   130249.016
   225:   130299.026   130407.005   131094.009   131789.001   134895.003
   230:   134982.001   135155.003   136424.001   136650.003   136658.001
   235:   139732.003   140713.001   143951.003   145161.001   145268.003
   240:   145287.001   148587.018   148804.003   148810.016   148860.026
   245:   148985.005   149382.009   149874.001   149977.003   150057.001
   250:   150193.003   150222.001   153345.003   154057.001   156570.003
   255:   157779.001   161079.018   161246.003   161252.016   161302.026
   260:   161412.005   161822.009   161825.005   161860.009   161862.005
   265:   161997.009   162785.001   166085.018   166096.003   166102.016
   270:   166152.026   166264.005   166579.009   168133.001   168873.003
   275:   168888.001   171398.003   171656.001   172022.003   172391.005
   280:   172467.009   172501.005   172510.009   172520.005   172528.009
   285:   173570.001   176870.018   176987.003   176993.016   177043.026
   290:   177234.005   177738.009   178261.001   181561.018   182050.003
   295:   182056.016   182106.026   182223.005   182654.009   182702.005
   300:   182719.009   183366.001   186427.003   186828.001   188316.003
   305:   189263.001   191773.003   191911.005   191968.009   192006.005
   310:   192031.009   192225.005   192402.009   193373.001   193601.003
   315:   193621.001   196254.003   196606.001   199192.003   200465.001
   320:   200832.003   200895.001   200954.003   201575.001   204438.003
   325:   205741.001   205812.003   205828.001   208454.003   208591.005
   330:   208934.009   209380.001   209761.003   209778.001   212602.003
   335:   213765.001   216476.003   217749.001   217880.003   217895.001
   340:   218049.003   218086.001   221094.003   221192.005   221431.009
   345:   221461.005   221501.009   222029.001   222085.003   222118.001
   350:   222372.003   222429.001   225613.003   226084.001   226263.003
   355:   230673.005   230685.009   230690.005   231028.009   231509.001
   360:   234809.018   235049.003   235055.016   235105.026   235208.005
   365:   235826.009   235903.005   235913.009   235917.005   235954.009
   370:   236415.001   239715.018   240214.003   240220.016   240270.026
   375:   240470.005   240983.009   241872.001   245172.018   245313.003
   380:   245319.016   245369.026   245371.017   245558.005   246532.009
   385:   247223.001   247798.003   247842.001   247880.003   247989.001
   390:   250775.003   251348.001   251423.003   251455.001   255005.018
   395:   255273.003   255279.016   255329.026   255499.005   256534.009
   400:   256538.005   256564.009   257387.001   260406.003   261486.001
   405:   263209.003   263227.001   265161.003   265679.005   265797.009
   410:   266618.001   267509.003   267531.001   268426.003   268542.001
   415:   269704.003   269727.001   271554.003   272471.001   272548.003
   420:   272626.001   272656.003   272677.001   274461.003   279705.005
   425:   279716.009   279847.005   279890.009   280612.001   283794.003
   430:   284850.001   285802.003   285823.001   287969.003   289274.001
   435:   289428.003   289715.005   289729.009   289742.005   290280.009
   440:   290706.001   294256.018   294263.003   294269.016   294319.026
   445:   294370.005   295105.009   295897.001   299271.003   300004.005
   450:   300064.009   300092.005   300100.009   300152.005   300202.009
   455:   300476.001   300557.003   300601.001   304151.018   305017.003
   460:   305023.016   305073.026   305224.005   305847.009   306508.001
   465:   309853.003   311008.001   313020.003   313165.005   313187.009
   470:   313208.005   313327.009   313581.001   313697.003   313995.001
   475:   317526.003   318429.001   321979.018   322163.003   322169.016
   480:   322219.026   322416.005   322881.009   322892.005   323173.009
   485:   324326.001   327622.003   328315.001   330811.003   331425.001
   490:   331594.003   331647.001   334834.003   335442.001   336705.003
   495:   336986.005   337070.009   342745.005   343456.009   344466.001
   500:   344511.003   344534.001   347392.003   352329.005   352790.009
   505:   353590.001   356145.003   356284.005   356455.009   356922.001
   510:   359786.003   360195.005   360206.009   360227.005   360273.009
   515:   360295.005   360311.009   360623.001   362933.003   363905.001
   520:   365715.003   366066.005   366266.009   366274.005   366281.009
   525:   366731.005   366824.009   367134.001   367189.003   367266.001
   530:   368162.003   368191.001   368350.003   368908.001   368964.003
   535:   368989.001   369286.003   369312.001   369389.003   369398.001
   540:   369611.003   369633.001   369699.003   369732.001   372402.003
   545:   372659.005   372685.009   372962.001   375511.003   381844.005
   550:   382988.009   390867.005   390890.009   399604.001   399786.003
   555:   399802.001   399880.003   399926.001   399971.003   400035.001
   560:   402220.003   402380.005   402984.009   403240.001   405951.003
   565:   406440.001   406512.003   406552.001   406866.003   406893.001
   570:   408208.003   409282.001   409407.003   409433.001   409473.003
   575:   409575.001   409682.003   409832.001   410039.003   410082.001
   580:   410317.003   410328.001   410622.003   410962.001   411488.003
   585:   411508.001   412036.003   412341.001   412409.003   412426.001
   590:   412668.003   412681.001   415824.003   416151.001   416311.003
   595:   416314.001   419042.003   419322.005   419525.009   419847.001
   600:   421644.003   423174.005   423189.009   423211.005   423315.009
   605:   423913.001   427104.003   427909.001   431099.003   431382.005
   610:   431483.009   431822.001   434902.003   435389.005   435528.009
   615:   435538.005   435621.009   436102.001   439652.018   440167.003
   620:   440173.016   440223.026   440320.005   440966.009   440993.005
   625:   440997.009   441586.001   444896.003   445615.001   447566.003
   630:   447584.001   449296.003   449607.005   449644.009   449937.001
   635:   450068.003   450096.001   453626.003   454482.001   457214.003
   640:   457928.001   457980.003   458110.001   460679.003   460852.005
   645:   461206.009   461230.005   461257.009   462048.001   462406.003
   650:   462418.001   465638.003   466116.001   466207.003   466290.001
   655:   469418.003   470244.001   470541.003   470729.001   470911.003
   660:   470917.001   472827.003   473246.005   473496.009   474168.001
   665:   474633.003   474656.001   475237.003   475253.001   477720.003
   670:   478255.001   481805.003   481811.016   481861.026   482013.005
   675:   482525.009   482559.005   482650.009   483436.001   486643.003
   680:   487149.001   490699.018   490708.003   490714.016   490764.026
   685:   490974.005   491402.009   491459.005   491616.009   492929.001
   690:   496479.018   496507.003   496513.016   496563.026   496751.005
   695:   497312.009   498223.005   498624.009   499325.001   501672.003
   700:   502918.001   504850.003   505684.001   505728.003   505971.001
   705:   506185.003   506218.001   508337.003   508480.005   508560.009
   710:   508576.005   508751.009   508765.005   508814.009   509142.001
   715:   509288.003   509320.001   512804.003   513306.001   513895.003
   720:   513926.001   514450.003   515059.001   515108.003   515153.001
   725:   515635.003   515657.001   515740.003   515760.001   517643.003
   730:   517947.001   520905.003   521173.005   521890.009   522389.001
   735:   525027.003   525557.005   525655.009   531577.005   531705.009
   740:   531732.005   531763.009   531811.005   531818.009   532578.001
   745:   532664.003   533007.001   535515.003   536061.001   536241.003
   750:   536457.001   538795.003   539120.001   539186.003   539211.001
   755:   540483.003   540591.001   541047.003   541053.001   541226.003
   760:   541243.001   541596.003   542146.001   542764.003   542791.001
   765:   543108.003   543133.001   545047.003   545656.001   547768.003
   770:   547791.001   547853.003   547904.001   548496.003   548908.005
   775:   549077.009   549380.001   549618.003   549642.001   552433.003
   780:   552842.001   552872.003   553354.001   556238.003   556691.001
   785:   557394.003   557427.001   557527.003   557706.005   558383.009
   790:   558410.005   558502.009   559391.001   559640.003   564081.001
   795:   564397.003   564424.001   567384.003   568056.001   568125.003
   800:   568183.001   571072.003   571499.005   571515.009   571528.005
   805:   571726.009   572062.001   572165.003   572267.001   572787.003
   810:   573131.005   573173.009   573183.005   573433.009   573909.001
   815:   577459.018   577649.003   577655.016   577705.026   577873.005
   820:   578674.009   580038.001   583588.018   583839.003   583845.016
   825:   583895.026   583968.005   584802.009   585979.001   586066.003
   830:   586106.001   589193.003   589452.001   589634.003   590101.001
   835:   593651.018   593792.003   593798.016   593848.026   594015.005
   840:   594347.009   594359.005   594385.009   594389.005   594442.009
   845:   594465.005   594844.009   595576.001   599026.003   599711.001
   850:   603013.003   603362.005   603469.009   603485.005   603510.009
   855:   603762.001   607139.003   607566.001   607735.003   607784.001
   860:   611227.003   611949.001   612113.003   612139.001   615205.003
   865:   616965.001   617100.003   617142.001   620692.018   620839.003
   870:   620845.016   620895.026   620966.005   621659.009   621677.005
   875:   621892.009   622729.001   626077.003   626435.005   626475.009
   880:   626480.005   626553.009   626797.001   630347.018   630506.003
   885:   630512.016   630562.026   630821.005   631316.009   631336.005
   890:   631403.009   632306.001   635684.003   635851.005   636063.009
   895:   636891.001   640441.018   640558.003   640564.016   640614.026
   900:   640785.005   641452.009   641461.005   641505.009   642500.001
   905:   645993.003   646750.001   650031.003   650328.005   650344.009
   910:   650405.005   650443.009   651309.001   654859.018   655131.003
   915:   655137.016   655187.026   655334.005   655855.009   655879.005
   920:   655964.009   656002.005   656047.009   656053.005   656060.009
   925:   656942.001   657239.003   657272.001   660086.003   664703.001
   930:   665289.003   665357.001   668530.003   669325.001   672156.003
   935:   673167.001   673601.003   673883.005   674003.009   674474.001
   940:   677522.003   678613.001   678735.003   678772.001   681342.003
   945:   681915.005   682102.009   682200.005   682270.009   682556.001
   950:   684882.003   686008.001   686118.003   686454.005   686463.009
   955:   686497.005   687049.009   687630.001   687702.003   687781.001
   960:   690891.003   691561.005   691604.009   692639.001   695940.003
   965:   696698.005   696918.009   696923.005   696942.009   696952.005
   970:   696960.009   697038.005   697583.009   697594.005   697607.009
   975:   698392.001   701678.003   702029.005   702111.009   702119.005
   980:   702184.009   702428.001   705180.003   706076.001   709116.003
   985:   709258.005   709463.009   709632.005   709726.009   709727.005
   990:   709765.009   709771.005   709781.009   710057.001   713529.003
   995:   714366.001   714970.003   714978.001   717814.003   718368.005
  1000:   718409.009   718445.005   718478.009   718799.001   718896.003
  1005:   718994.001   722140.003   722866.001   725648.003   725804.005
  1010:   725817.009   726201.001   726439.003   726465.001   726812.003
  1015:   726813.001   729196.003   729636.005   729817.009   729839.005
  1020:   729852.009   730165.001   731066.003   731754.005   732087.009
  1025:   738767.001   742317.018   742386.003   742392.016   742442.026
  1030:   742627.005   743258.009   744173.001   744351.003   744383.001
  1035:   747374.003   748170.001   751027.003   751607.001   755014.003
  1040:   755805.001   758595.003   759230.001   759337.003   759351.001
  1045:   762180.003   762850.001   765518.003   766026.005   766097.009
  1050:   766109.005   766127.009   766315.001   769654.003   770456.005
  1055:   770609.009   770842.001   774392.018   774431.003   774437.016
  1060:   774487.026   774673.005   775107.009   775116.005   775354.009
  1065:   775361.005   775378.009   775411.005   775577.009   776487.001
  1070:   779679.003   780303.001   780389.003   780459.001   783477.003
  1075:   783893.005   783927.009   784224.001   784271.003   784306.001
  1080:   787294.003   788748.001   792172.003   792790.005   792851.009
  1085:   792865.005   792985.009   793464.001   796996.003   797775.001
  1090:   801325.018   801806.003   801812.016   801862.026   802012.005
  1095:   802411.009   802416.005   802577.009   804127.001   807625.003
  1100:   808430.001   811858.003   812473.001   812541.003   812677.001
  1105:   812719.003   812741.001   815647.003   816049.001   818614.003
  1110:   819445.001   820363.003   820411.001   820651.003   820661.001
  1115:   823488.003   823690.005   823709.009   823800.005   823812.009
  1120:   823816.005   823823.009   823860.005   824045.009   824055.005
  1125:   824105.009   824996.001   828199.003   828909.005   828954.009
  1130:   835178.005   835606.009   836343.001   839270.003   840000.001
  1135:   840045.003   840120.001   840672.003   840993.005   841048.009
  1140:   841422.001   841480.003   841578.001   844252.003   844988.001
  1145:   848045.003   848986.001   849189.003   849466.005   849507.009
  1150:   850341.001   853569.003   853893.005   854605.009   855047.001
  1155:   858232.003   858913.001   858979.003   859015.001   861746.003
  1160:   862631.001   865293.003   865889.005   866599.009   866639.005
  1165:   866652.009   867045.001   867297.003   867344.001   870894.018
  1170:   871335.003   871341.016   871391.026   871625.005   872278.009
  1175:   873160.001   876710.018   876760.003   876766.016   876816.026
  1180:   877029.005   877455.009   877491.005   878652.009   878698.005
  1185:   878710.009   878760.005   878786.009   879719.001   879891.003
  1190:   879949.001   883277.003   883859.001   887409.018   888195.003
  1195:   888201.016   888251.026   888430.005   889701.009   890153.001
  1200:   890391.003   890437.001   893905.003   894623.001   894707.003
  1205:   894748.001   894820.003   894833.001   897997.003   898470.005
  1210:   898513.009   898576.005   898594.009   898972.001   902260.003
  1215:   903074.001   903444.003   903461.001   903526.003   903557.001
  1220:   906436.003   906589.005   906681.009   906801.005   906937.009
  1225:   907224.001   910774.018   911096.003   911102.016   911152.026
  1230:   911340.005   912009.009   912027.005   912062.009   913042.001
  1235:   916592.018   916811.003   916817.016   916867.026   916991.005
  1240:   917009.009   917012.005   917646.009   917694.005   917943.009
  1245:   919127.001   922677.018   922851.003   922857.016   922907.026
  1250:   922909.017   923007.005   923428.009   923528.005   923587.009
  1255:   923736.005   924208.009   924229.005   924273.009   924758.001
  1260:   928497.003   928888.005   929115.009   929131.005   929153.009
  1265:   929555.001   933020.003   933827.001   937128.003   937332.005
  1270:   937351.009   937369.005   937617.009   938592.005   938603.009
  1275:   939137.001   939613.003   939652.001   942541.003   942694.005
  1280:   942715.009   942738.005   942762.009   942795.005   942829.009
  1285:   943233.001   947033.018   947494.003   947500.016   947550.026
  1290:   947623.005   948526.009   948531.005   948540.009   949903.001
  1295:   952859.003   953181.005   953243.009   953244.005   953259.009
  1300:   953496.005   953584.009   953613.005   953626.009   954153.001
  1305:   957953.018   958016.003   958022.016   958072.026   958158.005
  1310:   958770.009   958798.005   958823.009   958836.005   958853.009
  1315:   958873.005   958992.009   958996.005   959002.009   959780.001
  1320:   963037.003   963194.005   963224.009   963299.005   963315.009
  1325:   963570.001   966423.003   967402.001   968225.003   968248.001
  1330:   971080.003   971424.005   971755.009   972656.001   973106.003
  1335:   973164.001   975627.003   976453.001   979945.003   980444.005
  1340:   980742.009   981450.001   981587.003   981628.001   984763.003
  1345:   985652.001   989115.003   989494.005   989537.009   989548.005
  1350:   989819.009   990116.001   993042.003   993519.001   996569.003
  1355:   997006.005   997115.009   997584.001   997659.003   997720.001
  1360:  1001075.003  1001235.005  1001258.009  1001288.005  1001678.009
  1365:  1001752.005  1001761.009  1001774.005  1001897.009  1001901.005
  1370:  1001919.009  1002363.001  1002799.003  1012900.005  1012993.009
  1375:  1012995.005  1013011.009  1013030.005  1013222.009  1013699.001
  1380:  1016276.003  1017126.001  1020476.003  1021175.005  1021207.009
  1385:  1021455.001  1024524.003  1025051.001  1027551.003  1028210.005
  1390:  1028360.009  1028595.001  1031795.003  1032485.001  1032577.003
  1395:  1032629.001  1035869.003  1036280.005  1036359.009  1036625.001
  1400:  1037652.003  1038201.001  1041051.003  1042925.001  1043435.003
  1405:  1043468.001  1046863.003  1047478.001  1047581.003  1047599.001
  1410:  1051399.018  1051592.003  1051598.016  1051648.026  1051801.005
  1415:  1052534.009  1052581.005  1052700.009  1052734.005  1052766.009
  1420:  1053775.001  1054025.003  1054092.001  1057200.003  1057721.001
  1425:  1060821.003  1061840.001  1062183.003  1062194.001  1064773.003
  1430:  1065518.001  1068448.003  1068976.001  1069111.003  1069153.001
  1435:  1071836.003  1072212.005  1072289.009  1072972.001  1076016.003
  1440:  1076573.005  1076593.009  1076797.001  1079663.003  1080853.001
  1445:  1081350.003  1084533.005  1084541.009  1084548.005  1085025.009
  1450:  1085034.005  1085068.009  1085148.005  1085211.009  1085214.005
  1455:  1085223.009  1086056.001  1088876.003  1089475.001  1092136.003
  1460:  1092444.005  1093413.009  1093893.001  1097693.018  1097846.003
  1465:  1097852.016  1097902.026  1097965.005  1098884.009  1099879.001
  1470:  1103679.018  1103800.003  1103806.016  1103856.026  1104036.005
  1475:  1104478.009  1104492.005  1104544.009  1105970.001  1109152.003
  1480:  1109970.001  1112201.003  1112238.001  1112414.003  1112429.001
  1485:  1114126.003  1114818.001  1114963.003  1115022.001  1118144.003
  1490:  1118386.005  1118432.009  1118512.005  1118597.009  1118905.001
  1495:  1122211.003  1123354.001  1127037.003  1127472.001  1127647.003
  1500:  1127671.001  1130749.003  1131213.005  1131237.009  1131242.005
  1505:  1131249.009  1131253.005  1131310.009  1131451.005  1131484.009
  1510:  1131910.001  1135018.003  1135593.005  1135782.009  1136837.001
  1515:  1136884.003  1137019.001  1137295.003  1137310.001  1137816.003
  1520:  1137883.001  1141683.018  1141891.003  1141897.016  1141947.026
  1525:  1142076.005  1143052.009  1143102.005  1143122.009  1144009.001
  1530:  1147242.003  1147997.001  1148165.003  1148169.001  1151082.003
  1535:  1151419.005  1151557.009  1151869.001  1155074.003  1155923.001
  1540:  1156049.003  1156131.001  1156239.003  1156477.005  1156688.009
  1545:  1164568.005  1164576.009  1164592.005  1164750.009  1165374.005
  1550:  1165385.009  1165395.005  1165428.009  1166252.001  1169935.003
  1555:  1170189.001  1173210.003  1173615.005  1173804.009  1173808.005
  1560:  1173897.009  1174165.001  1174233.003  1174313.001  1174449.003
  1565:  1174482.001  1177864.003  1178046.005  1178217.009  1178503.001
  1570:  1181373.003  1182294.001  1182409.003  1182436.001  1185270.003
  1575:  1185498.005  1185862.009  1185905.005  1185917.009  1186335.001
  1580:  1190126.003  1190665.005  1190681.009  1191127.001  1194927.018
  1585:  1195027.003  1195033.016  1195083.026  1195230.005  1195993.009
  1590:  1196109.005  1196278.009  1197884.001  1201129.003  1201812.005
  1595:  1201856.009  1201873.005  1201890.009  1202126.001  1205422.003
  1600:  1205991.001  1206204.003  1206210.001  1209362.003  1209881.001
  1605:  1210361.003  1210585.005  1210965.009  1211631.001  1212805.003
  1610:  1212811.001  1215781.003  1216129.005  1216158.009  1216497.001
  1615:  1219500.003  1219647.005  1220236.009  1220996.001  1222122.003
  1620:  1222157.001  1222262.003  1225563.005  1227859.009  1228786.001
  1625:  1231445.003  1231865.005  1234254.009  1234296.005  1234306.009
  1630:  1234810.001  1237575.003  1237942.005  1238788.009  1238811.005
  1635:  1239966.009  1239991.005  1240657.009  1241625.001  1244514.003
  1640:  1244797.005  1245804.009  1246279.001  1249506.003  1250245.001
  1645:  1253243.003  1253371.005  1253390.009  1253401.005  1253463.009
  1650:  1253771.005  1254003.009  1254011.005  1254031.009  1254052.005
  1655:  1254069.009  1254192.005  1254215.009  1254252.005  1254272.009
  1660:  1254792.001  1257684.003  1258545.001  1258561.003  1258674.001
  1665:  1262153.003  1279479.005  1279574.009  1280151.001  1280224.003
  1670:  1280385.001  1280684.003  1280744.001  1280822.003  1280831.001
  1675:  1283534.003  1283898.001  1283974.003  1284367.005  1284462.009
  1680:  1284662.001  1287197.003  1287363.005  1287416.009  1288362.001
  1685:  1291860.003  1291984.005  1292431.009  1292730.001  1292877.003
  1690:  1292908.001  1293575.003  1297615.001  1297758.003  1297803.001
  1695:  1298269.003  1298532.005  1298566.009  1312113.005  1312149.009
  1700:  1312780.001  1312871.003  1312917.001  1313001.003  1313117.001
  1705:  1313299.003  1313315.001  1315544.003  1315561.001  1316241.003
  1710:  1316714.005  1316739.009  1316764.005  1316773.009  1316780.005
  1715:  1316938.009  1316943.005  1316949.009  1316974.005  1317233.009
  1720:  1317477.001  1320503.003  1320701.005  1320783.009  1321013.001
  1725:  1324606.003  1325024.001  1325275.003  1325317.001  1327653.003
  1730:  1328266.001  1328350.003  1328424.001  1331364.003  1331555.005
  1735:  1331714.009  1331716.005  1331742.009  1332034.001  1335070.003
  1740:  1335783.001  1338135.003  1339022.001  1341354.003  1342778.001
  1745:  1343474.003  1343484.001  1344209.003  1344501.005  1344642.009
  1750:  1345084.001  1345225.003  1345252.001  1345311.003  1345314.001
  1755:  1347520.003  1347751.005  1347862.009  1348091.005  1348106.009
  1760:  1349253.001  1350325.003  1350345.001  1352627.003  1353842.001
  1765:  1354155.003  1354167.001  1357457.003  1357749.005  1359576.009
  1770:  1359624.005  1359636.009  1360432.001  1362336.003  1427473.005
  1775:  1427488.009  1438047.005  1438188.009  1438254.005  1439861.009
  1780:  1439900.005  1439907.009  1439937.005  1440020.009  1444701.005
  1785:  1444725.009  1444732.005  1444747.009  1445228.001  1445566.003
  1790:  1445621.001  1448642.003  1449086.005  1450231.009  1450836.001
  1795:  1451880.003  1451891.001  1454507.003  1454827.005  1455003.009
  1800:  1455121.005  1455136.009  1455332.001  1455355.003  1455382.001
  1805:  1458862.003  1459374.001  1462697.003  1462913.005  1463176.009
  1810:  1464399.001  1464690.003
B:
     0:        0.000      507.000        0.000      507.000        0.000
     5:      324.000        0.000        0.000        0.000      324.000
    10:        0.000        1.000        0.000        1.000        0.000
    15:        0.000       49.000        2.000       48.000        0.000
    20:        0.000        0.000        0.000        0.000        0.000
    25:        0.000       49.000        0.000        0.000        0.000
    30:        0.000
D:
     0:  3396338.000  3396048.000  3396339.000
E:
     0:     3300.000     3800.000
T:
     0:        0.000        0.000        0.000        0.000
W:
     0:        0.000        0.000        0.000
