File: C:\MED-PC IV\Data\Reyes\BB\BB2111.999


Start Date: 07/03/25
End Date: 07/03/25
Subject: 111
Experiment: BB
Group: TIMEOUT
Box: 1
Start Time: 16:07:19
End Time: 16:57:20
MSN: DRRD_lin
C:       0.000
F:       0.000
G:       0.000
H:       0.000
I:       0.000
J:       0.000
K:    7700.000
L:       0.000
M:       0.000
N:       0.000
O:       0.000
P:       0.000
Q:       0.000
R:       0.000
S:       0.000
U:    2230.000
V:       0.000
X:       0.000
Y:    2523.000
Z:       0.000
A:
     0:     9553.005     9573.009     9594.005     9619.009     9628.005
     5:     9782.009    15000.013    15000.011    15975.001    17713.003
    10:    18307.001    19292.003    19348.001    19512.003    19536.005
    15:    19674.009    19924.001    21338.003    21628.005    21648.009
    20:    21857.001    21889.003    21905.001    22019.003    22603.005
    25:    22617.009    22863.001    23820.003    24159.005    24283.009
    30:    24497.001    25122.003    25190.005    25558.009    25919.001
    35:    28348.003    30591.001    33819.003    34235.001    34514.003
    40:    35024.001    36950.003    37326.001    39604.003    39749.005
    45:    39997.009    40226.001    40628.003    40661.001    40996.003
    50:    41028.001    41069.003    41121.001    41159.003    41162.001
    55:    43854.003    43883.001    43905.003    44302.005    44479.009
    60:    45643.001    46061.003    46065.001    48986.003    49075.005
    65:    49280.009    49612.001    49707.003    50177.001    50686.003
    70:    50694.001    51593.003    51603.001    51870.003    53300.001
    75:    53416.003    53463.001    53822.003    53833.001    56804.003
    80:    56933.001    56973.003    56987.001    59770.003    59890.001
    85:    59921.003    61353.001    62127.003    62151.001    62320.003
    90:    62349.001    63050.003    63065.001    63280.003    63467.005
    95:    63635.009    65900.005    65927.009    66125.001    66372.003
   100:    66409.001    66455.003    66499.001    66816.003    66843.001
   105:    68861.003    69036.005    69122.009    69353.001    69470.003
   110:    70673.001    70944.003    71432.001    71548.003    74030.001
   115:    74131.003    75958.005    75970.009    76247.001    76352.003
   120:    76752.005    76778.009    77201.001    77647.003    78062.005
   125:    78097.009    78278.001    81040.003    81159.001    85009.018
   130:    86171.003    86177.016    86227.026    86299.005    86847.009
   135:    87082.001    88628.003    89120.001    89347.003    89367.001
   140:    91340.003    92000.001    95850.018    96720.003    96726.016
   145:    96776.026    96936.005    97394.009    97778.001   100912.003
   150:   102193.001   102506.003   102535.001   102697.003   102902.001
   155:   104535.003   104694.001   104715.003   104726.001   107626.003
   160:   109526.005   109542.009   109544.005   109664.009   109866.001
   165:   110236.003   110272.001   114122.018   114446.003   114452.016
   170:   114482.001   114502.026   114533.003   114569.005   114917.009
   175:   115112.001   118160.003   118562.001   118689.003   118697.001
   180:   118710.003   118716.001   118852.003   118865.001   120317.003
   185:   120323.001   120551.003   121330.001   121908.003   121916.001
   190:   125766.018   126059.003   126065.016   126082.001   126115.026
   195:   126182.003   126246.005   126558.009   126929.001   129390.003
   200:   129444.001   129624.003   129967.001   130090.003   130104.001
   205:   130254.003   130270.001   130644.003   130661.001   134105.003
   210:   134566.001   134774.003   134777.001   134905.003   134915.001
   215:   137494.003   137925.001   138039.003   138048.001   138314.003
   220:   138322.001   138572.003   138575.001   141646.003   142265.005
   225:   142364.009   144433.001   144527.003   144548.001   144684.003
   230:   144722.001   144766.003   144791.001   146544.003   146546.001
   235:   147846.003   147933.001   148084.003   148678.001   152528.018
   240:   154955.003   154961.016   155011.026   155121.005   156064.009
   245:   156423.001   160273.018   160450.003   160456.016   160484.001
   250:   160506.026   160556.003   160623.005   160895.009   161385.001
   255:   163578.003   163592.001   166152.003   166805.001   166860.003
   260:   166884.001   167000.003   167006.001   168000.003   168018.001
   265:   168248.003   168281.001   169100.003   169110.001   169987.003
   270:   170759.005   170814.009   172079.001   172144.003   172166.001
   275:   172558.003   172586.001   174803.003   174811.001   176739.003
   280:   177267.001   177386.003   177391.001   180233.003   180671.001
   285:   180781.003   180822.001   181037.003   181061.001   181135.003
   290:   181170.001   183001.003   183015.001   183611.003   183916.001
   295:   184343.003   184463.005   184594.009   186382.001   186612.003
   300:   186625.001   186754.003   186768.001   186968.003   186983.001
   305:   188003.003   188032.001   189579.003   189597.001   189997.003
   310:   190639.001   190741.003   190760.001   191628.003   191633.001
   315:   193025.003   193041.001   193656.003   193724.001   193792.003
   320:   194464.001   194520.003   195497.001   195599.003   195603.001
   325:   195827.003   195981.005   196012.009   196015.005   196053.009
   330:   197219.005   197527.009   197713.001   201525.003   201537.001
   335:   203545.003   203980.005   204096.009   204245.001   207614.003
   340:   208241.001   208268.003   208284.001   208397.003   208423.001
   345:   208537.003   208541.001   208648.003   208665.001   208746.003
   350:   208768.001   209124.003   209142.001   210240.003   210292.001
   355:   210430.003   213536.001   213897.003   213912.001   217705.003
   360:   217916.001   218517.003   218658.001   218768.003   218796.001
   365:   218929.003   218940.001   221691.003   222087.005   222194.009
   370:   224176.005   224237.009   224439.001   224633.003   224930.005
   375:   225113.009   225647.001   226674.003   230409.001   230652.003
   380:   230653.001   232132.003   232134.001   233507.003   233515.001
   385:   233987.003   234396.001   234630.003   234682.001   234760.003
   390:   234772.001   235013.003   235027.001   235583.003   235602.001
   395:   235868.003   235944.001   236011.003   237281.005   237389.009
   400:   239577.005   239655.009   239900.001   240078.003   241641.001
   405:   245044.003   245054.001   247128.003   247242.005   247436.009
   410:   247700.001   247790.003   247813.001   250468.003   250477.001
   415:   250938.003   251064.001   251268.003   251612.001   251791.003
   420:   251797.001   253843.003   254614.005   254673.009   260056.001
   425:   260097.003   260110.001   260545.003   260585.001   260610.003
   430:   260639.001   263513.003   264171.001   265379.003   265399.001
   435:   265590.003   265776.005   265911.009   266095.001   266333.003
   440:   266753.001   270603.018   271160.003   271166.016   271216.026
   445:   271285.005   271768.009   271782.005   271790.009   272078.001
   450:   274004.003   274005.001   276480.003   278716.001   278974.003
   455:   278993.001   281694.003   282253.001   282338.003   282376.001
   460:   282404.003   282423.001   282563.003   282575.001   283349.003
   465:   283899.001   284347.003   284468.001   284530.003   284821.001
   470:   285125.003   285585.001   285901.003   287484.005   287590.009
   475:   287746.001   291357.003   291512.001   292802.003   293255.001
   480:   293297.003   294976.005   294998.009   295425.001   295482.003
   485:   298422.001   299243.003   299446.001   303296.018   304924.003
   490:   304930.016   304980.026   305065.005   305260.001   305261.009
   495:   305274.003   305893.005   306099.009   306526.001   310234.003
   500:   310702.001   311904.003   311908.001   314706.003   314725.001
   505:   316024.003   316614.001   316702.003   318117.001   318165.003
   510:   319770.005   319829.009   320106.001   320575.003   320589.001
   515:   321688.003   321707.001   325356.003   328045.001   328990.003
   520:   329054.001   329623.003   329654.001   330311.003   330327.001
   525:   331835.003   333238.001   334108.003   334125.001   334366.003
   530:   334391.001   334909.003   334922.001   335690.003   338140.005
   535:   338441.009   338642.001   339070.003   339095.001   340668.003
   540:   340686.001   341203.003   341214.001   342029.003   342040.001
   545:   342441.003   342570.001   342929.003   342931.001   343230.003
   550:   343242.001   344587.003   344619.001   345539.003   345586.001
   555:   345785.003   346398.001   348884.003   348900.001   349401.003
   560:   349410.001   351246.003   351319.001   351639.003   353071.005
   565:   353150.009   353936.001   354788.003   354811.001   356086.003
   570:   356104.001   357582.003   357586.001   357977.003   357982.001
   575:   358255.003   358256.001   359581.003   359629.001   359741.003
   580:   360156.005   360784.009   361259.001   363134.003   366983.001
   585:   367168.003   367180.001   367519.003   367532.001   367714.003
   590:   367727.001   369471.003   370162.001   372157.003   372161.001
   595:   375054.003   375272.001   379122.018   379593.003   379599.016
   600:   379649.026   379716.005   380723.009   381218.001   384539.003
   605:   385144.001   385206.003   385228.001   387781.003   388317.001
   610:   388428.003   388476.001   388547.003   388567.001   388942.003
   615:   388974.001   392824.018   394598.003   394604.016   394654.026
   620:   394701.005   395384.009   395386.005   395461.009   395943.001
   625:   398036.003   398045.001   398453.003   398468.001   399989.003
   630:   400365.001   403190.003   404012.001   404113.003   404137.001
   635:   404257.003   404298.001   406239.003   406251.001   407417.003
   640:   407939.005   408051.009   411457.001   412245.003   412246.001
   645:   412693.003   412824.001   413177.003   413197.001   415764.003
   650:   415831.001   416016.003   416156.001   416607.003   416618.001
   655:   419194.003   419209.001   419935.003   420729.001   422079.003
   660:   422102.001   425952.018   426071.003   426077.016   426127.026
   665:   426241.005   426576.009   426789.001   426898.003   426946.001
   670:   427380.003   427401.001   427500.003   427524.001   429365.003
   675:   429400.001   429518.003   429523.001   430188.003   430202.001
   680:   430351.003   430682.005   430719.009   432622.001   432935.003
   685:   432955.001   436805.018   437377.003   437383.016   437433.026
   690:   437556.005   438008.009   438569.001   439923.003   439934.001
   695:   442837.003   442869.001   443081.003   443710.005   443846.009
   700:   444127.001   444175.003   444416.001   446181.003   446190.001
   705:   449575.003   449782.001   450975.003   452550.001   452576.003
   710:   452602.001   452662.003   452722.001   455451.003   455467.001
   715:   455647.003   455661.001   455965.003   455975.001   456941.003
   720:   456951.001   457900.003   458289.005   458529.009   459162.001
   725:   463012.018   464416.003   464422.016   464469.001   464472.026
   730:   464514.003   464566.005   465030.009   465796.001   465976.003
   735:   465998.001   468473.003   468489.001   470546.003   470604.001
   740:   470682.003   471016.001   471137.003   471143.001   471568.003
   745:   471767.001   472922.003   472933.001   473181.003   473203.001
   750:   475945.003   477301.005   477353.009   477658.001   478039.003
   755:   478042.001   479752.003   479758.001   479986.003   479999.001
   760:   480226.003   480240.001   480318.003   480335.001   481453.003
   765:   481489.001   481971.003   481992.001   482797.003   482811.001
   770:   482998.003   484067.001   484282.003   484342.001   484377.003
   775:   486080.001   486130.003   486310.001   488060.003   488065.001
   780:   491030.003   491052.001   491238.003   491850.001   491952.003
   785:   491972.001   492292.003   492307.001   492647.003   492670.001
   790:   493264.003   493269.001   494698.003   494709.001   494907.003
   795:   494918.001   495256.003   495263.001   496929.003   496933.001
   800:   497322.003   497888.001   499316.003   499323.001   500874.003
   805:   500934.001   501056.003   501334.001   501505.003   501515.001
   810:   501699.003   501711.001   503743.003   503760.001   504319.003
   815:   504377.001   508227.018   508282.003   508288.016   508338.026
   820:   508444.005   508825.009   509510.001   510382.003   510409.001
   825:   510529.003   510569.001   510664.003   512322.001   515638.003
   830:   515647.001   518827.003   519281.005   519400.009   520817.001
   835:   522197.003   522268.001   522445.003   522878.001   523002.003
   840:   523042.001   524387.003   524400.001   524935.003   524949.001
   845:   526597.003   526609.001   527491.003   527553.001   527614.003
   850:   527713.005   527991.009   528268.005   528415.009   528554.001
   855:   528675.003   528696.001   531236.003   531244.001   531571.003
   860:   531586.001   532475.003   533609.005   533795.009   534163.001
   865:   534204.003   534210.001   534269.003   534280.001   538130.018
   870:   538603.003   538609.016   538659.026   538820.005   539418.009
   875:   539903.001   540100.003   540212.001   540341.003   540365.001
   880:   540743.003   540780.001   540833.003   540912.001   540978.003
   885:   541953.005   542065.009   542221.001   542241.003   542458.001
   890:   542907.003   542922.001   543190.003   543195.001   544301.003
   895:   544310.001   544532.003   544553.001   544638.003   544653.001
   900:   545073.003   545097.001   545338.003   545351.001   545930.003
   905:   545948.001   546328.003   546357.001   546770.003   546783.001
   910:   546862.003   546874.001   547690.003   547840.001   547864.003
   915:   547878.001   548178.003   548193.001   548322.003   548341.001
   920:   549633.003   549756.001   549782.003   553808.001   554020.003
   925:   554034.001   554481.003   554490.001   554663.003   554673.001
   930:   555189.003   555211.001   555541.003   555550.001   556046.003
   935:   556062.001   556142.003   556155.001   556344.003   556386.001
   940:   556743.003   556769.001   557391.003   557413.001   557636.003
   945:   558249.001   558326.003   558811.001   559655.003   560499.001
   950:   560668.003   560673.001   561908.003   561913.001   562265.003
   955:   562278.001   562744.003   562765.001   563229.003   563238.001
   960:   563465.003   563486.001   564719.003   565724.001   565927.003
   965:   565934.001   567805.003   567818.001   569794.003   570241.001
   970:   570364.003   570369.001   572769.003   573140.005   573255.009
   975:   577734.001   577810.003   577855.001   578705.003   578740.001
   980:   579089.003   579097.001   580919.003   580938.001   581192.003
   985:   581209.001   581408.003   581421.001   581924.003   581943.001
   990:   582699.003   582709.001   582793.003   582796.001   583137.003
   995:   583587.001   583661.003   583689.001   584635.003   584667.001
  1000:   586412.003   586423.001   586649.003   586933.005   587037.009
  1005:   588545.005   588578.009   588592.005   588621.009   588916.001
  1010:   589820.003   589834.001   590120.003   590389.001   590483.003
  1015:   590679.001   590775.003   590797.001   591249.003   591269.001
  1020:   591395.003   591440.001   591786.003   593189.001   593279.003
  1025:   593285.001   594450.003   594478.001   594562.003   594575.001
  1030:   594710.003   594719.001   595150.003   596812.001   596938.003
  1035:   596946.001   597340.003   597387.001   597507.003   597542.001
  1040:   597666.003   597800.001   597957.003   597963.001   598400.003
  1045:   598426.001   598576.003   598830.005   598861.009   601849.005
  1050:   602070.009   602310.001   602487.003   602622.001   603451.003
  1055:   603779.001   603884.003   603890.001   607742.018   608532.003
  1060:   608538.016   608588.026   608679.005   609054.009   609719.001
  1065:   613569.018   613771.003   613777.016   613827.026   613928.005
  1070:   614272.009   614624.001   616367.003   616574.001   616722.003
  1075:   616726.001   620258.003   620788.001   624638.018   626251.003
  1080:   626257.016   626307.026   626406.005   626761.009   627553.001
  1085:   630063.003   631473.001   633010.003   633023.001   633128.003
  1090:   633143.001   633513.003   633525.001   633997.003   634014.001
  1095:   634524.003   634540.001   634891.003   634908.001   635450.003
  1100:   635462.001   635725.003   635733.001   636392.003   636405.001
  1105:   637276.003   637301.001   638480.003   639070.001   639175.003
  1110:   639209.001   639323.003   639380.001   639434.003   641952.001
  1115:   642041.003   642065.001   642152.003   642179.001   642688.003
  1120:   642720.001   644874.003   646161.001   646807.003   646817.001
  1125:   646953.003   646966.001   650816.018   650926.003   650932.016
  1130:   650982.026   651077.005   651437.009   652007.001   653054.003
  1135:   653434.001   653495.003   653512.001   654533.003   654553.001
  1140:   658087.003   658608.005   658635.009   658794.001   662644.018
  1145:   663866.003   663872.016   663922.026   664043.005   664454.009
  1150:   664886.001   665034.003   665050.001   665570.003   665579.001
  1155:   665673.003   666593.001   666616.003   666626.001   666796.003
  1160:   666816.001   667596.003   667599.001   668294.003   669710.005
  1165:   669898.009   670088.001   673938.018   674697.003   674703.016
  1170:   674753.026   674928.005   675473.009   675494.005   675571.009
  1175:   676418.001   676567.003   676606.001   676665.003   676829.001
  1180:   676941.003   677074.001   677099.003   677119.001   677209.003
  1185:   677225.001   677291.003   677301.001   681151.018   681355.003
  1190:   681361.016   681411.026   681502.005   681859.009   682663.001
  1195:   683964.003   683976.001   686051.003   686415.001   687583.003
  1200:   687598.001   691008.003   691012.001   692868.003   693352.005
  1205:   693362.009   695135.001   698060.003   698072.001   698174.003
  1210:   698179.001   698422.003   698434.001   701278.003   701282.001
  1215:   701773.003   702149.005   702175.009   702577.001   702683.003
  1220:   702701.001   703281.003   703292.001   704601.003   704617.001
  1225:   705640.003   705641.001   706445.003   706455.001   707857.003
  1230:   708494.001   708598.003   708617.001   710328.003   710332.001
  1235:   710506.003   710513.001   712227.003   712282.001   712382.003
  1240:   712399.001   712451.003   714994.001   715071.003   715078.001
  1245:   716606.003   716623.001   716823.003   716835.001   717140.003
  1250:   717153.001   717244.003   717266.001   717604.003   717636.001
  1255:   717786.003   717820.001   718244.003   718254.001   718337.003
  1260:   718348.001   720183.003   720907.001   720997.003   721033.001
  1265:   722446.003   722447.001   725869.003   726406.001   726505.003
  1270:   726556.001   726636.003   726796.001   726896.003   727636.001
  1275:   727766.003   727793.001   728556.003   728560.001   728871.003
  1280:   728885.001   730218.003   730219.001   730398.003   730403.001
  1285:   730547.003   730565.001   733640.003   734125.001   735373.003
  1290:   735385.001   738711.003   739054.001   739221.003   739234.001
  1295:   739334.003   739340.001   740755.003   740759.001   740844.003
  1300:   740852.001   741053.003   741068.001   741387.003   741439.001
  1305:   741494.003   742818.001   743893.003   743903.001   744177.003
  1310:   744178.001   744849.003   744858.001   745326.003   745338.001
  1315:   745415.003   745427.001   746061.003   746074.001   747277.003
  1320:   748195.001   748251.003   748425.001   748482.003   748509.001
  1325:   748974.003   748993.001   749443.003   749481.001   749549.003
  1330:   752594.005   752617.009   752842.001   752879.003   753044.001
  1335:   753106.003   753174.001   754487.003   754731.001   754972.003
  1340:   754992.001   755870.003   755889.001   756460.003   756463.001
  1345:   758196.003   758209.001   758595.003   758609.001   758965.003
  1350:   758975.001   759240.003   759259.001   759423.003   759431.001
  1355:   759802.003   759819.001   759927.003   759934.001   760065.003
  1360:   760077.001   760163.003   760180.001   760256.003   760318.001
  1365:   760361.003   760913.001   760978.003   761012.001   761156.003
  1370:   765874.001   766147.003   766183.001   767493.003   767555.001
  1375:   767925.003   767933.001   768365.003   768375.001   771044.003
  1380:   771051.001   771765.003   771766.001   772217.003   772712.001
  1385:   772800.003   772885.001   772941.003   773451.001   775594.003
  1390:   775611.001   777064.003   777083.001   777395.003   777462.001
  1395:   777600.003   777793.005   778277.009   778788.005   779011.009
  1400:   779592.005   779644.009   782770.001   782929.003   782930.001
  1405:   783070.003   783330.001   785285.003   787844.005   787957.009
  1410:   788015.005   788100.009   788127.005   788437.009   788521.005
  1415:   788646.009   788995.001   791574.003   791841.001   792731.003
  1420:   792743.001   793923.003   793933.001   795167.003   795176.001
  1425:   795518.003   795532.001   796523.003   796540.001   797083.003
  1430:   797679.001   797749.003   797783.001   798179.003   798443.005
  1435:   798546.009   801112.001   801184.003   801824.001   802237.003
  1440:   802268.001   802506.003   802905.005   803096.009   803380.001
  1445:   807230.018   808472.003   808478.016   808521.001   808528.026
  1450:   808562.003   808629.005   809134.009   809477.001   809519.003
  1455:   809556.001   809668.003   809684.001   813534.018   813992.003
  1460:   813998.016   814021.001   814048.026   814058.003   814094.005
  1465:   814898.009   814908.005   814942.009   815335.001   816656.003
  1470:   816662.001   817544.003   817880.001   817934.003   817942.001
  1475:   818331.003   818338.001   821721.003   821780.001   822046.003
  1480:   822094.001   825944.018   828787.003   828793.016   828843.026
  1485:   828978.005   829419.009   830220.001   830603.003   830632.001
  1490:   831013.003   831048.001   831089.003   831983.001   832235.003
  1495:   832419.001   832646.003   833064.001   833126.003   833529.001
  1500:   833642.003   833644.001   837500.018   838954.003   838960.016
  1505:   839010.026   839109.005   839554.009   839950.001   841448.003
  1510:   841459.001   844358.003   846270.001   847000.003   847008.001
  1515:   847080.003   847948.001   848194.003   848212.001   848501.003
  1520:   848520.001   848659.003   848716.001   848790.003   848827.001
  1525:   848859.003   848908.001   849087.003   849346.001   852215.003
  1530:   852232.001   852698.003   852713.001   853404.003   854389.001
  1535:   855911.003   856198.005   856321.009   856433.005   856521.009
  1540:   857353.005   857449.009   857673.001   857707.003   857716.001
  1545:   857875.003   857901.001   861155.003   861837.001   862047.003
  1550:   862116.001   862231.003   862902.001   862976.003   862978.001
  1555:   863756.003   864366.001   867479.003   867508.001   867712.003
  1560:   870520.001   870856.003   870958.001   870980.003   870988.001
  1565:   871101.003   871142.001   871332.003   871368.001   875218.018
  1570:   875521.003   875527.016   875531.001   875577.026   875704.003
  1575:   875777.005   876099.009   876683.001   880533.018   882184.003
  1580:   882190.016   882240.026   882303.005   882711.009   882980.001
  1585:   883015.003   883203.001   886305.003   886351.001   886463.003
  1590:   886807.001   886908.003   886998.001   890848.018   893730.003
  1595:   893736.016   893786.026   893878.005   894269.009   894831.001
  1600:   898338.003   899656.001   901377.003   901380.001   905235.018
  1605:   906414.003   906420.016   906470.026   906532.005   907078.009
  1610:   909392.001   909519.003   909527.001   911921.003   912306.001
  1615:   912365.003   912424.001   912825.003   912839.001   913065.003
  1620:   915486.001   915940.003   915947.001   919798.018   920483.003
  1625:   920489.016   920539.026   920598.005   921028.009   921500.001
  1630:   921778.003   921785.001   924950.003   925479.001   926731.003
  1635:   926743.001   930106.003   930111.001   930217.003   930942.001
  1640:   931528.003   931556.001   931759.003   931780.001   932085.003
  1645:   932090.001   932346.003   932354.001   932843.003   932846.001
  1650:   933784.003   933796.001   934580.003   934585.001   936394.003
  1655:   936412.001   936852.003   940103.001   940341.003   940377.001
  1660:   940539.003   940543.001   944397.018   944941.003   944947.016
  1665:   944997.026   945106.005   945445.009   945669.001   946556.003
  1670:   946573.001   946683.003   946688.001   949602.003   949611.001
  1675:   950869.003   950932.001   951006.003   952072.001   952161.003
  1680:   952207.001   953533.003   953545.001   953949.003   953950.001
  1685:   955303.003   955314.001   956207.003   956223.001   957162.003
  1690:   957173.001   957508.003   958424.005   958509.009   958659.001
  1695:   960305.003   960313.001   961739.003   961776.001   961960.003
  1700:   963029.001   964698.003   964714.001   965168.003   965187.001
  1705:   965439.003   965484.001   968571.003   968632.001   968774.003
  1710:   969067.005   969290.009   969522.001   969630.003   969636.001
  1715:   970439.003   970446.001   972508.003   972950.001   974824.003
  1720:   974837.001   975295.003   975301.001   975784.003   978134.001
  1725:   978246.003   978268.001   978782.003   978844.001   978986.003
  1730:   979113.001   979486.003   979569.001   979599.003   979605.001
  1735:   979673.003   979692.001   980000.003   980033.001   982957.003
  1740:   982969.001   983777.003   983790.001   984194.003   984210.001
  1745:   984644.003   984659.001   985110.003   985119.001   985428.003
  1750:   985444.001   985684.003   986303.001   986403.003   986410.001
  1755:   988654.003   988837.001   989963.003   989975.001   992529.003
  1760:   992562.001   992745.003   993063.005   993358.009   993611.001
  1765:   993748.003   993773.001   994449.003   994471.001   994525.003
  1770:   996451.001  1000301.018  1000396.003  1000402.016  1000452.026
  1775:  1000511.005  1001082.009  1002486.001  1003204.003  1003208.001
  1780:  1006150.003  1006318.001  1007916.003  1007929.001  1009476.003
  1785:  1009948.001  1010050.003  1010070.001  1011748.003  1011759.001
  1790:  1011930.003  1011938.001  1012195.003  1012199.001  1012768.003
  1795:  1012800.001  1012884.003  1014661.001  1014785.003  1014817.001
  1800:  1018389.003  1018390.001  1018939.003  1018946.001  1019332.003
  1805:  1019341.001  1019807.003  1019819.001  1020657.003  1020661.001
  1810:  1021209.003  1024955.001  1028789.003  1028790.001  1029243.003
  1815:  1029244.001  1029510.003  1029847.001  1029937.003  1029951.001
  1820:  1033534.003  1034135.001  1034242.003  1034249.001  1034650.003
  1825:  1034660.001  1035810.003  1036087.005  1036454.009  1036633.001
  1830:  1037609.003  1037927.005  1038149.009  1038289.001  1041152.003
  1835:  1041536.001  1041621.003  1041650.001  1045374.003  1046687.001
  1840:  1048100.003  1048127.001  1050946.003  1051026.005  1051374.009
  1845:  1051613.001  1055463.018  1055600.003  1055606.016  1055656.026
  1850:  1055694.005  1056168.009  1057102.001  1057413.003  1057419.001
  1855:  1058570.003  1058775.001  1060665.003  1060855.001  1063111.003
  1860:  1064392.001  1065817.003  1065819.001  1066779.003  1066789.001
  1865:  1067125.003  1067130.001  1067388.003  1067405.001  1067801.003
  1870:  1067936.001  1070833.003  1070843.001  1071495.003  1071835.005
  1875:  1071906.009  1073479.001  1073511.003  1073531.001  1073959.003
  1880:  1073972.001  1074293.003  1075053.001  1075930.003  1075942.001
  1885:  1076897.003  1076912.001  1078081.003  1078148.001  1078203.003
  1890:  1078478.001  1078676.003  1079184.001  1079654.003  1079659.001
  1895:  1081094.003  1081107.001  1081936.003  1082288.005  1082378.009
  1900:  1082521.001  1082696.003  1082717.001  1082800.003  1084323.001
  1905:  1084644.003  1084661.001  1084758.003  1084764.001  1084948.003
  1910:  1084964.001  1085069.003  1085287.005  1085312.009  1087485.001
  1915:  1087805.003  1087809.001  1088805.003  1088814.001  1089381.003
  1920:  1089387.001  1090868.003  1090910.001  1091069.003  1091643.001
  1925:  1092489.003  1092503.001  1093726.003  1094246.005  1094268.009
  1930:  1094447.001  1097431.003  1097986.001  1098087.003  1098103.001
  1935:  1098201.003  1098225.001  1102075.018  1103573.003  1103579.016
  1940:  1103629.026  1103715.005  1104226.009  1104511.001  1104551.003
  1945:  1104614.001  1104641.003  1105004.001  1105052.003  1105060.001
  1950:  1106715.003  1106731.001  1107831.003  1108546.001  1109176.003
  1955:  1109182.001  1109421.003  1109736.001  1109809.003  1109815.001
  1960:  1113667.018  1113770.003  1113776.016  1113807.001  1113826.026
  1965:  1113902.003  1113965.005  1114338.009  1115090.001  1118940.018
  1970:  1119196.003  1119201.001  1119202.016  1119252.026  1119348.003
  1975:  1119423.005  1119836.009  1120402.001  1124252.018  1124568.003
  1980:  1124574.016  1124615.001  1124624.026  1124686.003  1124744.005
  1985:  1125025.009  1125564.001  1128347.003  1128380.001  1128852.003
  1990:  1128869.001  1131665.003  1131693.001  1133685.003  1134569.001
  1995:  1135599.003  1135607.001  1139457.018  1140120.003  1140126.016
  2000:  1140176.026  1140298.005  1140619.009  1141061.001  1141966.003
  2005:  1141973.001  1142229.003  1142613.001  1143061.003  1143074.001
  2010:  1143506.003  1143548.001  1147398.018  1148475.003  1148481.016
  2015:  1148531.026  1148600.005  1148951.009  1149241.001  1152905.003
  2020:  1152977.001  1153037.003  1153716.001  1156674.003  1156987.001
  2025:  1158654.003  1158666.001  1160127.003  1160132.001  1161766.003
  2030:  1161775.001  1162670.003  1162731.001  1162800.003  1163274.005
  2035:  1163305.009  1163528.001  1165141.003  1165154.001  1165753.003
  2040:  1165766.001  1166214.003  1166222.001  1169505.003  1172788.001
  2045:  1172895.003  1172908.001  1173115.003  1173121.001  1173415.003
  2050:  1173455.001  1174386.003  1174408.001  1174939.003  1174953.001
  2055:  1176543.003  1176550.001  1176945.003  1176965.001  1178414.003
  2060:  1178854.001  1178918.003  1178964.001  1179058.003  1180131.001
  2065:  1181486.003  1181498.001  1182981.003  1182994.001  1183637.003
  2070:  1183646.001  1185735.003  1185793.001  1185938.003  1187030.001
  2075:  1188448.003  1188491.001  1188797.003  1188812.001  1191333.003
  2080:  1191839.001  1193915.003  1193924.001  1195623.003  1195642.001
  2085:  1195758.003  1196124.005  1196337.009  1196498.001  1196531.003
  2090:  1196536.001  1198375.003  1198387.001  1199166.003  1199174.001
  2095:  1202423.003  1203132.001  1203902.003  1204190.001  1204368.003
  2100:  1206510.001  1206548.003  1206583.001  1206671.003  1206694.001
  2105:  1206934.003  1206941.001  1207802.003  1207885.001  1208111.003
  2110:  1208152.001  1208244.003  1208270.001  1208341.003  1208368.001
  2115:  1208958.003  1208959.001  1209137.003  1209145.001  1209420.003
  2120:  1209422.001  1209900.003  1209909.001  1210270.003  1210282.001
  2125:  1210971.003  1211002.001  1211608.003  1211615.001  1213438.003
  2130:  1213451.001  1214676.003  1214693.001  1214851.003  1216559.005
  2135:  1216648.009  1217639.001  1217740.003  1217750.001  1218793.003
  2140:  1218808.001  1219117.003  1219131.001  1219443.003  1219449.001
  2145:  1219612.003  1219623.001  1223473.018  1223904.003  1223910.016
  2150:  1223952.001  1223960.026  1223966.003  1224022.005  1224457.009
  2155:  1225077.001  1226375.003  1226386.001  1227797.003  1227819.001
  2160:  1227957.003  1228392.001  1231901.003  1233106.001  1233261.003
  2165:  1233275.001  1233571.003  1235187.005  1235209.009  1235483.001
  2170:  1235859.003  1236013.001  1236050.003  1236394.001  1236557.003
  2175:  1236589.001  1236718.003  1236766.001  1238417.003  1238426.001
  2180:  1240403.003  1240578.001  1240702.003  1240709.001  1242071.003
  2185:  1242424.005  1242458.009  1242586.001  1244360.003  1244449.001
  2190:  1244552.003  1245653.001  1245749.003  1246032.001  1246254.003
  2195:  1251252.001  1251413.003  1251425.001  1251570.003  1251576.001
  2200:  1251716.003  1251723.001  1252086.003  1252099.001  1252798.003
  2205:  1252799.001  1252983.003  1253003.001  1256213.003  1256243.001
  2210:  1256412.003  1256645.001  1257398.003  1257442.001  1257818.003
  2215:  1257828.001  1259658.003  1259664.001  1259921.003  1259932.001
  2220:  1260714.003  1260722.001  1263125.003  1263558.005  1263797.009
  2225:  1264295.001  1268145.018  1270081.003  1270087.016  1270137.026
  2230:  1270199.005  1270960.009  1271165.005  1271317.009  1271941.005
  2235:  1272180.009  1272414.001  1272548.003  1274666.001  1274895.003
  2240:  1274898.001  1275736.003  1275760.001  1276932.003  1276948.001
  2245:  1277610.003  1277620.001  1278117.003  1278128.001  1279380.003
  2250:  1280003.001  1280131.003  1280143.001  1280588.003  1280624.001
  2255:  1282757.003  1282768.001  1283092.003  1283121.001  1284500.003
  2260:  1284507.001  1285991.003  1286029.001  1286121.003  1286464.001
  2265:  1286583.003  1286599.001  1287055.003  1287063.001  1290913.018
  2270:  1291329.003  1291335.016  1291385.026  1291489.005  1291904.009
  2275:  1292592.001  1292614.003  1292735.001  1293535.003  1293539.001
  2280:  1295044.003  1295046.001  1295555.003  1296039.001  1296171.003
  2285:  1296210.001  1296321.003  1296381.001  1296462.003  1297471.005
  2290:  1297622.009  1298149.001  1299606.003  1299622.001  1300257.003
  2295:  1300444.001  1303145.003  1303171.001  1304393.003  1304401.001
  2300:  1304564.003  1304604.001  1305550.003  1305714.005  1305867.009
  2305:  1306688.001  1306722.003  1308798.001  1309079.003  1309093.001
  2310:  1309316.003  1309327.001  1309682.003  1310236.001  1313450.003
  2315:  1313461.001  1315713.003  1316357.001  1317153.003  1317162.001
  2320:  1320915.003  1320949.001  1321110.003  1321768.001  1324401.003
  2325:  1324434.001  1327691.003  1330848.001  1330981.003  1331112.001
  2330:  1331184.003  1331203.001  1331493.003  1331513.001  1332396.003
  2335:  1332408.001  1335479.003  1336224.001  1339090.003  1339093.001
  2340:  1342316.003  1343721.001  1347571.018  1349932.003  1349938.016
  2345:  1349988.026  1351055.001  1351140.003  1352073.005  1352827.009
  2350:  1352835.005  1352854.009  1353791.001  1354104.003  1354114.001
  2355:  1356149.003  1356152.001  1359112.003  1359251.001  1359305.003
  2360:  1359428.001  1361637.003  1361675.001  1361743.003  1362152.005
  2365:  1362184.009  1362205.005  1362386.009  1366441.001  1369857.003
  2370:  1369861.001  1373240.003  1373316.001  1373477.003  1373782.001
  2375:  1373906.003  1373939.001  1374089.003  1374787.001  1374906.003
  2380:  1374910.001  1376615.003  1376924.005  1377039.009  1378685.001
  2385:  1380674.003  1380721.001  1382118.003  1382140.001  1382352.003
  2390:  1382367.001  1385420.003  1386024.001  1386151.003  1386199.001
  2395:  1386334.003  1386611.005  1386739.009  1389591.005  1389959.009
  2400:  1390732.001  1390953.003  1390961.001  1392682.003  1392697.001
  2405:  1395570.003  1395581.001  1396784.003  1397401.001  1399180.003
  2410:  1399618.005  1399735.009  1403024.001  1403157.003  1403164.001
  2415:  1403457.003  1403492.001  1403670.003  1403681.001  1406726.003
  2420:  1406739.001  1408754.003  1409546.001  1409692.003  1409711.001
  2425:  1409788.003  1410162.001  1411268.003  1411842.001  1413492.003
  2430:  1413498.001  1416397.003  1418085.001  1419589.003  1419763.001
  2435:  1422722.003  1422735.001  1425832.003  1425836.001  1426135.003
  2440:  1428741.001  1431292.003  1432097.001  1432241.003  1432254.001
  2445:  1436104.018  1439908.003  1439914.016  1439964.026  1440051.005
  2450:  1440508.009  1441772.001  1444442.003  1445090.001  1447571.003
  2455:  1447632.001  1447784.003  1448128.001  1448256.003  1448260.001
  2460:  1452114.018  1452451.003  1452457.016  1452507.026  1452615.005
  2465:  1452992.009  1453555.001  1456003.003  1456189.001  1456220.003
  2470:  1456529.001  1457771.003  1458636.001  1459325.003  1459352.001
  2475:  1461595.003  1461619.001  1462275.003  1462297.001  1463647.003
  2480:  1463810.001  1465638.003  1466694.001  1469511.003  1469520.001
  2485:  1469958.003  1469969.001  1470439.003  1470454.001  1471132.003
  2490:  1471274.001  1473725.003  1474292.005  1474713.009  1474956.001
  2495:  1475109.003  1475123.001  1476896.003  1476900.001  1479669.003
  2500:  1480202.001  1480862.003  1480890.001  1484740.018  1487241.003
  2505:  1487247.016  1487297.026  1487370.005  1487890.009  1488658.001
  2510:  1491633.003  1492140.001  1492375.003  1492390.001  1492865.003
  2515:  1492870.001  1493262.003  1493267.001  1493424.003  1493577.001
  2520:  1496451.003  1496481.001  1496633.003
B:
     0:        0.000     1037.000        0.000     1037.000        0.000
     5:      153.000        0.000        0.000        0.000      153.000
    10:        0.000        1.000        0.000        1.000        0.000
    15:        0.000       47.000        0.000       47.000        0.000
    20:        0.000        0.000        0.000        0.000        0.000
    25:        0.000       47.000        0.000        0.000        0.000
    30:        0.000
D:
     0:  1498862.000  1498711.000  1498863.000
E:
     0:     3850.000     3850.000
T:
     0:        0.000        0.000        0.000        0.000
W:
     0:        0.000        0.000        0.000
