File: C:\MED-PC IV\Data\Reyes\BB\BB2108.999


Start Date: 07/09/25
End Date: 07/09/25
Subject: 108
Experiment: BB
Group: TIMEOUT
Box: 4
Start Time: 14:41:26
End Time: 15:31:26
MSN: DRRD_lin
C:       0.000
F:       0.000
G:       0.000
H:       0.000
I:       0.000
J:       0.000
K:   10000.000
L:       0.000
M:       0.000
N:       0.000
O:       0.000
P:       0.000
Q:       0.000
R:       0.000
S:       0.000
U:    2941.000
V:       0.000
X:       0.000
Y:    1605.000
Z:       0.000
A:
     0:     2436.005     2470.009     2663.005     2733.009     8547.005
     5:     8570.009     8717.005     8727.009     8926.005     8953.009
    10:     8971.005     8983.009     9055.005     9104.009     9114.005
    15:     9161.009     9179.005     9469.009    14909.005    15000.013
    20:    15000.011    15030.009    15320.001    15364.003    15380.001
    25:    15962.003    16003.001    16430.003    16559.001    20172.003
    30:    20203.001    20508.003    21164.001    22481.003    22949.001
    35:    23024.003    23052.001    28052.018    31576.003    31582.016
    40:    31632.026    31671.001    31701.003    31743.005    32032.009
    45:    32421.001    33706.003    33736.001    37820.003    38100.001
    50:    38130.003    38377.005    38394.009    38875.001    43644.003
    55:    43722.001    43831.003    43867.005    43999.009    44190.001
    60:    49066.003    50028.001    55028.018    55952.003    55958.016
    65:    56008.026    56056.001    56110.003    56130.005    56377.009
    70:    56381.005    56392.009    56714.001    61714.018    63648.003
    75:    63654.016    63704.026    63755.001    63827.003    63840.005
    80:    64178.009    64979.001    68543.003    68898.001    69052.003
    85:    69096.001    73678.003    74357.005    74381.009    74667.001
    90:    79196.003    79945.001    84945.018    86485.003    86491.016
    95:    86541.026    86579.001    86614.003    86635.005    86942.009
   100:    87218.001    87514.003    87548.001    87659.003    87679.001
   105:    88006.003    88023.001    93023.018    93381.003    93387.016
   110:    93437.026    93499.001    93528.003    93562.005    93908.009
   115:    94168.001    99168.018    99761.003    99767.016    99817.026
   120:    99969.001   100009.003   100050.005   100452.009   100475.005
   125:   100516.009   100809.001   101209.003   101232.001   105369.003
   130:   106107.001   106141.003   106172.001   111172.018   112093.003
   135:   112099.016   112149.026   112190.001   112267.003   112279.005
   140:   112537.009   113756.001   113817.003   113839.001   118741.003
   145:   118883.001   118997.003   119663.001   123769.003   125274.001
   150:   125363.003   125522.001   130522.018   132103.003   132109.016
   155:   132159.026   132198.001   132251.003   132283.005   132560.009
   160:   133228.001   133365.003   133430.001   138430.018   139711.003
   165:   139717.016   139767.026   139800.001   139863.003   139879.005
   170:   140362.009   141200.001   146200.018   147442.003   147448.016
   175:   147498.026   147548.001   147580.003   147611.005   147972.009
   180:   148527.001   149034.003   149066.001   149374.003   149491.001
   185:   154491.018   157057.003   157063.016   157113.026   157246.005
   190:   157587.009   159288.001   159348.003   159397.001   164397.018
   195:   164487.003   164493.016   164543.026   164600.001   164643.003
   200:   164668.005   165014.009   165037.005   165089.009   165445.001
   205:   170445.018   171418.003   171424.016   171474.026   171627.005
   210:   171889.009   172264.001   177264.018   179438.003   179444.016
   215:   179494.026   179528.001   179610.005   179611.003   179912.009
   220:   180220.001   185220.018   185967.003   185973.016   186023.026
   225:   186166.005   186418.009   186743.001   191743.018   192397.003
   230:   192403.016   192453.026   192498.001   192581.003   192592.005
   235:   192901.009   193127.001   198127.018   198408.003   198414.016
   240:   198464.026   198505.001   198563.003   198578.005   198954.009
   245:   199191.001   204191.018   205424.003   205430.016   205480.026
   250:   205700.005   206015.009   206203.001   206224.003   206246.001
   255:   211246.018   212791.003   212797.016   212847.026   212931.001
   260:   212992.003   213002.005   213251.009   213641.001   218356.003
   265:   218905.005   219465.009   219829.001   224677.003   226108.001
   270:   226295.003   226319.001   231319.018   231577.003   231583.016
   275:   231633.026   231725.005   232159.009   232390.001   237390.018
   280:   237932.003   237938.016   237988.026   238041.001   238112.003
   285:   238133.005   238606.009   239005.001   244005.018   244701.003
   290:   244707.016   244757.026   244862.005   245100.009   245384.001
   295:   250384.018   250850.003   250856.016   250906.026   250945.001
   300:   250983.003   251013.005   251439.009   251696.001   254310.003
   305:   254320.001   256964.003   257528.005   257607.009   259501.001
   310:   264501.018   266169.003   266175.016   266225.026   266344.005
   315:   266615.009   266862.001   266898.003   267309.001   272309.018
   320:   272356.003   272362.016   272412.026   272537.005   272818.009
   325:   273561.001   277736.003   278379.001   282490.003   283847.001
   330:   288783.003   289697.001   289744.003   289843.001   294843.018
   335:   295166.003   295172.016   295222.026   295274.001   295306.003
   340:   295329.005   295769.009   296086.001   297084.003   297111.001
   345:   301472.003   302268.005   302297.009   302620.001   307230.003
   350:   308411.001   313411.018   314974.003   314980.016   315030.026
   355:   315128.005   315486.009   315739.001   315759.003   315800.001
   360:   316039.003   316055.001   316192.003   316225.001   321117.003
   365:   321651.001   326651.018   326779.003   326785.016   326835.026
   370:   326955.005   327315.009   327776.001   327887.003   327916.001
   375:   330173.003   330195.001   333434.003   334387.001   339387.018
   380:   340246.003   340252.016   340302.026   340344.001   340389.003
   385:   340416.005   340740.009   340760.005   340799.009   341807.001
   390:   346807.018   347011.003   347017.016   347067.026   347115.001
   395:   347171.003   347189.005   347927.009   348266.001   349105.003
   400:   349193.001   354050.003   372737.001   372843.003   372871.001
   405:   372965.003   373021.001   377583.003   377615.001   377783.003
   410:   380364.001   380536.003   380624.001   380740.003   380792.001
   415:   385497.003   386635.001   386695.003   387391.001   387486.003
   420:   387799.001   391775.003   392685.001   396087.003   396633.001
   425:   401232.003   402221.001   406778.003   407635.001   408091.003
   430:   408200.001   413200.018   414456.003   414462.016   414512.026
   435:   414556.001   414619.003   414663.005   415023.009   415379.001
   440:   415887.003   415913.001   416012.003   416045.001   421045.018
   445:   421776.003   421782.016   421832.026   421928.005   422250.009
   450:   423517.001   423704.003   423904.001   428904.018   429254.003
   455:   429260.016   429310.026   429397.005   429744.009   430060.001
   460:   435060.018   435899.003   435905.016   435955.026   436092.005
   465:   436510.009   437726.001   438263.003   438303.001   443303.018
   470:   443598.003   443604.016   443631.001   443654.026   443742.003
   475:   443774.005   444173.009   444506.001   449506.018   449974.003
   480:   449980.016   450030.026   450070.001   450091.003   450121.005
   485:   450519.009   450530.005   450542.009   451228.001   451609.003
   490:   451693.001   451747.003   451907.001   456580.003   457798.001
   495:   457821.003   457896.001   457946.003   458010.001   463010.018
   500:   463260.003   463266.016   463316.026   463461.005   463725.009
   505:   463915.001   464853.003   464902.001   469789.003   470850.001
   510:   470896.003   471039.001   475511.003   477292.001   477373.003
   515:   477418.001   482418.018   483015.003   483021.016   483071.026
   520:   483087.001   483131.003   483172.005   483483.009   483971.001
   525:   484286.003   484315.001   484345.003   484380.001   489137.003
   530:   491860.005   491923.009   492230.001   497230.018   498048.003
   535:   498054.016   498078.001   498104.026   498184.003   498234.005
   540:   498612.009   498817.001   499697.003   499795.001   504769.003
   545:   504816.001   504887.003   523464.001   528464.018   530209.003
   550:   530215.016   530265.026   530385.005   530770.009   531237.001
   555:   532311.003   532350.001   532371.003   532470.001   536926.003
   560:   538433.001   538561.003   538637.001   538960.003   538982.001
   565:   543982.018   544683.003   544689.016   544739.026   544863.005
   570:   545163.009   546055.001   550288.003   551298.001   551386.003
   575:   551410.001   551490.003   551602.001   556602.018   556607.003
   580:   556613.016   556637.001   556663.026   556743.003   556784.005
   585:   557275.009   557291.005   557310.009   557572.001   557603.003
   590:   557649.001   557753.003   557828.001   562246.003   562381.001
   595:   562489.003   564357.001   564469.003   564580.001   564623.003
   600:   564643.001   569020.003   569907.001   569981.003   570009.001
   605:   575009.018   575574.003   575580.016   575630.026   575675.001
   610:   575696.003   575710.005   576160.009   576532.001   581532.018
   615:   581821.003   581827.016   581869.001   581877.026   581910.003
   620:   581930.005   582248.009   583393.001   583728.003   583833.001
   625:   588743.003   590073.001   590108.003   590158.001   590243.003
   630:   590341.001   590418.003   590457.001   590507.003   590549.001
   635:   590660.003   590762.001   595609.003   596818.001   600596.003
   640:   601314.001   606218.003   607049.001   607378.003   607422.001
   645:   611101.003   611491.005   611599.009   627905.005   627932.009
   650:   627939.005   627970.009   629777.001   630318.003   630420.001
   655:   633595.003   634581.005   634611.009   634847.001   638642.003
   660:   639385.001   639542.003   639572.001   644180.003   644880.005
   665:   645140.009   645542.001   650542.018   650666.003   650672.016
   670:   650722.026   650809.005   651122.009   651626.001   651648.003
   675:   651830.001   656830.018   657098.003   657104.016   657154.026
   680:   657210.005   657594.009   658019.001   659359.003   659426.001
   685:   663577.003   664531.001   664614.003   664645.001   669645.018
   690:   669997.003   670003.016   670053.026   670060.001   670093.003
   695:   670139.005   670622.009   671027.001   671581.003   671705.001
   700:   676705.018   677450.003   677456.016   677506.026   677555.001
   705:   677577.003   677611.005   678114.009   678928.001   679024.003
   710:   679157.001   684157.018   684452.003   684458.016   684508.026
   715:   684576.005   685026.009   685291.001   686118.003   686255.001
   720:   691255.018   691463.003   691469.016   691519.026   691610.005
   725:   691960.009   692386.001   697386.018   698202.003   698208.016
   730:   698258.026   698369.005   698706.009   699237.001   704135.003
   735:   704590.005   704598.009   704620.005   704664.009   705264.001
   740:   710264.018   711723.003   711729.016   711779.026   711930.005
   745:   712275.009   712876.001   713189.003   713230.001   718230.018
   750:   718502.003   718508.016   718558.026   718610.001   718676.003
   755:   718693.005   718905.009   719169.001   719206.003   719230.001
   760:   724230.018   725613.003   725619.016   725669.026   725694.001
   765:   725749.003   725778.005   726086.009   726582.001   727580.003
   770:   727746.001   727939.003   728003.001   733003.018   733126.003
   775:   733132.016   733182.026   733305.005   733654.009   734128.001
   780:   735455.003   735470.001   740470.018   740724.003   740730.016
   785:   740780.026   740944.005   741239.009   741713.001   741784.003
   790:   741807.001   742852.003   742932.001   743071.003   743207.001
   795:   743298.003   743336.001   748336.018   748870.003   748876.016
   800:   748926.026   748991.001   749054.003   749084.005   749369.009
   805:   749413.005   749423.009   750542.001   750904.003   751076.001
   810:   755917.003   757038.001   757135.003   757174.001   757318.003
   815:   757371.001   762371.018   763102.003   763108.016   763158.026
   820:   763286.005   763630.009   764090.001   765337.003   765657.001
   825:   770074.003   771710.001   771784.003   772123.001   772170.003
   830:   772209.001   777209.018   777613.003   777619.016   777669.026
   835:   777782.005   778234.009   780605.001   780746.003   780784.001
   840:   780901.003   781028.001   786028.018   786299.003   786305.016
   845:   786325.001   786355.026   786589.003   786610.005   787295.009
   850:   788312.001   789106.003   789154.001   793736.003   795907.001
   855:   799840.003   818541.001   818582.003   819214.001   819356.003
   860:   819381.001   819448.003   819479.001   819550.003   820086.001
   865:   820172.003   820285.001   820604.003   820731.001   821264.003
   870:   821276.001   821639.003   821775.001   821869.003   821919.001
   875:   822042.003   822664.001   827664.018   831500.003   831506.016
   880:   831556.026   831614.001   831630.003   831659.005   832095.009
   885:   832445.001   833286.003   833485.001   838485.018   839390.003
   890:   839396.016   839446.026   839455.001   839507.003   839536.005
   895:   839847.009   840835.001   841227.003   841295.001   841411.003
   900:   841459.001   846459.018   847467.003   847473.016   847523.026
   905:   847652.005   847937.009   849506.001   854506.018   854966.003
   910:   854972.016   855022.026   855157.005   855501.009   857211.001
   915:   857266.003   857343.001   857428.003   857470.001   862470.018
   920:   863416.003   863422.016   863472.026   863618.005   863942.009
   925:   864494.001   865929.003   865992.001   866043.003   866103.001
   930:   871103.018   871641.003   871647.016   871668.001   871697.026
   935:   871777.003   871802.005   872107.009   872665.001   877665.018
   940:   877688.003   877694.016   877744.026   877896.005   878208.009
   945:   880087.001   884609.003   885537.005   885670.009   886140.001
   950:   886190.003   886281.001   891008.003   891038.001   891165.003
   955:   893290.001   893466.003   893514.001   898514.018   900508.003
   960:   900514.016   900564.026   900721.005   900983.009   901405.001
   965:   906405.018   907261.003   907267.016   907317.026   907454.005
   970:   907837.009   908176.001   909455.003   909494.001   914494.018
   975:   914598.003   914604.016   914654.026   914836.005   915134.009
   980:   915471.001   916698.003   916731.001   920761.003   922322.001
   985:   922493.003   922549.001   922612.003   922670.001   922764.003
   990:   922823.001   927823.018   927843.003   927849.016   927899.026
   995:   928061.005   928355.009   929111.001   929359.003   929396.001
  1000:   929662.003   929698.001   929820.003   929864.001   934726.003
  1005:   936182.001   941182.018   941302.003   941308.016   941358.026
  1010:   941480.005   941870.009   942300.001   947300.018   948560.003
  1015:   948566.016   948588.001   948616.026   948754.003   948779.005
  1020:   949044.009   949366.001   954366.018   954552.003   954558.016
  1025:   954608.026   954750.005   955488.009   958437.001   958526.003
  1030:   958891.001   959011.003   959065.001   964065.018   964168.003
  1035:   964174.016   964224.026   964395.005   964795.009   965188.001
  1040:   966498.003   966545.001   966639.003   966683.001   970663.003
  1045:   971906.001   971952.003   971982.001   976982.018   977025.003
  1050:   977031.016   977081.026   977210.005   977690.009   978693.001
  1055:   978987.003   979211.001   983852.003   985466.001   985624.003
  1060:   985792.001   989978.003   990945.001   991060.003   991357.001
  1065:   996357.018   996858.003   996864.016   996914.026   997013.005
  1070:   997371.009   997711.001   998650.003   998702.001  1002524.003
  1075:  1004037.001  1004284.003  1004320.001  1004640.003  1004666.001
  1080:  1008682.003  1010037.001  1010158.003  1010197.001  1010318.003
  1085:  1010362.001  1014425.003  1015681.001  1017079.003  1017579.005
  1090:  1017590.009  1017612.005  1017726.009  1018542.001  1018887.003
  1095:  1018923.001  1020460.003  1040484.005  1041354.009  1041679.001
  1100:  1041927.003  1041974.001  1042267.003  1042782.001  1042842.003
  1105:  1043060.001  1043579.003  1043997.001  1044126.003  1044868.001
  1110:  1045877.003  1045927.001  1045964.003  1046060.001  1046089.003
  1115:  1046625.001  1046705.003  1046940.001  1047094.003  1047331.001
  1120:  1050199.003  1052039.001  1052287.003  1052319.001  1055876.003
  1125:  1056790.001  1056912.003  1058110.001  1062923.003  1064437.001
  1130:  1064590.003  1064633.001  1064677.003  1066090.001  1066208.003
  1135:  1066442.001  1071222.003  1072304.001  1077304.018  1078637.003
  1140:  1078643.016  1078693.026  1078737.001  1078773.003  1078799.005
  1145:  1079310.009  1079758.001  1084758.018  1085164.003  1085170.016
  1150:  1085220.026  1085264.001  1085309.003  1085340.005  1085815.009
  1155:  1086183.001  1091183.018  1092242.003  1092248.016  1092298.026
  1160:  1092377.005  1092725.009  1093063.001  1094182.003  1094398.001
  1165:  1099398.018  1099890.003  1099896.016  1099946.026  1099971.001
  1170:  1100024.003  1100051.005  1100391.009  1100938.001  1101672.003
  1175:  1101868.001  1106868.018  1107002.003  1107008.016  1107058.026
  1180:  1107164.005  1107482.009  1108785.001  1109041.003  1109247.001
  1185:  1114247.018  1115319.003  1115325.016  1115372.001  1115375.026
  1190:  1115424.003  1115449.005  1116203.009  1117861.005  1117933.009
  1195:  1118275.001  1118333.003  1118352.001  1118491.003  1118542.001
  1200:  1118628.003  1118650.001  1123650.018  1124753.003  1124759.016
  1205:  1124809.026  1124911.005  1125197.009  1125484.001  1126580.003
  1210:  1126597.001  1131597.018  1132047.003  1132053.016  1132103.026
  1215:  1132120.001  1132181.003  1132198.005  1132628.009  1132639.005
  1220:  1132641.009  1132974.001  1137974.018  1139019.003  1139025.016
  1225:  1139075.026  1139145.001  1139173.003  1139193.005  1139462.009
  1230:  1139816.001  1140782.003  1140922.001  1145821.003  1148901.001
  1235:  1153901.018  1155695.003  1155701.016  1155751.026  1155804.001
  1240:  1155852.003  1155875.005  1156197.009  1156449.001  1161449.018
  1245:  1162877.003  1162883.016  1162933.026  1162980.001  1162997.003
  1250:  1163023.005  1163298.009  1163621.001  1168621.018  1169625.003
  1255:  1169631.016  1169681.026  1169820.005  1170111.009  1170637.001
  1260:  1171316.003  1171381.001  1171430.003  1171678.001  1171804.003
  1265:  1171899.001  1175780.003  1179383.001  1179537.003  1179661.001
  1270:  1180515.003  1180928.005  1180942.009  1180947.005  1181006.009
  1275:  1182125.001  1183007.003  1183950.001  1184033.003  1184293.001
  1280:  1189293.018  1189766.003  1189772.016  1189822.026  1189873.001
  1285:  1189912.003  1189940.005  1190175.009  1190446.001  1195446.018
  1290:  1195854.003  1195860.016  1195910.026  1196048.005  1196467.009
  1295:  1197105.001  1197640.003  1197712.001  1197921.003  1198003.001
  1300:  1202199.003  1203155.005  1203259.009  1204027.001  1204065.003
  1305:  1204111.001  1208640.003  1209966.001  1210008.003  1210191.001
  1310:  1210339.003  1210370.001  1215370.018  1215441.003  1215447.016
  1315:  1215497.026  1215622.005  1215956.009  1216218.001  1221218.018
  1320:  1221256.003  1221262.016  1221312.026  1221487.005  1222093.009
  1325:  1222667.001  1227667.018  1228232.003  1228238.016  1228288.026
  1330:  1228416.005  1228764.009  1228787.005  1228851.009  1229388.001
  1335:  1234388.018  1235144.003  1235150.016  1235200.026  1235345.005
  1340:  1236134.009  1236157.005  1236178.009  1236739.001  1237395.003
  1345:  1237826.001  1242826.018  1243520.003  1243526.016  1243576.026
  1350:  1243725.005  1244023.009  1246575.001  1251575.018  1251976.003
  1355:  1251982.016  1252032.026  1252255.005  1252535.009  1252824.001
  1360:  1253842.003  1253873.001  1253997.003  1254058.001  1258941.003
  1365:  1260066.001  1260308.003  1260350.001  1265350.018  1265441.003
  1370:  1265447.016  1265497.026  1265531.001  1265592.003  1265615.005
  1375:  1265956.009  1266322.001  1271322.018  1272237.003  1272243.016
  1380:  1272293.026  1272424.005  1272713.009  1273038.001  1274158.003
  1385:  1274300.001  1278976.003  1279002.001  1279087.003  1279894.005
  1390:  1279948.009  1280584.001  1285584.018  1286590.003  1286596.016
  1395:  1286646.026  1286773.005  1287154.009  1287707.001  1287775.003
  1400:  1287828.001  1292828.018  1293918.003  1293924.016  1293974.026
  1405:  1294051.001  1294078.003  1294114.005  1294469.009  1296264.001
  1410:  1301264.018  1301477.003  1301483.016  1301533.026  1302403.001
  1415:  1302513.003  1302636.001  1307636.018  1308541.003  1308547.016
  1420:  1308597.026  1308691.005  1308925.009  1308941.005  1308967.009
  1425:  1310069.001  1310234.003  1310326.001  1311279.003  1315299.005
  1430:  1315433.009  1350561.001  1350613.003  1357095.005  1357119.009
  1435:  1357643.001  1357876.003  1358152.001  1359039.003  1359074.001
  1440:  1364074.018  1365195.003  1365201.016  1365251.026  1365928.005
  1445:  1366012.009  1366169.001  1366236.003  1366317.001  1366482.003
  1450:  1366575.001  1368472.003  1368491.001  1373491.018  1373855.003
  1455:  1373861.016  1373911.026  1374706.001  1374780.003  1375025.001
  1460:  1380025.018  1382077.003  1382083.016  1382133.026  1382995.001
  1465:  1383136.003  1383190.001  1388190.018  1389331.003  1389337.016
  1470:  1389387.026  1391444.001  1391563.003  1391954.001  1392147.003
  1475:  1392176.001  1397176.018  1398931.003  1398937.016  1398987.026
  1480:  1399974.001  1400085.003  1400096.001  1400127.003  1400152.001
  1485:  1405152.018  1405658.003  1405664.016  1405714.026  1406161.005
  1490:  1406294.009  1406844.001  1407026.003  1407080.001  1407187.003
  1495:  1407276.001  1407398.003  1408083.001  1408818.003  1409068.001
  1500:  1409114.003  1409228.001  1414228.018  1415467.003  1415473.016
  1505:  1415501.001  1415523.026  1415547.003  1415568.005  1416357.009
  1510:  1416906.001  1421906.018  1423341.003  1423347.016  1423397.026
  1515:  1423511.005  1424015.009  1424039.005  1424177.009  1424769.001
  1520:  1425085.003  1425109.001  1430109.018  1430527.003  1430533.016
  1525:  1430583.026  1430722.005  1430963.009  1431358.001  1432329.003
  1530:  1432544.001  1433126.003  1433169.001  1437621.003  1438244.005
  1535:  1439074.009  1439086.005  1439128.009  1439140.005  1439155.009
  1540:  1439243.005  1439257.009  1439300.005  1439312.009  1440073.005
  1545:  1440339.009  1440646.001  1440728.003  1440781.001  1445781.018
  1550:  1445981.003  1445987.016  1446037.026  1446087.001  1446137.003
  1555:  1446168.005  1447400.009  1448442.001  1448538.003  1448740.001
  1560:  1453718.003  1456085.005  1456101.009  1456560.001  1456659.003
  1565:  1456701.001  1461701.018  1462527.003  1462533.016  1462583.026
  1570:  1462676.005  1463036.009  1463324.001  1468324.018  1469264.003
  1575:  1469270.016  1469320.026  1469455.005  1470424.009  1470911.001
  1580:  1471211.003  1471302.001  1471491.003  1471551.001  1475883.003
  1585:  1477361.001  1477439.003  1477503.001  1477564.003  1477686.001
  1590:  1482563.003  1486365.001  1490457.003  1491057.005  1491433.009
  1595:  1491842.001  1496842.018  1497050.003  1497056.016  1497106.026
  1600:  1497147.001  1497162.003  1497191.005  1497663.009  1498041.001
B:
     0:        0.000      462.000        0.000      461.000        0.000
     5:      166.000        0.000        0.000        0.000      166.000
    10:        0.000        1.000        0.000        1.000        0.000
    15:        0.000      116.000        0.000      116.000        0.000
    20:        0.000        0.000        0.000        0.000        0.000
    25:        0.000      116.000        0.000        0.000        0.000
    30:        0.000
D:
     0:  1502946.000  1500982.000  1500103.000
E:
     0:     5000.000     5000.000
T:
     0:        0.000        0.000        0.000        0.000
W:
     0:        2.000        0.000        0.000
