File: C:\MED-PC IV\Data\Reyes\BB\BB2114.999


Start Date: 07/12/25
End Date: 07/12/25
Subject: 114
Experiment: BB
Group: TIMEOUT
Box: 4
Start Time: 16:11:52
End Time: 17:01:53
MSN: DRRD_lin
C:       0.000
F:       0.000
G:       0.000
H:       0.000
I:       0.000
J:       0.000
K:   10000.000
L:       0.000
M:       0.000
N:       0.000
O:       0.000
P:       0.000
Q:       0.000
R:       0.000
S:       0.000
U: 1904364.000
V:       0.000
X:       0.000
Y:    1402.000
Z:       0.000
A:
     0:     4586.005     4618.009     4940.005     5183.009    15000.013
     5:    15000.011    15489.001    15674.003    15700.001    15909.003
    10:    16392.005    16986.009    17373.001    17731.003    18390.005
    15:    18932.009    19425.001    20102.003    20332.001    20468.003
    20:    20942.005    21296.009    25093.005    25191.009    31879.005
    25:    32009.009    32028.005    32051.009    32054.005    32262.009
    30:    35934.001    36423.003    36633.001    36789.003    36840.001
    35:    36927.003    37337.005    37499.009    37745.001    38987.003
    40:    39150.001    39195.003    39900.005    40542.009    41898.001
    45:    43022.003    43110.001    43223.003    43461.001    43502.003
    50:    43532.001    43585.003    44311.001    44928.003    45036.001
    55:    45220.003    45258.001    45315.003    45921.005    48292.009
    60:    50120.005    51186.009    51645.001    53037.003    54415.001
    65:    57873.003    58350.005    58774.009    59253.001    59663.003
    70:    60406.001    61818.003    61955.001    62195.003    63331.001
    75:    64650.003    64734.001    64870.003    68596.005    68792.009
    80:    72497.001    72556.003    72699.001    73301.003    74549.001
    85:    74589.003    75250.001    79269.003    81465.001    84213.003
    90:    87364.001    91191.003    92654.001    94528.003    94576.001
    95:    94874.003    95252.001    95322.003    96016.001    96645.003
   100:    97551.001   102386.003   102440.001   102766.003   102851.001
   105:   103057.003   104784.005   105198.009   105215.005   105253.009
   110:   105264.005   105475.009   107930.001   112077.003   113429.001
   115:   118429.018   119406.003   119412.016   119462.026   119569.005
   120:   120916.009   122316.001   122505.003   122567.001   127199.003
   125:   128290.001   128480.003   128533.001   133533.018   135593.003
   130:   135599.016   135649.026   135741.005   136393.009   138059.001
   135:   143059.018   143220.003   143226.016   143276.026   143291.001
   140:   143348.003   143440.005   144185.009   145150.001   150150.018
   145:   150502.003   150508.016   150558.026   150679.005   151096.009
   150:   152471.001   157312.003   157679.001   157752.003   157815.001
   155:   162451.003   164107.001   168872.003   170641.001   170688.003
   160:   170739.001   171049.003   171111.001   174533.003   174786.001
   165:   174826.003   175447.001   177601.003   177707.001   181871.003
   170:   182818.001   187818.018   189184.003   189190.016   189240.026
   175:   189335.005   189853.009   191422.001   196286.003   196335.001
   180:   196372.003   196433.001   197848.003   198329.001   198701.003
   185:   198737.001   202127.003   202167.001   202472.003   203765.005
   190:   203974.009   205281.001   210153.003   210177.001   210308.003
   195:   210763.001   214719.003   214800.001   215103.003   215144.001
   200:   215303.003   215339.001   220105.003   222362.005   222694.009
   205:   223105.001   223357.003   223642.001   223759.003   223830.001
   210:   228830.018   229385.003   229391.016   229441.026   229548.005
   215:   230444.009   231607.001   235814.003   236236.001   240296.003
   220:   244613.005   244781.009   244878.005   244898.009   245524.001
   225:   248085.003   248454.001   248719.003   260098.005   260111.009
   230:   268931.005   269008.009   276629.005   276726.009   289995.005
   235:   290102.009   290229.005   290692.009   296113.005   296135.009
   240:   296145.005   297190.009   297200.005   297250.009   297848.001
   245:   298687.003   298712.001   301376.003   302615.005   303032.009
   250:   303048.005   303080.009   303676.001   303851.003   303892.001
   255:   304386.003   304600.001   305450.003   306925.001   310206.003
   260:   313077.001   313239.003   313283.001   315284.003   315359.001
   265:   315443.003   317381.005   317407.009   317409.005   317603.009
   270:   317821.005   318072.009   318609.001   321388.003   323892.001
   275:   328892.018   329444.003   329450.016   329500.026   329776.005
   280:   330788.009   332230.001   332539.003   332567.001   332674.003
   285:   332744.001   334495.003   336587.005   336785.009   337544.005
   290:   337850.009   338317.001   343317.018   343363.003   343369.016
   295:   343419.026   343494.005   343872.009   345349.001   349623.003
   300:   351247.001   352120.003   352311.001   352532.003   352681.001
   305:   357401.003   357607.001   357865.003   357885.001   358106.003
   310:   359116.001   359470.003   360034.001   360405.003   360462.001
   315:   360741.003   360773.001   365773.018   365842.003   365848.016
   320:   365898.026   365987.005   366380.009   366441.005   366454.009
   325:   367720.001   372335.003   372881.001   377068.003   377794.001
   330:   378179.003   378642.001   383642.018   384122.003   384128.016
   335:   384178.026   384293.005   385055.009   386729.001   391729.018
   340:   391815.003   391821.016   391871.026   391999.005   393055.009
   345:   393851.001   398851.018   399804.003   399810.016   399844.001
   350:   399860.026   399993.003   400025.005   400769.009   402024.001
   355:   406288.003   406319.001   410746.003   410914.001   411171.003
   360:   411676.001   412992.003   413202.001   418202.018   419824.003
   365:   419830.016   419880.026   420309.005   421190.009   422139.001
   370:   427139.018   427406.003   427412.016   427462.026   427560.005
   375:   428289.009   430218.001   435218.018   435629.003   435635.016
   380:   435685.026   435779.005   436611.009   436891.005   436931.009
   385:   438129.001   443129.018   443742.003   443748.016   443798.026
   390:   443945.005   444443.009   446254.001   446440.003   446490.001
   395:   446541.003   446676.001   451238.003   452531.001   457531.018
   400:   460590.003   460596.016   460646.026   460749.005   461124.009
   405:   461974.001   466974.018   469087.003   469093.016   469143.026
   410:   469386.005   469750.009   470856.001   471313.003   471354.001
   415:   475730.003   476041.001   480028.003   480068.001   482911.003
   420:   483269.001   483655.003   485703.001   490703.018   491226.003
   425:   491232.016   491282.026   491399.005   492079.009   492148.005
   430:   492227.009   493624.001   498271.003   498584.001   498634.003
   435:   500737.001   503766.003   503779.001   507985.003   508477.001
   440:   508567.003   508712.001   509195.003   509243.001   512447.003
   445:   512805.001   512914.003   513938.001   514032.003   514576.001
   450:   515818.003   515925.001   520482.003   520712.001   521104.003
   455:   522201.005   522428.009   523298.001   523431.003   523760.001
   460:   523823.003   523984.001   524188.003   524207.001   524693.003
   465:   524712.001   529398.003   529418.001   531173.003   532050.001
   470:   532208.003   532659.001   533139.003   533648.001   533870.003
   475:   533930.001   534025.003   534181.001   534849.003   534909.001
   480:   538013.003   538144.001   543144.018   543512.003   543518.016
   485:   543568.026   543600.001   543958.003   544190.005   545238.009
   490:   547495.001   552495.018   552565.003   552571.016   552589.001
   495:   552621.026   552866.003   552972.005   553875.009   553922.005
   500:   554006.009   555321.001   555367.003   555562.001   560562.018
   505:   560954.003   560960.016   561010.026   561014.001   561057.003
   510:   561096.005   561708.009   563929.001   563980.003   564117.001
   515:   569117.018   569357.003   569363.016   569413.026   569542.005
   520:   570198.009   570211.005   570271.009   571808.001   576601.003
   525:   577241.001   578853.003   578911.001   578932.003   578969.001
   530:   579373.003   579434.001   580649.003   582058.001   583568.003
   535:   584238.001   588256.003   589663.001   589685.003   590250.001
   540:   595250.018   596063.003   596069.016   596119.026   596337.005
   545:   596757.009   597895.001   601419.003   601443.001   602374.003
   550:   604026.001   605483.003   605641.001   609603.003   610211.001
   555:   610222.003   611662.001   611714.003   612073.001   617073.018
   560:   617800.003   617806.016   617856.026   617961.005   618392.009
   565:   619412.001   624412.018   624860.003   624866.016   624916.026
   570:   625141.005   625822.009   627510.001   632510.018   632820.003
   575:   632826.016   632876.026   633009.005   633306.009   635051.001
   580:   635145.003   635879.001   640879.018   641111.003   641117.016
   585:   641167.026   641201.001   641286.003   641311.005   641574.009
   590:   642575.001   647541.003   647906.001   652906.018   653306.003
   595:   653312.016   653362.026   653368.001   653417.003   653508.005
   600:   654019.009   655172.001   660172.018   661196.003   661202.016
   605:   661252.026   661387.005   662100.009   697789.001   702789.018
   610:   702821.003   702827.016   702860.001   702877.026   702998.003
   615:   703066.005   703790.009   704841.001   705671.003   705708.001
   620:   710374.003   710551.001   710654.003   710859.001   710934.003
   625:   711284.001   711410.003   711502.001   716502.018   716623.003
   630:   716629.016   716677.001   716679.026   716828.003   716930.005
   635:   717558.009   719174.001   719228.003   719308.001   719844.003
   640:   719858.001   724566.003   725321.001   725355.003   725712.001
   645:   725882.003   726572.001   726627.003   726767.001   731767.018
   650:   732465.003   732471.016   732521.026   732522.001   732548.003
   655:   732641.005   732927.009   734457.001   739457.018   739978.003
   660:   739984.016   740034.026   740169.005   740476.009   741753.001
   665:   746753.018   749034.003   749040.016   749090.026   749514.005
   670:   750168.009   752066.001   756341.003   756389.001   756810.003
   675:   756921.001   758128.003   758732.001   759007.003   759476.001
   680:   764476.018   766335.003   766341.016   766391.026   766540.005
   685:   766984.009   767966.001   772324.003   772337.001   773357.003
   690:   775573.001   777297.003   777476.001   781946.003   783749.001
   695:   784682.003   784723.001   785087.003   785145.001   785504.003
   700:   785531.001   785557.003   785593.001   790273.003   790348.001
   705:   790828.003   791042.001   792003.003   792070.001   792207.003
   710:   792944.001   795092.003   795150.001   798633.003   800328.001
   715:   800746.003   800963.001   805248.003   806159.001   806448.003
   720:   806544.001   806586.003   807481.001   812481.018   812857.003
   725:   812863.016   812913.026   813044.005   813553.009   813865.005
   730:   813968.009   814572.001   814668.003   814766.001   819323.003
   735:   819355.001   821057.003   821672.001   822728.003   823009.001
   740:   828009.018   828755.003   828761.016   828811.026   828813.001
   745:   828893.003   828945.005   829559.009   830626.001   835626.018
   750:   835972.003   835978.016   836028.026   836154.005   837179.009
   755:   838167.001   843167.018   844286.003   844292.016   844342.026
   760:   844836.005   845181.009   846349.001   846446.003   846490.001
   765:   850904.003   851192.001   854351.003   854374.001   855895.003
   770:   856073.001   856878.003   857969.001   858228.003   858274.001
   775:   858317.003   858334.001   863334.018   863594.003   863600.016
   780:   863650.026   863910.005   864531.009   864534.005   864555.009
   785:   865807.001   870807.018   872175.003   872181.016   872231.026
   790:   872371.005   872781.009   873014.005   873041.009   873849.001
   795:   878849.018   879392.003   879398.016   879448.026   879612.005
   800:   880965.009   880977.005   881102.009   882217.001   882595.003
   805:   882784.001   883004.003   883072.001   883255.003   883287.001
   810:   888287.018   888574.003   888580.016   888630.026   888734.005
   815:   889713.009   891564.001   896564.018   899249.003   899255.016
   820:   899305.026   899812.005   900317.009   901515.001   901651.003
   825:   901895.001   902000.003   903153.001   903252.003   903337.001
   830:   904997.003   905170.001   909638.003   910435.001   910506.003
   835:   910855.001   911023.003   911042.001   911139.003   911160.001
   840:   916160.018   916572.003   916578.016   916628.026   916718.005
   845:   917291.009   918556.001   918600.003   918673.001   918915.003
   850:   918937.001   923926.003   923964.001   924174.003   925506.001
   855:   930506.018   930725.003   930731.016   930781.026   930900.005
   860:   931353.009   932290.001   937290.018   938228.003   938234.016
   865:   938284.026   938301.001   938339.003   938413.005   939229.009
   870:   941780.001   941891.003   941922.001   941991.003   942582.001
   875:   947582.018   948132.003   948138.016   948188.026   948587.005
   880:   949194.009   951535.001   956165.003   957199.001   958733.003
   885:   958859.001   959002.003   959640.001   959721.003   959753.001
   890:   960221.003   960428.001   962002.003   963426.001   963801.003
   895:   963875.001   968288.003   968349.001   968710.003   969205.001
   900:   969385.003   969843.001   969984.003   971031.001   971057.003
   905:   973035.001   978035.018   978332.003   978338.016   978388.026
   910:   978493.005   979062.009   981395.001   984950.003   985000.001
   915:   990000.018   990560.003   990566.016   990592.001   990616.026
   920:   990793.003   990839.001   990987.003   991035.005   991623.009
   925:   992489.001   993155.003   993188.001   998065.003   998162.005
   930:   998555.009   999092.001  1004092.018  1004395.003  1004401.016
   935:  1004450.001  1004451.026  1004549.003  1004593.005  1004891.009
   940:  1009849.001  1014738.003  1014772.001  1015684.003  1017545.001
   945:  1017928.003  1017962.001  1022962.018  1023850.003  1023856.016
   950:  1023906.026  1024042.005  1024541.009  1025578.001  1025938.003
   955:  1025972.001  1026162.003  1026198.001  1026519.003  1026622.001
   960:  1031531.003  1031586.001  1031763.003  1031873.001  1031933.003
   965:  1032283.001  1037283.018  1038206.003  1038212.016  1038262.026
   970:  1038383.005  1038769.009  1041443.001  1043476.003  1043551.001
   975:  1046940.003  1047281.001  1047522.003  1047586.001  1048040.003
   980:  1048117.001  1053117.018  1054191.003  1054197.016  1054247.026
   985:  1054368.005  1054850.009  1056998.001  1057054.003  1057108.001
   990:  1057696.003  1057713.001  1062713.018  1062828.003  1062834.016
   995:  1062884.026  1063053.005  1064075.009  1065110.001  1070110.018
  1000:  1071341.003  1071347.016  1071397.026  1071601.001  1071635.003
  1005:  1071970.005  1072606.009  1073570.001  1078570.018  1079142.003
  1010:  1079148.016  1079171.001  1079198.026  1079274.003  1079329.005
  1015:  1079716.009  1080755.001  1081058.003  1081125.001  1081430.003
  1020:  1081618.001  1081727.003  1082342.001  1087342.018  1087410.003
  1025:  1087416.016  1087466.026  1087744.005  1089839.009  1091381.005
  1030:  1091490.009  1092979.001  1093178.003  1094085.001  1099085.018
  1035:  1099714.003  1099720.016  1099770.026  1099991.005  1100388.009
  1040:  1101597.001  1102800.003  1102846.001  1107528.003  1107698.001
  1045:  1108125.003  1108150.001  1108205.003  1108521.001  1112310.003
  1050:  1112355.001  1113929.003  1114584.001  1115693.003  1116320.001
  1055:  1121320.018  1122437.003  1122443.016  1122493.026  1122827.005
  1060:  1123242.009  1123265.005  1123270.009  1125343.001  1125683.003
  1065:  1125713.001  1130713.018  1131347.003  1131353.016  1131403.026
  1070:  1131533.005  1131827.009  1133012.001  1137178.003  1137692.001
  1075:  1137792.003  1137832.001  1138043.003  1138069.001  1142424.003
  1080:  1142435.001  1142544.003  1142784.005  1143232.009  1143946.001
  1085:  1145258.003  1146112.001  1151112.018  1152045.003  1152051.016
  1090:  1152101.026  1152194.005  1152665.009  1153972.001  1158972.018
  1095:  1159116.003  1159122.016  1159172.026  1159292.005  1159639.009
  1100:  1160626.001  1165626.018  1167466.003  1167472.016  1167522.026
  1105:  1167574.001  1167629.003  1167690.001  1167733.003  1167930.005
  1110:  1168674.009  1169681.001  1169825.003  1170070.001  1170120.003
  1115:  1170691.001  1175691.018  1176180.003  1176186.016  1176236.026
  1120:  1176388.005  1176955.009  1177932.001  1178176.003  1179291.001
  1125:  1184291.018  1185013.003  1185019.016  1185069.026  1185540.005
  1130:  1185970.009  1186001.005  1186070.009  1186807.001  1187113.003
  1135:  1187801.001  1192589.003  1192929.001  1193178.003  1193295.001
  1140:  1193785.003  1193953.001  1194811.003  1194836.001  1199386.003
  1145:  1199830.001  1199914.003  1200475.001  1201505.003  1202528.001
  1150:  1203942.003  1203959.001  1207826.003  1208034.001  1208546.003
  1155:  1208686.001  1209432.003  1209987.001  1214987.018  1217223.003
  1160:  1217229.016  1217275.001  1217279.026  1217344.003  1217441.005
  1165:  1217845.009  1218843.001  1221112.003  1221343.001  1226343.018
  1170:  1226882.003  1226888.016  1226938.026  1227081.005  1227418.009
  1175:  1229018.001  1229329.003  1229351.001  1234351.018  1234776.003
  1180:  1234782.016  1234832.026  1235122.005  1235547.009  1237448.001
  1185:  1237473.003  1238206.001  1238508.003  1238564.001  1243564.018
  1190:  1244515.003  1244521.016  1244571.026  1244722.005  1245049.009
  1195:  1246885.001  1251885.018  1253600.003  1253606.016  1253656.026
  1200:  1253819.005  1254269.009  1254402.005  1254549.009  1254560.005
  1205:  1254708.009  1255515.001  1255683.003  1255725.001  1260725.018
  1210:  1262364.003  1262370.016  1262420.026  1262598.005  1263335.009
  1215:  1265058.001  1265370.003  1265416.001  1270416.018  1271888.003
  1220:  1271894.016  1271944.026  1272189.005  1272673.009  1273638.001
  1225:  1274167.003  1274266.001  1274310.003  1274805.001  1279805.018
  1230:  1281809.003  1281815.016  1281865.026  1282235.005  1282663.009
  1235:  1283365.001  1288365.018  1290110.003  1290116.016  1290166.026
  1240:  1290271.005  1290602.009  1292201.001  1293100.003  1293183.001
  1245:  1298183.018  1299412.003  1299418.016  1299468.026  1299886.005
  1250:  1300676.009  1302577.001  1306613.003  1306806.001  1307225.003
  1255:  1307246.001  1307342.003  1307376.001  1312013.003  1312034.001
  1260:  1312930.003  1312973.001  1316226.003  1316251.001  1316542.003
  1265:  1316591.001  1317085.003  1317129.001  1318495.003  1318997.001
  1270:  1323997.018  1325345.003  1325351.016  1325401.026  1325543.005
  1275:  1326176.009  1326519.005  1326525.009  1327694.001  1327747.003
  1280:  1328329.001  1328683.003  1328735.001  1333735.018  1333755.003
  1285:  1333761.016  1333811.026  1333937.005  1334451.009  1336258.001
  1290:  1341258.018  1342314.003  1342320.016  1342370.026  1342498.005
  1295:  1342896.009  1348060.001  1348139.003  1348170.001  1349031.003
  1300:  1349080.001  1354080.018  1354921.003  1354927.016  1354950.001
  1305:  1354977.026  1355027.003  1355110.005  1355437.009  1356376.001
  1310:  1357431.003  1357467.001  1362467.018  1362938.003  1362944.016
  1315:  1362994.026  1363138.005  1363477.009  1364331.001  1364815.003
  1320:  1364855.001  1369855.018  1371116.003  1371122.016  1371172.026
  1325:  1371287.005  1371640.009  1374255.001  1378620.003  1379759.001
  1330:  1380343.003  1381652.001  1386652.018  1387105.003  1387111.016
  1335:  1387161.026  1387335.005  1387859.009  1390210.001  1390334.003
  1340:  1390355.001  1391812.003  1392038.001  1394676.003  1394919.001
  1345:  1394978.003  1395243.001  1395434.003  1395725.001  1395807.003
  1350:  1396464.001  1396536.003  1396576.001  1401576.018  1402510.003
  1355:  1402516.016  1402566.026  1402718.005  1403045.009  1404915.001
  1360:  1409861.003  1409910.001  1410015.003  1410043.001  1410176.003
  1365:  1410405.001  1410456.003  1410473.001  1410577.003  1411137.001
  1370:  1416137.018  1418378.003  1418384.016  1418434.026  1418584.005
  1375:  1419925.009  1420852.001  1421290.003  1447839.005  1448018.009
  1380:  1461115.005  1461268.009  1465101.005  1465141.009  1465146.005
  1385:  1465194.009  1465517.001  1465784.003  1465814.001  1467166.003
  1390:  1469723.001  1469998.003  1470561.001  1470767.003  1471230.005
  1395:  1472398.009  1495725.005  1495742.009  1495757.005  1496151.009
  1400:  1496899.001  1497013.003
B:
     0:        0.000      423.000        0.000      423.000        0.000
     5:      148.000        0.000        0.000        0.000      148.000
    10:        0.000        1.000        0.000        1.000        0.000
    15:        0.000       86.000        0.000       86.000        0.000
    20:        0.000        0.000        0.000        0.000        0.000
    25:        0.000       86.000        0.000        0.000        0.000
    30:        0.000
D:
     0:  3401376.000  3401263.000  3401377.000
E:
     0:     5000.000     5000.000
T:
     0:        0.000        0.000        0.000        0.000
W:
     0:        0.000        0.000        0.000
