File: C:\MED-PC IV\Data\Reyes\BB\BB2116.999


Start Date: 07/21/25
End Date: 07/21/25
Subject: 116
Experiment: BB
Group: NO_TIMEOUT
Box: 6
Start Time: 16:06:07
End Time: 16:56:06
MSN: DRRD_lin
C:       0.000
F:       0.000
G:       0.000
H:       0.000
I:       0.000
J:       0.000
K:    7200.000
L:       0.000
M:       0.000
N:       0.000
O:       0.000
P:       0.000
Q:       0.000
R:       0.000
S:       0.000
U: 1969947.000
V:       0.000
X:       0.000
Y:     494.000
Z:       0.000
A:
     0:     2301.005     2456.009    15000.013    15000.011    36541.001
     5:    39466.003    40286.001    40726.003    41990.005    42314.009
    10:    61158.001    62929.003    63723.005    64123.009    64158.005
    15:    64262.009    64574.001    64681.003    64722.001    64832.003
    20:    64877.001    64921.003    64942.001    66917.003    67409.005
    25:    67546.009    68344.001    69155.003    70104.001    72016.003
    30:    72951.001    73230.003    73707.005    74117.009    74249.005
    35:    74455.009    81438.005    81539.009    88870.001    89037.003
    40:    89084.001    89394.003    90954.005    92057.009    93355.001
    45:    94979.003    98868.001   100764.003   104847.005   104966.009
    50:   109165.005   109679.009   110257.001   112747.003   114010.005
    55:   114110.009   114224.005   114332.009   114942.001   117109.003
    60:   118061.005   118089.009   118099.005   118257.009   119721.001
    65:   122386.003   124532.005   124547.009   124570.005   124677.009
    70:   193054.001   194370.003   197036.001   197471.003   197646.001
    75:   197693.003   198099.001   198265.003   198312.001   198956.003
    80:   202347.001   204326.003   206964.001   209057.003   210222.005
    85:   210950.009   211751.005   212127.009   212311.005   212900.009
    90:   212936.005   212949.009   213075.005   213199.009   213289.005
    95:   213614.009   213638.005   213666.009   213687.005   213817.009
   100:   216562.001   219374.003   227512.001   230779.003   232553.001
   105:   235658.003   236571.001   239765.003   241446.001   243857.003
   110:   244932.005   244952.009   244980.005   245005.009   245039.005
   115:   245083.009   245233.005   245358.009   247434.001   248952.003
   120:   249177.001   251506.003   253777.001   256865.003   258968.005
   125:   258977.009   259013.005   259537.009   259560.005   259812.009
   130:   261431.005   261469.009   261619.005   261731.009   262997.001
   135:   265987.003   267900.001   270644.003   272088.001   275108.003
   140:   277986.001   278425.003   278444.001   280463.003   281699.005
   145:   281728.009   281936.005   282578.009   282833.005   283294.009
   150:   285290.001   288890.018   289046.003   289052.016   289102.026
   155:   289247.005   289602.009   289626.005   289754.009   289876.005
   160:   289892.009   289968.005   290047.009   290066.005   290137.009
   165:   290175.005   291275.009   291315.005   291321.009   294854.001
   170:   298454.018   299134.003   299140.016   299190.026   299280.005
   175:   299600.009   299836.005   300998.009   301007.005   301241.009
   180:   301287.005   301338.009   301357.005   301413.009   304605.001
   185:   306812.003   309072.001   312235.003   313143.005   313591.009
   190:   313613.005   313660.009   316168.001   319768.018   320162.003
   195:   320168.016   320218.026   320310.005   320810.009   320869.005
   200:   321595.009   321664.005   322322.009   325240.001   325460.003
   205:   325610.001   325863.003   329630.001   330759.003   331969.005
   210:   332007.009   332349.005   332507.009   334721.001   336687.003
   215:   339121.001   341994.003   343269.005   344219.009   349417.001
   220:   350995.003   351524.001   353065.003   354506.001   355186.003
   225:   355240.001   357330.003   359239.001   362818.003   364388.001
   230:   367028.003   368242.005   368718.009   368764.005   368956.009
   235:   369149.005   370025.009   370183.005   370287.009   373884.001
   240:   374899.003   377020.001   379737.003   381173.001   384002.003
   245:   387055.001   390655.018   391075.003   391081.016   391131.026
   250:   391271.005   391674.009   391680.005   392397.009   392421.005
   255:   392934.009   392945.005   393013.009   393034.005   393071.009
   260:   398972.001   400896.003   402320.001   405920.018   406407.003
   265:   406413.016   406463.026   406585.005   407698.009   407736.005
   270:   408048.009   408173.005   408190.009   408199.005   408202.009
   275:   408212.005   408674.009   408786.005   408847.009   410336.005
   280:   410389.009   410825.001   413461.003   415772.001   418996.003
   285:   422707.001   424087.003   424129.001   425524.003   427410.001
   290:   428773.003   429385.005   429844.009   429895.005   430165.009
   295:   433578.001   435938.003   437823.001   439564.003   439590.001
   300:   441874.003   443088.005   443396.009   443916.001   447112.003
   305:   449361.005   449463.009   451224.001   453576.003   455486.001
   310:   458846.003   459524.005   459677.009   463423.001   465766.003
   315:   467112.001   469672.003   477407.005   477500.009   477539.005
   320:   477634.009   480301.005   480702.009   482808.001   483848.003
   325:   487243.001   487580.003   487626.001   489025.003   489123.001
   330:   489876.003   495120.001   498720.018   498803.003   498809.016
   335:   498859.026   498976.005   500931.009   501203.005   501947.009
   340:   502997.005   503024.009   504015.001   505129.003   506951.001
   345:   509303.003   510691.005   510700.009   512306.001   515617.003
   350:   516850.001   519492.003   521872.001   525224.003   526583.005
   355:   526923.009   528115.001   530637.003   534012.001   535989.003
   360:   537891.001   540929.003   542538.005   542677.009   542683.005
   365:   543135.009   544731.001   548137.003   551142.001   553129.003
   370:   560707.001   563420.003   564806.001   567757.003   571419.001
   375:   573449.003   578296.001   579802.003   585502.001   588394.003
   380:   591347.001   593804.003   595909.005   595929.009   595935.005
   385:   596306.009   598725.001   602325.018   602607.003   602613.016
   390:   602663.026   602782.005   603158.009   603199.005   603226.009
   395:   603256.005   603361.009   603365.005   604642.009   604674.005
   400:   604758.009   607753.001   609905.003   612467.001   613714.003
   405:   614470.001   616462.003   620265.005   620678.009   627462.001
   410:   628640.003   628834.001   628923.003   628965.001   631268.003
   415:   634130.001   636410.003   639935.001   642401.003   644502.001
   420:   647491.003   650649.001   652051.003   652467.005   652819.009
   425:   694796.005   694826.009   694843.005   694882.009   694903.005
   430:   695333.009   731806.001   734054.003   736378.001   739978.018
   435:   740136.003   740142.016   740192.026   740199.001   740233.003
   440:   740285.005   742012.009   745891.001   746571.003   747049.001
   445:   748820.003   750789.001   752665.003   753211.001   755539.003
   450:   756928.001   758739.003   763506.005   763522.009   810683.005
   455:   810816.009   811650.001   813151.003   813679.001   816127.003
   460:  1054183.005  1054232.009  1054262.005  1054268.009  1142200.005
   465:  1142229.009  1201670.005  1201680.009  1201792.005  1201950.009
   470:  1202481.001  1204159.003  1205022.001  1207957.003  1276092.001
   475:  1276148.003  1276351.005  1276368.009  1276386.005  1276908.009
   480:  1284870.001  1286206.003  1303562.005  1303602.009  1308615.005
   485:  1308628.009  1435567.001  1437040.003  1437693.001  1439230.003
   490:  1440025.001  1440687.003  1441037.005  1441278.009
B:
     0:        0.000      121.000        0.000      121.000        0.000
     5:      113.000        0.000        0.000        0.000      113.000
    10:        0.000        1.000        0.000        1.000        0.000
    15:        0.000        8.000        0.000        8.000        0.000
    20:        0.000        0.000        0.000        0.000        0.000
    25:        0.000        8.000        0.000        0.000        0.000
    30:        0.000
D:
     0:  3410633.000  3409972.000  3410634.000
E:
     0:     3600.000     3600.000
T:
     0:        0.000        0.000        0.000        0.000
W:
     0:        0.000        0.000        0.000
