File: C:\MED-PC IV\Data\Reyes\BB\BB2110.999


Start Date: 07/16/25
End Date: 07/16/25
Subject: 110
Experiment: BB
Group: NO_TIMEOUT
Box: 6
Start Time: 15:13:01
End Time: 16:03:00
MSN: DRRD_lin
C:       0.000
F:       0.000
G:       0.000
H:       0.000
I:       0.000
J:       0.000
K:    5700.000
L:       0.000
M:       0.000
N:       0.000
O:       0.000
P:       0.000
Q:       0.000
R:       0.000
S:       0.000
U:   84266.000
V:       0.000
X:       0.000
Y:     188.000
Z:       0.000
A:
     0:     9569.005    10097.009    13618.005    13625.009    13633.005
     5:    13702.009    15000.013    15000.011    16374.005    16490.009
    10:    20903.005    21186.009    32776.005    32813.009    37772.005
    15:    38120.009    38201.005    38206.009    38272.005    38283.009
    20:    38583.001    38860.003    39101.001    39187.003    86768.005
    25:    87036.009   120998.005   121154.009   121291.005   121304.009
    30:   121453.005   122415.009   122419.005   122768.009   122787.005
    35:   123214.009   123242.005   123269.009   123485.005   123667.009
    40:   123749.005   124277.009   125185.001   125244.003   125286.001
    45:   125892.003   126111.001   126160.003   143154.005   143400.009
    50:   143422.005   143548.009   147428.005   148105.009   148402.005
    55:   148659.009   148685.005   148993.009   154290.005   154396.009
    60:   154404.005   154536.009   263141.005   263153.009   263201.005
    65:   263244.009   263362.005   263529.009   264270.001   264952.003
    70:   265092.001   265137.003   265239.005   266962.009   267055.005
    75:   267661.009   267742.005   268700.009   268703.005   268720.009
    80:   268936.005   269023.009   269055.005   269315.009   269887.001
    85:   271024.003   278653.005   278924.009   279029.005   279327.009
    90:   280295.005   280363.009   280391.005   280617.009   280642.005
    95:   280657.009   281002.005   281099.009   281108.005   281242.009
   100:   281263.005   281269.009   281320.005   281547.009   281565.005
   105:   281583.009   281626.005   281839.009   281955.005   282651.009
   110:   282760.005   282806.009   282823.005   283477.009   283481.005
   115:   283995.009   284081.005   284224.009   286198.001   286422.003
   120:   286461.001   287534.003   287745.001   287962.003   293466.001
   125:   295420.003   298408.005   298444.009   298451.005   298549.009
   130:   317325.005   317362.009   317540.005   317634.009   317651.005
   135:   317660.009   320414.001   320843.003   321304.001   321391.003
   140:   321512.001   321852.003   521658.005   521935.009   522131.005
   145:   522153.009   522201.005   522692.009   599598.005   599653.009
   150:   600043.005   600106.009   600286.005   600324.009   829146.005
   155:   829567.009  1067053.001  1067468.003  1067932.001  1068789.003
   160:  1073995.001  1074509.003  1141522.005  1141592.009  1141652.005
   165:  1141719.009  1141782.005  1141845.009  1143581.001  1143977.003
   170:  1146809.001  1146864.003  1147057.005  1147092.009  1147156.005
   175:  1148183.009  1234312.005  1234367.009  1458081.005  1458118.009
   180:  1477499.001  1477607.003  1482889.001  1483142.003  1493477.001
   185:  1493511.003  1493615.001  1493711.003
B:
     0:        0.000       24.000        0.000       24.000        0.000
     5:       69.000        0.000        0.000        0.000       69.000
    10:        0.000        1.000        0.000        1.000        0.000
    15:        0.000        0.000        0.000        0.000        0.000
    20:        0.000        0.000        0.000        0.000        0.000
    25:        0.000        0.000        0.000        0.000        0.000
    30:        0.000
D:
     0:  1577976.000  1577881.000  1577977.000
E:
     0:     2850.000     2850.000
T:
     0:        0.000        0.000        0.000        0.000
W:
     0:        0.000        0.000        0.000
