File: C:\MED-PC IV\Data\Reyes\BB\BB2115.999


Start Date: 07/17/25
End Date: 07/17/25
Subject: 115
Experiment: BB
Group: NO_TIMEOUT_RET
Box: 5
Start Time: 16:26:25
End Time: 17:16:25
MSN: DRRD_lin
C:       0.000
F:       0.000
G:       0.000
H:       0.000
I:       0.000
J:       0.000
K:   10000.000
L:       0.000
M:       0.000
N:       0.000
O:       0.000
P:       0.000
Q:       0.000
R:       0.000
S:       0.000
U:    2027.000
V:       0.000
X:       0.000
Y:     749.000
Z:       0.000
A:
     0:     1758.005     2026.009     2712.005     2721.009     7832.005
     5:     8204.009    15000.013    15000.011    16566.001    17187.003
    10:    17684.001    17871.003    18316.001    20643.003    20697.001
    15:    20731.003    20957.001    21113.003    21402.001    25725.003
    20:    25843.001    25886.003    25949.005    26081.009    26096.005
    25:    26114.009    26441.001    29331.003    29465.005    29713.009
    30:    29937.001    33752.003    34347.001    37100.003    37263.005
    35:    37617.009    37958.001    41453.003    41810.001    45904.003
    40:    46330.001    50350.003    51364.001    53657.003    54360.001
    45:    57428.003    57626.005    57646.009    57839.001    58164.003
    50:    58206.001    63206.018    63229.003    63235.016    63285.026
    55:    63316.005    63940.009    65194.001    69711.003    70203.001
    60:    75203.018    75494.003    75500.016    75550.026    75597.001
    65:    75616.003    75691.005    76067.009    76089.005    76107.009
    70:    76891.001    80608.003    80907.005    81016.009    81913.005
    75:    81932.009    82506.001    87341.003    87604.001    92115.003
    80:    92220.001    92234.003    92512.001    92557.003    92586.001
    85:    96398.003    97141.001   101174.003   101366.001   101388.003
    90:   101496.001   105715.003   106370.001   111370.018   112235.003
    95:   112241.016   112291.026   112313.005   112735.009   112789.005
   100:   112832.009   114155.001   118982.003   119208.001   124208.018
   105:   124233.003   124239.016   124289.026   124391.005   125076.009
   110:   129145.001   134145.018   134725.003   134731.016   134781.026
   115:   134829.005   135423.009   135451.005   135487.009   136867.001
   120:   138175.003   138286.001   141095.003   141317.005   141490.009
   125:   141806.001   144602.003   144635.001   146752.003   147482.001
   130:   152414.003   152952.001   157952.018   159137.003   159143.016
   135:   159193.026   159231.005   160041.009   160561.001   161619.003
   140:   161682.001   161700.003   161983.001   162061.003   162069.001
   145:   167069.018   168001.003   168007.016   168057.026   168174.005
   150:   168884.009   170668.001   175668.018   176175.003   176181.016
   155:   176231.026   176301.005   176875.009   176915.005   176923.009
   160:   176968.005   177002.009   178943.001   183339.003   183655.001
   165:   188655.018   188835.003   188841.016   188891.026   188906.005
   170:   189635.009   190549.001   191202.003   191359.001   196359.018
   175:   196482.003   196488.016   196538.026   196598.005   197106.009
   180:   197139.005   197204.009   199078.001   204078.018   206228.003
   185:   206234.016   206284.026   206394.005   207255.009   208649.001
   190:   213649.018   214194.003   214200.016   214250.026   214354.005
   195:   214772.009   215706.001   216515.003   216823.001   216935.003
   200:   216974.001   221974.018   222028.003   222034.016   222084.026
   205:   222157.005   222678.009   223313.001   228313.018   228970.003
   210:   228976.016   229026.026   229095.005   229504.009   230927.001
   215:   235927.018   237642.003   237648.016   237698.026   237806.005
   220:   238414.009   238421.005   238499.009   239359.001   244359.018
   225:   245201.003   245207.016   245257.026   245280.005   245683.009
   230:   247350.001   247470.003   247630.001   252630.018   252904.003
   235:   252910.016   252960.026   253001.005   253761.009   254938.001
   240:   259938.018   260369.003   260375.016   260425.026   260482.005
   245:   261327.009   261861.001   266861.018   267864.003   267870.016
   250:   267920.026   268005.005   268352.009   268929.001   273929.018
   255:   276611.003   276617.016   276667.026   276724.005   277488.009
   260:   277827.001   282489.003   282785.001   287785.018   287959.003
   265:   287965.016   288015.026   288074.005   288769.009   290480.001
   270:   290518.003   290814.001   295814.018   295968.003   295974.016
   275:   296024.026   296052.005   297041.009   297949.001   298072.003
   280:   298265.001   303265.018   303706.003   303712.016   303762.026
   285:   303832.005   304340.009   304955.001   306092.003   306117.001
   290:   311117.018   311397.003   311403.016   311453.026   311489.005
   295:   311917.009   313934.001   314085.003   314138.001   319138.018
   300:   319359.003   319365.016   319415.026   319469.005   320060.009
   305:   320730.001   320981.003   322068.001   327068.018   327201.003
   310:   327207.016   327257.026   327334.005   327837.009   328807.001
   315:   333807.018   334401.003   334407.016   334457.026   334528.005
   320:   335120.009   335290.005   335336.009   335348.005   335356.009
   325:   337514.001   342514.018   344256.003   344262.016   344312.026
   330:   344329.005   344808.009   346126.001   346797.003   346859.001
   335:   351659.003   352377.001   357377.018   357855.003   357861.016
   340:   357911.026   357968.005   358571.009   358603.005   358626.009
   345:   358640.005   358868.009   359874.001   360059.003   360156.001
   350:   364557.003   364735.005   364989.009   365280.001   370080.003
   355:   370568.001   375117.003   375218.005   375527.009   375741.001
   360:   380741.018   380854.003   380860.016   380910.026   380968.005
   365:   381418.009   385249.005   385437.009   385831.001   390831.018
   370:   392395.003   392401.016   392451.026   392523.005   392971.009
   375:   394341.001   399341.018   399679.003   399685.016   399735.026
   380:   399801.005   400313.009   401021.001   406021.018   406926.003
   385:   406932.016   406982.026   407085.005   407770.009   408663.001
   390:   409368.003   409417.001   413969.003   414726.001   419726.018
   395:   420781.003   420787.016   420837.026   420886.005   421376.009
   400:   422062.001   426996.003   428128.001   433128.018   435313.003
   405:   435319.016   435369.026   435409.005   435800.009   436500.001
   410:   441500.018   442059.003   442065.016   442115.026   442167.005
   415:   442405.009   442871.001   447871.018   449063.003   449069.016
   420:   449119.026   449178.005   449822.009   451383.005   451390.009
   425:   452230.001   457230.018   458391.003   458397.016   458447.026
   430:   458557.005   458958.009   460046.001   465046.018   466678.003
   435:   466684.016   466734.026   466854.005   467398.009   468246.001
   440:   473246.018   475271.003   475277.016   475327.026   475385.005
   445:   475709.009   477243.001   482243.018   482394.003   482400.016
   450:   482450.026   482506.005   483185.009   483762.001   485742.003
   455:   486285.001   486320.003   486432.001   491258.003   492157.001
   460:   497157.018   498519.003   498525.016   498575.026   498633.005
   465:   499087.009   500733.001   504514.003   505671.001   509805.003
   470:   510432.001   514654.003   515517.001   520517.018   520548.003
   475:   520554.016   520604.026   520645.005   521134.009   521517.001
   480:   526517.018   526666.003   526672.016   526722.026   526772.005
   485:   527400.009   527412.005   527428.009   528006.001   529259.003
   490:   529292.001   534292.018   534554.003   534560.016   534610.026
   495:   534648.005   535041.009   539082.001   543283.003   543446.005
   500:   543657.009   543899.001   548899.018   549383.003   549389.016
   505:   549439.026   549493.005   549854.009   550536.001   552270.003
   510:   552290.001   555463.003   556219.001   559701.003   559822.001
   515:   559886.003   560292.001   561973.003   562376.001   567209.003
   520:   567695.001   572695.018   573215.003   573221.016   573271.026
   525:   573363.005   573740.009   573819.005   573854.009   574577.001
   530:   579577.018   580572.003   580578.016   580628.026   580732.005
   535:   581183.009   581791.001   586791.018   588587.003   588593.016
   540:   588643.026   588698.005   588969.009   589586.001   593529.003
   545:   594183.001   599183.018   599331.003   599337.016   599387.026
   550:   599468.005   600064.009   601823.001   601926.003   602013.001
   555:   606262.003   606678.005   606883.009   607547.001   612547.018
   560:   613211.003   613217.016   613267.026   613308.005   613799.009
   565:   616813.005   616898.009   617734.001   622379.003   622445.005
   570:   622598.009   622619.005   622680.009   622963.001   627963.018
   575:   629017.003   629023.016   629073.026   629098.005   630028.009
   580:   630830.001   635830.018   636543.003   636549.016   636599.026
   585:   636670.005   637116.009   638610.001   643610.018   643861.003
   590:   643867.016   643917.026   643953.005   644514.009   644551.005
   595:   644812.009   645407.001   647052.003   647919.001   652613.003
   600:   652718.005   652891.009   653164.001   653201.003   653240.001
   605:   658240.018   658394.003   658400.016   658450.026   658491.005
   610:   658946.009   659768.001   664768.018   664866.003   664872.016
   615:   664922.026   664972.005   665689.009   666558.001   671558.018
   620:   672673.003   672679.016   672729.026   672769.005   673315.009
   625:   674207.001   678096.003   678679.001   678878.003   678978.001
   630:   683250.003   683904.001   686882.003   687522.001   690717.003
   635:   691361.001   696361.018   697214.003   697220.016   697270.026
   640:   697371.005   698059.009   699165.001   699220.003   699306.001
   645:   703272.003   703332.005   703454.009   703649.001   708649.018
   650:   709407.003   709413.016   709463.026   709507.005   710252.009
   655:   710315.005   710433.009   710983.001   715983.018   718102.003
   660:   718108.016   718158.026   718195.005   718583.009   718721.005
   665:   719105.009   720442.001   720727.003   720892.001   725892.018
   670:   726188.003   726194.016   726244.026   726314.005   726629.009
   675:   732719.001   736291.003   736396.005   736600.009   736838.001
   680:   736913.003   736961.001   741828.003   742967.001   747539.003
   685:   747663.005   747780.009   748111.001   751771.003   752412.001
   690:   752480.003   752525.001   756287.003   757199.001   761555.003
   695:   762434.001   762544.003   762588.001   766450.003   766504.001
   700:   766688.003   767103.001   770795.003   770871.001   770914.003
   705:   771937.001   776626.003   777067.001   777271.003   777301.001
   710:   777852.003   781581.001   783838.003   784683.001   785278.003
   715:   833764.005   834082.009   834794.001   835184.003   835441.001
   720:   838243.003   838854.005   841638.009   877963.005   878095.009
   725:   879509.005   881253.009   881408.005   882804.009   883325.001
   730:   883448.003   900744.005   900749.009   900759.005   900775.009
   735:   901393.005   901514.009   945369.005   945595.009   945775.005
   740:   946201.009   948003.001   948364.003  1066076.005  1066090.009
   745:  1139842.005  1140015.009  1164551.001  1164740.003
B:
     0:        0.000      169.000        0.000      169.000        0.000
     5:      113.000        0.000        0.000        0.000      113.000
    10:        0.000        1.000        0.000        1.000        0.000
    15:        0.000       61.000        0.000       61.000        0.000
    20:        0.000        0.000        0.000        0.000        0.000
    25:        0.000       61.000        0.000        0.000        0.000
    30:        0.000
D:
     0:  1166766.000  1166578.000  1166767.000
E:
     0:     5000.000     5000.000
T:
     0:        0.000        0.000        0.000        0.000
W:
     0:        0.000        0.000        0.000
