File: C:\MED-PC IV\Data\Reyes\BB\BB2114.999


Start Date: 07/16/25
End Date: 07/16/25
Subject: 114
Experiment: BB
Group: TIMEOUT
Box: 4
Start Time: 16:14:35
End Time: 17:04:35
MSN: DRRD_lin
C:       0.000
F:       0.000
G:       0.000
H:       0.000
I:       0.000
J:       0.000
K:   10000.000
L:       0.000
M:       0.000
N:       0.000
O:       0.000
P:       0.000
Q:       0.000
R:       0.000
S:       0.000
U: 1917346.000
V:       0.000
X:       0.000
Y:    1403.000
Z:       0.000
A:
     0:      414.005      925.009     5214.005     5318.009    13191.005
     5:    13385.009    15000.013    15000.011    15461.001    16000.003
    10:    16688.005    17110.009    17854.001    18739.003    19119.005
    15:    19436.009    19461.005    19817.009    20003.005    20024.009
    20:    20028.005    20322.009    20752.001    20808.003    26416.005
    25:    26444.009    26510.005    26531.009    26963.001    27430.003
    30:    27890.005    28107.009    28112.005    28381.009    28447.005
    35:    28535.009    29151.001    29423.003    29447.001    34447.018
    40:    35911.003    35917.016    35967.026    36083.005    36447.009
    45:    36453.005    36455.009    36465.005    36509.009    36659.005
    50:    36662.009    37368.001    40071.003    40300.001    43615.003
    55:    43639.001    43706.003    43825.005    44191.009    44553.001
    60:    49553.018    49632.003    49638.016    49688.026    49842.005
    65:    50535.009    51332.001    51526.003    51799.001    56458.003
    70:    56891.005    57323.009    57690.001    62128.003    62185.001
    75:    62286.003    62523.001    67523.018    67961.003    67967.016
    80:    68017.026    68064.001    68108.003    68235.005    68666.009
    85:    70327.001    70413.003    70663.001    75126.003    75162.001
    90:    75313.003    75348.001    75419.003    75551.001    75581.003
    95:    75982.001    80982.018    82107.003    82113.016    82163.026
   100:    82355.005    82838.009    84019.001    84064.003    84176.001
   105:    89176.018    89383.003    89389.016    89439.026    89620.005
   110:    90169.009    90974.001    91449.003    91708.001    96316.003
   115:    96339.001    96384.003    96827.001    97848.003    98483.001
   120:   103483.018   104763.003   104769.016   104819.026   104972.005
   125:   105319.009   107837.005   107847.009   110339.001   115339.018
   130:   115663.003   115669.016   115719.026   116042.005   116677.009
   135:   117908.001   117930.003   118423.001   122526.003   122537.001
   140:   123384.003   123452.001   123504.003   124515.001   129515.018
   145:   131011.003   131017.016   131067.026   131294.005   131687.009
   150:   133200.001   133399.003   133638.001   133938.003   133977.001
   155:   137513.003   137541.001   139151.003   139866.001   144866.018
   160:   147159.003   147165.016   147215.026   147380.005   147811.009
   165:   154932.001   156113.003   156386.001   161090.003   162093.001
   170:   165724.003   165747.001   166986.003   167447.001   167821.003
   175:   167877.001   170998.003   171035.001   175994.003   176132.001
   180:   176179.003   176831.001   180821.003   180867.001   180977.003
   185:   181489.001   186489.018   187738.003   187744.016   187794.026
   190:   187802.001   187836.003   187957.005   188459.009   189721.005
   195:   189730.009   190462.001   195462.018   195520.003   195526.016
   200:   195576.026   195694.005   196033.009   196061.005   196074.009
   205:   196099.005   196219.009   197206.001   197284.003   197728.001
   210:   202360.003   202440.001   202597.003   203067.001   203187.003
   215:   203236.001   208236.018   208373.003   208379.016   208420.001
   220:   208429.026   208496.003   208579.005   209054.009   211423.001
   225:   216298.003   216382.001   221382.018   222536.003   222542.016
   230:   222592.026   222736.005   223309.009   225410.001   230410.018
   235:   231590.003   231596.016   231646.026   231942.005   232888.009
   240:   232903.005   232917.009   233062.005   233230.009   234440.001
   245:   235925.003   235990.001   236157.003   236197.001   241197.018
   250:   241441.003   241447.016   241497.026   241697.005   242354.009
   255:   243765.001   243945.003   243961.001   244201.003   244247.001
   260:   249153.003   249531.001   254531.018   254612.003   254618.016
   265:   254668.026   254760.005   255947.009   257854.005   257928.009
   270:   257979.005   259649.009   260295.001   260341.003   260391.001
   275:   265391.018   266326.003   266332.016   266382.026   266498.005
   280:   266755.009   268235.001   268402.003   268411.001   273411.018
   285:   273741.003   273747.016   273797.026   273923.005   275341.009
   290:   275983.001   276058.003   276132.001   281132.018   281969.003
   295:   281975.016   282025.026   282143.005   282580.009   283959.001
   300:   288959.018   289118.003   289124.016   289174.026   289262.005
   305:   289588.009   291066.001   296066.018   297331.003   297337.016
   310:   297387.026   297520.005   297824.009   299030.001   299102.003
   315:   299830.001   304830.018   305648.003   305654.016   305704.026
   320:   305841.005   306121.009   307717.001   312717.018   314257.003
   325:   314263.016   314313.026   314337.001   314406.003   314428.005
   330:   314910.009   315290.005   315568.009   316631.001   321281.003
   335:   321298.001   322097.003   322230.001   322300.003   322393.001
   340:   322443.003   322553.001   322695.003   322820.001   327820.018
   345:   331686.003   331692.016   331742.026   331840.005   332460.009
   350:   333949.001   334074.003   334145.001   339145.018   340867.003
   355:   340873.016   340923.026   341027.005   341301.009   342879.001
   360:   342959.003   343704.001   348704.018   351225.003   351231.016
   365:   351281.026   351674.005   352082.009   353054.001   358054.018
   370:   359368.003   359374.016   359424.026   359554.005   359859.009
   375:   362113.001   367113.018   370442.003   370448.016   370498.026
   380:   370568.001   370645.003   370859.005   371610.009   371622.005
   385:   371637.009   373207.001   378207.018   378906.003   378912.016
   390:   378924.001   378962.026   378974.003   379041.005   379529.009
   395:   382137.001   382310.003   382385.001   386948.003   387001.001
   400:   387728.003   388095.001   388193.003   388224.001   389273.003
   405:   389422.001   394422.018   395179.003   395185.016   395235.026
   410:   395417.005   395660.009   398320.001   398453.003   398514.001
   415:   403514.018   403608.003   403614.016   403664.026   403876.005
   420:   404544.009   406023.001   411023.018   412054.003   412060.016
   425:   412092.001   412110.026   412139.003   412235.005   412474.009
   430:   413714.001   418714.018   420505.003   420511.016   420561.026
   435:   420713.005   420976.009   421926.001   426926.018   427710.003
   440:   427716.016   427766.026   427905.005   428426.009   431671.001
   445:   436496.003   436899.001   437237.003   437555.001   442555.018
   450:   444468.003   444474.016   444524.026   444710.005   445251.009
   455:   447387.001   452387.018   454034.003   454040.016   454090.026
   460:   454227.005   454460.009   456093.001   456243.003   456264.001
   465:   461264.018   462463.003   462469.016   462519.026   462686.005
   470:   463683.009   464821.001   469821.018   471151.003   471157.016
   475:   471207.026   471324.005   471595.009   472849.001   477849.018
   480:   479398.003   479404.016   479454.026   479567.005   479885.009
   485:   482242.001   482292.003   482341.001   487341.018   491503.003
   490:   491509.016   491521.001   491559.026   491767.003   491808.001
   495:   492026.003   492247.005   492837.009   492873.005   492911.009
   500:   493849.001   494055.003   494562.001   499562.018   499571.003
   505:   499577.016   499627.026   499763.005   500185.009   500196.005
   510:   500212.009   501990.001   506543.003   506668.001   511668.018
   515:   511921.003   511927.016   511977.026   512115.005   512397.009
   520:   513659.001   518659.018   519448.003   519454.016   519504.026
   525:   519674.005   520201.009   520211.005   520301.009   520380.005
   530:   520413.009   521435.001   526435.018   526633.003   526639.016
   535:   526689.026   526714.001   526747.003   526814.005   527150.009
   540:   527435.005   527896.009   529008.001   529406.003   530326.001
   545:   530446.003   530497.001   535497.018   535555.003   535561.016
   550:   535611.026   535745.001   535775.003   535855.005   536599.009
   555:   538638.005   538674.009   538716.005   539012.009   539018.005
   560:   539025.009   539028.005   539039.009   539566.001   544415.003
   565:   544455.001   544501.003   544591.005   545632.009   545761.005
   570:   546955.009   547117.005   547346.009   549183.001   553972.003
   575:   554117.001   554155.003   554286.001   554496.003   554900.001
   580:   559900.018   560126.003   560132.016   560182.026   560313.005
   585:   560804.009   560807.005   560832.009   563545.001   568545.018
   590:   569961.003   569967.016   570017.026   570106.005   570290.009
   595:   572555.001   577555.018   578946.003   578952.016   579002.026
   600:   579300.005   580064.009   582673.001   587668.003   587852.001
   605:   587902.003   588523.001   593523.018   594555.003   594561.016
   610:   594611.026   594760.005   595208.009   595668.005   596042.009
   615:   598242.001   598291.003   598645.001   603337.003   604038.001
   620:   609038.018   609836.003   609842.016   609892.026   610068.005
   625:   610541.009   612920.001   617920.018   618419.003   618425.016
   630:   618475.026   618558.005   618827.009   621676.001   626676.018
   635:   627715.003   627721.016   627771.026   627937.005   628263.009
   640:   631063.001   636063.018   636527.003   636533.016   636583.026
   645:   636735.005   637100.009   638869.001   643869.018   645144.003
   650:   645150.016   645200.026   645328.005   645725.009   648264.001
   655:   653195.003   653474.001   657575.003   657891.001   662891.018
   660:   663073.003   663079.016   663129.026   663347.005   663689.009
   665:   666201.001   671201.018   671872.003   671878.016   671928.026
   670:   672057.005   672465.009   675047.001   680047.018   680968.003
   675:   680974.016   681024.026   681143.005   681505.009   683294.001
   680:   688294.018   689291.003   689297.016   689347.026   689459.005
   685:   689851.009   692316.001   697316.018   700687.003   700693.016
   690:   700743.026   700920.005   701194.009   703314.005   703397.009
   695:   703965.001   708965.018   709775.003   709781.016   709831.026
   700:   710054.005   710767.009   713007.001   718007.018   719262.003
   705:   719268.016   719318.026   719505.005   719800.009   721550.001
   710:   721702.003   721726.001   726726.018   727206.003   727212.016
   715:   727262.026   727452.005   728740.009   728741.005   728743.009
   720:   729659.001   729959.003   729985.001   734169.003   734185.001
   725:   734777.003   734796.001   735296.003   735349.001   740349.018
   730:   741336.003   741342.016   741392.026   741553.005   741908.009
   735:   741958.005   742556.009   744152.001   749152.018   750389.003
   740:   750395.016   750445.026   750583.005   751295.009   753502.001
   745:   753709.003   753734.001   758734.018   759569.003   759575.016
   750:   759625.026   759767.005   760191.009   760231.005   760794.009
   755:   761243.005   761339.009   761524.005   761619.009   763916.001
   760:   768916.018   768937.003   768943.016   768993.026   769172.005
   765:   769686.009   772416.001   777416.018   778756.003   778762.016
   770:   778812.026   778830.001   778866.003   778976.005   779323.009
   775:   780366.001   785366.018   786553.003   786559.016   786609.026
   780:   786809.005   787405.009   789988.001   794988.018   796893.003
   785:   796899.016   796949.026   797066.005   797548.009   798950.001
   790:   803950.018   805517.003   805523.016   805573.026   805681.005
   795:   806114.009   807609.001   812609.018   813206.003   813212.016
   800:   813262.026   813403.005   813712.009   815597.001   820597.018
   805:   821587.003   821593.016   821643.026   821752.005   822076.009
   810:   823749.001   828480.003   828497.001   830032.003   830096.001
   815:   830164.003   830527.001   835527.018   836246.003   836252.016
   820:   836302.026   836483.005   837082.009   839316.001   844316.018
   825:   844670.003   844676.016   844726.026   844846.005   845176.009
   830:   847933.001   852933.018   853678.003   853684.016   853734.026
   835:   853828.005   854195.009   855649.001   860649.018   861319.003
   840:   861325.016   861375.026   861522.005   862263.009   864272.001
   845:   869272.018   869432.003   869438.016   869488.026   869652.005
   850:   869955.009   871189.001   876189.018   876409.003   876415.016
   855:   876465.026   876617.005   877000.009   878354.001   883354.018
   860:   883585.003   883591.016   883641.026   883781.005   884225.009
   865:   886466.001   891466.018   892153.003   892159.016   892209.026
   870:   892319.005   892869.009   894194.001   899194.018   900088.003
   875:   900094.016   900144.026   900435.005   901246.009   903195.001
   880:   908195.018   908969.003   908975.016   909025.026   909156.005
   885:   909745.009   909803.005   909876.009   910951.001   915108.003
   890:   915549.005   916040.009   916787.001   921787.018   922020.003
   895:   922026.016   922076.026   922187.005   922575.009   924187.001
   900:   928880.003   929183.001   929759.003   929788.001   934788.018
   905:   936299.003   936305.016   936355.026   936502.005   937109.009
   910:   938900.001   943900.018   944750.003   944756.016   944806.026
   915:   944973.005   945578.009   945607.005   945649.009   947140.001
   920:   950702.003   950795.001   950885.003   951019.001   951151.003
   925:   951316.001   956152.003   956443.001   961443.018   961801.003
   930:   961807.016   961857.026   961944.001   961971.003   961991.005
   935:   962323.009   963478.005   963509.009   965342.001   970342.018
   940:   971117.003   971123.016   971173.026   971328.005   971846.009
   945:   981760.005   981787.009   999868.005   999960.009  1000992.001
   950:  1001313.003  1001741.001  1005238.003  1005634.001  1010634.018
   955:  1010732.003  1010738.016  1010788.026  1010898.005  1011410.009
   960:  1012842.001  1017777.003  1018000.001  1018144.003  1018214.001
   965:  1023135.003  1023768.001  1028768.018  1028860.003  1028866.016
   970:  1028916.026  1028946.001  1028967.003  1029055.005  1029663.009
   975:  1031424.001  1036424.018  1037193.003  1037199.016  1037249.026
   980:  1037269.001  1037366.003  1037399.005  1037673.009  1038744.001
   985:  1039429.003  1039474.001  1044474.018  1045194.003  1045200.016
   990:  1045250.026  1045368.005  1045757.009  1047367.001  1052367.018
   995:  1053662.003  1053668.016  1053718.026  1053887.005  1054818.009
  1000:  1054826.005  1054873.009  1056337.001  1056571.003  1056604.001
  1005:  1061604.018  1067492.003  1067498.016  1067548.026  1067662.005
  1010:  1067999.009  1068294.005  1068342.009  1070799.001  1075799.018
  1015:  1078275.003  1078281.016  1078331.026  1078429.005  1078733.009
  1020:  1079836.001  1084836.018  1086923.003  1086929.016  1086979.026
  1025:  1087093.005  1087374.009  1090039.001  1095039.018  1095498.003
  1030:  1095504.016  1095554.026  1095657.005  1095969.009  1097787.001
  1035:  1102787.018  1104104.003  1104110.016  1104160.026  1104299.005
  1040:  1104759.009  1106690.001  1111690.018  1112784.003  1112790.016
  1045:  1112840.026  1112952.005  1113518.009  1115972.001  1116235.003
  1050:  1116265.001  1121265.018  1121499.003  1121505.016  1121555.026
  1055:  1121663.005  1122670.009  1124441.001  1124526.003  1125199.001
  1060:  1130199.018  1130265.003  1130271.016  1130302.001  1130321.026
  1065:  1130437.003  1130509.005  1131243.009  1131444.005  1131524.009
  1070:  1132752.001  1132897.003  1133695.001  1138695.018  1141024.003
  1075:  1141030.016  1141031.001  1141080.026  1141264.003  1141300.005
  1080:  1141977.009  1142110.005  1142233.009  1143509.001  1143590.003
  1085:  1144669.001  1148558.003  1148731.001  1148927.003  1149023.001
  1090:  1149074.003  1149596.001  1149747.003  1149771.001  1154771.018
  1095:  1155075.003  1155081.016  1155131.026  1155206.005  1155593.009
  1100:  1157129.001  1162129.018  1162906.003  1162912.016  1162933.001
  1105:  1162962.026  1163064.003  1163141.005  1163719.009  1167608.001
  1110:  1167740.003  1168000.001  1173000.018  1173288.003  1173294.016
  1115:  1173344.026  1173519.005  1174638.009  1177303.001  1182303.018
  1120:  1182664.003  1182670.016  1182720.026  1182854.005  1183625.009
  1125:  1185560.001  1189717.003  1189984.005  1190181.009  1190565.001
  1130:  1195565.018  1196502.003  1196508.016  1196556.001  1196558.026
  1135:  1196597.003  1196710.005  1197797.009  1197833.005  1197923.009
  1140:  1200046.001  1204819.003  1205196.001  1205422.003  1205875.001
  1145:  1210875.018  1212050.003  1212056.016  1212106.026  1212287.005
  1150:  1212809.009  1215974.001  1220974.018  1222110.003  1222116.016
  1155:  1222166.026  1222282.005  1222589.009  1224228.001  1229228.018
  1160:  1230832.003  1230838.016  1230888.026  1231067.005  1231339.009
  1165:  1232860.001  1237860.018  1239185.003  1239191.016  1239241.026
  1170:  1239432.005  1239829.009  1241779.001  1246779.018  1246932.003
  1175:  1246938.016  1246940.001  1246988.026  1247063.003  1247145.005
  1180:  1247900.009  1247923.005  1247955.009  1249263.001  1254263.018
  1185:  1254874.003  1254880.016  1254930.026  1255046.005  1255368.009
  1190:  1257203.001  1257335.003  1257892.001  1262892.018  1263809.003
  1195:  1263815.016  1263865.026  1263971.005  1264455.009  1266057.001
  1200:  1270664.003  1272009.001  1277009.018  1278303.003  1278309.016
  1205:  1278327.001  1278359.026  1278440.003  1278540.005  1278866.009
  1210:  1280916.001  1285916.018  1286321.003  1286327.016  1286377.026
  1215:  1286514.005  1286849.009  1288575.001  1288732.003  1288754.001
  1220:  1293754.018  1295404.003  1295410.016  1295460.026  1295570.005
  1225:  1295832.009  1298519.001  1298635.003  1298656.001  1303656.018
  1230:  1303981.003  1303987.016  1304037.026  1304128.005  1304389.009
  1235:  1317878.005  1317933.009  1331144.005  1331435.009  1332619.001
  1240:  1335048.003  1335388.001  1340180.003  1340234.001  1345234.018
  1245:  1345474.003  1345480.016  1345530.026  1345640.005  1345946.009
  1250:  1347242.001  1347486.003  1347523.001  1349085.003  1349202.001
  1255:  1349646.003  1350596.001  1355377.003  1356000.001  1356354.003
  1260:  1356520.001  1361520.018  1361864.003  1361870.016  1361920.026
  1265:  1361991.005  1362480.009  1364704.001  1369704.018  1369755.003
  1270:  1369761.016  1369811.026  1369948.005  1370814.009  1372467.001
  1275:  1372555.003  1372877.001  1376699.003  1376834.001  1378021.003
  1280:  1378093.001  1378144.003  1379048.001  1384048.018  1384715.003
  1285:  1384721.016  1384771.026  1384894.005  1385280.009  1385488.005
  1290:  1385772.009  1387059.001  1387283.003  1387472.001  1392472.018
  1295:  1393401.003  1393407.016  1393457.026  1393583.005  1393909.009
  1300:  1396270.001  1399478.003  1399550.001  1404550.018  1406781.003
  1305:  1406787.016  1406837.026  1406951.005  1407355.009  1409400.001
  1310:  1409428.003  1410057.001  1415057.018  1416580.003  1416586.016
  1315:  1416636.026  1416790.005  1417611.009  1420206.001  1425206.018
  1320:  1425889.003  1425895.016  1425915.001  1425945.026  1425962.003
  1325:  1426051.005  1426444.009  1429092.001  1434092.018  1434556.003
  1330:  1434562.016  1434599.001  1434612.026  1434655.003  1434726.005
  1335:  1435078.009  1437155.001  1437262.003  1437824.001  1442812.003
  1340:  1443119.005  1443170.009  1443569.001  1448569.018  1449841.003
  1345:  1449847.016  1449897.026  1450045.005  1450330.009  1452298.001
  1350:  1457298.018  1457927.003  1457933.016  1457983.026  1458131.005
  1355:  1458398.009  1459202.001  1459411.003  1460309.001  1465309.018
  1360:  1465433.003  1465439.016  1465489.026  1465724.005  1466397.009
  1365:  1466822.005  1466836.009  1466864.005  1466875.009  1468456.001
  1370:  1471973.003  1471987.001  1472913.003  1473667.001  1478667.018
  1375:  1479207.003  1479213.016  1479263.026  1479304.001  1479346.003
  1380:  1479434.005  1479732.009  1481274.001  1481342.003  1481579.001
  1385:  1486579.018  1486920.003  1486926.016  1486976.026  1487136.005
  1390:  1487536.009  1488843.001  1493843.018  1495148.003  1495154.016
  1395:  1495204.026  1495362.005  1495367.009  1495383.005  1496084.009
  1400:  1497733.001  1497777.003  1498187.001
B:
     0:        0.000      303.000        0.000      302.000        0.000
     5:      200.000        0.000        0.000        0.000      200.000
    10:        0.000        1.000        0.000        1.000        0.000
    15:        0.000      132.000        0.000      132.000        0.000
    20:        0.000        0.000        0.000        0.000        0.000
    25:        0.000      132.000        0.000        0.000        0.000
    30:        0.000
D:
     0:  3417351.000  3415533.000  3415123.000
E:
     0:     5000.000     5000.000
T:
     0:        0.000        0.000        0.000        0.000
W:
     0:        2.000        0.000        0.000
