File: C:\MED-PC IV\Data\Reyes\BB\BB3113.999


Start Date: 07/28/25
End Date: 07/28/25
Subject: 113
Experiment: BB
Group: NO_TIMEOUT
Box: 3
Start Time: 16:25:07
End Time: 17:15:07
MSN: DRRD_lin
C:       0.000
F:       0.000
G:       0.000
H:       0.000
I:       0.000
J:       0.000
K:   10000.000
L:       0.000
M:       0.000
N:       0.000
O:       0.000
P:       0.000
Q:       0.000
R:       0.000
S:       0.000
U: 1725442.000
V:       0.000
X:       0.000
Y:    1477.000
Z:       0.000
A:
     0:     7200.005     7294.009     7669.001     7762.003     7841.001
     5:     7899.003    10261.005    10383.009    15000.013    15000.011
    10:    19671.001    19741.003    19811.001    19873.003    20047.001
    15:    20186.003    20251.001    20326.003    20344.001    20369.003
    20:    20391.001    21092.003    21137.001    21188.003    21209.001
    25:    21393.003    21528.005    21753.009    22095.001    23592.003
    30:    23600.001    23677.003    23710.001    23859.003    24037.005
    35:    24167.009    24453.001    24611.003    24637.001    29243.003
    40:    30052.001    30253.003    30362.001    30381.003    30506.001
    45:    30577.003    30579.001    35584.018    36130.003    36136.016
    50:    36186.026    36286.005    36617.009    36868.001    37910.003
    55:    37928.001    41600.003    42400.001    47304.003    47505.005
    60:    47528.009    47926.001    47970.003    48008.001    52229.003
    65:    52815.001    52911.003    53330.001    53757.003    53784.001
    70:    58028.003    58686.001    58920.003    59558.001    59787.003
    75:    59801.001    60077.003    60089.001    65089.018    66295.003
    80:    66301.016    66351.026    66434.005    66925.009    67324.001
    85:    72324.018    73241.003    73247.016    73297.026    73419.005
    90:    73901.009    74157.001    79157.018    80108.003    80114.016
    95:    80164.026    80267.005    80814.009    81116.001    82322.003
   100:    82350.001    87009.003    88003.001    90136.003    90166.001
   105:    92042.003    92725.001    92839.003    92910.001    92927.003
   110:    92970.001    93114.003    93132.001    93162.003    93170.001
   115:    98170.018    98322.003    98328.016    98378.026    98488.005
   120:    98933.009    98946.005    98974.009    99013.005    99040.009
   125:    99920.001   100458.003   100533.001   100640.003   100789.001
   130:   101011.003   101204.001   101375.003   101460.001   106460.018
   135:   108065.003   108071.016   108121.026   108250.005   108563.009
   140:   108574.005   108595.009   108862.001   113862.018   116529.003
   145:   116535.016   116585.026   116695.005   117081.009   117359.001
   150:   122359.018   123897.003   123903.016   123953.026   124051.005
   155:   124440.009   124724.001   129724.018   130127.003   130133.016
   160:   130183.026   130308.005   130766.009   130786.005   130817.009
   165:   130826.005   130836.009   131318.001   132286.003   132302.001
   170:   132514.003   132585.001   137585.018   138511.003   138517.016
   175:   138567.026   138603.005   139069.009   139117.005   139161.009
   180:   139802.001   139884.003   140022.001   140054.003   140094.001
   185:   140249.003   140314.001   145115.003   145236.005   145603.009
   190:   146084.001   146783.003   146852.001   151852.018   152949.003
   195:   152955.016   153005.026   153121.005   153711.009   153731.005
   200:   153797.009   154296.001   159296.018   160488.003   160494.016
   205:   160544.026   160652.005   160984.009   161003.005   161018.009
   210:   161274.001   166274.018   167906.003   167912.016   167962.026
   215:   168023.005   168494.009   168501.005   168506.009   168559.005
   220:   168575.009   168799.001   173799.018   176062.003   176068.016
   225:   176118.026   176191.005   176539.009   176621.005   176630.009
   230:   176835.001   176920.003   177072.001   182072.018   183705.003
   235:   183711.016   183761.026   183881.005   184190.009   185743.001
   240:   190743.018   196257.003   196263.016   196313.026   196427.005
   245:   196852.009   196865.005   196905.009   197145.001   202145.018
   250:   203789.003   203795.016   203845.026   203987.005   204283.009
   255:   204554.001   204959.003   204981.001   209981.018   210311.003
   260:   210317.016   210367.026   210494.005   211064.009   211076.005
   265:   211092.009   211144.005   211152.009   211465.001   216465.018
   270:   217554.003   217560.016   217610.026   217740.005   218028.009
   275:   218292.001   222784.003   223085.001   223137.003   223168.001
   280:   223292.003   223406.001   223524.003   223608.001   224533.003
   285:   224665.001   224724.003   224890.001   225827.003   225839.001
   290:   229292.003   229968.001   230082.003   230180.001   230298.003
   295:   241625.001   241834.003   241878.001   241916.003   241936.001
   300:   242052.003   243887.005   243906.009   243925.005   244032.009
   305:   244066.005   244088.009   244869.001   244940.003   245036.001
   310:   245430.003   245463.001   250038.003   250592.001   251942.003
   315:   251947.001   256093.003   256893.001   261556.003   262118.001
   320:   262655.003   262848.001   262994.003   263261.001   263488.003
   325:   263505.001   268505.018   269032.003   269038.016   269088.026
   330:   269185.005   269522.009   269812.001   270870.003   270899.001
   335:   275899.018   275936.003   275942.016   275992.026   276067.005
   340:   276352.009   277915.001   278007.003   278039.001   283039.018
   345:   286810.003   286816.016   286866.026   286965.005   287229.009
   350:   287436.001   292436.018   295007.003   295013.016   295063.026
   355:   295102.005   296033.009   296726.001   301726.018   302801.003
   360:   302807.016   302857.026   303002.005   303340.009   303363.005
   365:   303377.009   303424.005   303429.009   303676.001   308676.018
   370:   310019.003   310025.016   310043.001   310075.026   310183.003
   375:   310304.005   310738.009   311070.001   315814.003   315915.005
   380:   316168.009   316172.005   316181.009   316483.001   316544.003
   385:   316571.001   317943.003   317984.001   318110.003   318131.001
   390:   323131.018   324258.003   324264.016   324314.026   324424.005
   395:   325260.009   325839.001   326106.003   326128.001   331128.018
   400:   332808.003   332814.016   332864.026   332977.005   333413.009
   405:   333438.005   333443.009   333455.005   333490.009   334198.001
   410:   339198.018   340416.003   340422.016   340472.026   340565.005
   415:   341118.009   341136.005   341181.009   341886.001   346886.018
   420:   349130.003   349136.016   349186.026   349233.005   349768.009
   425:   349779.005   349876.009   350428.001   355428.018   356465.003
   430:   356471.016   356521.026   356640.005   357111.009   357131.005
   435:   357162.009   357419.001   362419.018   363915.003   363921.016
   440:   363971.026   364089.005   364522.009   364548.005   364596.009
   445:   364926.001   369926.018   371345.003   371351.016   371401.026
   450:   371483.005   372126.009   372628.001   374796.003   375373.001
   455:   375470.003   375491.001   376441.003   376458.001   381458.018
   460:   381635.003   381641.016   381691.026   381764.005   382289.009
   465:   382302.005   382383.009   382611.001   387611.018   388413.003
   470:   388419.016   388469.026   388589.005   388895.009   389264.001
   475:   389368.003   389449.001   394449.018   396030.003   396036.016
   480:   396086.026   396188.005   397079.009   397092.005   397384.009
   485:   397818.001   402818.018   404125.003   404131.016   404181.026
   490:   404277.005   404783.009   404796.005   404803.009   404805.005
   495:   404864.009   406257.001   406371.003   406949.001   407099.003
   500:   407148.001   411680.003   411701.001   415471.003   415754.001
   505:   417088.003   431591.005   431633.009   433057.001   433180.003
   510:   433220.001   433296.003   433370.001   438370.018   440150.003
   515:   440156.016   440206.026   440304.005   440602.009   440682.005
   520:   440771.009   440804.005   441141.009   441146.005   441181.009
   525:   442038.001   447038.018   448697.003   448703.016   448753.026
   530:   448830.005   449198.009   449210.005   449273.009   450064.001
   535:   455064.018   456058.003   456064.016   456114.026   456212.005
   540:   456617.009   456643.005   456699.009   457916.001   462916.018
   545:   464628.003   464634.016   464684.026   464739.005   465634.009
   550:   466360.001   466624.003   466651.001   471651.018   473506.003
   555:   473512.016   473562.026   473665.005   474051.009   475086.001
   560:   475393.003   475445.001   480445.018   481744.003   481750.016
   565:   481800.026   481879.005   482750.009   483224.001   488224.018
   570:   492102.003   492108.016   492158.026   492249.005   492728.009
   575:   493033.001   498033.018   500635.003   500641.016   500691.026
   580:   500732.005   501770.009   501774.005   501867.009   502295.001
   585:   507295.018   511053.003   511059.016   511109.026   511178.005
   590:   511533.009   511544.005   511586.009   512663.001   517663.018
   595:   519445.003   519451.016   519501.026   519580.005   519883.009
   600:   520096.001   525096.018   526565.003   526571.016   526621.026
   605:   526679.005   527115.009   527190.005   527300.009   527318.005
   610:   527374.009   527417.005   527585.009   528880.001   533880.018
   615:   536369.003   536375.016   536425.026   536481.005   537144.009
   620:   537156.005   537170.009   537984.001   538582.003   538592.001
   625:   543592.018   544128.003   544134.016   544184.026   544246.005
   630:   544909.009   545615.001   549353.003   549627.001   549894.003
   635:   549984.001   554984.018   556791.003   556797.016   556847.026
   640:   556953.005   557406.009   570986.001   571040.003   571127.001
   645:   571517.003   571861.001   576861.018   577892.003   577898.016
   650:   577948.026   578057.005   578421.009   578666.001   582400.003
   655:   582416.001   586354.003   586602.001   588218.003   588247.001
   660:   588324.003   588533.001   588595.003   589063.001   594063.018
   665:   596359.003   596365.016   596415.026   596555.005   596968.009
   670:   597239.001   602239.018   604620.003   604626.016   604676.026
   675:   604790.005   605100.009   605127.005   605142.009   605171.005
   680:   605211.009   606044.001   611044.018   612262.003   612268.016
   685:   612318.026   612383.005   612771.009   612836.005   612888.009
   690:   613733.001   618733.018   620752.003   620758.016   620808.026
   695:   620883.005   621547.009   622268.001   622648.003   622665.001
   700:   627665.018   628543.003   628549.016   628599.026   628667.005
   705:   628989.009   629016.005   629023.009   629382.001   634382.018
   710:   636235.003   636241.016   636291.026   636354.005   636759.009
   715:   636836.005   636893.009   649156.001   649225.003   649545.001
   720:   650548.003   650598.001   655009.003   655965.001   656402.003
   725:   657304.001   662304.018   663633.003   663639.016   663689.026
   730:   663740.005   664334.009   664614.001   669614.018   671834.003
   735:   671840.016   671890.026   671976.005   672293.009   672338.005
   740:   672349.009   672598.001   677598.018   680944.003   680950.016
   745:   681000.026   681128.005   681540.009   681553.005   681600.009
   750:   682669.001   683366.003   683380.001   683424.003   683457.001
   755:   683532.003   683604.001   688604.018   689714.003   689720.016
   760:   689770.026   689850.005   690410.009   690429.005   690440.009
   765:   690550.005   690574.009   691103.001   691140.003   691317.001
   770:   696317.018   699645.003   699651.016   699701.026   699752.005
   775:   700301.009   701068.001   706068.018   707584.003   707590.016
   780:   707640.026   707697.005   708178.009   709207.001   714207.018
   785:   717268.003   717274.016   717324.026   717452.005   717949.009
   790:   717963.005   718031.009   735463.001   735906.003   736033.001
   795:   736213.003   736220.001   741220.018   742806.003   742812.016
   800:   742862.026   742917.005   743343.009   743577.001   748577.018
   805:   750487.003   750493.016   750543.026   750665.005   750946.009
   810:   751167.001   756167.018   759522.003   759528.016   759578.026
   815:   759652.005   760160.009   760177.005   760197.009   760200.005
   820:   760211.009   761057.001   761948.003   761961.001   762116.003
   825:   762154.001   767154.018   768430.003   768436.016   768486.026
   830:   768589.005   768978.009   769251.001   774251.018   776833.003
   835:   776839.016   776889.026   777031.005   777457.009   777462.005
   840:   777828.009   778327.001   783327.018   785537.003   785543.016
   845:   785593.026   785741.005   786530.009   787161.001   787552.003
   850:   787572.001   792572.018   793567.003   793573.016   793623.026
   855:   793698.005   794110.009   794427.001   799427.018   800989.003
   860:   800995.016   801045.026   801153.005   801558.009   810668.001
   865:   810703.003   810891.001   812893.003   812912.001   817173.003
   870:   817552.001   817767.003   818318.001   818382.003   818582.001
   875:   818934.003   819058.001   819193.003   819318.001   819489.003
   880:   819523.001   824523.018   825055.003   825061.016   825111.026
   885:   825174.005   825710.009   826238.001   831238.018   831981.003
   890:   831987.016   832037.026   832103.005   832534.009   832750.001
   895:   833874.003   833913.001   833981.003   834043.001   839043.018
   900:   839310.003   839316.016   839366.026   839445.005   839984.009
   905:   840089.005   840217.009   840944.001   842176.003   842306.001
   910:   842464.003   842489.001   842582.003   851064.001   851134.003
   915:   851162.001   851317.003   851690.005   851698.009   851700.005
   920:   852033.009   852792.001   853573.003   853630.001   853724.003
   925:   853762.001   856938.003   857521.001   858368.003   858413.001
   930:   858466.003   858509.001   863509.018   864485.003   864491.016
   935:   864541.026   864602.005   865115.009   865716.001   865992.003
   940:   866014.001   871014.018   871121.003   871127.016   871177.026
   945:   871306.005   871628.009   871666.005   871673.009   871958.001
   950:   873007.003   873036.001   878036.018   878236.003   878242.016
   955:   878292.026   878396.005   879266.009   879272.005   879280.009
   960:   879849.001   880012.003   880034.001   880393.003   880411.001
   965:   882607.003   882623.001   885954.003   886089.005   886263.009
   970:   886618.001   891618.018   892868.003   892874.016   892924.026
   975:   892985.005   893706.009   894513.001   894583.003   894600.001
   980:   899600.018   899796.003   899802.016   899852.026   899910.005
   985:   900301.009   900668.001   905668.018   907100.003   907106.016
   990:   907156.026   907282.005   907607.009   907906.001   912906.018
   995:   915285.003   915291.016   915341.026   915409.005   915810.009
  1000:   917282.001   917422.003   917483.001   921091.003   921706.001
  1005:   922735.003   923557.001   928557.018   929797.003   929803.016
  1010:   929853.026   929917.005   930328.009   930331.005   930385.009
  1015:   930399.005   930446.009   931091.001   931914.003   931932.001
  1020:   936880.003   938222.001   938548.003   938569.001   943569.018
  1025:   943732.003   943738.016   943788.026   943908.005   944359.009
  1030:   944372.005   944377.009   944644.001   944747.003   944967.001
  1035:   949967.018   951122.003   951128.016   951178.026   951239.005
  1040:   951636.009   951641.005   951657.009   951672.005   951697.009
  1045:   951698.005   951707.009   951714.005   951725.009   952242.001
  1050:   957242.018   958219.003   958225.016   958275.026   958349.005
  1055:   959233.009   959236.005   959567.009   960082.001   965082.018
  1060:   966087.003   966093.016   966143.026   966249.005   967046.009
  1065:   967788.001   972788.018   974565.003   974571.016   974621.026
  1070:   974709.005   975038.009   975765.001   980765.018   981829.003
  1075:   981835.016   981874.001   981885.026   981974.003   982052.005
  1080:   982695.009   982706.005   982728.009   983353.001   988353.018
  1085:   989532.003   989538.016   989588.026   989682.005   989970.009
  1090:   989991.005   990011.009   990229.001   995021.003   995028.001
  1095:   995618.003   995879.001   995984.003   996751.001   998190.003
  1100:   998214.001  1003214.018  1003260.003  1003266.016  1003316.026
  1105:  1003409.005  1003806.009  1004026.001  1009026.018  1010584.003
  1110:  1010590.016  1010640.026  1010734.005  1011555.009  1012820.001
  1115:  1013805.003  1013829.001  1018578.003  1018723.005  1018817.009
  1120:  1019106.001  1021043.003  1021485.001  1021540.003  1021578.001
  1125:  1021647.003  1021718.001  1021779.003  1022276.001  1022341.003
  1130:  1022359.001  1022433.003  1022457.001  1023029.003  1023037.001
  1135:  1028037.018  1028690.003  1028696.016  1028746.026  1028827.005
  1140:  1029305.009  1029695.001  1034695.018  1037686.003  1037692.016
  1145:  1037742.026  1037838.005  1038354.009  1039038.001  1044038.018
  1150:  1045366.003  1045372.016  1045422.026  1045470.005  1045984.009
  1155:  1046009.005  1046022.009  1046923.001  1051923.018  1053240.003
  1160:  1053246.016  1053296.026  1053347.005  1053871.009  1053952.005
  1165:  1053960.009  1053967.005  1054185.009  1054203.005  1054224.009
  1170:  1067344.005  1067369.009  1068662.001  1069199.003  1075394.005
  1175:  1075846.009  1079871.001  1084871.018  1085874.003  1085880.016
  1180:  1085930.026  1086020.005  1086458.009  1086749.001  1086977.003
  1185:  1087020.001  1091882.003  1092193.001  1092269.003  1092342.001
  1190:  1092419.003  1092643.001  1097643.018  1098042.003  1098048.016
  1195:  1098098.026  1098156.005  1098887.009  1098915.005  1098965.009
  1200:  1099043.005  1099145.009  1100119.001  1104712.003  1105453.001
  1205:  1107390.003  1107405.001  1111956.003  1112587.001  1114949.003
  1210:  1115022.001  1115865.003  1116319.005  1116490.009  1125376.005
  1215:  1125479.009  1125523.005  1125955.009  1126077.005  1126127.009
  1220:  1127087.001  1132087.018  1134205.003  1134211.016  1134261.026
  1225:  1134319.005  1134672.009  1135388.001  1135695.003  1135759.001
  1230:  1137170.003  1137182.001  1142182.018  1142777.003  1142783.016
  1235:  1142833.026  1142901.005  1143464.009  1143483.005  1143622.009
  1240:  1144273.001  1149273.018  1150588.003  1150594.016  1150644.026
  1245:  1150727.005  1151190.009  1151196.005  1151315.009  1151321.005
  1250:  1151343.009  1152682.001  1157682.018  1158633.003  1158639.016
  1255:  1158689.026  1158749.005  1159234.009  1159238.005  1159316.009
  1260:  1159345.005  1159368.009  1159581.005  1159671.009  1159722.005
  1265:  1159730.009  1159736.005  1159744.009  1160458.001  1165458.018
  1270:  1166178.003  1166184.016  1166234.026  1166310.005  1166751.009
  1275:  1166752.005  1166784.009  1166872.005  1166997.009  1167007.005
  1280:  1167178.009  1167188.005  1167192.009  1167771.001  1167855.003
  1285:  1167880.001  1172880.018  1173369.003  1173375.016  1173425.026
  1290:  1173519.005  1173935.009  1173974.005  1174071.009  1175572.001
  1295:  1176837.003  1177122.001  1177282.003  1177300.001  1182300.018
  1300:  1182872.003  1182878.016  1182928.026  1183007.005  1183456.009
  1305:  1183469.005  1183522.009  1183538.005  1183721.009  1183738.005
  1310:  1183764.009  1184264.001  1184407.003  1184443.001  1189443.018
  1315:  1190610.003  1190616.016  1190666.026  1190777.005  1191171.009
  1320:  1191227.005  1191236.009  1191667.001  1196667.018  1197868.003
  1325:  1197874.016  1197924.026  1197967.005  1198371.009  1198395.005
  1330:  1198441.009  1198447.005  1198681.009  1199323.001  1204323.018
  1335:  1205841.003  1205847.016  1205897.026  1205969.005  1206291.009
  1340:  1206317.005  1206326.009  1206579.001  1211579.018  1213294.003
  1345:  1213300.016  1213350.026  1213465.005  1214273.009  1214801.001
  1350:  1219801.018  1220536.003  1220542.016  1220592.026  1220649.005
  1355:  1220992.009  1220993.005  1221037.009  1221053.005  1221085.009
  1360:  1222126.001  1222855.003  1222966.001  1227739.003  1228028.005
  1365:  1228039.009  1228041.005  1228183.009  1228200.005  1228229.009
  1370:  1228247.005  1228271.009  1228597.001  1233597.018  1235473.003
  1375:  1235479.016  1235529.026  1235670.005  1236568.009  1238404.001
  1380:  1238770.003  1239713.001  1239807.003  1252450.001  1257450.018
  1385:  1258723.003  1258729.016  1258779.026  1258827.005  1259243.009
  1390:  1259678.001  1260285.003  1260308.001  1260707.003  1260729.001
  1395:  1263060.003  1263076.001  1266284.003  1266759.001  1266866.003
  1400:  1267023.001  1272023.018  1272616.003  1272622.016  1272672.026
  1405:  1272748.005  1273161.009  1275635.001  1275986.003  1276253.001
  1410:  1276325.003  1276328.001  1276909.003  1276934.001  1281934.018
  1415:  1282057.003  1282063.016  1282113.026  1282200.005  1282703.009
  1420:  1297500.005  1297531.009  1298135.001  1298182.003  1298496.001
  1425:  1303496.018  1305189.003  1305195.016  1305245.026  1305322.005
  1430:  1305882.009  1305900.005  1305988.009  1307199.001  1312196.003
  1435:  1312571.001  1316765.003  1317173.001  1318441.003  1350440.001
  1440:  1352208.003  1352243.001  1352908.003  1352960.001  1352998.003
  1445:  1353052.001  1354894.003  1355565.001  1360001.003  1361192.001
  1450:  1361383.003  1361473.001  1361950.003  1386350.005  1386353.009
  1455:  1386398.005  1386417.009  1386432.005  1386440.009  1386462.005
  1460:  1386471.009  1386951.001  1387021.003  1387161.001  1390519.003
  1465:  1437031.005  1437382.009  1489604.005  1489611.009  1489771.005
  1470:  1489864.009  1490256.001  1490448.003  1490823.001  1490971.003
  1475:  1491255.001  1491340.003
B:
     0:        0.000      324.000        0.000      324.000        0.000
     5:      241.000        0.000        0.000        0.000      241.000
    10:        0.000        1.000        0.000        1.000        0.000
    15:        0.000      115.000        0.000      115.000        0.000
    20:        0.000        0.000        0.000        0.000        0.000
    25:        0.000      115.000        0.000        0.000        0.000
    30:        0.000
D:
     0:  3216781.000  3216697.000  3216782.000
E:
     0:     5000.000     5000.000
T:
     0:        0.000        0.000        0.000        0.000
W:
     0:        0.000        0.000        0.000
