File: C:\MED-PC IV\Data\Reyes\BB\BB3112.999


Start Date: 07/27/25
End Date: 07/27/25
Subject: 112
Experiment: BB
Group: NO_TIMEOUT_RET
Box: 2
Start Time: 16:21:36
End Time: 17:11:36
MSN: DRRD_lin
C:       0.000
F:       0.000
G:       0.000
H:       0.000
I:       0.000
J:       0.000
K:    9200.000
L:       0.000
M:       0.000
N:       0.000
O:       0.000
P:       0.000
Q:       0.000
R:       0.000
S:       0.000
U:   72792.000
V:       0.000
X:       0.000
Y:     468.000
Z:       0.000
A:
     0:    72724.005      300.009      338.005      346.009      539.005
     5:      543.009      567.005      574.009    14417.005    14579.009
    10:    15000.013    15000.011    15674.001    15758.003    15786.001
    15:    15928.003    16005.005    16385.009    17017.001    17691.003
    20:    17778.001    17944.003    18382.005    18456.009    75371.005
    25:    75384.009    76365.001    77246.003    79322.005    79354.009
    30:    79372.005    79787.009    79794.005    80006.009    80039.005
    35:    80170.009    81020.001    82756.003    82885.001    85437.003
    40:    86728.001    88066.003    88872.001    89779.003    90611.005
    45:    90740.009    91173.001    93875.003    93974.001    95495.003
    50:    98439.005    98637.009    99965.005   100003.009   100155.005
    55:   100207.009   100484.001   105084.018   105508.003   105514.016
    60:   105564.026   105631.005   106959.009   106961.005   107530.009
    65:   108236.005   108332.009   108404.005   108409.009   108417.005
    70:   108424.009   108442.005   108547.009   109277.001   110422.003
    75:   110586.001   111257.003   114428.005   114520.009   114858.001
    80:   115118.003   115147.001   118481.003   122545.005   123220.009
    85:   123223.005   123232.009   126444.005   126471.009   126500.005
    90:   126607.009   127023.001   129280.003   129319.001   129366.003
    95:   129415.001   130876.003   133937.005   134350.009   134414.005
   100:   134459.009   134584.005   134594.009   134600.005   134657.009
   105:   136181.005   136203.009   136687.001   138785.003   138860.001
   110:   139561.003   141031.005   141057.009   141124.005   141251.009
   115:   141265.005   141523.009   142152.001   146195.003   151865.005
   120:   151885.009   152059.005   152099.009   154613.001   154983.003
   125:   155005.001   159137.003   166030.001   167432.003   169046.005
   130:   169855.009   170409.001   170855.003   171072.001   175525.003
   135:   181869.001   182014.003   182026.001   186128.003   198651.005
   140:   198668.009   198677.005   198852.009   198901.005   198938.009
   145:   198939.005   198945.009   198979.005   198993.009   199842.001
   150:   204281.003   209907.001   214356.003   218364.005   218483.009
   155:   223488.001   226824.003   226914.001   227174.003   227329.001
   160:   227896.003   230447.005   230752.009   231898.005   231916.009
   165:   231998.005   232084.009   232104.005   232126.009   233394.001
   170:   235311.003   239825.001   244425.018   245990.003   245996.016
   175:   246046.026   246099.005   246663.009   246723.005   246751.009
   180:   246759.005   246795.009   246889.005   246896.009   246914.005
   185:   246928.009   246979.005   246993.009   247028.005   247033.009
   190:   247101.005   247106.009   247131.005   247138.009   247241.005
   195:   247246.009   247250.005   247255.009   247789.005   247797.009
   200:   247815.005   247823.009   247838.005   247870.009   247874.005
   205:   248121.009   249426.005   249478.009   249511.005   249518.009
   210:   249598.005   249621.009   250844.001   253628.003   257747.005
   215:   257896.009   258242.005   258292.009   258367.005   258528.009
   220:   258536.005   258547.009   259192.001   260230.003   260619.001
   225:   261542.003   261851.001   262219.003   264127.001   264259.003
   230:   264282.001   268882.018   268901.003   268907.016   268957.026
   235:   269090.005   269549.009   269556.005   269560.009   269562.005
   240:   270016.009   270157.005   270887.009   270995.005   271030.009
   245:   271079.005   271098.009   271170.005   271209.009   271223.005
   250:   271282.009   271778.005   271825.009   272817.001   277417.018
   255:   278003.003   278009.016   278059.026   278202.005   278763.009
   260:   278788.005   278889.009   278898.005   278905.009   278983.005
   265:   278993.009   279623.005   279629.009   279640.005   279830.009
   270:   279841.005   279856.009   285782.005   286032.009   286034.005
   275:   286086.009   286641.001   290897.003   292194.005   292201.009
   280:   292238.005   292297.009   292305.005   292389.009   292909.001
   285:   297509.018   298642.003   298648.016   298698.026   298789.005
   290:   298791.009   298797.005   299197.009   299201.005   299335.009
   295:   299501.005   299510.009   299568.005   299800.009   299926.005
   300:   300081.009   300130.005   300170.009   300264.005   300324.009
   305:   301648.005   301696.009   301823.005   301978.009   302024.005
   310:   302029.009   302568.001   303714.003   303792.001   305205.003
   315:   307129.005   307141.009   307408.005   307469.009   307537.005
   320:   307880.009   307888.005   307895.009   311690.001   312129.003
   325:   313154.005   314499.009   315300.001   318927.003   321300.005
   330:   321331.009   321339.005   321493.009   324089.001   328454.003
   335:   332394.001   336994.018   337656.003   337662.016   337712.026
   340:   337811.005   338685.009   338889.005   338958.009   339014.005
   345:   339051.009   339053.005   339234.009   339288.005   339393.009
   350:   339396.005   339463.009   339486.005   339513.009   339525.005
   355:   339544.009   342569.001   345075.003   349309.005   349504.009
   360:   349994.005   350138.009   350219.005   350317.009   352845.001
   365:   356188.003   361427.001   364821.003   365207.005   365321.009
   370:   365352.005   365366.009   365374.005   365414.009   365580.005
   375:   365592.009   366349.001   367123.003   370633.005   370979.009
   380:   371056.005   371076.009   371674.005   371682.009   376356.005
   385:   376426.009   376476.005   376500.009   389090.005   389471.009
   390:   419249.005   419497.009   419503.005   419511.009   419516.005
   395:   419539.009   419548.005   419564.009   419572.005   419579.009
   400:   420447.001   424015.003   427752.005   427890.009   427982.005
   405:   428921.009   429682.001   434202.003   434421.005   434671.009
   410:   434704.005   434716.009   434730.005   434737.009   434758.005
   415:   434776.009   444965.005   444978.009   444981.005   445093.009
   420:   445185.005   445357.009   445399.005   445447.009   445473.005
   425:   445596.009   445746.005   445773.009   446860.001   450847.003
   430:   463800.001   467225.003   539893.005   539903.009   644380.001
   435:   645112.003   765989.005   766029.009   766034.005   766135.009
   440:   856849.001   857064.003   895683.001   896112.003   900128.001
   445:   900792.003   933348.001   934792.003   935899.001   936696.003
   450:   939448.005   939460.009   939986.001   940664.003  1177033.001
   455:  1177680.003  1247470.001  1248295.003  1313866.005  1313891.009
   460:  1313914.005  1314578.009  1365292.001  1366147.003  1417145.001
   465:  1418260.003  1453822.001  1453962.003
B:
     0:        0.000       71.000        0.000       71.000        0.000
     5:      153.000        0.000        0.000        0.000      153.000
    10:        0.000        1.000        0.000        1.000        0.000
    15:        0.000        6.000        0.000        6.000        0.000
    20:        0.000        0.000        0.000        0.000        0.000
    25:        0.000        6.000        0.000        0.000        0.000
    30:        0.000
D:
     0:  1526753.000  1526614.000  1526754.000
E:
     0:     4600.000     4600.000
T:
     0:        0.000        0.000        0.000        0.000
W:
     0:        0.000        0.000        0.000
