File: C:\MED-PC IV\Data\Reyes\BB\BB4113.999


Start Date: 07/29/25
End Date: 07/29/25
Subject: 113
Experiment: BB
Group: NO_TIMEOUT
Box: 3
Start Time: 15:57:46
End Time: 16:47:46
MSN: DRRD_lin
C:       0.000
F:       0.000
G:       0.000
H:       0.000
I:       0.000
J:       0.000
K:   10000.000
L:       0.000
M:       0.000
N:       0.000
O:       0.000
P:       0.000
Q:       0.000
R:       0.000
S:       0.000
U:    1910.000
V:       0.000
X:       0.000
Y:    1687.000
Z:       0.000
A:
     0:     1228.005     1273.009     1274.005     1334.009     1466.005
     5:     1509.009     1552.005     1567.009     1581.005     1670.009
    10:    10723.005    10739.009    10753.005    10839.009    10988.005
    15:    11201.009    15000.013    15000.011    15766.001    15996.003
    20:    16029.001    16152.003    16243.001    16277.003    16299.001
    25:    16936.003    17068.001    17085.003    17237.001    17731.003
    30:    17845.001    17910.003    18174.001    18236.003    18321.001
    35:    18870.003    18921.001    18963.003    19194.001    19320.003
    40:    19467.001    19495.003    19594.001    19838.003    19848.001
    45:    20157.003    20238.001    20334.003    20365.001    20447.003
    50:    20573.001    21495.003    21548.001    21839.003    22196.001
    55:    22593.003    22614.001    22759.003    22855.005    22932.009
    60:    23034.005    23185.009    23232.005    23249.009    23582.001
    65:    23676.003    23695.001    23820.003    23848.001    23902.003
    70:    23974.001    24017.003    24033.001    27090.003    27403.001
    75:    27699.003    27716.001    28144.003    28367.001    28417.003
    80:    28440.001    28493.003    28494.001    32273.003    32858.001
    85:    32989.003    33009.001    33238.003    33502.001    33913.003
    90:    35424.005    35431.009    35511.005    35538.009    36009.001
    95:    36217.003    36224.001    36331.003    36357.001    36965.003
   100:    36982.001    41169.003    41383.005    41399.009    41661.001
   105:    44053.003    44707.001    44992.003    45094.001    45215.003
   110:    45312.001    45396.003    45414.001    45607.003    46059.001
   115:    46085.003    46104.001    47320.003    48023.001    48200.003
   120:    48216.001    48350.003    48374.001    51420.003    52016.001
   125:    52153.003    52176.001    52280.003    53776.005    53791.009
   130:    53896.005    54496.009    55031.001    55223.003    55240.001
   135:    60240.018    60412.003    60418.016    60450.001    60468.026
   140:    60553.003    60677.005    61199.009    61424.001    62233.003
   145:    62269.001    67269.018    68472.003    68478.016    68528.026
   150:    68670.005    69373.009    69731.001    70679.003    70691.001
   155:    70772.003    71336.001    72325.003    72369.001    77369.018
   160:    77933.003    77939.016    77989.026    78085.005    78349.009
   165:    78598.001    79918.003    79974.001    80250.003    80268.001
   170:    80414.003    80429.001    84656.003    85353.001    88218.003
   175:    88573.001    93573.018    93681.003    93687.016    93737.026
   180:    93865.005    94342.009    94542.001    94786.003    94837.001
   185:    94963.003    95007.001   100007.018   100271.003   100277.016
   190:   100327.026   100450.005   100990.009   100993.005   101000.009
   195:   101429.001   103238.003   103274.001   103420.003   103444.001
   200:   107512.003   107638.005   107907.009   108201.001   113201.018
   205:   113376.003   113382.016   113432.026   113503.005   113742.009
   210:   113907.005   113938.009   114295.001   118915.003   119450.001
   215:   124450.018   126354.003   126360.016   126410.026   126566.005
   220:   126969.009   127367.001   127601.003   127666.001   132666.018
   225:   135007.003   135013.016   135063.026   135223.005   135733.009
   230:   135741.005   135749.009   136099.001   141099.018   144493.003
   235:   144499.016   144549.026   144660.005   144923.009   144963.005
   240:   144977.009   145167.001   150167.018   152289.003   152295.016
   245:   152345.026   152440.005   152868.009   153079.001   153210.003
   250:   154109.001   155239.003   155270.001   155554.003   155585.001
   255:   160467.003   160633.005   160645.009   160662.005   160808.009
   260:   161008.001   161040.003   161092.001   161197.003   161219.001
   265:   162270.003   162359.001   162402.003   162496.001   162733.003
   270:   162745.001   167745.018   168226.003   168232.016   168282.026
   275:   168468.005   168865.009   169089.001   169191.003   169353.001
   280:   170045.003   170227.001   170317.003   170358.001   174409.003
   285:   174443.001   177331.003   177975.001   178058.003   178063.001
   290:   178295.003   178322.001   179040.003   179055.001   184055.018
   295:   184096.003   184102.016   184152.026   184235.005   184655.009
   300:   184904.001   189904.018   190501.003   190507.016   190557.026
   305:   190655.005   191327.009   197642.001   197660.003   197670.001
   310:   197902.003   197906.001   197996.003   198124.001   198193.003
   315:   198252.001   203252.018   205856.003   205862.016   205912.026
   320:   206041.005   206361.009   206662.001   206895.003   207121.005
   325:   207297.009   207532.001   212532.018   213239.003   213245.016
   330:   213295.026   213421.005   213701.009   214015.001   214803.003
   335:   214827.001   215050.003   215077.001   219838.003   220080.001
   340:   220618.003   220646.001   220733.003   220759.001   220872.003
   345:   221046.001   221139.003   221894.001   222064.003   222084.001
   350:   222745.003   222749.001   224716.003   224732.001   225387.003
   355:   225507.001   226032.003   226089.001   226174.003   226814.001
   360:   226916.003   226951.001   226978.003   227020.001   227212.003
   365:   227219.001   232219.018   233063.003   233069.016   233119.026
   370:   233182.005   233673.009   234911.001   235148.003   235170.001
   375:   235334.003   235355.001   237996.003   238511.001   238622.003
   380:   238639.001   243426.003   243519.005   243718.009   245901.001
   385:   246237.003   246260.001   246329.003   246365.001   246916.003
   390:   246935.001   251935.018   252189.003   252195.016   252245.026
   395:   252339.005   252740.009   253048.001   254249.003   254262.001
   400:   254414.003   254439.001   259439.018   261641.003   261647.016
   405:   261697.026   261879.005   262371.009   262382.005   262420.009
   410:   262526.005   262585.009   263310.001   264718.003   264740.001
   415:   269740.018   269759.003   269765.016   269815.026   269939.005
   420:   270205.009   270223.005   270243.009   270511.001   270671.003
   425:   270693.001   275693.018   279569.003   279575.016   279625.026
   430:   279694.005   280318.009   281275.001   286275.018   287931.003
   435:   287937.016   287987.026   288122.005   288418.009   290485.001
   440:   291221.003   291228.001   296228.018   298175.003   298181.016
   445:   298231.026   298316.005   298840.009   298852.005   298948.009
   450:   298956.005   298971.009   298980.005   299042.009   299772.001
   455:   303917.003   303968.001   304041.003   304063.001   304169.003
   460:   304185.001   307300.003   307415.005   307514.009   307794.001
   465:   308734.003   308753.001   308909.003   308924.001   309032.003
   470:   309044.001   309245.003   309376.001   309507.003   309530.001
   475:   309634.003   309658.001   314658.018   316005.003   316011.016
   480:   316061.026   316123.005   316630.009   316915.001   321915.018
   485:   324339.003   324345.016   324395.026   324494.005   324808.009
   490:   325117.001   327052.003   327061.001   332061.018   332556.003
   495:   332562.016   332612.026   332741.005   332780.009   332792.005
   500:   333607.009   334201.001   335076.003   335114.001   340114.018
   505:   340793.003   340799.016   340849.026   340985.005   341702.009
   510:   341717.005   341778.009   341791.005   341822.009   342535.001
   515:   343309.003   343365.001   343710.003   343741.001   348128.003
   520:   348312.001   350787.003   351794.001   352074.003   352087.001
   525:   352816.003   352830.001   353390.003   353410.001   358196.003
   530:   359044.001   364044.018   368597.003   368603.016   368653.026
   535:   368691.005   369357.009   370344.001   370713.003   370732.001
   540:   371667.003   371677.001   376350.003   376520.005   376793.009
   545:   377014.001   377136.003   377301.001   377416.003   391519.005
   550:   391559.009   391622.005   391628.009   392194.001   392229.003
   555:   392305.001   397305.018   397491.003   397497.016   397547.026
   560:   397649.005   398197.009   398944.001   400057.003   400066.001
   565:   400960.003   400965.001   405967.018   406349.003   406355.016
   570:   406405.026   406485.005   406826.009   407062.001   408564.003
   575:   408577.001   413040.003   413200.005   413278.009   413477.001
   580:   414387.003   414594.001   415396.003   415436.001   416031.003
   585:   416032.001   421038.018   421124.003   421130.016   421180.026
   590:   421286.005   421750.009   421753.005   421799.009   422250.001
   595:   422452.003   422475.001   422631.003   422727.001   427727.018
   600:   428495.003   428501.016   428551.026   428693.005   429004.009
   605:   429020.005   429047.009   429295.001   434295.018   436298.003
   610:   436304.016   436354.026   436404.005   436846.009   436873.005
   615:   436888.009   436921.005   436949.009   436972.005   437097.009
   620:   437453.001   438774.003   438784.001   443784.018   443839.003
   625:   443845.016   443895.026   443968.005   444339.009   444360.005
   630:   444370.009   444635.001   449635.018   449834.003   449840.016
   635:   449890.026   450065.005   450547.009   450573.005   450713.009
   640:   451362.001   456362.018   456683.003   456689.016   456739.026
   645:   456835.005   457332.009   457336.005   457364.009   457817.001
   650:   458594.003   458727.001   458773.003   458821.001   463290.003
   655:   463615.001   463724.003   464811.001   465231.003   465257.001
   660:   470257.018   470603.003   470609.016   470659.026   470755.005
   665:   471213.009   471229.005   471289.009   471583.001   476583.018
   670:   477929.003   477935.016   477985.026   478102.005   478473.009
   675:   478710.001   483710.018   484225.003   484231.016   484281.026
   680:   484412.005   484702.009   485061.001   486920.003   486940.001
   685:   490331.003   491304.001   491630.003   491791.001   495773.003
   690:   505585.005   505660.009   506405.001   507884.003   507930.001
   695:   508018.003   508035.001   512881.003   513115.001   513256.003
   700:   513312.001   513490.003   513552.001   517361.003   517483.005
   705:   517590.009   517792.001   522792.018   523647.003   523653.016
   710:   523703.026   523798.005   524096.009   524103.005   524115.009
   715:   524357.001   529357.018   531562.003   531568.016   531618.026
   720:   531726.005   532232.009   532606.001   533712.003   533720.001
   725:   538301.003   539269.001   540030.003   540041.001   545041.018
   730:   545284.003   545290.016   545340.026   545427.005   546094.009
   735:   546929.001   551929.018   552362.003   552368.016   552418.026
   740:   552471.005   553575.009   553954.001   558954.018   559790.003
   745:   559796.016   559846.026   559968.005   560512.009   560520.005
   750:   560586.009   561180.001   561906.003   561916.001   561940.003
   755:   562005.001   563405.003   563419.001   567096.003   567269.001
   760:   568119.003   568780.001   569460.003   569546.001   569594.003
   765:   583986.001   584198.003   584401.001   589401.018   590082.003
   770:   590088.016   590138.026   590263.005   590740.009   591018.001
   775:   596018.018   597630.003   597636.016   597686.026   597818.005
   780:   598292.009   598321.005   598336.009   598914.001   599942.003
   785:   599962.001   604962.018   605081.003   605087.016   605137.026
   790:   605239.005   605660.009   606294.001   606951.003   607552.001
   795:   612552.018   612661.003   612667.016   612717.026   612840.005
   800:   613151.009   613180.005   613191.009   613194.005   613212.009
   805:   613794.001   618794.018   620090.003   620096.016   620146.026
   810:   620248.005   620771.009   620799.005   620849.009   621309.001
   815:   625900.003   626483.001   630227.003   630644.001   635437.003
   820:   643086.001   643629.003   643753.001   643847.003   643868.001
   825:   647810.003   648162.001   648262.003   648287.001   653287.018
   830:   653516.003   653522.016   653572.026   653610.005   654116.009
   835:   654151.005   654195.009   654431.001   659431.018   661057.003
   840:   661063.016   661113.026   661234.005   661565.009   661866.001
   845:   666866.018   667837.003   667843.016   667893.026   668053.005
   850:   669022.009   670015.001   674316.003   674673.001   674734.003
   855:   674858.001   675823.003   675836.001   679494.003   679809.005
   860:   679904.009   680264.001   685264.018   685552.003   685558.016
   865:   685608.026   685733.005   686194.009   686208.005   686250.009
   870:   686275.005   686479.009   686886.001   691463.003   691881.001
   875:   696881.018   697265.003   697271.016   697321.026   697396.005
   880:   697887.009   697909.005   697951.009   698585.001   699297.003
   885:   699310.001   704009.003   704955.001   705483.003   705992.001
   890:   706053.003   706082.001   706144.003   706175.001   711115.003
   895:   711315.005   711418.009   718081.005   718244.009   718987.001
   900:   723987.018   724279.003   724285.016   724335.026   724406.005
   905:   725031.009   725416.001   730416.018   731700.003   731706.016
   910:   731756.026   731884.005   732446.009   733187.001   733308.003
   915:   733330.001   734335.003   734351.001   737956.003   738092.005
   920:   738117.009   738406.001   743406.018   745341.003   745347.016
   925:   745397.026   745488.005   745802.009   745834.005   745859.009
   930:   746094.001   747670.003   747683.001   752683.018   753952.003
   935:   753958.016   754008.026   754104.005   755312.009   755347.005
   940:   755359.009   755366.005   755388.009   755986.001   760986.018
   945:   761961.003   761967.016   762017.026   762117.005   762602.009
   950:   762616.005   762979.009   763417.001   768417.018   769439.003
   955:   769445.016   769495.026   769606.005   769942.009   769946.005
   960:   769953.009   770274.001   775274.018   775711.003   775717.016
   965:   775767.026   775842.005   776331.009   776370.005   776498.009
   970:   776524.005   776623.009   777423.001   779115.003   779127.001
   975:   782085.003   783489.001   783998.003   784008.001   784067.003
   980:   784078.001   786505.003   799734.001   804734.018   805330.003
   985:   805336.016   805386.026   805488.005   805811.009   805857.005
   990:   805903.009   806188.001   806351.003   806374.001   806465.003
   995:   806496.001   811496.018   812450.003   812456.016   812506.026
  1000:   812590.005   813000.009   813002.005   813050.009   814627.001
  1005:   819627.018   820344.003   820350.016   820400.026   820547.005
  1010:   821243.009   821286.005   821316.009   821400.005   821412.009
  1015:   821854.001   826854.018   828241.003   828247.016   828297.026
  1020:   828383.005   829139.009   829746.001   829839.003   829867.001
  1025:   830534.003   830554.001   835554.018   836841.003   836847.016
  1030:   836897.026   836947.005   837393.009   837400.005   837452.009
  1035:   837485.005   837505.009   837557.005   837650.009   837693.005
  1040:   837826.009   838478.001   843478.018   844645.003   844651.016
  1045:   844701.026   844804.005   845284.009   845624.001   850624.018
  1050:   851365.003   851371.016   851421.026   851488.005   851888.009
  1055:   851920.005   851935.009   852422.001   854566.003   854588.001
  1060:   857777.003   857922.005   858005.009   858225.001   863225.018
  1065:   865396.003   865402.016   865452.026   865540.005   866153.009
  1070:   866467.001   866686.003   866717.001   866787.003   866930.001
  1075:   866996.003   867028.001   867371.003   867593.001   867731.003
  1080:   867798.001   868394.003   868436.001   873050.003   873189.005
  1085:   873230.009   873479.001   874133.003   874146.001   878967.003
  1090:   879931.001   884243.003   885239.001   886007.003   886298.001
  1095:   886394.003   886417.001   886512.003   886553.001   886600.003
  1100:   886654.001   890019.003   890552.001   890749.003   897066.005
  1105:   897298.009   897300.005   897615.009   898261.001   898630.003
  1110:   898656.001   903125.003   903436.001   903530.003   903543.001
  1115:   907980.003   908425.001   908717.003   908731.001   913729.003
  1120:   914516.001   914640.003   919248.005   919293.009   919298.005
  1125:   919335.009   919417.005   919497.009   920896.001   925896.018
  1130:   926524.003   926530.016   926580.026   926703.005   927240.009
  1135:   927251.005   927337.009   927627.001   928526.003   928538.001
  1140:   931241.003   931300.001   935971.003   936591.001   940830.003
  1145:   941214.001   941739.003   942459.005   942591.009   943284.001
  1150:   948284.018   948751.003   948757.016   948807.026   948915.005
  1155:   949273.009   949274.005   949334.009   949335.005   949747.009
  1160:   950083.001   955083.018   956998.003   957004.016   957054.026
  1165:   957170.005   958446.009   959130.001   963670.003   964016.001
  1170:   964057.003   964090.001   969090.018   969895.003   969901.016
  1175:   969951.026   970061.005   970795.009   971418.001   976418.018
  1180:   977952.003   977958.016   978008.026   978108.005   979046.009
  1185:   979050.005   979065.009   980324.001   980407.003   981274.001
  1190:   986274.018   986753.003   986759.016   986809.026   986882.005
  1195:   987613.009   987622.005   987831.009   988472.001   992982.003
  1200:   993120.005   993257.009   993519.001   993735.003   993875.001
  1205:   998875.018   999724.003   999730.016   999780.026   999858.005
  1210:  1000832.009  1000849.005  1000951.009  1001474.001  1006474.018
  1215:  1008278.003  1008284.016  1008334.026  1008399.005  1009061.009
  1220:  1009065.005  1009073.009  1010349.001  1010422.003  1010444.001
  1225:  1015444.018  1015767.003  1015773.016  1015823.026  1015961.005
  1230:  1016307.009  1016331.005  1016338.009  1016350.005  1016370.009
  1235:  1016384.005  1016452.009  1016479.005  1016489.009  1016978.001
  1240:  1018482.003  1018489.001  1022350.003  1022572.005  1022642.009
  1245:  1022891.001  1023484.003  1023507.001  1028432.003  1028966.001
  1250:  1029251.003  1029636.001  1030021.003  1030053.001  1035053.018
  1255:  1035584.003  1035590.016  1035640.026  1035719.005  1036673.009
  1260:  1037279.001  1042279.018  1042844.003  1042850.016  1042900.026
  1265:  1042996.005  1043463.009  1043489.005  1043505.009  1043524.005
  1270:  1043578.009  1044625.001  1049625.018  1049832.003  1049838.016
  1275:  1049888.026  1050004.005  1050573.009  1050699.005  1051057.009
  1280:  1051198.005  1051223.009  1051702.001  1056702.018  1057342.003
  1285:  1057348.016  1057398.026  1057468.005  1058676.009  1059364.001
  1290:  1060117.003  1060134.001  1064801.003  1065309.001  1066372.003
  1295:  1066380.001  1071025.003  1071897.001  1072056.003  1081549.005
  1300:  1081584.009  1081606.005  1081828.009  1082727.001  1087727.018
  1305:  1088786.003  1088792.016  1088842.026  1088958.005  1089333.009
  1310:  1089443.005  1089467.009  1089837.001  1093081.003  1093121.001
  1315:  1097390.003  1097755.001  1100122.003  1100154.001  1103432.003
  1320:  1104188.001  1104418.003  1104428.001  1109428.018  1109654.003
  1325:  1109660.016  1109710.026  1109841.005  1110139.009  1110156.005
  1330:  1110176.009  1110441.001  1115441.018  1117317.003  1117323.016
  1335:  1117373.026  1117459.005  1118155.009  1119073.001  1119610.003
  1340:  1119640.001  1119862.003  1119904.001  1124904.018  1125633.003
  1345:  1125639.016  1125689.026  1125765.005  1126190.009  1126210.005
  1350:  1126536.009  1127087.001  1132087.018  1133059.003  1133065.016
  1355:  1133115.026  1133206.005  1133708.009  1133736.005  1133856.009
  1360:  1134353.001  1139353.018  1140836.003  1140842.016  1140892.026
  1365:  1140940.005  1141353.009  1141357.005  1141364.009  1141368.005
  1370:  1141398.009  1141486.005  1141520.009  1142440.001  1147415.003
  1375:  1148018.001  1148414.003  1148439.001  1149212.003  1149235.001
  1380:  1154235.018  1154936.003  1154942.016  1154992.026  1155061.005
  1385:  1156135.009  1156154.005  1156203.009  1156837.001  1161837.018
  1390:  1164242.003  1164248.016  1164298.026  1164400.005  1164910.009
  1395:  1164932.005  1164971.009  1165028.005  1165097.009  1165115.005
  1400:  1165125.009  1165703.001  1165969.003  1165983.001  1166234.003
  1405:  1166252.001  1166310.003  1166330.001  1166422.003  1166437.001
  1410:  1170930.003  1172496.001  1177496.018  1178541.003  1178547.016
  1415:  1178597.026  1178652.005  1179453.009  1180053.001  1185053.018
  1420:  1187574.003  1187580.016  1187630.026  1187728.005  1188264.009
  1425:  1188293.005  1188417.009  1188419.005  1188590.009  1188593.005
  1430:  1188603.009  1188605.005  1188816.009  1202978.005  1203039.009
  1435:  1209069.001  1209428.003  1209479.001  1209528.003  1209655.001
  1440:  1209734.003  1210454.001  1210718.003  1210751.001  1211934.003
  1445:  1211937.001  1216212.003  1216868.001  1217548.003  1217586.001
  1450:  1217692.003  1217699.001  1217784.003  1217801.001  1222033.003
  1455:  1222452.001  1227452.018  1228782.003  1228788.016  1228838.026
  1460:  1228917.005  1229269.009  1229276.005  1229310.009  1229539.001
  1465:  1233528.003  1233565.001  1238458.003  1238746.001  1242995.003
  1470:  1243945.001  1244152.003  1244191.001  1244289.003  1244313.001
  1475:  1249313.018  1250604.003  1250610.016  1250660.026  1250727.005
  1480:  1250734.009  1250736.005  1251419.009  1251426.005  1251432.009
  1485:  1251450.005  1251621.009  1252225.001  1252293.003  1252337.001
  1490:  1252786.003  1252800.001  1257800.018  1258206.003  1258212.016
  1495:  1258262.026  1258341.005  1258820.009  1258862.005  1258970.009
  1500:  1258980.005  1259423.009  1259944.001  1264902.003  1265905.001
  1505:  1266132.003  1266159.001  1271008.003  1271633.001  1272780.003
  1510:  1272787.001  1273092.003  1277801.005  1278548.009  1278585.005
  1515:  1278607.009  1279200.001  1284200.018  1285323.003  1285329.016
  1520:  1285379.026  1285472.005  1286262.009  1286289.005  1286326.009
  1525:  1286729.001  1291729.018  1292179.003  1292185.016  1292235.026
  1530:  1292328.005  1293063.009  1295567.001  1296884.003  1296898.001
  1535:  1301651.003  1303496.001  1303529.003  1303570.001  1303697.003
  1540:  1303934.001  1304110.003  1304938.001  1305165.003  1305189.001
  1545:  1309969.003  1311141.005  1311150.009  1311151.005  1312171.009
  1550:  1313347.001  1313617.003  1313744.001  1318744.018  1319572.003
  1555:  1319578.016  1319628.026  1319678.005  1320145.009  1320151.005
  1560:  1320466.009  1320738.001  1320792.003  1320809.001  1320949.003
  1565:  1320976.001  1325827.003  1326321.001  1331321.018  1332594.003
  1570:  1332600.016  1332650.026  1332785.005  1333943.009  1333956.005
  1575:  1333970.009  1334020.005  1334087.009  1336125.001  1341125.018
  1580:  1341900.003  1341906.016  1341956.026  1342023.005  1342684.009
  1585:  1343105.001  1348105.018  1348555.003  1348561.016  1348611.026
  1590:  1348741.005  1349139.009  1349175.005  1349215.009  1349974.001
  1595:  1354974.018  1355875.003  1355881.016  1355931.026  1356036.005
  1600:  1357198.009  1357835.001  1362835.018  1363402.003  1363408.016
  1605:  1363458.026  1363530.005  1364583.009  1365176.001  1367125.003
  1610:  1367138.001  1371925.003  1372096.005  1372212.009  1373535.001
  1615:  1378105.003  1379281.001  1379460.003  1379887.001  1384431.003
  1620:  1384710.005  1384865.009  1385128.001  1385460.003  1396232.005
  1625:  1396370.009  1397244.001  1397298.003  1397493.001  1402493.018
  1630:  1403511.003  1403517.016  1403567.026  1403676.005  1404278.009
  1635:  1404313.005  1404325.009  1404357.005  1404370.009  1405180.001
  1640:  1409401.003  1410135.001  1415135.018  1416213.003  1416219.016
  1645:  1416269.026  1416346.005  1417081.009  1426044.005  1426052.009
  1650:  1426058.005  1426112.009  1427409.001  1427702.003  1427768.001
  1655:  1427967.003  1428024.001  1432659.003  1433362.001  1434448.003
  1660:  1434465.001  1435169.003  1435178.001  1437552.003  1439535.001
  1665:  1443188.003  1450583.005  1450720.009  1477638.005  1477765.009
  1670:  1489487.001  1489689.003  1489757.001  1490039.003  1490194.001
  1675:  1490267.003  1490297.001  1492574.003  1493397.001  1496616.003
  1680:  1497118.001  1498076.003  1498732.001  1498755.003  1498779.001
  1685:  1498940.003  1498968.001
B:
     0:        0.000      436.000        0.000      435.000        0.000
     5:      251.000        0.000        0.000        0.000      251.000
    10:        0.000        1.000        0.000        1.000        0.000
    15:        0.000      104.000        0.000      104.000        0.000
    20:        0.000        0.000        0.000        0.000        0.000
    25:        0.000      104.000        0.000        0.000        0.000
    30:        0.000
D:
     0:  1501915.000  1500878.000  1500850.000
E:
     0:     5000.000     5000.000
T:
     0:        0.000        0.000        0.000        0.000
W:
     0:        2.000        0.000        0.000
