File: C:\MED-PC IV\Data\Reyes\BB\BB4114.999


Start Date: 07/30/25
End Date: 07/30/25
Subject: 114
Experiment: BB
Group: TIMEOUT
Box: 4
Start Time: 16:11:47
End Time: 17:01:48
MSN: DRRD_lin
C:       0.000
F:       1.000
G:       0.000
H:       0.000
I:       0.000
J:       0.000
K:   10000.000
L:       0.000
M:       0.000
N:       0.000
O:       0.000
P:       0.000
Q:       0.000
R:       0.000
S:       0.000
U: 2020451.000
V:       0.000
X:       0.000
Y:    1409.000
Z:       0.000
A:
     0:    15000.013    15000.011    16849.005    17019.009    19078.001
     5:    19499.003    19898.001    20110.003    20338.001    20427.003
    10:    20449.001    21163.003    21435.001    21529.003    21852.001
    15:    22416.003    22429.001    22510.003    22579.001    22695.003
    20:    22972.001    23035.003    23063.001    24211.003    24655.005
    25:    24825.009    24854.005    25259.009    26007.001    26045.003
    30:    26079.001    29326.003    29399.001    29459.003    29864.001
    35:    30054.003    30065.001    34010.003    34045.001    34102.003
    40:    34293.001    39293.018    39592.003    39598.016    39648.026
    45:    39754.005    40257.009    41978.001    42118.003    42168.001
    50:    46767.003    47089.001    52013.003    52028.001    52163.003
    55:    52480.001    57480.018    57965.003    57971.016    58021.026
    60:    58128.005    58946.009    59676.001    59903.003    59949.001
    65:    64814.003    64878.001    64919.003    65233.001    70233.018
    70:    71813.003    71819.016    71869.026    71972.005    72344.009
    75:    73277.001    78277.018    80181.003    80187.016    80237.026
    80:    80320.005    80799.009    80819.005    80924.009    82556.001
    85:    87556.018    87716.003    87722.016    87772.026    87844.005
    90:    88468.009    89514.001    93650.003    93711.001    94024.003
    95:    95004.001    95097.003    97447.005    97625.009    98339.001
   100:   103339.018   103529.003   103535.016   103585.026   103685.005
   105:   104091.009   104840.001   109597.003   109750.005   109993.009
   110:   110444.001   114326.003   114385.001   114442.003   114763.001
   115:   119763.018   120670.003   120676.016   120697.001   120726.026
   120:   120737.003   120835.005   121305.009   122026.001   122062.003
   125:   122196.001   127196.018   127546.003   127552.016   127572.001
   130:   127600.003   127602.026   127726.005   128114.009   128938.005
   135:   129142.009   130566.001   135566.018   136674.003   136680.016
   140:   136730.026   136789.005   137413.009   138160.005   138198.009
   145:   138935.001   143935.018   144229.003   144235.016   144285.026
   150:   144393.005   144795.009   146882.001   151761.003   152359.001
   155:   152857.003   153163.001   158163.018   158859.003   158865.016
   160:   158915.026   158990.005   159564.009   160394.001   165201.003
   165:   165556.001   170409.003   170465.001   172473.003   172860.005
   170:   173069.009   174628.001   179628.018   180176.003   180182.016
   175:   180232.026   180383.005   180819.009   182087.001   182197.003
   180:   182223.001   187223.018   188576.003   188582.016   188632.026
   185:   188709.005   189265.009   190440.001   195440.018   196966.003
   190:   196972.016   197022.026   197099.005   198345.009   199640.001
   195:   204640.018   204964.003   204970.016   205020.026   205177.005
   200:   206050.009   207001.001   207071.003   207177.001   207210.003
   205:   207321.001   212321.018   213876.003   213882.016   213932.026
   210:   214028.005   214406.009   214703.005   214924.009   215953.001
   215:   220953.018   221845.003   221851.016   221901.026   221992.005
   220:   222425.009   223477.001   223527.003   224027.001   229027.018
   225:   230083.003   230089.016   230139.026   230259.005   230745.009
   230:   231556.001   231878.003   231922.001   236922.018   238919.003
   235:   238925.016   238975.026   239078.005   240295.009   241279.001
   240:   241340.003   241377.001   246377.018   247946.003   247952.016
   245:   248002.026   248104.005   248581.009   248780.005   248894.009
   250:   249772.001   254772.018   255466.003   255472.016   255522.026
   255:   255537.005   255996.009   256845.001   257196.003   257240.001
   260:   262240.018   263544.003   263550.016   263600.026   263662.005
   265:   264610.009   265554.001   270554.018   272192.003   272198.016
   270:   272248.026   272297.005   273194.009   275002.001   275054.003
   275:   275077.001   280077.018   281864.003   281870.016   281920.026
   280:   281998.005   282390.009   283478.001   288478.018   290493.003
   285:   290499.016   290549.026   290648.005   291325.009   293087.001
   290:   298087.018   298439.003   298445.016   298491.005   298495.026
   295:   299030.009   300131.001   300347.003   300379.001   305379.018
   300:   306293.003   306299.016   306349.026   306517.005   306973.009
   305:   309129.001   314129.018   315366.003   315372.016   315422.026
   310:   315426.001   315450.003   315487.005   315939.009   316815.001
   315:   321815.018   322322.003   322328.016   322378.026   322483.005
   320:   323455.009   324707.001   329707.018   330041.003   330047.016
   325:   330097.026   330191.005   330536.009   331848.001   331933.003
   330:   331987.001   336987.018   337458.003   337464.016   337514.026
   335:   337587.005   338032.009   340113.001   345113.018   345838.003
   340:   345844.016   345894.026   345978.005   346757.009   348255.001
   345:   352245.003   352295.001   357295.018   358223.003   358229.016
   350:   358279.026   358411.005   358814.009   359775.001   359827.003
   355:   359927.001   364927.018   365740.003   365746.016   365796.026
   360:   365892.005   366319.009   368117.001   368160.003   368195.001
   365:   372723.003   372983.001   374188.003   374305.001   374348.003
   370:   374850.001   378366.003   378495.001   381881.003   382027.005
   375:   382306.009   382967.001   383005.003   383177.001   388177.018
   380:   390206.003   390212.016   390262.026   390360.005   390842.009
   385:   391722.001   391879.003   391917.001   392895.003   392924.001
   390:   397206.003   397593.001   402593.018   403781.003   403787.016
   395:   403837.026   403995.005   404726.009   404737.005   404948.009
   400:   405588.001   410588.018   412147.003   412153.016   412203.026
   405:   412233.001   412291.003   412310.005   413005.009   414105.001
   410:   419105.018   419265.003   419271.016   419321.026   419447.005
   415:   419921.009   423929.001   428929.018   429118.003   429124.016
   420:   429174.026   429243.005   429723.009   431048.001   431118.003
   425:   431168.001   436168.018   436914.003   436920.016   436970.026
   430:   437081.005   437473.009   438691.001   443691.018   445852.003
   435:   445858.016   445908.026   445976.005   446522.009   447403.001
   440:   452403.018   453261.003   453267.016   453317.026   453449.005
   445:   453823.009   455171.001   460171.018   460272.003   460278.016
   450:   460328.026   460442.005   460938.009   462199.001   467104.003
   455:   469584.001   474584.018   475829.003   475835.016   475885.026
   460:   475991.005   476443.009   478249.005   478717.009   479032.001
   465:   483475.003   483539.001   483582.003   483975.001   488975.018
   470:   489999.003   490005.016   490055.026   490211.005   490646.009
   475:   491949.001   492111.003   492310.001   497295.003   497490.001
   480:   497912.003   498048.001   498149.003   498247.001   498360.003
   485:   498669.001   503669.018   504313.003   504319.016   504369.026
   490:   504485.005   504916.009   507308.005   507324.009   507326.005
   495:   507430.009   507750.001   512750.018   514300.003   514306.016
   500:   514356.026   514584.005   515655.009   516873.001   521873.018
   505:   522622.003   522628.016   522678.026   522899.005   523329.009
   510:   524394.001   528888.003   529294.001   529531.003   531107.001
   515:   531618.003   531662.001   536662.018   537138.003   537144.016
   520:   537194.026   537311.005   537863.009   539067.001   539181.003
   525:   539719.001   544435.003   544499.001   544591.003   545006.001
   530:   546402.003   546427.001   551427.018   551545.003   551551.016
   535:   551601.026   551698.005   552138.009   553418.001   553438.003
   540:   553558.001   558558.018   559118.003   559124.016   559174.026
   545:   559319.005   559756.009   561236.001   566236.018   567287.003
   550:   567293.016   567343.026   567464.005   568141.009   571155.001
   555:   575983.003   576997.001   577103.003   577178.001   577296.003
   560:   577389.001   578370.003   578578.001   582529.003   583016.001
   565:   583060.003   583115.001   583809.003   584459.001   589459.018
   570:   589608.003   589614.016   589633.001   589664.026   589708.003
   575:   589772.005   590212.009   592592.001   597273.003   598005.001
   580:   598106.003   598995.001   599152.003   599194.001   602568.003
   585:   602574.001   602622.003   602650.001   604005.003   606511.001
   590:   611511.018   611869.003   611875.016   611925.026   612023.005
   595:   612428.009   613981.001   614114.003   614167.001   615389.003
   600:   615418.001   615768.003   615879.001   620625.003   621652.001
   605:   626652.018   627070.003   627076.016   627126.026   627194.005
   610:   627490.009   628644.001   633644.018   634173.003   634179.016
   615:   634229.026   634424.005   634752.009   636155.001   640968.003
   620:   640987.001   641778.003   641838.001   641959.003   642317.001
   625:   642391.003   642447.001   643611.003   643646.001   644621.003
   630:   645448.001   650448.018   650590.003   650596.016   650624.001
   635:   650646.026   650756.003   650839.005   651609.009   654331.001
   640:   654364.003   654440.001   659440.018   660312.003   660318.016
   645:   660368.026   660555.005   660935.009   662130.001   662226.003
   650:   662452.001   667452.018   668611.003   668617.016   668667.026
   655:   668856.005   670174.009   671597.001   676597.018   677712.003
   660:   677718.016   677768.026   677918.005   678655.009   680130.001
   665:   680179.003   680225.001   685225.018   686350.003   686356.016
   670:   686406.026   686438.001   686532.003   686551.005   686919.009
   675:   688721.001   693163.003   693903.001   694988.003   695131.001
   680:   700131.018   701619.003   701625.016   701675.026   701768.005
   685:   702295.009   703694.001   703743.003   704067.001   709067.018
   690:   711510.003   711516.016   711566.026   711714.005   712123.009
   695:   713402.001   715025.003   715136.001   716537.003   716547.001
   700:   721547.018   723287.003   723293.016   723343.026   723469.005
   705:   723875.009   726099.001   731099.018   731865.003   731871.016
   710:   731903.001   731921.026   731987.003   732127.005   732672.009
   715:   733898.001   734205.003   734249.001   739249.018   740103.003
   720:   740109.016   740159.026   740224.005   740860.009   742465.001
   725:   747465.018   748481.003   748487.016   748537.026   748665.005
   730:   749157.009   750561.001   755561.018   755693.003   755699.016
   735:   755749.026   755845.005   756554.009   762689.005   762721.009
   740:   763292.001   768292.018   770105.003   770111.016   770161.026
   745:   770227.005   770848.009   772380.005   772468.009   772862.001
   750:   773030.003   773125.001   773295.003   774162.001   779162.018
   755:   779654.003   779660.016   779710.026   779865.005   780245.009
   760:   781786.001   781927.003   781940.001   786940.018   787825.003
   765:   787831.016   787881.026   787985.005   788368.009   790252.001
   770:   795252.018   795565.003   795571.016   795621.026   795695.005
   775:   796237.009   798119.001   803119.018   804007.003   804013.016
   780:   804063.026   804141.005   804829.009   806567.001   811567.018
   785:   812407.003   812413.016   812463.026   812569.001   812635.003
   790:   812667.005   813000.009   813963.001   814240.003   814361.001
   795:   819361.018   819943.003   819949.016   819999.026   820114.005
   800:   820494.009   822250.001   827250.018   827807.003   827813.016
   805:   827863.026   827986.005   829050.009   830476.001   835476.018
   810:   835854.003   835860.016   835910.026   836029.005   836738.009
   815:   836784.005   836933.009   837818.001   842818.018   843083.003
   820:   843089.016   843139.026   843191.001   843218.003   843241.005
   825:   843681.009   845607.001   850607.018   850861.003   850867.016
   830:   850917.026   851152.005   851792.009   853015.001   853053.003
   835:   853100.001   857707.003   859160.001   864160.018   865588.003
   840:   865594.016   865644.026   865775.005   866155.009   867905.001
   845:   872905.018   873380.003   873386.016   873436.026   873519.005
   850:   873966.009   874970.001   875062.003   875171.001   880171.018
   855:   880588.003   880594.016   880644.026   880759.005   881288.009
   860:   883091.001   887617.003   887621.001   888915.003   891495.001
   865:   896415.003   896566.001   901449.003   901555.001   901691.003
   870:   901764.005   902018.009   902732.001   903910.003   903936.001
   875:   908879.003   909726.005   909742.009   909748.005   909840.009
   880:   910159.001   910868.003   911252.001   911308.003   911650.001
   885:   916210.003   916251.001   916383.003   917239.001   922239.018
   890:   922929.003   922935.016   922985.026   923090.005   923655.009
   895:   924993.005   925287.009   925357.005   925365.009   925374.005
   900:   925376.009   925844.001   930844.018   931107.003   931113.016
   905:   931163.026   931256.005   931741.009   933105.001   938105.018
   910:   939304.003   939310.016   939360.026   939566.005   940819.009
   915:   941932.001   942026.003   942117.001   946099.003   946109.001
   920:   950692.003   950849.005   951001.009   951491.001   956491.018
   925:   959031.003   959037.016   959087.026   959281.005   959717.009
   930:   961008.001   965670.003   965680.001   966681.003   966886.001
   935:   967413.003   968001.001   973001.018   975643.003   975649.016
   940:   975699.026   975837.005   976242.009   977606.001   977719.003
   945:   977923.001   982923.018   983686.003   983692.016   983742.026
   950:   983879.005   984236.009   985810.001   990810.018   991800.003
   955:   991806.016   991856.026   991942.005   992486.009   994217.001
   960:   999217.018  1000263.003  1000269.016  1000319.026  1000492.005
   965:  1001308.009  1001387.005  1001491.009  1002086.001  1002131.003
   970:  1002259.001  1002322.003  1002561.001  1007561.018  1008878.003
   975:  1008884.016  1008934.026  1009056.005  1009886.009  1011121.001
   980:  1011163.003  1011210.001  1016210.018  1018019.003  1018025.016
   985:  1018075.026  1018133.005  1018813.009  1020931.001  1025931.018
   990:  1026787.003  1026793.016  1026843.026  1026990.005  1027387.009
   995:  1029078.001  1029252.003  1029288.001  1034288.018  1035534.003
  1000:  1035540.016  1035577.001  1035590.026  1035683.003  1035744.005
  1005:  1036679.009  1038127.001  1043127.018  1045173.003  1045179.016
  1010:  1045229.026  1045313.005  1045897.009  1046904.001  1051904.018
  1015:  1052342.003  1052348.016  1052398.026  1052465.005  1053053.009
  1020:  1055131.001  1060131.018  1060401.003  1060407.016  1060457.026
  1025:  1060588.005  1061032.009  1062366.001  1062467.003  1062504.001
  1030:  1067504.018  1067668.003  1067674.016  1067724.026  1067812.005
  1035:  1068236.009  1069461.001  1074461.018  1075020.003  1075026.016
  1040:  1075076.026  1075209.005  1076168.009  1077700.001  1082700.018
  1045:  1082795.003  1082801.016  1082851.026  1082935.005  1083436.009
  1050:  1084653.001  1089653.018  1092460.003  1092466.016  1092516.026
  1055:  1092588.005  1093115.009  1094584.001  1094664.003  1095192.001
  1060:  1100192.018  1100215.003  1100221.016  1100271.026  1100381.005
  1065:  1100797.009  1101913.001  1106888.003  1106910.001  1110331.003
  1070:  1110540.005  1110920.009  1111317.001  1116317.018  1116564.003
  1075:  1116570.016  1116620.026  1116695.005  1117072.009  1118920.001
  1080:  1123920.018  1124630.003  1124636.016  1124686.026  1124843.005
  1085:  1125424.009  1126878.001  1131878.018  1132037.003  1132043.016
  1090:  1132093.026  1132239.005  1132798.009  1134079.001  1134212.003
  1095:  1134248.001  1139248.018  1139434.003  1139440.016  1139490.026
  1100:  1139548.005  1140165.009  1142033.001  1147033.018  1147484.003
  1105:  1147490.016  1147540.026  1147659.005  1148048.009  1149690.005
  1110:  1149716.009  1150079.001  1155079.018  1155470.003  1155476.016
  1115:  1155526.026  1155660.005  1156059.009  1164507.001  1165931.003
  1120:  1177519.005  1177534.009  1177576.005  1177733.009  1184597.001
  1125:  1185190.003  1196437.001  1197172.003  1197557.001  1201592.003
  1130:  1203276.001  1207282.003  1207366.001  1207907.003  1207968.001
  1135:  1208173.003  1208325.001  1213325.018  1213548.003  1213554.016
  1140:  1213604.026  1213757.005  1214229.009  1218407.001  1223318.003
  1145:  1223419.001  1223532.003  1223795.001  1228795.018  1229750.003
  1150:  1229756.016  1229806.026  1229861.005  1230476.009  1232063.001
  1155:  1232185.003  1232215.001  1237108.003  1237199.001  1237294.003
  1160:  1237573.001  1242573.018  1243290.003  1243296.016  1243346.026
  1165:  1243446.005  1243983.009  1246268.001  1251268.018  1251919.003
  1170:  1251925.016  1251935.001  1251975.026  1252049.003  1252153.005
  1175:  1253357.009  1254351.001  1257996.003  1260887.001  1260955.003
  1180:  1261116.001  1263388.003  1263470.001  1268154.003  1269031.001
  1185:  1269707.003  1269749.001  1274307.003  1276505.001  1281505.018
  1190:  1281662.003  1281668.016  1281718.026  1281838.005  1283165.009
  1195:  1284367.001  1289367.018  1289798.003  1289804.016  1289854.026
  1200:  1290009.005  1290567.009  1292338.001  1297142.003  1297321.005
  1205:  1297440.009  1297816.001  1302816.018  1302954.003  1302960.016
  1210:  1302976.001  1303010.026  1303073.003  1303093.001  1303139.003
  1215:  1303150.005  1304725.009  1305909.001  1310909.018  1311158.003
  1220:  1311164.016  1311214.026  1311325.005  1312125.009  1313500.001
  1225:  1318494.003  1319124.001  1319335.003  1319377.001  1324377.018
  1230:  1325331.003  1325337.016  1325387.026  1325462.005  1325860.009
  1235:  1327281.001  1331779.003  1332150.001  1332566.003  1332617.001
  1240:  1337617.018  1337915.003  1337921.016  1337971.026  1338081.005
  1245:  1338566.009  1340079.001  1340468.003  1340513.001  1344973.003
  1250:  1345123.001  1345168.003  1346594.001  1351594.018  1352585.003
  1255:  1352591.016  1352633.001  1352641.026  1352707.003  1352767.005
  1260:  1353195.009  1354532.001  1359532.018  1360250.003  1360256.016
  1265:  1360306.026  1360335.001  1360364.003  1360521.005  1361389.009
  1270:  1362892.001  1367892.018  1369947.003  1369953.016  1370003.026
  1275:  1370056.001  1370119.003  1370140.005  1370520.009  1371928.001
  1280:  1371970.003  1372051.001  1377051.018  1377618.003  1377624.016
  1285:  1377674.026  1377772.005  1378284.009  1381104.001  1382327.003
  1290:  1382361.001  1382892.003  1382941.001  1384371.003  1384398.001
  1295:  1389398.018  1389656.003  1389662.016  1389712.026  1389816.005
  1300:  1390299.009  1390331.005  1390356.009  1391743.001  1396743.018
  1305:  1396751.003  1396757.016  1396807.026  1396933.005  1397299.009
  1310:  1398488.001  1398553.003  1398975.001  1403975.018  1404203.003
  1315:  1404209.016  1404259.026  1404372.005  1404782.009  1407256.001
  1320:  1407439.003  1407462.001  1412462.018  1412475.003  1412481.016
  1325:  1412531.026  1412656.005  1413102.009  1414481.005  1415036.009
  1330:  1415514.001  1419426.003  1419436.001  1419623.003  1419668.001
  1335:  1420331.003  1420532.001  1420644.003  1420914.001  1423266.003
  1340:  1423495.001  1423797.003  1423942.001  1424695.003  1426758.001
  1345:  1431745.003  1432295.001  1437295.018  1437809.003  1437815.016
  1350:  1437865.026  1437940.005  1438450.009  1440159.001  1444908.003
  1355:  1445825.001  1446158.003  1446203.001  1446456.003  1447102.005
  1360:  1447290.009  1448853.005  1448867.009  1449996.001  1452693.003
  1365:  1452753.001  1452882.003  1452950.001  1457950.018  1458339.003
  1370:  1458345.016  1458395.026  1458527.005  1459225.009  1460416.001
  1375:  1465416.018  1465711.003  1465717.016  1465767.026  1465935.005
  1380:  1467101.009  1468472.001  1473339.003  1473491.005  1473749.009
  1385:  1474144.001  1474409.003  1474847.001  1479755.003  1480358.001
  1390:  1485291.003  1485331.001  1485558.003  1485648.001  1490648.018
  1395:  1491274.003  1491280.016  1491326.001  1491330.026  1491421.003
  1400:  1491481.005  1491918.009  1493347.001  1498347.018  1499374.003
  1405:  1499380.016  1499430.026  1499573.005  1499993.009
B:
     0:        0.000      339.000        0.000      339.000        0.000
     5:      168.000        0.000        0.000        0.000      168.000
    10:        0.000        1.000        0.000        1.000        0.000
    15:        0.000      131.000        0.000      131.000        0.000
    20:        0.000        0.000        0.000        0.000        0.000
    25:        0.000      131.000        0.000        0.000        0.000
    30:        0.000
D:
     0:  3519824.000  3513798.000  3519825.000
E:
     0:     5000.000     5000.000
T:
     0:        0.000        0.000        0.000        0.000
W:
     0:        0.000        0.000        0.000
