File: C:\MED-PC IV\Data\Reyes\BB\BB4113.999


Start Date: 08/02/25
End Date: 08/02/25
Subject: 113
Experiment: BB
Group: NO_TIMEOUT
Box: 3
Start Time: 16:13:59
End Time: 17:03:59
MSN: DRRD_lin
C:       0.000
F:       0.000
G:       0.000
H:       0.000
I:       0.000
J:       0.000
K:   10000.000
L:       0.000
M:       0.000
N:       0.000
O:       0.000
P:       0.000
Q:       0.000
R:       0.000
S:       0.000
U: 1973403.000
V:       0.000
X:       0.000
Y:    1670.000
Z:       0.000
A:
     0:     3573.005     3722.009     8687.005     8730.009     8734.005
     5:     8743.009     8788.005     9153.009    14821.005    14901.009
    10:    15000.013    15000.011    15033.005    15072.009    15088.005
    15:    15111.009    15679.001    15700.003    15721.001    15785.003
    20:    15816.001    15877.003    16011.001    16098.003    16105.001
    25:    16160.003    16176.001    16334.003    16453.001    16607.003
    30:    16639.001    16746.003    16755.001    16826.003    16870.001
    35:    17105.003    17456.001    17519.003    17715.001    17823.003
    40:    18010.001    18234.003    18235.001    22175.003    22339.001
    45:    22399.003    22421.001    22593.003    22614.001    22670.003
    50:    22718.001    22808.003    22838.001    23080.003    23197.001
    55:    23287.003    23297.001    23811.003    23834.001    23899.003
    60:    23931.001    23946.003    23981.001    24032.003    24052.001
    65:    24188.003    24221.001    24249.003    24281.001    24342.003
    70:    24367.001    24498.003    24525.001    24769.003    24772.001
    75:    29776.018    30916.003    30922.016    30972.026    31027.005
    80:    31516.009    31538.005    31570.009    31978.001    33279.003
    85:    33304.001    33605.003    33623.001    38623.018    40435.003
    90:    40441.016    40491.026    40542.005    40951.009    40994.005
    95:    41003.009    41317.001    46317.018    47916.003    47922.016
   100:    47972.026    48142.005    48431.009    48718.001    50072.003
   105:    50103.001    50320.003    50348.001    50528.003    50615.001
   110:    50678.003    50689.001    55689.018    56631.003    56637.016
   115:    56687.026    56782.005    57134.009    57373.001    62373.018
   120:    64947.003    64953.016    65003.026    65073.005    65473.009
   125:    65746.001    70746.018    74340.003    74346.016    74396.026
   130:    74446.005    74852.009    75345.001    76211.003    76240.001
   135:    76371.003    76514.001    81514.018    81558.003    81564.016
   140:    81614.026    81758.005    82279.009    83334.001    83531.003
   145:    83642.001    83751.003    83806.001    83858.003    83873.001
   150:    83906.003    83933.001    88933.018    90453.003    90459.016
   155:    90509.026    90566.005    91167.009    91205.005    91512.009
   160:    91782.001    92950.003    92966.001    97966.018    98474.003
   165:    98480.016    98530.026    98641.005    99023.009    99355.001
   170:   101034.003   101036.001   105417.003   105620.005   105716.009
   175:   105899.001   106156.003   106165.001   106580.003   106598.001
   180:   106906.003   106964.001   107108.003   107542.001   112542.018
   185:   113312.003   113318.016   113368.026   113424.005   113850.009
   190:   114127.001   119127.018   120549.003   120555.016   120584.001
   195:   120605.026   120756.003   120861.005   121266.009   121482.001
   200:   126482.018   128345.003   128351.016   128401.026   128446.005
   205:   128802.009   128829.005   128841.009   129969.001   131653.003
   210:   131667.001   131757.003   131767.001   136767.018   136892.003
   215:   136898.016   136948.026   137031.005   137297.009   137518.001
   220:   139280.003   139300.001   144300.018   144847.003   144853.016
   225:   144903.026   144990.005   145252.009   145490.001   147213.003
   230:   147226.001   147311.003   147353.001   147388.003   147863.001
   235:   152863.018   153377.003   153383.016   153433.026   153486.005
   240:   153813.009   154031.001   155414.003   155582.001   155805.003
   245:   155825.001   159227.003   159239.001   162411.003   162793.001
   250:   163139.003   163164.001   163383.003   163400.001   163436.003
   255:   163472.001   163617.003   163626.001   168626.018   170458.003
   260:   170464.016   170514.026   170579.005   170903.009   171793.001
   265:   172285.003   172314.001   172653.003   172795.001   172902.003
   270:   172935.001   177935.018   179593.003   179599.016   179649.026
   275:   179754.005   180585.009   180586.005   180632.009   180636.005
   280:   180714.009   181550.001   186550.018   189296.003   189302.016
   285:   189352.026   189414.005   189828.009   190501.001   195501.018
   290:   197526.003   197532.016   197582.026   197627.005   198123.009
   295:   198620.001   203620.018   207380.003   207386.016   207436.026
   300:   207480.005   207978.009   208740.001   209382.003   209448.001
   305:   209530.003   209590.001   209679.003   209964.001   214495.003
   310:   214876.001   219876.018   220693.003   220699.016   220749.026
   315:   220818.005   221103.009   237931.001   242636.003   242922.001
   320:   245498.003   245943.001   246055.003   246084.001   246198.003
   325:   246204.001   246253.003   246276.001   250951.003   251323.001
   330:   251590.003   251687.001   251753.003   251768.001   251856.003
   335:   251881.001   255732.003   256026.001   256239.003   256263.001
   340:   256331.003   256348.001   256538.003   256651.001   256688.003
   345:   256800.001   261735.003   262120.001   263050.003   263067.001
   350:   263358.003   263372.001   263606.003   263620.001   263911.003
   355:   263929.001   267857.003   267991.001   268391.003   268417.001
   360:   268926.003   268948.001   269191.003   269268.001   269336.003
   365:   269817.001   271231.003   271252.001   275728.003   276035.001
   370:   276140.003   276161.001   276266.003   276506.001   276653.003
   375:   276860.001   281860.018   282046.003   282052.016   282102.026
   380:   282179.005   282932.009   283749.001   288749.018   289746.003
   385:   289752.016   289802.026   289891.005   290217.009   290244.005
   390:   290269.009   290278.005   290293.009   290520.001   295520.018
   395:   296083.003   296089.016   296139.026   296204.005   296694.009
   400:   296734.005   296776.009   296859.005   296916.009   296918.005
   405:   296953.009   297311.005   297341.009   297899.001   298309.003
   410:   298379.001   298621.003   298869.001   299282.003   299351.001
   415:   299406.003   299459.001   299509.003   299527.001   304527.018
   420:   304972.003   304978.016   305028.026   305083.005   305567.009
   425:   306075.001   306924.003   306933.001   311689.003   312223.001
   430:   313217.003   313244.001   313442.003   313459.001   313482.003
   435:   313531.001   313551.003   313575.001   318575.018   318639.003
   440:   318645.016   318695.026   318780.005   319096.009   319910.001
   445:   324910.018   325262.003   325268.016   325318.026   325438.005
   450:   326397.009   327159.001   331981.003   332430.001   333173.003
   455:   333214.001   333376.003   333479.001   338479.018   340016.003
   460:   340022.016   340072.026   340129.005   340887.009   340912.005
   465:   341045.009   364169.001   364216.003   364274.001   364332.003
   470:   364462.001   364736.003   364802.001   364862.003   364916.001
   475:   365431.003   365454.001   370454.018   370550.003   370556.016
   480:   370606.026   370718.005   371153.009   371168.005   371238.009
   485:   371325.005   371335.009   371697.001   373251.003   373297.001
   490:   378161.003   378645.001   378761.003   378840.001   378899.003
   495:   378990.001   383990.018   386664.003   386670.016   386720.026
   500:   386773.005   387394.009   387415.005   387442.009   388287.001
   505:   393287.018   394807.003   394813.016   394863.026   395008.005
   510:   396289.009   396657.001   401657.018   402142.003   402148.016
   515:   402198.026   402317.005   403055.009   403913.001   408913.018
   520:   408975.003   408981.016   409031.026   409181.005   409630.009
   525:   409672.005   409699.009   409991.001   414991.018   415884.003
   530:   415890.016   415940.026   416062.005   416575.009   416584.005
   535:   416615.009   416988.001   421988.018   423306.003   423312.016
   540:   423362.026   423501.005   424204.009   424205.005   424256.009
   545:   425333.001   430333.018   431434.003   431440.016   431490.026
   550:   431572.005   432071.009   432912.005   432924.009   432945.005
   555:   433110.009   433474.001   438254.003   438682.001   443682.018
   560:   444472.003   444478.016   444528.026   444606.005   445198.009
   565:   445208.005   445279.009   445305.005   445318.009   446015.001
   570:   451015.018   451847.003   451853.016   451903.026   451975.005
   575:   452315.009   452333.005   452377.009   452400.005   452442.009
   580:   452443.005   452451.009   452492.005   452502.009   452537.005
   585:   452577.009   453408.001   453924.003   454151.001   454919.003
   590:   454925.001   458999.003   459340.001   464166.003   464967.001
   595:   465074.003   465212.001   465288.003   465430.001   467661.003
   600:   467778.001   469971.003   470321.005   470444.009   485699.005
   605:   485739.009   485755.005   485975.009   486999.001   487070.003
   610:   487145.001   488051.003   488059.001   488149.003   488181.001
   615:   488270.003   488294.001   488549.003   488586.001   488655.003
   620:   488681.001   493377.003   493800.001   493927.003   493948.001
   625:   498948.018   499064.003   499070.016   499120.026   499205.005
   630:   499611.009   499630.005   499683.009   499713.005   499728.009
   635:   500631.001   505631.018   508403.003   508409.016   508459.026
   640:   508531.005   508873.009   509121.001   514121.018   515902.003
   645:   515908.016   515958.026   516006.005   517276.009   517361.005
   650:   517367.009   517403.005   517431.009   518012.001   518860.003
   655:   518876.001   523094.003   523732.001   528732.018   532513.003
   660:   532519.016   532569.026   532639.005   532970.009   533283.001
   665:   538283.018   539912.003   539918.016   539968.026   540057.005
   670:   540665.009   540949.001   542436.003   542450.001   547046.003
   675:   547206.005   547348.009   547587.001   552587.018   553261.003
   680:   553267.016   553317.026   553440.005   554220.009   554223.005
   685:   554316.009   555103.001   555742.003   555765.001   560765.018
   690:   561024.003   561030.016   561080.026   561154.005   561887.009
   695:   561900.005   561963.009   561997.005   562049.009   562058.005
   700:   562151.009   562374.005   562512.009   562539.005   562577.009
   705:   563090.001   563343.003   572572.001   572699.003   572709.001
   710:   572779.003   572829.001   572971.003   573018.001   573046.003
   715:   573087.001   573109.003   573150.001   576603.003   576633.001
   720:   578261.003   579105.001   584105.018   584376.003   584382.016
   725:   584432.026   584562.005   585149.009   585211.005   585233.009
   730:   585997.001   586512.003   586597.001   586637.003   586687.001
   735:   586771.003   586821.001   591821.018   591837.003   591843.016
   740:   591893.026   591976.005   592468.009   593338.001   598338.018
   745:   599534.003   599540.016   599590.026   599712.005   600345.009
   750:   600847.005   600854.009   601704.001   602019.003   602064.001
   755:   602143.003   602180.001   606790.003   606924.005   607039.009
   760:   607248.001   612248.018   613454.003   613460.016   613510.026
   765:   613593.005   614470.009   614739.001   619739.018   620133.003
   770:   620139.016   620189.026   620262.005   620839.009   622472.001
   775:   627472.018   628074.003   628080.016   628130.026   628197.005
   780:   628820.009   629297.005   629448.009   630035.001   630063.003
   785:   630113.001   630314.003   630441.001   630496.003   630541.001
   790:   630886.003   630892.001   631045.003   631056.001   635861.003
   795:   636330.001   637776.003   637834.001   641040.003   641526.001
   800:   642305.003   642423.001   643343.003   643366.001   643422.003
   805:   643447.001   643488.003   643519.001   647811.003   648472.001
   810:   653472.003   653478.016   653528.026   653621.005   654132.009
   815:   655249.001   655765.003   655792.001   655890.003   655897.001
   820:   659910.003   660313.001   661446.003   661514.001   661603.003
   825:   661631.001   665526.003   665942.001   666434.003   675560.005
   830:   675826.009   675832.005   675840.009   676862.001   681862.018
   835:   682582.003   682588.016   682638.026   682750.005   683326.009
   840:   683333.005   683392.009   683883.001   684862.003   684893.001
   845:   689527.003   689856.001   690172.003   690197.001   690253.003
   850:   690291.001   695291.018   696828.003   696834.016   696884.026
   855:   696946.005   697660.009   697672.005   697721.009   697949.005
   860:   698101.009   698768.001   703768.018   705167.003   705173.016
   865:   705223.026   705296.005   705902.009   705970.005   706055.009
   870:   706058.005   706104.009   706945.001   711945.018   712227.003
   875:   712233.016   712283.026   712348.005   712996.009   713793.001
   880:   715058.003   715117.001   719709.003   738524.005   738713.009
   885:   739929.001   739985.003   740071.001   740642.003   740680.001
   890:   740822.003   740890.001   740989.003   741007.001   741192.003
   895:   741205.001   741540.003   741595.001   745999.003   746558.001
   900:   746888.003   747157.001   747631.003   747642.001   747706.003
   905:   747737.001   748863.003   749150.001   751760.003   752316.005
   910:   752346.009   752364.005   752582.009   753566.001   753630.003
   915:   753652.001   753862.003   753959.001   754041.003   754073.001
   920:   758319.003   758787.001   763787.018   764365.003   764371.016
   925:   764421.026   764504.005   765113.009   765799.001   766491.003
   930:   766522.001   766588.003   766620.001   767480.003   767499.001
   935:   772499.018   772541.003   772547.016   772597.026   772668.005
   940:   773328.009   773346.005   773595.009   773625.005   773841.009
   945:   774426.001   779426.018   779713.003   779719.016   779769.026
   950:   779884.005   780630.009   780699.005   780846.009   780880.005
   955:   780936.009   780971.005   781051.009   781966.001   782846.003
   960:   782851.001   787491.003   787867.001   792867.018   793570.003
   965:   793576.016   793626.026   793717.005   794883.009   795027.005
   970:   795123.009   795534.001   800534.018   801001.003   801007.016
   975:   801057.026   801112.005   801746.009   801756.005   801822.009
   980:   801836.005   801887.009   803065.001   808065.018   809058.003
   985:   809064.016   809114.026   809212.005   810619.009   811654.001
   990:   812153.003   812166.001   817166.018   817551.003   817557.016
   995:   817607.026   817737.005   818751.009   818773.005   818912.009
  1000:   818923.005   819034.009   819205.005   819255.009   831721.001
  1005:   832065.003   832090.001   832216.003   832231.001   832655.003
  1010:   832674.001   832742.003   832759.001   837680.003   838132.001
  1015:   843132.018   844224.003   844230.016   844280.026   844349.005
  1020:   844824.009   845363.001   850363.018   851570.003   851576.016
  1025:   851626.026   851739.005   852099.009   852527.001   857527.018
  1030:   859043.003   859049.016   859099.026   859199.005   859583.009
  1035:   860964.001   865180.003   865188.001   866068.003   866109.001
  1040:   866155.003   866212.001   869269.003   869689.001   874689.018
  1045:   875090.003   875096.016   875146.026   875243.005   875851.009
  1050:   875859.005   875928.009   875947.005   876018.009   876105.005
  1055:   876169.009   876176.005   876441.009   876618.005   876639.009
  1060:   876729.005   876846.009   877816.001   882324.003   882787.001
  1065:   887787.018   888180.003   888186.016   888236.026   888308.005
  1070:   889252.009   889980.001   894980.018   895850.003   895856.016
  1075:   895906.026   895982.005   896527.009   897316.001   902316.018
  1080:   902618.003   902624.016   902674.026   902775.005   905420.009
  1085:   906272.001   911272.018   911483.003   911489.016   911539.026
  1090:   911617.005   912613.009   912646.005   912775.009   913063.005
  1095:   913123.009   913719.001   913781.003   913794.001   918318.003
  1100:   918733.001   919652.003   919668.001   924617.003   925236.001
  1105:   926142.003   926230.001   926486.003   926509.001   930359.003
  1110:   931412.001   931484.003   932475.005   932606.009   952575.005
  1115:   952598.009   952608.005   952721.009   959663.005   959690.009
  1120:   959762.005   959821.009   961238.001   961510.003   961726.001
  1125:   961829.003   961838.001   961895.003   961944.001   966859.003
  1130:   967271.001   967337.003   967367.001   971897.003   972361.005
  1135:   972386.009   972393.005   972440.009   972630.001   977630.018
  1140:   978812.003   978818.016   978868.026   978917.005   979938.009
  1145:   979992.005   980043.009   980590.001   985590.018   986727.003
  1150:   986733.016   986783.026   986866.005   987353.009   987365.005
  1155:   987387.009   988496.001   989063.003   989076.001   989301.003
  1160:   989316.001   994208.003   994347.005   994474.009   994753.001
  1165:   999753.018   999926.003   999932.016   999982.026  1000084.005
  1170:  1000593.009  1000661.005  1000697.009  1000705.005  1000858.009
  1175:  1000954.005  1000979.009  1001071.005  1001083.009  1001102.005
  1180:  1001195.009  1001739.001  1006739.018  1007725.003  1007731.016
  1185:  1007781.026  1007880.005  1008917.009  1009544.001  1014480.003
  1190:  1014916.001  1019916.018  1020868.003  1020874.016  1020924.026
  1195:  1020992.005  1022049.009  1022126.005  1022151.009  1022216.005
  1200:  1022236.009  1022247.005  1022353.009  1022897.001  1027897.018
  1205:  1027922.003  1027928.016  1027978.026  1028045.005  1028763.009
  1210:  1028781.005  1028983.009  1029122.005  1029188.009  1029894.001
  1215:  1034894.018  1034952.003  1034958.016  1035008.026  1035154.005
  1220:  1036375.009  1036517.005  1036538.009  1037360.001  1042360.018
  1225:  1042993.003  1042999.016  1043049.026  1043164.005  1044334.009
  1230:  1044340.005  1044448.009  1044784.001  1049784.018  1052472.003
  1235:  1052478.016  1052528.026  1052612.005  1053701.009  1053728.005
  1240:  1053760.009  1054213.001  1058936.003  1059078.005  1059200.009
  1245:  1059632.001  1059692.003  1060004.001  1060099.003  1060145.001
  1250:  1065145.018  1065211.003  1065217.016  1065267.026  1065327.005
  1255:  1065949.009  1066942.005  1066971.009  1067384.001  1072384.018
  1260:  1072395.003  1072401.016  1072451.026  1072531.005  1072952.009
  1265:  1074061.001  1079061.018  1079347.003  1079353.016  1079403.026
  1270:  1079537.005  1080184.009  1080206.005  1080323.009  1081234.001
  1275:  1081583.003  1081615.001  1086615.018  1087012.003  1087018.016
  1280:  1087068.026  1087199.005  1087943.009  1088585.005  1088596.009
  1285:  1088655.005  1088664.009  1089574.001  1094574.018  1095365.003
  1290:  1095371.016  1095421.026  1095575.005  1095581.009  1095593.005
  1295:  1096663.009  1096677.005  1096857.009  1097748.001  1097922.003
  1300:  1098138.001  1102554.003  1103096.005  1103126.009  1103141.005
  1305:  1103266.009  1103494.001  1108494.018  1109220.003  1109226.016
  1310:  1109276.026  1109358.005  1109936.009  1109941.005  1110051.009
  1315:  1110067.005  1110088.009  1110105.005  1110561.009  1111330.001
  1320:  1111722.003  1111801.001  1111844.003  1111922.001  1116230.003
  1325:  1116495.005  1116511.009  1116523.005  1116722.009  1129114.005
  1330:  1129147.009  1129183.005  1129315.009  1129433.005  1129543.009
  1335:  1131046.001  1131221.003  1131299.001  1131415.003  1131463.001
  1340:  1131761.003  1131781.001  1131837.003  1131942.001  1132428.003
  1345:  1132455.001  1137455.018  1138614.003  1138620.016  1138670.026
  1350:  1138737.005  1139929.009  1139977.005  1140034.009  1140478.001
  1355:  1145478.018  1147421.003  1147427.016  1147477.026  1147571.005
  1360:  1148225.009  1148233.005  1148248.009  1148718.001  1153718.018
  1365:  1155249.003  1155255.016  1155305.026  1155383.005  1156024.009
  1370:  1156045.005  1156422.009  1156920.005  1156933.009  1157070.005
  1375:  1157083.009  1157107.005  1157160.009  1157846.001  1162846.018
  1380:  1163271.003  1163277.016  1163327.026  1163409.005  1164349.009
  1385:  1164360.005  1164382.009  1164722.005  1165082.009  1165119.005
  1390:  1165548.009  1165558.005  1165572.009  1166674.001  1171674.018
  1395:  1173248.003  1173254.016  1173304.026  1173374.005  1174121.009
  1400:  1174151.005  1174204.009  1174334.005  1175044.009  1175895.001
  1405:  1180895.018  1180966.003  1180972.016  1181022.026  1181085.005
  1410:  1182161.009  1182218.005  1182250.009  1183379.001  1185459.003
  1415:  1185524.001  1185663.003  1186351.001  1190543.003  1190946.001
  1420:  1191162.003  1191222.001  1191264.003  1191311.001  1191512.003
  1425:  1206844.001  1208037.003  1208055.001  1213055.018  1213384.003
  1430:  1213390.016  1213440.026  1213513.005  1214010.009  1214098.005
  1435:  1214776.009  1215276.001  1220276.018  1222511.003  1222517.016
  1440:  1222567.026  1222618.005  1223225.009  1223595.005  1223765.009
  1445:  1224335.001  1229335.018  1230171.003  1230177.016  1230227.026
  1450:  1230287.005  1232186.009  1232193.005  1232198.009  1232224.005
  1455:  1232263.009  1232922.001  1237758.003  1237937.005  1237981.009
  1460:  1238005.005  1238023.009  1238241.001  1243241.018  1243699.003
  1465:  1243705.016  1243755.026  1243827.005  1245010.009  1245035.005
  1470:  1245075.009  1245705.001  1250564.003  1250976.001  1251798.003
  1475:  1251823.001  1256150.003  1256520.001  1260898.003  1262611.005
  1480:  1262848.009  1262850.005  1262897.009  1279838.005  1280462.009
  1485:  1280526.005  1280548.009  1280629.005  1280957.009  1281009.005
  1490:  1281020.009  1281918.001  1281965.003  1282117.001  1287117.018
  1495:  1287266.003  1287272.016  1287322.026  1287401.005  1287955.009
  1500:  1288095.005  1288826.009  1290421.001  1290927.003  1290943.001
  1505:  1295943.018  1296757.003  1296763.016  1296813.026  1296927.005
  1510:  1297614.009  1298340.001  1303340.018  1303800.003  1303806.016
  1515:  1303856.026  1303954.005  1305940.009  1305960.005  1306095.009
  1520:  1307052.001  1312052.018  1313577.003  1313583.016  1313633.026
  1525:  1313736.005  1314767.009  1315595.001  1320595.018  1321176.003
  1530:  1321182.016  1321232.026  1321306.005  1322465.009  1322642.005
  1535:  1322800.009  1322873.005  1322882.009  1323480.001  1327992.003
  1540:  1328118.005  1328348.009  1328641.001  1331836.003  1331856.001
  1545:  1334807.003  1335130.001  1336388.003  1337135.005  1337478.009
  1550:  1353209.005  1353219.009  1353224.005  1353238.009  1353568.005
  1555:  1353583.009  1353611.005  1353671.009  1355092.001  1355114.003
  1560:  1355155.001  1356430.003  1356449.001  1359552.003  1359976.001
  1565:  1363862.003  1364406.001  1365629.003  1366987.005  1367017.009
  1570:  1367035.005  1370194.009  1370329.005  1370344.009  1371288.001
  1575:  1371659.003  1371696.001  1376435.003  1376823.001  1377337.003
  1580:  1377361.001  1381453.003  1381996.005  1382167.009  1383782.001
  1585:  1383841.003  1383889.001  1384665.003  1384720.001  1384797.003
  1590:  1384808.001  1384890.003  1384909.001  1388882.003  1391190.001
  1595:  1391240.003  1391540.001  1391608.003  1391636.001  1391712.003
  1600:  1391776.001  1392820.003  1392893.001  1393424.003  1393452.001
  1605:  1394244.003  1394527.001  1396295.003  1396643.001  1396671.003
  1610:  1396706.001  1396845.003  1396896.001  1397370.003  1397390.001
  1615:  1397446.003  1397467.001  1399070.003  1399089.001  1400257.003
  1620:  1401026.005  1401327.009  1411899.005  1412640.009  1414280.001
  1625:  1414492.003  1414503.001  1419475.003  1419923.001  1420030.003
  1630:  1420081.001  1424238.003  1424724.005  1424813.009  1425224.001
  1635:  1425970.003  1426047.001  1426101.003  1426131.001  1430383.003
  1640:  1430795.005  1430946.009  1431214.001  1435880.003  1437161.001
  1645:  1437351.003  1437777.005  1437981.009  1438227.005  1439422.009
  1650:  1440713.001  1440941.003  1441914.001  1446844.003  1447434.001
  1655:  1447834.003  1447898.001  1448036.003  1448088.001  1448279.003
  1660:  1448342.001  1449054.003  1449193.001  1450199.003  1450317.001
  1665:  1451531.003  1451556.001  1451609.003  1451721.001  1453803.003
B:
     0:        0.000      413.000        0.000      413.000        0.000
     5:      270.000        0.000        0.000        0.000      270.000
    10:        0.000        1.000        0.000        1.000        0.000
    15:        0.000      101.000        0.000      100.000        0.000
    20:        0.000        0.000        0.000        0.000        0.000
    25:        0.000      101.000        0.000        0.000        0.000
    30:        0.000
D:
     0:  3427205.000  3425124.000  3427206.000
E:
     0:     5000.000     5000.000
T:
     0:        0.000        0.000        0.000        0.000
W:
     0:        0.000        0.000        0.000
