File: C:\MED-PC IV\Data\Reyes\BB\BB4114.999


Start Date: 07/31/25
End Date: 07/31/25
Subject: 114
Experiment: BB
Group: TIMEOUT
Box: 4
Start Time: 16:35:59
End Time: 17:25:59
MSN: DRRD_lin
C:       0.000
F:       0.000
G:       0.000
H:       0.000
I:       0.000
J:       0.000
K:   10000.000
L:       0.000
M:       0.000
N:       0.000
O:       0.000
P:       0.000
Q:       0.000
R:       0.000
S:       0.000
U:    1269.000
V:       0.000
X:       0.000
Y:    1418.000
Z:       0.000
A:
     0:    12465.005    12560.009    12694.005    12798.009    13333.005
     5:    13788.009    15000.013    15000.011    16720.001    17189.003
    10:    17294.001    17396.003    18027.005    18201.009    18723.001
    15:    19587.003    20273.001    20540.003    20552.001    21079.003
    20:    21453.001    22265.003    22297.001    23295.003    24189.001
    25:    25948.003    26038.001    26503.003    26855.005    27082.009
    30:    27454.001    27540.003    27555.001    29540.003    29562.001
    35:    29582.003    29601.001    29629.003    29646.001    30317.003
    40:    30651.001    30697.003    30722.001    33708.003    33798.001
    45:    33852.003    34085.001    38239.003    38295.001    38310.003
    50:    38863.001    43801.003    43859.001    44558.003    45640.001
    55:    50640.018    51003.003    51009.016    51059.026    51150.005
    60:    51643.009    52583.001    55361.003    55378.001    55430.003
    65:    55513.001    59099.003    60834.001    65834.018    66342.003
    70:    66348.016    66398.026    66520.005    67033.009    68274.001
    75:    73274.018    73834.003    73840.016    73890.026    74007.005
    80:    74481.009    76050.001    81050.018    81916.003    81922.016
    85:    81972.026    82067.005    82552.009    85284.005    85409.009
    90:    86395.001    91395.018    91922.003    91928.016    91978.026
    95:    92068.005    92527.009    94373.001    95213.003    95249.001
   100:   100249.018   101340.003   101346.016   101396.026   101488.005
   105:   101938.009   102789.001   102909.003   102939.001   107939.018
   110:   109766.003   109772.016   109822.026   109955.005   110339.009
   115:   111350.001   111433.003   111458.001   116359.003   116429.001
   120:   116521.003   116744.001   121744.018   122125.003   122131.016
   125:   122181.026   122258.005   122970.009   123747.001   123786.003
   130:   123837.001   128837.018   129594.003   129600.016   129650.026
   135:   129784.005   130322.009   131749.001   135757.003   135851.001
   140:   135996.003   136117.001   141117.018   142088.003   142094.016
   145:   142144.026   142316.005   142861.009   144186.001   148819.003
   150:   148839.001   149564.003   149960.001   150157.003   150198.001
   155:   155198.018   157055.003   157061.016   157111.026   157267.005
   160:   157778.009   158692.001   163682.003   163714.001   163729.003
   165:   163750.001   163856.003   164248.001   169248.018   169703.003
   170:   169709.016   169759.026   169877.005   170547.009   172345.001
   175:   177345.018   179057.003   179063.016   179113.026   179251.005
   180:   179698.009   180991.001   185983.003   186619.001   186692.003
   185:   186756.001   191756.018   192433.003   192439.016   192489.026
   190:   192616.005   193676.009   194980.001   196527.003   196715.001
   195:   201715.018   202552.003   202558.016   202608.026   202761.005
   200:   203184.009   204867.001   209867.018   211027.003   211033.016
   205:   211083.026   211236.005   211794.009   212921.001   217921.018
   210:   218110.003   218116.016   218166.026   218320.005   219641.009
   215:   220558.001   225558.018   226142.003   226148.016   226198.026
   220:   226294.005   227139.009   228414.001   233414.018   233783.003
   225:   233789.016   233839.026   233990.005   234522.009   234529.005
   230:   234800.009   235590.001   240590.018   242016.003   242022.016
   235:   242072.026   242176.005   242815.009   243620.001   248295.003
   240:   248387.001   248417.003   249397.001   254142.003   254648.001
   245:   259647.003   260091.005   260227.009   261118.001   266118.018
   250:   266998.003   267004.016   267054.026   267131.005   267649.009
   255:   268718.001   269164.003   269753.001   274753.018   275670.003
   260:   275676.016   275726.026   275797.005   276364.009   277976.001
   265:   278124.003   278138.001   279656.003   279953.001   284953.018
   270:   285456.003   285462.016   285512.026   285621.005   286107.009
   275:   287097.001   287145.003   287179.001   292179.018   292415.003
   280:   292421.016   292471.026   292599.005   293490.009   294051.001
   285:   299051.018   299602.003   299608.016   299658.026   299786.005
   290:   300218.009   302050.001   307050.018   307885.003   307891.016
   295:   307941.026   308046.005   308604.009   309618.001   309636.003
   300:   309660.001   310096.003   310224.001   315224.018   315373.003
   305:   315379.016   315429.026   315493.005   315992.009   318569.001
   310:   323569.018   323722.003   323728.016   323751.001   323778.026
   315:   323839.003   323884.001   323921.003   323935.005   324526.009
   320:   325827.001   330827.018   331013.003   331019.016   331069.026
   325:   331185.005   331693.009   333509.001   338431.003   338499.001
   330:   338623.003   338910.001   343910.018   344732.003   344738.016
   335:   344788.026   344974.005   345687.009   345695.005   345867.009
   340:   346952.001   351952.018   352875.003   352881.016   352931.026
   345:   353063.005   354002.009   354884.001   359884.018   360663.003
   350:   360669.016   360719.026   360985.005   361693.009   362715.001
   355:   367715.018   368146.003   368152.016   368202.026   368283.005
   360:   368997.009   370145.001   370176.003   370226.001   375136.003
   365:   375554.001   380156.003   380224.001   381345.003   381430.001
   370:   385591.003   385655.001   385705.003   386004.001   391004.018
   375:   393117.003   393123.016   393173.026   393341.005   393935.009
   380:   393937.005   394227.009   395260.001   399740.003   399988.001
   385:   401171.003   401465.001   402505.003   402531.001   406160.003
   390:   406290.001   410921.003   410982.001   411211.003   411880.001
   395:   416880.018   417683.003   417689.016   417739.026   417936.005
   400:   418947.009   420610.001   425589.003   425643.001   425868.003
   405:   425941.001   430941.018   432936.003   432942.016   432992.026
   410:   433164.005   433746.009   435134.001   440134.018   440607.003
   415:   440613.016   440663.026   440761.005   441448.009   441487.005
   420:   441519.009   442778.001   446777.003   447051.001   452051.018
   425:   452336.003   452342.016   452357.001   452392.026   452475.003
   430:   452525.005   452975.009   453007.005   453058.009   454673.001
   435:   459673.018   460147.003   460153.016   460203.026   460254.005
   440:   461048.009   462779.001   467779.018   467971.003   467977.016
   445:   468027.026   468109.005   468724.009   470425.001   475425.018
   450:   476159.003   476165.016   476215.026   476371.005   476892.009
   455:   478303.001   483303.018   483586.003   483592.016   483642.026
   460:   483723.005   484326.009   485659.001   490659.018   490712.003
   465:   490718.016   490768.026   490892.005   491236.009   492479.001
   470:   497479.018   497513.003   497519.016   497569.026   497657.005
   475:   498226.009   498275.005   498369.009   498378.005   498429.009
   480:   499296.001   504296.018   504526.003   504532.016   504582.026
   485:   504734.005   505203.009   506509.001   511509.018   511844.003
   490:   511850.016   511900.026   511987.005   512433.009   513495.001
   495:   518495.018   518750.003   518756.016   518806.026   518886.005
   500:   519527.009   520788.001   525788.018   525822.003   525828.016
   505:   525878.026   525979.005   526705.009   526721.005   526739.009
   510:   527795.001   532795.018   532903.003   532909.016   532929.001
   515:   532959.026   532999.003   533075.005   533597.009   534844.001
   520:   539844.018   540022.003   540028.016   540078.026   540186.005
   525:   540699.009   542057.001   547057.018   547066.003   547072.016
   530:   547122.026   547283.005   547821.009   549042.001   553977.003
   535:   554806.001   559806.018   560649.003   560655.016   560705.026
   540:   560968.005   561597.009   562817.001   567817.018   568046.003
   545:   568052.016   568102.026   568256.005   569095.009   569100.005
   550:   569153.009   569158.005   569361.009   570468.001   575361.003
   555:   576464.001   576557.003   578152.001   583152.018   583780.003
   560:   583786.016   583836.026   584077.005   584555.009   585716.001
   565:   590611.003   590683.001   590724.003   591272.001   596272.018
   570:   596762.003   596768.016   596818.026   597020.005   597759.009
   575:   597762.005   597764.009   598468.005   598484.009   599132.001
   580:   599186.003   599208.001   604075.003   604469.001   609469.018
   585:   610655.003   610661.016   610711.026   610831.005   611274.009
   590:   612894.001   617894.018   618721.003   618727.016   618777.026
   595:   618995.005   619982.009   621169.001   626118.003   626231.001
   600:   626299.003   626423.001   626645.003   627432.001   631358.003
   605:   631365.001   632990.003   635414.001   640414.018   640723.003
   610:   640729.016   640779.026   640924.005   641362.009   642545.001
   615:   647545.018   648000.003   648006.016   648056.026   648184.005
   620:   648635.009   650622.001   655622.018   658466.003   658472.016
   625:   658522.026   658847.005   659252.009   661535.001   666535.018
   630:   667067.003   667073.016   667123.026   667185.005   667669.009
   635:   670188.001   675188.018   675401.003   675407.016   675457.026
   640:   675892.005   676424.009   676464.005   676513.009   676567.005
   645:   676603.009   676804.005   676978.009   677810.001   682810.018
   650:   683497.003   683503.016   683553.026   683747.005   684130.009
   655:   685983.001   690983.018   691605.003   691611.016   691661.026
   660:   691916.005   692278.009   693445.001   698445.018   698964.003
   665:   698970.016   699020.026   699128.005   699569.009   700927.001
   670:   701022.003   701041.001   706041.018   706567.003   706573.016
   675:   706623.026   706755.005   707122.009   708508.001   713508.018
   680:   713570.003   713576.016   713626.026   713678.005   714107.009
   685:   715631.001   720631.018   721251.003   721257.016   721307.026
   690:   721440.005   721787.009   722938.001   727085.003   727121.001
   695:   727741.003   727757.001   728659.003   730207.001   730837.003
   700:   730853.001   735853.018   736420.003   736426.016   736476.026
   705:   736773.005   738027.009   739225.001   739309.003   739329.001
   710:   744329.018   744948.003   744954.016   745004.026   745092.005
   715:   745563.009   746664.001   746729.003   746749.001   751496.003
   720:   751553.001   751980.003   752019.001   752180.003   752888.001
   725:   752961.003   753008.001   758008.018   760017.003   760023.016
   730:   760073.026   760161.005   760685.009   760786.005   760887.009
   735:   762293.005   762441.009   762473.005   762949.009   762996.005
   740:   763070.009   763114.005   763155.009   766633.001   771633.018
   745:   772838.003   772844.016   772894.026   772994.005   773635.009
   750:   774994.001   775047.003   775064.001   775140.003   777159.001
   755:   782159.018   784304.003   784310.016   784360.026   784480.005
   760:   785289.009   786617.001   791617.018   791853.003   791859.016
   765:   791909.026   792011.005   792518.009   794784.001   799784.018
   770:   800645.003   800651.016   800701.026   800910.005   801390.009
   775:   802950.001   806619.003   806624.001   808194.003   809465.001
   780:   814465.018   814930.003   814936.016   814986.026   815164.005
   785:   816109.009   817359.001   822359.018   822625.003   822631.016
   790:   822681.026   822746.005   823273.009   824521.001   829521.018
   795:   829775.003   829781.016   829831.026   830016.005   830991.009
   800:   832436.001   837436.018   837563.003   837569.016   837619.026
   805:   837756.005   838091.009   840076.001   844518.003   844578.001
   810:   844850.003   845165.001   850165.018   851522.003   851528.016
   815:   851567.001   851578.026   851655.003   851679.005   852538.009
   820:   854665.001   859665.018   859993.003   859999.016   860049.026
   825:   860175.005   860490.009   861763.001   862392.003   862422.001
   830:   867422.018   867753.003   867759.016   867809.026   867930.005
   835:   868319.009   869571.001   869698.003   869717.001   874717.018
   840:   877854.003   877860.016   877910.026   878035.005   878462.009
   845:   880093.001   885093.018   885894.003   885900.016   885950.026
   850:   886026.001   886085.003   886105.005   887741.009   896042.005
   855:   896818.009   897326.001   902174.003   905866.001   905928.003
   860:   906022.001   910940.003   913454.001   918454.018   918928.003
   865:   918934.016   918984.026   919108.005   919647.009   921210.001
   870:   921260.003   921406.001   926406.018   926754.003   926760.016
   875:   926810.026   927051.005   927729.009   927748.005   928117.009
   880:   929155.001   934155.018   935119.003   935125.016   935175.026
   885:   935324.005   935644.009   936993.001   941993.018   942252.003
   890:   942258.016   942308.026   942391.005   942840.009   944476.001
   895:   949476.018   949821.003   949827.016   949877.026   950012.005
   900:   950285.009   952768.001   957768.018   959680.003   959686.016
   905:   959736.026   959817.005   960625.009   961138.005   961251.009
   910:   961890.001   966890.018   967499.003   967505.016   967555.026
   915:   967712.005   968148.009   970175.001   975175.018   975815.003
   920:   975821.016   975871.026   976032.005   977361.009   978359.001
   925:   983359.018   983612.003   983618.016   983668.026   983735.005
   930:   984429.009   985870.001   990870.018   992170.003   992176.016
   935:   992226.026   992361.005   992767.009   994464.001   999464.018
   940:  1001652.003  1001658.016  1001708.026  1001771.001  1001863.003
   945:  1001881.005  1002174.009  1003878.001  1008878.018  1009651.003
   950:  1009657.016  1009707.026  1009939.005  1010735.009  1010743.005
   955:  1011092.009  1012141.001  1017141.018  1017713.003  1017719.016
   960:  1017769.026  1017924.005  1018626.009  1018661.005  1018847.009
   965:  1020231.001  1025231.018  1025671.003  1025677.016  1025727.026
   970:  1025861.005  1026197.009  1028353.001  1028451.003  1028466.001
   975:  1033466.018  1033846.003  1033852.016  1033902.026  1034016.005
   980:  1034503.009  1037664.001  1042664.018  1043996.003  1044002.016
   985:  1044052.026  1044207.005  1044509.009  1046239.001  1046329.003
   990:  1046361.001  1051361.018  1051779.003  1051785.016  1051835.026
   995:  1051963.005  1052394.009  1053842.001  1058674.003  1058738.001
  1000:  1058827.003  1059144.001  1064144.018  1065276.003  1065282.016
  1005:  1065332.026  1065411.005  1065785.009  1067124.001  1072124.018
  1010:  1073240.003  1073246.016  1073296.026  1073398.005  1073912.009
  1015:  1075956.001  1080956.018  1080957.003  1080963.016  1081013.026
  1020:  1081188.005  1081479.009  1083068.001  1083138.003  1083159.001
  1025:  1087960.003  1088315.001  1093315.018  1094923.003  1094929.016
  1030:  1094979.026  1095046.005  1095430.009  1097053.001  1102053.018
  1035:  1102825.003  1102831.016  1102881.026  1102973.005  1103439.009
  1040:  1105123.001  1105187.003  1105227.001  1110227.018  1110336.003
  1045:  1110342.016  1110383.001  1110392.026  1110420.003  1110524.005
  1050:  1111064.009  1112449.001  1117449.018  1117488.003  1117494.016
  1055:  1117544.026  1117651.005  1118084.009  1119697.001  1124697.018
  1060:  1124813.003  1124819.016  1124869.026  1125000.005  1125298.009
  1065:  1129410.001  1134126.003  1134192.001  1134256.003  1134555.001
  1070:  1139555.018  1140882.003  1140888.016  1140938.026  1141110.005
  1075:  1142195.009  1142703.005  1142779.009  1143219.001  1148219.018
  1080:  1150094.003  1150100.016  1150150.026  1150246.005  1150538.009
  1085:  1151945.001  1156945.018  1158169.003  1158175.016  1158225.026
  1090:  1158459.005  1159270.009  1159284.005  1159346.009  1160727.001
  1095:  1165398.003  1165911.001  1170911.018  1172466.003  1172472.016
  1100:  1172514.001  1172522.026  1172536.003  1172637.005  1173153.009
  1105:  1174398.001  1179398.018  1179494.003  1179500.016  1179550.026
  1110:  1179692.005  1180020.009  1181480.001  1186480.018  1186545.003
  1115:  1186551.016  1186601.026  1186724.005  1186970.009  1188523.001
  1120:  1193523.018  1194494.003  1194500.016  1194550.026  1194722.005
  1125:  1194993.009  1196335.001  1196370.003  1196392.001  1196589.003
  1130:  1196672.001  1200368.003  1200503.001  1202396.003  1202476.001
  1135:  1202569.003  1203452.001  1208452.018  1208803.003  1208809.016
  1140:  1208859.026  1209157.005  1210196.009  1211258.001  1216258.018
  1145:  1216444.003  1216450.016  1216500.026  1216506.001  1216557.003
  1150:  1216666.005  1217125.009  1218758.001  1223758.018  1223904.003
  1155:  1223910.016  1223960.026  1224046.005  1224607.009  1226094.001
  1160:  1226185.003  1226226.001  1231035.003  1232397.001  1237397.018
  1165:  1238264.003  1238270.016  1238320.026  1238482.005  1239011.009
  1170:  1240305.005  1240331.009  1240784.001  1245784.018  1245981.003
  1175:  1245987.016  1246037.026  1246115.005  1246652.009  1247977.001
  1180:  1248010.003  1248034.001  1253034.018  1253341.003  1253347.016
  1185:  1253397.026  1253480.005  1253726.009  1255337.001  1260337.018
  1190:  1260733.003  1260739.016  1260789.026  1260897.005  1261464.009
  1195:  1261500.005  1261556.009  1263155.001  1268155.018  1268626.003
  1200:  1268632.016  1268682.026  1268745.005  1269163.009  1270972.001
  1205:  1275972.018  1276263.003  1276269.016  1276319.026  1276410.005
  1210:  1276720.009  1277208.005  1277364.009  1278619.001  1283619.018
  1215:  1284554.003  1284560.016  1284610.026  1284740.005  1285808.009
  1220:  1286655.001  1291655.018  1292049.003  1292055.016  1292105.026
  1225:  1292206.005  1292754.009  1292760.005  1292891.009  1294164.001
  1230:  1299164.018  1299320.003  1299326.016  1299376.026  1299450.005
  1235:  1299966.009  1301003.001  1301066.003  1301093.001  1305849.003
  1240:  1305912.001  1305995.003  1306290.001  1306717.003  1306996.001
  1245:  1311996.018  1312310.003  1312316.016  1312366.026  1312454.005
  1250:  1312969.009  1314617.001  1319536.003  1321247.005  1321318.009
  1255:  1322951.001  1327951.018  1328156.003  1328162.016  1328212.026
  1260:  1328352.005  1328711.009  1329962.001  1334925.003  1335973.001
  1265:  1340973.018  1342275.003  1342281.016  1342331.026  1342428.005
  1270:  1342888.009  1344552.005  1344663.009  1345271.001  1349436.003
  1275:  1350610.001  1355277.003  1355896.001  1360896.018  1362238.003
  1280:  1362244.016  1362294.026  1362388.005  1362791.009  1364207.001
  1285:  1369207.018  1369752.003  1369758.016  1369808.026  1369962.005
  1290:  1370342.009  1371701.001  1376701.018  1378182.003  1378188.016
  1295:  1378238.026  1378428.005  1378884.009  1379998.001  1384933.003
  1300:  1385375.001  1390375.018  1391643.003  1391649.016  1391664.001
  1305:  1391699.026  1391879.003  1391937.005  1392478.009  1392494.005
  1310:  1392742.009  1394203.001  1399203.018  1400723.003  1400729.016
  1315:  1400779.026  1400857.005  1401366.009  1402619.001  1407619.018
  1320:  1408169.003  1408175.016  1408225.026  1408277.001  1408333.003
  1325:  1408363.005  1408806.009  1410091.001  1415091.018  1416473.003
  1330:  1416479.016  1416529.026  1416636.005  1416971.009  1418534.001
  1335:  1423534.018  1424358.003  1424364.016  1424414.026  1424571.005
  1340:  1424860.009  1426104.001  1426164.003  1426185.001  1431185.018
  1345:  1432171.003  1432177.016  1432227.026  1432475.005  1432768.009
  1350:  1434376.001  1439376.018  1440981.003  1440987.016  1441037.026
  1355:  1441177.005  1441657.009  1443048.001  1448048.018  1448319.003
  1360:  1448325.016  1448375.026  1448679.005  1449237.009  1450262.001
  1365:  1455262.018  1457181.003  1457187.016  1457237.026  1457392.005
  1370:  1457931.009  1459355.001  1464355.018  1464834.003  1464840.016
  1375:  1464890.026  1465088.005  1465729.009  1465741.005  1465850.009
  1380:  1466971.001  1471971.018  1472187.003  1472193.016  1472243.026
  1385:  1472385.005  1472932.009  1474654.001  1479654.018  1479837.003
  1390:  1479843.016  1479893.026  1480026.005  1480517.009  1481879.001
  1395:  1482246.003  1482573.001  1482875.003  1483180.001  1483204.003
  1400:  1483252.001  1483320.003  1483415.001  1488415.018  1489714.003
  1405:  1489720.016  1489770.026  1489947.005  1490313.009  1492348.001
  1410:  1497348.018  1498972.003  1498978.016  1499028.026  1499099.001
  1415:  1499161.003  1499227.005  1499920.009
B:
     0:        0.000      296.000        0.000      296.000        0.000
     5:      190.000        0.000        0.000        0.000      190.000
    10:        0.000        1.000        0.000        1.000        0.000
    15:        0.000      148.000        0.000      148.000        0.000
    20:        0.000        0.000        0.000        0.000        0.000
    25:        0.000      148.000        0.000        0.000        0.000
    30:        0.000
D:
     0:  1500429.000  1500368.000  1500430.000
E:
     0:     5000.000     5000.000
T:
     0:        0.000        0.000        0.000        0.000
W:
     0:        0.000        0.000        0.000
