File: C:\MED-PC IV\Data\Reyes\BB\BB4105.999


Start Date: 07/30/25
End Date: 07/30/25
Subject: 105
Experiment: BB
Group: TIMEOUT
Box: 1
Start Time: 15:11:08
End Time: 16:01:08
MSN: DRRD_lin
C:       0.000
F:       0.000
G:       0.000
H:       0.000
I:       0.000
J:       0.000
K:   10000.000
L:       0.000
M:       0.000
N:       0.000
O:       0.000
P:       0.000
Q:       0.000
R:       0.000
S:       0.000
U:  201175.000
V:       0.000
X:       0.000
Y:    1074.000
Z:       0.000
A:
     0:    15000.013    15000.011    15219.001    15578.003    15608.001
     5:    18594.003    18616.001    19431.003    19697.001    24697.018
    10:    27136.003    27142.016    27192.026    27319.005    27724.009
    15:    28463.001    28835.003    28907.001    31636.003    31955.001
    20:    34971.003    35309.001    39037.003    39418.001    42535.003
    25:    42560.001    42643.003    43230.001    45515.003    45776.001
    30:    45799.003    45828.001    48289.003    49159.001    52369.003
    35:    52951.001    56062.003    57673.005    58102.009    58393.001
    40:    58434.003    58468.001    62167.003    62568.001    65892.003
    45:    66255.001    66397.003    66415.001    68684.003    68862.001
    50:    68994.003    69083.001    70579.003    71010.001    71261.003
    55:    71298.001    75035.003    75531.005    75645.009    75674.005
    60:    75890.009    76449.001    76668.003    76678.001    80537.003
    65:    81003.001    85593.003    86227.001    90204.003    90221.001
    70:    91089.003    91511.001    91655.003    91720.001    96720.018
    75:    97240.003    97246.016    97296.026    97394.005    98488.009
    80:    98867.001   103579.003   103944.001   105376.003   105430.001
    85:   105608.003   105844.001   109934.003   110345.001   111330.003
    90:   111373.001   111491.003   111519.001   114972.003   115001.001
    95:   115812.003   130150.005   130180.009   130208.005   130564.009
   100:   130852.001   131021.003   131128.001   135482.003   135921.001
   105:   136006.003   136044.001   140309.003   140610.001   140657.003
   110:   140678.001   140750.003   140776.001   140846.003   140897.001
   115:   145897.018   146254.003   146260.016   146310.026   146392.005
   120:   147404.009   148365.001   152258.003   152635.001   155351.003
   125:   155495.001   158715.003   158741.001   159197.003   159244.001
   130:   159394.003   159413.001   159498.003   159950.001   164750.003
   135:   164810.001   165009.003   166294.005   166297.009   166304.005
   140:   166708.009   167190.001   167275.003   167353.001   167406.003
   145:   167491.001   167637.003   167640.001   172268.003   172612.001
   150:   172695.003   172697.001   173633.003   173648.001   177291.003
   155:   177333.001   177502.003   177589.001   181778.003   183028.001
   160:   188028.018   188358.003   188364.016   188414.026   188524.005
   165:   189121.009   189889.005   189916.009   190362.001   190445.003
   170:   190466.001   190732.003   190811.001   190858.003   190889.001
   175:   195767.003   195795.001   195953.003   196060.001   200425.003
   180:   200710.001   200741.003   200762.001   201574.003   201934.001
   185:   206446.003   207206.001   212170.003   212518.005   212674.009
   190:   227907.005   228051.009   228494.001   232669.003   232945.001
   195:   237559.003   237827.001   241694.003   241992.001   246324.003
   200:   246612.001   248896.003   249117.001   253746.003   254100.001
   205:   254448.003   254556.001   259534.003   259594.001   259788.003
   210:   259886.001   264553.003   264984.001   269984.018   270115.003
   215:   270121.016   270171.026   270284.005   271919.009   272693.001
   220:   272929.003   272977.001   273046.003   273052.001   277863.003
   225:   278245.001   281096.003   281097.001   283937.003   284302.001
   230:   287536.003   287827.001   292129.003   292431.001   296945.003
   235:   297003.001   297180.003   297488.001   297509.003   297538.001
   240:   302538.018   303585.003   303591.016   303641.026   303743.005
   245:   304432.009   305867.001   306094.003   306522.001   311522.018
   250:   312811.003   312817.016   312867.026   312964.005   313760.009
   255:   314775.001   319238.003   319528.001   324210.003   324498.001
   260:   324545.003   324566.001   329076.003   329100.001   329789.003
   265:   330108.001   334146.003   334171.001   334735.003   335114.001
   270:   336689.003   337072.001   342072.018   345790.003   345796.016
   275:   345841.001   345846.026   345898.003   345946.005   346527.009
   280:   348641.005   349130.009   349638.001   354380.003   354673.001
   285:   354731.003   354752.001   357902.003   359015.001   359107.003
   290:   359158.001   359289.003   359310.001   364310.018   365110.003
   295:   365116.016   365166.026   365295.005   365873.009   366919.001
   300:   371919.018   372472.003   372478.016   372528.026   372633.005
   305:   373907.009   375129.001   379007.003   379360.001   384360.018
   310:   384391.003   384397.016   384447.026   384453.001   384502.003
   315:   384559.005   386081.009   389621.001   389655.003   389786.001
   320:   389864.003   389939.001   394513.003   394900.001   399440.003
   325:   399476.001   399817.003   400070.001   400123.003   400141.001
   330:   404152.003   404227.001   404400.003   404459.001   409459.018
   335:   410132.003   410138.016   410188.026   410292.005   410910.009
   340:   412062.001   415952.003   416297.001   420834.003   421121.001
   345:   424351.003   424676.001   424783.003   424786.001   428384.003
   350:   428704.001   428983.003   429003.001   432584.003   432890.001
   355:   433078.003   433289.001   438289.018   438403.003   438409.016
   360:   438432.001   438459.026   438519.003   438597.005   439384.009
   365:   440831.001   445831.018   446379.003   446385.016   446435.026
   370:   446527.005   447357.009   447735.005   447887.009   447912.005
   375:   448154.009   448167.005   448291.009   449135.001   454135.018
   380:   454666.003   454672.016   454722.026   454841.005   455280.009
   385:   457267.001   461362.003   461687.001   465777.003   465822.001
   390:   470822.018   471056.003   471062.016   471112.026   471228.005
   395:   471848.009   472921.001   473048.003   473148.001   473536.003
   400:   473750.001   477362.003   477412.001   477589.003   477659.001
   405:   481234.003   481541.001   486541.018   486577.003   486583.016
   410:   486633.026   486747.005   487664.009   497424.001   501711.003
   415:   502014.001   506697.003   506764.001   506916.003   506999.001
   420:   511577.003   511635.001   511807.003   511889.001   516247.003
   425:   516541.001   521485.003   522057.001   526251.003   526549.001
   430:   529470.003   529495.001   530113.003   530426.001   534647.003
   435:   534993.001   539314.003   539893.001   539933.003   539967.001
   440:   542352.003   542654.001   547466.003   547961.001   551351.003
   445:   553292.001   554243.003   554905.001   559905.018   560983.003
   450:   560989.016   561037.001   561039.026   561092.003   561153.005
   455:   562003.009   564080.001   567701.003   568107.001   568144.003
   460:   568172.001   572386.003   572711.001   572892.003   572956.001
   465:   573140.003   573148.001   576791.003   577964.001   580287.003
   470:   580577.001   582278.003   585571.005   586477.009   586896.001
   475:   586965.003   586996.001   590548.003   590662.001   592708.003
   480:   593389.001   597601.003   604581.001   609581.018   610048.003
   485:   610054.016   610104.026   610206.005   611187.009   612397.005
   490:   612613.009   612825.005   614644.009   615093.001   615222.003
   495:   615274.001   615416.003   615471.001   618856.003   619495.001
   500:   622872.003   623050.001   625884.003   626983.001   627066.003
   505:   627070.001   631774.003   632329.001   636588.003   637012.001
   510:   640487.003   640952.001   643962.003   644670.005   644992.009
   515:   645492.001   645604.003   645618.001   650618.018   650807.003
   520:   650813.016   650863.026   650957.005   652133.009   652207.005
   525:   652842.009   653707.005   653835.009   653876.005   655214.009
   530:   655255.005   655297.009   655305.005   656246.009   656737.001
   535:   656812.003   656853.001   660322.003   660352.001   660579.003
   540:   660705.001   665039.003   665057.001   665554.003   665906.001
   545:   670906.018   671306.003   671312.016   671362.026   671452.005
   550:   676233.009   677491.001   680519.003   680866.001   683426.003
   555:   683891.001   687632.003   688037.001   692349.003   692773.001
   560:   696447.003   696994.001   699970.003   700012.001   700130.003
   565:   700430.001   704685.003   720399.005   720966.009   721825.001
   570:   721854.003   721866.001   726504.003   726969.001   726991.003
   575:   727016.001   730462.003   730929.001   735248.003   735300.001
   580:   735483.003   736061.001   736108.003   736152.001   739537.003
   585:   743342.005   744121.009   745275.001   749640.003   749667.001
   590:   749877.003   750148.001   753718.003   757021.005   758048.009
   595:   758061.005   758658.009   759027.001   759115.003   759136.001
   600:   759628.003   759638.001   762880.003   763479.001   767783.003
   605:   769392.001   773835.003   774618.001   779161.003   779754.005
   610:   780121.009   780511.001   784929.003   785250.001   789162.003
   615:   792187.005   793582.009   793630.001   797969.003   798488.001
   620:   803237.003   803745.001   806625.003   807545.005   807666.009
   625:   808102.001   813102.018   813308.003   813314.016   813364.026
   630:   813451.005   813959.009   817631.005   817879.009   818278.001
   635:   823160.003   824149.001   828786.003   829076.001   833097.003
   640:   833525.001   837438.003   838557.001   842653.003   842945.001
   645:   842970.003   842989.001   846427.003   847088.001   851812.003
   650:   852503.001   856824.003   859452.001   859504.003   859513.001
   655:   864208.003   865092.001   869796.003   870234.005   871512.009
   660:   871950.001   876950.018   877172.003   877178.016   877228.026
   665:   877314.005   878968.009   893767.005   894243.009   894798.001
   670:   894889.003   894936.001   895070.003   895201.001   895238.003
   675:   895302.001   895811.003   895815.001   895917.003   896237.001
   680:   900534.003   900604.001   900779.003   900958.001   905628.003
   685:   905967.001   910477.003   911106.001   914211.003   915297.001
   690:   919959.003   919985.001   920157.003   920380.001   920414.003
   695:   920545.001   925128.003   925536.001   929567.003   930370.001
   700:   934945.003   935583.001   940171.003   940708.001   940867.003
   705:   940884.001   944694.003   945508.001   945583.003   945621.001
   710:   949958.003   950483.005   950594.009   951169.001   956169.018
   715:   956498.003   956504.016   956554.026   956640.005   957172.009
   720:   959959.001   964407.003   964731.001   968882.003   969594.005
   725:   969808.009   970268.001   970327.003   970365.001   975365.018
   730:   975399.003   975405.016   975455.026   975552.005   980393.009
   735:   980651.005   981182.009   981196.005   981478.009   981552.005
   740:   981573.009   981578.005   984047.009   984838.005   984946.009
   745:   985435.001   985506.003   985533.001   986012.003   986016.001
   750:   989776.003   989834.001   989913.003   990196.001   993947.003
   755:   994260.001   997278.003   997694.001  1002466.003  1002511.001
   760:  1002906.003  1003160.001  1007131.003  1007613.001  1011616.003
   765:  1012327.001  1012412.003  1012690.001  1012804.003  1012848.001
   770:  1017660.003  1018244.001  1018399.003  1018580.001  1022944.003
   775:  1023373.001  1028373.018  1028549.003  1028555.016  1028605.026
   780:  1028725.005  1029491.009  1031802.001  1036381.003  1036805.001
   785:  1040830.003  1041341.001  1045289.003  1045319.001  1045527.003
   790:  1046178.001  1050494.003  1051300.001  1056300.018  1056459.003
   795:  1056465.016  1056515.026  1056600.005  1057426.009  1061972.001
   800:  1065883.003  1067010.001  1067164.003  1067334.001  1067391.003
   805:  1067405.001  1071923.003  1072347.001  1076820.003  1077367.001
   810:  1077430.003  1077439.001  1081464.003  1081535.001  1081702.003
   815:  1082017.001  1086391.003  1088098.001  1092282.003  1092621.001
   820:  1095097.003  1096671.001  1101531.003  1102405.001  1106861.003
   825:  1107237.001  1110793.003  1114025.005  1115904.009  1116166.005
   830:  1116208.009  1116399.001  1121321.003  1122479.001  1126455.003
   835:  1126620.001  1130883.003  1132105.001  1136404.003  1137461.001
   840:  1141557.003  1142272.001  1142401.003  1142527.001  1146749.003
   845:  1147679.001  1151730.003  1152254.005  1153237.009  1153983.001
   850:  1158983.018  1159046.003  1159052.016  1159102.026  1159202.005
   855:  1160171.009  1160716.005  1163428.009  1165484.001  1165632.003
   860:  1165688.001  1170222.003  1170555.001  1170657.003  1170667.001
   865:  1170686.003  1170700.001  1173591.003  1173611.001  1175446.003
   870:  1175766.001  1175800.003  1175807.001  1179579.003  1180407.001
   875:  1184935.003  1184998.001  1185181.003  1185586.005  1185793.009
   880:  1186360.001  1186445.003  1186598.001  1187081.003  1187093.001
   885:  1192093.018  1192115.003  1192121.016  1192171.026  1192264.005
   890:  1193269.009  1193398.005  1194951.009  1195882.001  1196563.003
   895:  1198134.001  1198163.003  1198514.001  1198953.003  1198962.001
   900:  1202854.003  1203210.001  1206271.003  1206798.001  1210391.003
   905:  1210835.001  1214011.003  1215377.001  1218789.003  1222605.005
   910:  1223184.009  1224658.001  1227949.003  1228001.001  1228081.003
   915:  1243145.005  1243789.009  1244202.001  1244351.003  1244390.001
   920:  1249036.003  1249342.001  1254342.018  1254478.003  1254484.016
   925:  1254534.026  1254641.005  1255220.009  1257298.001  1260247.003
   930:  1265044.005  1265288.009  1265639.001  1266003.003  1266054.001
   935:  1266225.003  1266262.001  1266552.003  1266590.001  1267324.003
   940:  1267341.001  1270927.003  1272677.001  1275843.003  1278377.001
   945:  1281897.003  1283347.001  1286332.003  1286402.001  1286714.003
   950:  1296267.005  1296756.009  1297126.001  1297291.003  1297299.001
   955:  1301017.003  1301389.001  1305880.003  1306011.001  1310738.003
   960:  1312106.001  1312499.003  1312509.001  1316486.003  1316989.001
   965:  1320691.003  1322218.001  1325158.003  1326564.005  1326654.009
   970:  1327044.001  1331041.003  1332164.001  1336425.003  1337321.001
   975:  1341718.003  1342281.001  1342324.003  1342335.001  1346934.003
   980:  1347558.001  1351924.003  1353477.001  1357530.003  1358364.001
   985:  1362670.003  1363501.005  1363598.009  1363932.001  1367813.003
   990:  1368326.001  1372713.003  1373505.001  1377880.003  1381254.005
   995:  1381604.009  1382081.001  1386019.003  1386667.001  1390754.003
  1000:  1391996.001  1394872.003  1396026.005  1396514.009  1396894.001
  1005:  1400799.003  1401363.001  1405108.003  1405550.001  1405606.003
  1010:  1405617.001  1409944.003  1412157.001  1416432.003  1420353.005
  1015:  1421829.009  1422264.001  1425777.003  1426662.001  1429908.003
  1020:  1430706.001  1433706.003  1434165.005  1434317.009  1436634.005
  1025:  1437520.009  1437847.001  1437925.003  1437950.001  1442950.018
  1030:  1443601.003  1443607.016  1443657.026  1443745.005  1444233.009
  1035:  1445388.005  1446299.009  1446813.001  1446931.003  1446983.001
  1040:  1451254.003  1451316.001  1451470.003  1451516.001  1455984.003
  1045:  1456560.001  1460963.003  1462903.001  1467075.003  1467635.005
  1050:  1467830.009  1468291.001  1472145.003  1472566.005  1473138.009
  1055:  1473179.005  1473215.009  1473258.005  1473314.009  1473328.005
  1060:  1473702.009  1473733.005  1475434.009  1476365.001  1479984.003
  1065:  1480393.001  1482420.003  1483033.001  1487235.003  1487608.001
  1070:  1491728.003  1492841.001  1496853.003  1497217.001
B:
     0:        0.000      395.000        0.000      394.000        0.000
     5:       95.000        0.000        0.000        0.000       95.000
    10:        0.000        1.000        0.000        1.000        0.000
    15:        0.000       31.000        0.000       31.000        0.000
    20:        0.000        0.000        0.000        0.000        0.000
    25:        0.000       31.000        0.000        0.000        0.000
    30:        0.000
D:
     0:  1701180.000  1698392.000  1698028.000
E:
     0:     5000.000     5000.000
T:
     0:        0.000        0.000        0.000        0.000
W:
     0:        2.000        0.000        0.000
