File: C:\MED-PC IV\Data\Reyes\BB\BB4109.999


Start Date: 07/29/25
End Date: 07/29/25
Subject: 109
Experiment: BB
Group: NO_TIMEOUT_RET
Box: 5
Start Time: 14:55:45
End Time: 15:45:45
MSN: DRRD_lin
C:       0.000
F:       0.000
G:       0.000
H:       0.000
I:       0.000
J:       0.000
K:   10000.000
L:       0.000
M:       0.000
N:       0.000
O:       0.000
P:       0.000
Q:       0.000
R:       0.000
S:       0.000
U:    3151.000
V:       0.000
X:       0.000
Y:     959.000
Z:       0.000
A:
     0:      143.005      283.009     8190.005     9363.009     9436.005
     5:     9465.009    11552.005    11643.009    13628.005    13671.009
    10:    15000.013    15000.011    21530.001    21593.003    21651.001
    15:    21697.003    21935.001    25303.003    25371.001    25416.003
    20:    25857.005    25888.009    26099.001    29550.003    29613.001
    25:    29666.003    30474.005    30625.009    31374.001    36191.003
    30:    36592.005    36672.009    38775.001    39182.003    39287.001
    35:    44050.003    44418.005    44830.009    45212.001    45619.003
    40:    45641.001    50641.018    50898.003    50904.016    50954.026
    45:    51112.005    52496.009    53280.001    57889.003    58342.005
    50:    58433.009    58466.005    58504.009    58832.001    63832.018
    55:    63934.003    63940.016    63990.026    64188.005    65362.009
    60:    65534.005    66839.009    67651.001    71613.003    74505.005
    65:    74551.009    74704.005    74745.009    75075.001    75340.003
    70:    75593.001    80593.018    81629.003    81635.016    81685.026
    75:    81892.005    82979.009    84147.001    89051.003    89872.001
    80:    90399.003    90431.001    95000.003    95399.005    95666.009
    85:    96322.005    96380.009    99352.001    99378.003    99434.001
    90:   103770.003   103783.001   105324.003   105719.001   106140.003
    95:   106153.001   109939.003   110743.001   111062.003   111416.001
   100:   111768.003   111819.001   116454.003   117849.001   117903.003
   105:   118448.001   118524.003   118551.001   123449.003   123913.005
   110:   124042.009   131724.001   136724.018   138852.003   138858.016
   115:   138908.026   139045.005   139803.009   139926.005   139927.009
   120:   139973.005   140257.009   141820.001   141960.003   142209.001
   125:   147209.018   147855.003   147861.016   147911.026   148207.005
   130:   148741.009   151231.005   151513.009   152398.001   155526.003
   135:   155577.001   156830.003   157242.005   157585.009   157602.005
   140:   157750.009   176115.005   176441.009   176842.001   176912.003
   145:   176986.001   181986.018   184267.003   184273.016   184323.026
   150:   184548.005   185726.009   187205.001   191352.003   191752.005
   155:   191990.009   192054.005   192128.009   192433.001   192470.003
   160:   192907.001   196116.003   196142.001   199186.003   200925.001
   165:   201109.003   201127.001   201190.003   201227.001   206227.018
   170:   206404.003   206410.016   206460.026   206743.005   207610.009
   175:   208496.001   209427.003   209443.001   211434.003   211441.001
   180:   211852.003   211969.001   212410.003   212923.001   213884.003
   185:   213900.001   214935.003   214960.001   216978.003   221903.001
   190:   222010.003   222039.001   223664.003   223676.001   227108.003
   195:   230134.001   230208.003   230228.001   230708.003   230723.001
   200:   234072.003   234198.001   236029.003   236930.001   237785.003
   205:   237798.001   241678.003   242202.005   242424.009   243670.001
   210:   244011.003   244416.001   244719.003   244755.001   248220.003
   215:   248285.001   248428.003   249519.001   254519.018   254845.003
   220:   254851.016   254901.026   255082.005   255685.009   260439.001
   225:   260516.003   260563.001   260624.003   260729.001   265729.018
   230:   266601.003   266607.016   266657.026   266878.005   267806.009
   235:   270337.005   270358.009   270843.001   272597.003   272678.001
   240:   272946.003   273036.001   273221.003   273235.001   277467.003
   245:   277949.005   278047.009   278127.005   278206.009   278550.001
   250:   283405.003   287042.001   291476.003   298710.005   298841.009
   255:   299732.001   299801.003   300006.001   300859.003   300899.001
   260:   301023.003   301033.001   305402.003   305889.005   305969.009
   265:   310873.005   310876.009   311615.001   311719.003   311878.001
   270:   316812.003   317812.001   317902.003   317940.001   322940.018
   275:   323238.003   323244.016   323294.026   323475.005   324111.009
   280:   324336.005   324376.009   331202.001   336187.003   336673.005
   285:   336798.009   343921.005   343966.009   344480.001   349480.018
   290:   349521.003   349527.016   349577.026   349798.005   350302.009
   295:   350537.005   353267.009   353920.005   354493.009   355009.001
   300:   359874.003   360712.005   360812.009   367454.005   367463.009
   305:   368049.001   372709.003   373300.005   373458.009   373832.001
   310:   374048.003   374093.001   379093.018   379302.003   379308.016
   315:   379358.026   379552.005   380166.009   380208.005   380420.009
   320:   381122.005   381134.009   381713.001   384878.003   384894.001
   325:   385033.003   385197.001   387163.003   387921.001   392733.003
   330:   394989.001   395346.003   395717.001   395815.003   395870.001
   335:   395897.003   396376.001   400333.003   401488.001   405692.003
   340:   407514.001   408478.003   408488.001   408810.003   408827.001
   345:   411786.003   412582.005   412751.009   413742.005   413775.009
   350:   414198.001   418871.003   419792.001   420748.003   420842.001
   355:   420894.003   421119.001   421876.003   422150.001   422240.003
   360:   422257.001   425146.003   426529.001   431529.018   431762.003
   365:   431768.016   431818.026   432066.005   432681.009   434396.001
   370:   434515.003   434639.001   439639.018   439890.003   439896.016
   375:   439946.026   440208.005   441306.009   443794.001   443897.003
   380:   444022.001   444039.003   444082.001   449082.018   450224.003
   385:   450230.016   450280.026   450549.005   451565.009   453463.001
   390:   454330.003   454342.001   458553.003   459615.001   464325.003
   395:   465699.001   468410.003   469119.005   469718.009   471560.005
   400:   471619.009   472663.001   477456.003   479298.001   484298.018
   405:   484910.003   484916.016   484966.026   485185.005   485508.009
   410:   487479.001   487642.003   487659.001   492659.018   493203.003
   415:   493209.016   493259.026   493518.005   494549.009   496700.001
   420:   501700.018   502206.003   502212.016   502262.026   502358.005
   425:   502985.009   503010.005   503434.009   505032.005   505078.009
   430:   505087.005   505118.009   505644.001   505822.003   506056.001
   435:   510673.003   511175.005   511427.009   511756.001   516756.018
   440:   517031.003   517037.016   517087.026   517319.005   517695.009
   445:   520188.001   525188.018   525487.003   525493.016   525543.026
   450:   525820.005   526577.009   526633.005   526805.009   528171.005
   455:   528343.009   529279.001   534021.003   534551.005   534781.009
   460:   535853.001   540432.003   543582.005   543664.009   544431.001
   465:   549431.018   550974.003   550980.016   551030.026   551245.005
   470:   551797.009   553150.005   553155.009   553845.001   554351.003
   475:   554374.001   558963.003   559847.001   564271.003   564857.005
   480:   565153.009   565614.001   570071.003   571025.001   575512.003
   485:   576173.001   580210.003   581087.001   584488.003   588821.005
   490:   589731.009   590598.001   595598.018   595966.003   595972.016
   495:   596022.026   596308.005   597090.009   598427.001   598626.003
   500:   598686.001   603094.003   603637.005   603716.009   604085.001
   505:   608464.003   618340.005   618521.009   619007.001   623639.003
   510:   624184.001   628185.003   631378.005   631386.009   658364.001
   515:   658395.003   658468.001   663242.003   664337.001   668063.003
   520:   668908.001   672764.003   674601.005   674619.009   674632.005
   525:   674647.009   675230.001   680089.003   681673.001   684821.003
   530:   685482.005   685561.009   689337.005   689437.009   689472.005
   535:   689508.009   690587.001   695587.018   695592.003   695598.016
   540:   695648.026   695920.005   696494.009   698002.001   702259.003
   545:   703046.001   707365.003   708937.001   709101.003   709115.001
   550:   713755.003   714509.001   718614.003   719675.001   724189.003
   555:   724929.001   729098.003   731021.001   731079.003   731095.001
   560:   731429.003   731728.001   736053.003   738863.001   742713.003
   565:   748880.005   748916.009   749569.001   749648.003   749812.001
   570:   753891.003   754723.001   754876.003   755086.001   755160.003
   575:   755189.001   758830.003   759306.005   759416.009   760645.005
   580:   760724.009   760835.005   760894.009   761435.001   765599.003
   585:   766369.001   766542.003   766761.001   766859.003   767127.001
   590:   770775.003   772336.001   775951.003   777128.005   777531.009
   595:   778243.001   782576.003   783400.001   786551.003   787688.005
   600:   787718.009   788418.001   788647.003   788696.001   793516.003
   605:   795991.001   796005.003   796844.001   800559.003   802922.001
   610:   806769.003   807241.005   807946.009   812303.005   812407.009
   615:   812409.005   812442.009   813222.001   818222.018   818240.003
   620:   818246.016   818296.026   818858.005   819541.009   821427.001
   625:   821605.003   821679.001   825903.003   826508.005   826773.009
   630:   827382.001   827476.003   827566.001   831459.003   832934.001
   635:   836780.003   837304.005   837563.009   843094.005   843442.009
   640:   844061.001   844387.003   844417.001   848072.003   849047.005
   645:   849273.009   856255.005   856356.009   857103.001   857363.003
   650:   857415.001   860816.003   861548.001   861598.003   861635.001
   655:   861722.003   862237.001   866949.003   867502.005   868005.009
   660:   868382.005   868575.009   870716.001   873924.003   875669.005
   665:   875751.009   876326.001   880463.003   881130.005   881581.009
   670:   882283.001   886739.003   889569.001   893648.003   894983.001
   675:   898471.003   899978.005   900409.009   900680.005   901001.009
   680:   904164.001   908880.003   909607.001   909675.003   909736.001
   685:   913237.003   916986.001   917013.003   917057.001   920699.003
   690:   921345.005   921575.009   921694.005   921786.009   925963.005
   695:   926065.009   926092.005   926188.009   927046.001   931669.003
   700:   932318.005   932364.009   933993.001   938795.003   939980.001
   705:   940075.003   941191.001   945872.003   946649.005   946798.009
   710:   951532.005   951541.009   951553.005   951815.009   953564.001
   715:   958564.018   959380.003   959386.016   959436.026   959618.005
   720:   960096.009   960108.005   961051.009   962097.001   966459.003
   725:   967475.001   967541.003   968299.005   968561.009   969041.001
   730:   974041.018   974088.003   974094.016   974144.026   974370.005
   735:   974984.009   975677.005   976414.009   979972.005   980203.009
   740:   984762.005   985122.009   992865.005   992933.009   993975.001
   745:   998975.018   999200.003   999206.016   999256.026   999507.005
   750:  1000190.009  1000299.005  1000301.009  1007657.005  1007688.009
   755:  1008852.001  1009153.003  1009202.001  1014202.018  1014370.003
   760:  1014376.016  1014426.026  1014653.005  1015109.009  1017555.001
   765:  1017731.003  1017753.001  1018062.003  1018134.001  1018297.003
   770:  1018316.001  1021582.003  1022555.001  1026889.003  1027790.001
   775:  1027867.003  1027899.001  1028815.003  1028833.001  1031831.003
   780:  1033287.001  1037179.003  1037725.005  1037827.009  1039569.001
   785:  1043791.003  1045146.001  1045325.003  1045338.001  1045418.003
   790:  1045552.001  1049167.003  1050824.001  1050850.003  1051140.001
   795:  1051267.003  1051290.001  1055122.003  1057445.005  1057465.009
   800:  1057490.005  1057544.009  1058418.001  1062570.003  1063550.001
   805:  1067590.003  1073181.005  1073576.009  1074553.001  1079079.003
   810:  1079953.001  1084104.003  1085063.001  1085122.003  1085149.001
   815:  1089241.003  1091439.001  1096287.003  1097268.001  1097311.003
   820:  1097347.001  1097378.003  1098602.001  1101341.003  1102097.005
   825:  1102120.009  1109431.005  1109510.009  1110185.001  1110496.003
   830:  1110513.001  1110582.003  1110632.001  1115065.003  1115676.005
   835:  1115915.009  1116549.001  1120837.003  1121588.001  1125422.003
   840:  1126007.005  1126022.009  1129393.005  1129475.009  1130167.001
   845:  1131190.003  1131217.001  1134349.003  1135455.001  1136768.003
   850:  1157406.005  1157674.009  1157744.005  1157861.009  1158287.001
   855:  1158938.003  1159459.001  1163973.003  1164491.005  1164855.009
   860:  1169151.005  1169384.009  1185322.005  1185345.009  1185354.005
   865:  1185388.009  1189586.005  1189598.009  1190299.001  1190715.003
   870:  1190749.001  1193597.003  1194167.005  1194312.009  1196883.001
   875:  1200806.003  1203255.001  1203462.003  1203478.001  1207278.003
   880:  1209078.005  1209116.009  1209428.005  1209444.009  1224961.005
   885:  1225081.009  1225127.005  1225166.009  1226739.001  1230212.003
   890:  1233068.005  1233097.009  1233195.005  1233311.009  1256190.005
   895:  1256219.009  1256227.005  1256259.009  1256309.005  1256464.009
   900:  1256533.005  1256590.009  1282510.005  1282527.009  1282577.005
   905:  1282904.009  1357820.005  1357840.009  1357845.005  1357953.009
   910:  1394643.001  1394831.003  1396228.005  1396270.009  1396283.005
   915:  1396316.009  1411418.005  1411565.009  1411699.005  1411776.009
   920:  1427143.005  1427225.009  1427258.005  1427278.009  1427320.005
   925:  1427340.009  1428024.001  1431617.003  1432196.005  1432571.009
   930:  1434189.005  1434216.009  1434849.001  1437035.003  1488844.005
   935:  1488863.009  1488955.005  1488974.009  1489048.005  1489129.009
   940:  1489492.005  1489718.009  1491307.001  1491550.003  1491977.001
   945:  1492019.003  1492101.001  1492245.003  1492717.001  1493002.003
   950:  1493657.005  1493681.009  1493692.005  1493705.009  1493771.005
   955:  1493864.009  1494997.001  1496975.003  1498254.001
B:
     0:        0.000      261.000        0.000      260.000        0.000
     5:      176.000        0.000        0.000        0.000      176.000
    10:        0.000        1.000        0.000        1.000        0.000
    15:        0.000       28.000        0.000       28.000        0.000
    20:        0.000        0.000        0.000        0.000        0.000
    25:        0.000       28.000        0.000        0.000        0.000
    30:        0.000
D:
     0:  1503156.000  1501405.000  1500126.000
E:
     0:     5000.000     5000.000
T:
     0:        0.000        0.000        0.000        0.000
W:
     0:        2.000        0.000        0.000
