File: C:\MED-PC IV\Data\Reyes\BB\BB4109.999


Start Date: 08/02/25
End Date: 08/02/25
Subject: 109
Experiment: BB
Group: NO_TIMEOUT_RET
Box: 5
Start Time: 15:13:14
End Time: 16:03:14
MSN: DRRD_lin
C:       0.000
F:       0.000
G:       0.000
H:       0.000
I:       0.000
J:       0.000
K:   10000.000
L:       0.000
M:       0.000
N:       0.000
O:       0.000
P:       0.000
Q:       0.000
R:       0.000
S:       0.000
U:  156746.000
V:       0.000
X:       0.000
Y:     405.000
Z:       0.000
A:
     0:     5993.005     6384.009     9353.005     9370.009     9966.005
     5:     9983.009    15000.013    15000.011    15893.005    15930.009
    10:    15986.005    16024.009    17329.005    17515.009    17734.001
    15:    17930.003    18101.001    18144.003    18240.001    21457.003
    20:    22704.001    26419.003    26807.001    26864.003    26880.001
    25:    27251.003    27420.001    31336.003    31827.001    36643.003
    30:    37482.001    37976.003    41667.001    41862.003    41895.001
    35:    46792.003    47657.001    47994.003    48042.001    48128.003
    40:    48168.001    48200.003    48251.001    52250.003    52696.005
    45:    52748.009    52763.005    52857.009    53306.001    53675.003
    50:    53711.001    53993.003    54016.001    54110.003    54131.001
    55:    54858.003    54876.001    57693.003    58842.001    58915.003
    60:    58928.001    59440.003    59460.001    62214.003    63181.005
    65:    63218.009    63568.001    68568.018    68784.003    68790.016
    70:    68840.026    69028.005    70572.009    70597.005    70850.009
    75:    71263.005    71281.009    71685.001    71768.003    71830.001
    80:    71904.003    71916.001    71971.003    72024.001    72076.003
    85:    72109.001    77109.018    77228.003    77234.016    77284.026
    90:    77374.005    78167.009    78182.005    78699.009    79786.001
    95:    79942.003    80276.001    84462.003    96558.001    98840.003
   100:    98856.001   101565.003   101999.005   102002.009   102012.005
   105:   102071.009   105013.001   105164.003   105219.001   110146.003
   110:   113451.001   117431.003   118629.001   123629.018   123650.003
   115:   123656.016   123683.001   123706.026   123739.003   123793.005
   120:   125072.009   128873.001   132840.003   133707.001   137545.003
   125:   138677.001   143054.003   144954.005   145030.009   145557.001
   130:   149744.003   153704.001   158462.003   159297.005   159315.009
   135:   160270.001   160521.003   160570.001   160638.003   160675.001
   140:   164110.003   164582.005   164888.009   168623.001   169070.003
   145:   169102.001   173239.003   175639.001   175680.003   175703.001
   150:   180143.003   182547.001   182644.003   182660.001   186584.003
   155:   189430.001   189633.003   189791.001   193619.003   195239.001
   160:   199231.003   199759.005   200401.009   202158.005   202198.009
   165:   202841.001   207841.018   208145.003   208151.016   208201.026
   170:   208405.005   209164.009   209216.005   209219.009   210691.005
   175:   210773.009   211379.001   215431.003   216237.001   219914.003
   180:   220492.001   224723.003   226277.001   230383.003   231449.001
   185:   235896.003   236860.001   240700.003   241883.001   242110.003
   190:   242133.001   245401.003   250633.001   250678.003   250705.001
   195:   255245.003   255292.001   255420.003   257692.001   257819.003
   200:   257948.001   258012.003   258044.001   262044.003   262889.001
   205:   267253.003   270125.005   270254.009   270280.005   270303.009
   210:   270353.005   270526.009   271435.001   276435.018   276671.003
   215:   276677.016   276727.026   276968.005   277463.009   280192.005
   220:   280212.009   280237.005   280340.009   281725.001   281777.003
   225:   281869.001   286064.003   287601.001   287832.003   287864.001
   230:   292783.003   296370.001   300444.003   301702.001   305563.003
   235:   308081.001   308281.003   308299.001   312017.003   313070.001
   240:   316814.003   323944.005   324044.009   325174.001   328871.003
   245:   331442.005   331839.009   400885.005   400925.009   411929.005
   250:   411978.009   411999.005   412017.009   417513.005   417673.009
   255:   424988.005   425026.009   425029.005   425083.009   427034.001
   260:   428729.003   432022.005   432072.009   476176.005   477063.009
   265:   541614.005   541642.009   566616.005   566644.009   566897.005
   270:   566900.009   653836.005   654560.009   671052.005   671068.009
   275:   682171.005   682300.009   690913.005   691939.009   772127.005
   280:   772177.009   772189.005   772218.009   777175.005   777449.009
   285:   778825.001   779339.003   780318.005   780338.009   780853.001
   290:   783614.003   785824.001   789391.003   791033.001   793848.003
   295:   794530.005   794702.009   797345.005   797374.009   798938.001
   300:   799700.003   800839.001   801471.003   801529.001   802262.003
   305:   822955.005   822996.009   823005.005   823053.009   823132.005
   310:   823706.009   935354.005   935513.009   936540.001   936744.003
   315:   937197.001   938602.003   940223.001   941975.003   942617.001
   320:   945610.003   946598.001   947079.003   947164.001   949527.003
   325:   951396.001   955112.003   955878.005   955927.009   957847.001
   330:   957937.003   958003.001   961520.003   962555.001   965354.003
   335:   966642.005   966988.009   969436.001   974196.003   978533.005
   340:   978818.009   980199.001   984337.003   985258.005   985286.009
   345:   985455.005   985581.009   988995.005   989141.009   989530.005
   350:   989921.009  1024210.005  1024252.009  1028169.005  1028194.009
   355:  1030518.001  1030817.003  1040438.005  1040740.009  1054731.005
   360:  1054807.009  1135393.005  1135694.009  1164170.005  1164196.009
   365:  1164281.005  1164385.009  1193089.001  1193399.003  1195093.005
   370:  1195632.009  1195798.005  1195890.009  1210690.005  1210705.009
   375:  1210735.005  1210769.009  1211032.005  1211081.009  1335914.005
   380:  1335922.009  1335967.005  1336096.009  1336148.005  1336154.009
   385:  1336190.005  1336235.009  1367300.005  1367537.009  1421768.005
   390:  1421785.009  1421811.005  1422073.009  1450994.005  1451001.009
   395:  1451018.005  1451238.009  1454158.005  1454183.009  1464191.005
   400:  1464247.009  1464263.005  1464320.009  1464354.005  1464593.009
B:
     0:        0.000      104.000        0.000      104.000        0.000
     5:       90.000        0.000        0.000        0.000       90.000
    10:        0.000        1.000        0.000        1.000        0.000
    15:        0.000        5.000        0.000        5.000        0.000
    20:        0.000        0.000        0.000        0.000        0.000
    25:        0.000        5.000        0.000        0.000        0.000
    30:        0.000
D:
     0:  1350144.000  1349835.000  1350145.000
E:
     0:     5000.000     5000.000
T:
     0:        0.000        0.000        0.000        0.000
W:
     0:        0.000        0.000        0.000
