File: C:\MED-PC IV\Data\Reyes\BB\BB5113.999


Start Date: 08/05/25
End Date: 08/05/25
Subject: 113
Experiment: BB
Group: 20_LONG
Box: 3
Start Time: 16:13:26
End Time: 16:47:49
MSN: DRRD_timeout_retract
C:       0.000
F:       5.000
G:       0.000
H:       0.000
I:       0.000
J:       0.000
K:   10000.000
L:       0.000
M:       0.000
N:     100.000
O:       0.000
P:   10000.000
Q:       0.000
R:       0.000
S:       0.000
U: 1802050.000
V:       0.000
X:       0.000
Y:    1168.000
Z:       0.000
A:
     0:     3825.005     3915.009     3988.005     4182.009     4187.005
     5:     4306.009     7847.005     7918.009     7933.005     7948.009
    10:     7969.005     7998.009     8019.005     8134.009     8358.005
    15:     8386.009     8398.005     8447.009    12499.005    12612.009
    20:    12884.005    13088.009    13159.005    13546.009    13547.005
    25:    13565.009    13608.005    13618.009    13708.005    13767.009
    30:    15000.013    15000.011    16051.001    16207.003    16212.023
    35:    16212.021    16291.001    16310.003    21742.005    21760.009
    40:    21811.005    21865.009    22569.005    22609.009    23017.005
    45:    23040.009    25072.005    25102.009    26213.013    26213.011
    50:    26832.001    31832.018    31882.003    31888.016    31938.026
    55:    32072.005    32679.009    33548.001    37712.003    37717.023
    60:    37717.021    37938.005    37970.009    37991.005    38022.009
    65:    38029.005    38464.009    39708.005    39733.009    41874.005
    70:    41969.009    44943.005    45035.009    45136.005    45155.009
    75:    45321.005    45346.009    47718.013    47718.011    48496.001
    80:    48964.003    48969.023    48969.021    48979.001    49552.003
    85:    50883.005    50961.009    53401.005    53432.009    58194.005
    90:    58256.009    58970.013    58970.011    59371.001    63945.003
    95:    63950.023    63950.021    64592.005    64604.009    64620.005
   100:    64963.009    65009.005    65142.009    70752.005    70762.009
   105:    70766.005    70902.009    73951.013    73951.011    74286.001
   110:    78644.003    78649.023    78649.021    78923.005    78949.009
   115:    78963.005    79497.009    79562.005    79918.009    80196.005
   120:    80350.009    82658.005    82661.009    82663.005    82754.009
   125:    87026.005    87107.009    88650.013    88650.011    88852.001
   130:    88972.003    88977.023    88977.021    93046.005    93068.009
   135:    94394.005    94413.009    94426.005    94602.009    94630.005
   140:    94639.009    98978.013    98978.011    99769.001   104769.018
   145:   105965.003   105971.016   106021.026   106194.005   106723.009
   150:   107272.001   111451.003   111456.023   111456.021   111498.001
   155:   111582.003   121457.013   121457.011   121688.001   126688.018
   160:   126828.003   126834.016   126884.026   126962.005   127617.009
   165:   128197.001   132573.003   132578.023   132578.021   132679.005
   170:   132973.009   141395.005   141542.009   141629.005   141643.009
   175:   142579.013   142579.011   143737.001   148656.003   148661.023
   180:   148661.021   148807.005   148997.009   155027.005   155058.009
   185:   158662.013   158662.011   159004.001   159437.003   159442.023
   190:   159442.021   159452.001   160495.003   167226.005   167327.009
   195:   169443.013   169443.011   170755.001   173729.003   173734.023
   200:   173734.021   173770.001   173845.003   181542.005   181743.009
   205:   183735.013   183735.011   184324.001   185117.003   185122.023
   210:   185122.021   185135.001   185735.003   195123.013   195123.011
   215:   195776.001   197489.003   197494.023   197494.021   197503.001
   220:   198244.003   200235.005   200244.009   200263.005   200286.009
   225:   200350.005   200555.009   206831.005   206856.009   206879.005
   230:   207051.009   207120.005   207148.009   207495.013   207495.011
   235:   207787.005   207813.009   208280.001   213280.018   213819.003
   240:   213825.016   213875.026   213982.005   214337.009   214345.005
   245:   214355.009   214368.005   214394.009   214412.005   214419.009
   250:   214976.001   219708.003   219713.023   219713.021   223265.005
   255:   223308.009   224710.005   224762.009   229714.013   229714.011
   260:   230097.001   230405.003   230410.023   230410.021   230429.001
   265:   230921.003   232442.005   232459.009   234759.005   234831.009
   270:   237738.005   237771.009   240411.013   240411.011   241493.001
   275:   246493.018   247299.003   247305.016   247355.026   247442.005
   280:   248077.009   248101.005   248129.009   248148.005   248156.009
   285:   248629.001   253197.003   253202.023   253202.021   253307.005
   290:   253579.009   259187.005   259200.009   259422.005   259476.009
   295:   259483.005   259533.009   259860.005   259868.009   263203.013
   300:   263203.011   263600.001   268600.018   269291.003   269297.016
   305:   269347.026   269465.005   270000.009   270331.001   271594.003
   310:   271599.023   271599.021   271603.001   271669.003   273505.005
   315:   273542.009   273591.005   273641.009   273714.005   273813.009
   320:   281600.013   281600.011   282389.001   282877.003   282882.023
   325:   282882.021   282899.001   282953.003   282972.001   283006.003
   330:   287597.005   287678.009   287737.005   287897.009   292883.013
   335:   292883.011   293759.001   298759.018   299058.003   299064.016
   340:   299114.026   299206.005   299528.009   299532.005   299565.009
   345:   299968.001   304968.018   306951.003   306957.016   307007.026
   350:   307080.005   307477.009   307491.005   307509.009   307934.001
   355:   312934.018   313263.003   313269.016   313319.026   313408.005
   360:   313727.009   313748.005   313784.009   314222.001   314438.003
   365:   314443.023   314443.021   315884.005   315961.009   315982.005
   370:   316160.009   316165.005   316173.009   319465.005   319489.009
   375:   319566.005   319619.009   324444.013   324444.011   325236.001
   380:   325516.003   325521.023   325521.021   325593.001   325634.003
   385:   326935.005   327241.009   327315.005   327361.009   327368.005
   390:   327378.009   331064.005   331091.009   332078.005   332137.009
   395:   332690.005   332716.009   332854.005   332959.009   333058.005
   400:   333075.009   335522.013   335522.011   335931.001   340931.018
   405:   342735.003   342741.016   342791.026   342909.005   343437.009
   410:   343487.005   343494.009   343496.005   343504.009   344418.001
   415:   344624.003   344629.023   344629.021   344673.001   345137.003
   420:   346179.005   346208.009   346212.005   346249.009   349132.005
   425:   349251.009   349640.005   349728.009   349760.005   349949.009
   430:   351275.005   351285.009   351352.005   351374.009   354630.013
   435:   354630.011   354993.001   359993.018   360616.003   360622.016
   440:   360672.026   360803.005   361317.009   361642.001   366642.018
   445:   367236.003   367242.016   367292.026   367468.005   367773.009
   450:   367839.005   367872.009   368305.001   373305.018   375483.003
   455:   375489.016   375539.026   375651.005   375934.009   375953.005
   460:   375966.009   376733.001   377132.003   377137.023   377137.021
   465:   377149.001   377278.003   379303.005   379336.009   381894.005
   470:   381912.009   382038.005   382217.009   387138.013   387138.011
   475:   387704.001   392704.018   394447.003   394453.016   394503.026
   480:   394571.005   395234.009   395697.005   395826.009   396223.001
   485:   400776.003   400781.023   400781.021   404274.005   404286.009
   490:   405932.005   405983.009   405987.005   406021.009   410782.013
   495:   410782.011   410947.001   410969.003   410974.023   410974.021
   500:   412406.005   412411.009   412417.005   412513.009   417940.005
   505:   418043.009   420975.013   420975.011   421705.001   426705.018
   510:   427455.003   427461.016   427511.026   427610.005   428047.009
   515:   428061.005   428076.009   428077.005   428089.009   428699.001
   520:   433699.018   434316.003   434322.016   434372.026   434424.005
   525:   434797.009   434803.005   434866.009   434874.005   434900.009
   530:   434929.005   435086.009   435102.005   435141.009   435147.005
   535:   435153.009   435893.001   440893.018   442027.003   442033.016
   540:   442083.026   442142.005   442505.009   443181.001   448181.018
   545:   448461.003   448467.016   448517.026   448600.005   449167.009
   550:   450159.001   455159.018   455992.003   455998.016   456048.026
   555:   456192.005   456583.009   456608.005   456617.009   456618.005
   560:   456626.009   457078.001   461592.003   461597.023   461597.021
   565:   461740.005   461797.009   470725.005   470799.009   471598.013
   570:   471598.011   471930.001   471986.003   471991.023   471991.021
   575:   472074.001   472092.003   481992.013   481992.011   482902.001
   580:   483081.003   483086.023   483086.021   483113.001   483152.003
   585:   491426.005   491437.009   493087.013   493087.011   493442.001
   590:   493892.003   493897.023   493897.021   503898.013   503898.011
   595:   505321.001   505410.003   505415.023   505415.021   510170.005
   600:   510272.009   515416.013   515416.011   515659.001   520109.003
   605:   520114.023   520114.021   520294.005   520384.009   520439.005
   610:   520695.009   529172.005   529413.009   530115.013   530115.011
   615:   530374.001   535374.018   535991.003   535997.016   536047.026
   620:   536153.005   536484.009   536488.005   536494.009   536924.001
   625:   541924.018   542869.003   542875.016   542925.026   542986.005
   630:   543412.009   545140.001   545522.003   545527.023   545527.021
   635:   545550.001   545639.003   548796.005   548847.009   548848.005
   640:   548883.009   548894.005   548949.009   555528.013   555528.011
   645:   556326.001   556530.003   556535.023   556535.021   557063.005
   650:   557204.009   566520.005   566536.013   566536.011   566701.009
   655:   567282.001   567499.003   567504.023   567504.021   567506.001
   660:   567610.003   576626.005   576797.009   577505.013   577505.011
   665:   577771.001   577868.003   577873.023   577873.021   577912.001
   670:   578060.003   579451.005   579596.009   583946.005   583981.009
   675:   587874.013   587874.011   588097.001   588264.003   588269.023
   680:   588269.021   588332.001   588587.003   591925.005   592034.009
   685:   592052.005   592066.009   592079.005   592276.009   598270.013
   690:   598270.011   598520.001   603419.003   603424.023   603424.021
   695:   603618.005   603706.009   603849.005   604271.009   611708.005
   700:   611771.009   611791.005   611873.009   612711.005   612722.009
   705:   612737.005   612874.009   613425.013   613425.011   613971.005
   710:   614069.009   614452.001   614533.003   614538.023   614538.021
   715:   616772.005   616780.009   616817.005   616871.009   616897.005
   720:   616916.009   624241.005   624274.009   624302.005   624370.009
   725:   624539.013   624539.011   624759.001   625413.003   625418.023
   730:   625418.021   633469.005   633564.009   634023.005   634114.009
   735:   635398.005   635419.013   635419.011   635651.009   635662.005
   740:   635686.009   636050.001   636602.003   636607.023   636607.021
   745:   637219.005   637731.009   638774.005   638795.009   640526.005
   750:   640644.009   640696.005   640735.009   646608.013   646608.011
   755:   647178.001   649049.003   649054.023   649054.021   649194.005
   760:   649209.009   649220.005   650222.009   652982.005   653116.009
   765:   653190.005   653268.009   654078.005   654106.009   654132.005
   770:   654139.009   654154.005   654168.009   654228.005   654242.009
   775:   654278.005   654292.009   654394.005   654474.009   654476.005
   780:   654488.009   654492.005   654792.009   656916.005   657096.009
   785:   657102.005   657143.009   657146.005   657267.009   657430.005
   790:   657477.009   657575.005   657961.009   659055.013   659055.011
   795:   659252.001   659465.003   659470.023   659470.021   663311.005
   800:   663359.009   664143.005   664171.009   664183.005   664196.009
   805:   664468.005   664471.009   666028.005   666128.009   668080.005
   810:   668096.009   669471.013   669471.011   669772.001   669805.003
   815:   669810.023   669810.021   674171.005   674319.009   674371.005
   820:   674546.009   679811.013   679811.011   680444.001   685114.003
   825:   685119.023   685119.021   685218.005   685530.009   695120.013
   830:   695120.011   695735.001   700735.018   701272.003   701278.016
   835:   701328.026   701433.005   701917.009   702321.001   702616.003
   840:   702621.023   702621.021   702626.001   703043.003   710609.005
   845:   710811.009   712622.013   712622.011   712943.005   712970.009
   850:   713413.001   718413.018   718670.003   718676.016   718726.026
   855:   718769.005   719120.009   719194.005   719216.009   720037.001
   860:   725037.018   725163.003   725169.016   725219.026   725322.005
   865:   725705.009   725716.005   725722.009   726665.001   731665.018
   870:   732501.003   732507.016   732557.026   732620.005   733060.009
   875:   733696.001   738696.018   739248.003   739254.016   739304.026
   880:   739436.005   739873.009   741444.001   746073.003   746078.023
   885:   746078.021   746223.005   746334.009   746363.005   746866.009
   890:   746901.005   746911.009   756079.013   756079.011   756883.001
   895:   761883.018   762195.003   762201.016   762251.026   762323.005
   900:   762776.009   763271.001   768271.018   769226.003   769232.016
   905:   769282.026   769415.005   769879.009   770679.001   775679.018
   910:   776531.003   776537.016   776587.026   776656.005   777001.009
   915:   778073.001   780185.003   780190.023   780190.021   780207.001
   920:   780309.003   781303.005   781323.009   781336.005   781580.009
   925:   790191.013   790191.011   791275.001   795963.003   795968.023
   930:   795968.021   796189.005   796459.009   805969.013   805969.011
   935:   806267.001   810714.003   810719.023   810719.021   811049.005
   940:   812074.009   812093.005   812283.009   817402.005   817442.009
   945:   817460.005   817473.009   817887.005   817943.009   817946.005
   950:   818049.009   820720.013   820720.011   820966.001   821218.003
   955:   821223.023   821223.021   821237.001   821612.003   825177.005
   960:   825193.009   825215.005   825233.009   831224.013   831224.011
   965:   831456.001   835421.003   835426.023   835426.021   835538.005
   970:   835860.009   844385.005   844539.009   845427.013   845427.011
   975:   845673.001   845710.003   845715.023   845715.021   845757.001
   980:   845840.003   853381.005   853419.009   855716.013   855716.011
   985:   856355.001   861355.018   862396.003   862402.016   862452.026
   990:   862548.005   862848.009   862860.005   862876.009   863293.001
   995:   868293.018   869172.003   869178.016   869228.026   869320.005
  1000:   869683.009   870240.001   875240.018   876127.003   876133.016
  1005:   876183.026   876260.005   876581.009   876587.005   876623.009
  1010:   877126.001   882126.018   882890.003   882896.016   882946.026
  1015:   883025.005   883526.009   884494.001   889494.018   889895.003
  1020:   889901.016   889951.026   890090.005   890879.009   891834.001
  1025:   896834.018   897338.003   897344.016   897394.026   897520.005
  1030:   898138.009   898143.005   898151.009   898874.001   903874.018
  1035:   904396.003   904402.016   904452.026   904564.005   905049.009
  1040:   905554.001   910554.018   910912.003   910918.016   910968.026
  1045:   911118.005   911590.009   912654.001   917654.018   917735.003
  1050:   917741.016   917791.026   917838.005   918211.009   918239.005
  1055:   918246.009   919444.001   924137.003   924142.023   924142.021
  1060:   924286.005   924891.009   934143.013   934143.011   934480.001
  1065:   936496.003   936501.023   936501.021   936505.001   936617.003
  1070:   946502.013   946502.011   946945.001   947129.003   947134.023
  1075:   947134.021   947147.001   947461.003   952643.005   952693.009
  1080:   957135.013   957135.011   957416.001   957532.003   957537.023
  1085:   957537.021   957569.001   957644.003   967508.005   967538.013
  1090:   967538.011   967679.009   968019.001   972429.003   972434.023
  1095:   972434.021   972649.005   973152.009   980322.005   980452.009
  1100:   980813.005   980906.009   982435.013   982435.011   982685.001
  1105:   987615.003   987620.023   987620.021   987734.005   987936.009
  1110:   992974.005   992985.009   993350.005   993474.009   993954.005
  1115:   994137.009   994202.005   994328.009   994431.005   994439.009
  1120:   994450.005   994459.009   997621.013   997621.011   998500.001
  1125:  1003500.018  1004035.003  1004041.016  1004091.026  1004220.005
  1130:  1004628.009  1005266.001  1010266.018  1011001.003  1011007.016
  1135:  1011057.026  1011196.005  1011510.009  1011939.001  1016939.018
  1140:  1017887.003  1017893.016  1017943.026  1017994.005  1018357.009
  1145:  1018363.005  1018386.009  1018400.005  1018440.009  1018441.005
  1150:  1018460.009  1019330.001  1024330.018  1024809.003  1024815.016
  1155:  1024865.026  1024979.005  1025331.009  1025879.001  1030879.018
  1160:  1031075.003  1031081.016  1031131.026  1031133.061  1031134.061
  1165:  1031135.061  1031136.061  1031137.061
B:
     0:        0.000      127.000        0.000      127.000        0.000
     5:      275.000        0.000        0.000        0.000      275.000
    10:        0.000       58.000        0.000       58.000        0.000
    15:        0.000       43.000        0.000       43.000        0.000
    20:        0.000       57.000        0.000       57.000        0.000
    25:        0.000       43.000        0.000        0.000        0.000
    30:        0.000
D:
     0:  2833124.000  2827929.000  2833125.000
E:
     0:     5000.000     5000.000
T:
     0:        0.000        0.000        0.000        0.000
W:
     0:        0.000        0.000        0.000
