File: C:\MED-PC IV\Data\Reyes\BB\BB5111.999


Start Date: 08/07/25
End Date: 08/07/25
Subject: 111
Experiment: BB
Group: 20_LONG
Box: 1
Start Time: 16:07:40
End Time: 16:57:40
MSN: DRRD_timeout_retract
C:       0.000
F:       0.000
G:       0.000
H:       0.000
I:       0.000
J:       0.000
K:   10000.000
L:       0.000
M:       0.000
N:      21.000
O:       0.000
P:   10000.000
Q:       0.000
R:       0.000
S:       0.000
U:    2350.000
V:       0.000
X:       0.000
Y:     338.000
Z:       0.000
A:
     0:     4124.005     4384.009    15000.013    15000.011    15233.001
     5:    15791.003    15796.023    15796.021    15910.001    15964.003
    10:    16186.005    16571.009    25797.013    25797.011    26579.001
    15:    26935.003    26940.023    26940.021    27525.005    27542.009
    20:    27544.005    27792.009    36941.013    36941.011    37756.001
    25:    38161.003    38166.023    38166.021    38287.001    38309.003
    30:    39482.005    39601.009    48167.013    48167.011    49416.001
    35:    49756.003    49761.023    49761.021    54288.005    54438.009
    40:    54505.005    54520.009    59762.013    59762.011    62048.001
    45:    62330.003    62335.023    62335.021    72336.013    72336.011
    50:    89400.001    89980.003    89985.023    89985.021    90931.005
    55:    91243.009    97724.005    97736.009    99986.013    99986.011
    60:   104709.001   106130.003   106135.023   106135.021   112111.005
    65:   112236.009   116136.013   116136.011   117917.001   118233.003
    70:   118238.023   118238.021   128239.013   128239.011   140111.001
    75:   140327.003   140332.023   140332.021   141051.005   141621.009
    80:   141820.005   141868.009   141874.005   142549.009   150333.013
    85:   150333.011   152115.001   152411.003   152416.023   152416.021
    90:   152435.001   152511.003   162417.013   162417.011   164993.001
    95:   165350.003   165355.023   165355.021   165398.001   165460.003
   100:   175356.013   175356.011   209168.001   209439.003   209444.023
   105:   209444.021   210219.005   210613.009   219445.013   219445.011
   110:   275934.001   276146.003   276151.023   276151.021   276170.001
   115:   276297.003   286152.013   286152.011   376973.001   377599.003
   120:   377604.023   377604.021   377659.001   377766.003   378946.005
   125:   379307.009   379373.005   379659.009   379690.005   381747.009
   130:   381791.005   381823.009   381859.005   381883.009   382185.005
   135:   383266.009   383362.005   384525.009   385023.005   385062.009
   140:   385064.005   385361.009   385443.005   385471.009   385972.005
   145:   385996.009   386041.005   386942.009   386949.005   387349.009
   150:   387426.005   387508.009   387520.005   387545.009   387575.005
   155:   387605.013   387605.011   387610.009   387917.005   389887.009
   160:   391522.001   391802.003   391807.023   391807.021   401808.013
   165:   401808.011   433163.001   434003.003   434008.023   434008.021
   170:   439989.005   441283.009   441309.005   441615.009   441625.005
   175:   441958.009   441966.005   442115.009   442145.005   442166.009
   180:   442197.005   442300.009   442362.005   442385.009   442412.005
   185:   442433.009   442460.005   442481.009   442515.005   442537.009
   190:   442600.005   442621.009   442629.005   442774.009   442782.005
   195:   442889.009   442914.005   443167.009   443355.005   443731.009
   200:   443824.005   444009.013   444009.011   444128.009   445420.001
   205:   445729.003   445734.023   445734.021   446268.005   446993.009
   210:   447107.005   447151.009   447230.005   447243.009   447798.005
   215:   447899.009   447900.005   448117.009   448120.005   448977.009
   220:   449021.005   449039.009   449060.005   449102.009   449147.005
   225:   449173.009   449175.005   449188.009   449207.005   449226.009
   230:   449242.005   449787.009   449845.005   449899.009   449947.005
   235:   449961.009   449985.005   450215.009   450375.005   450456.009
   240:   450517.005   450596.009   450710.005   450727.009   450728.005
   245:   450743.009   450773.005   452044.009   452048.005   452960.009
   250:   452979.005   452992.009   453000.005   453027.009   453207.005
   255:   453219.009   453233.005   453388.009   453544.005   454109.009
   260:   454179.005   454195.009   454264.005   454309.009   454317.005
   265:   455215.009   455228.005   455236.009   455243.005   455489.009
   270:   455512.005   455735.013   455735.011   456141.009   456163.005
   275:   456185.009   456303.005   456320.009   456324.005   456335.009
   280:   456348.005   456513.009   456523.005   456526.009   456622.005
   285:   456635.009   456658.005   458283.009   460155.001   460472.003
   290:   460477.023   460477.021   461441.005   462649.009   462656.005
   295:   462701.009   462715.005   463159.009   463166.005   463747.009
   300:   463841.005   463869.009   464030.005   464766.009   464807.005
   305:   464963.009   464970.005   465032.009   465091.005   465434.009
   310:   465483.005   467949.009   470478.013   470478.011   733252.001
   315:   733457.003   733462.023   733462.021   743463.013   743463.011
   320:   941517.005   941550.009  1145723.001  1145983.003  1145988.023
   325:  1145988.021  1155989.013  1155989.011  1213518.005  1214116.009
   330:  1214370.005  1217069.009  1224425.001  1224717.003  1224722.023
   335:  1224722.021  1234723.013  1234723.011
B:
     0:        0.000       27.000        0.000       27.000        0.000
     5:       99.000        0.000        0.000        0.000       99.000
    10:        0.000       22.000        0.000       22.000        0.000
    15:        0.000        0.000        0.000        0.000        0.000
    20:        0.000       21.000        0.000       21.000        0.000
    25:        0.000        0.000        0.000        0.000        0.000
    30:        0.000
D:
     0:  1227066.000  1226775.000  1227067.000
E:
     0:     5000.000     5000.000
T:
     0:        0.000        0.000        0.000        0.000
W:
     0:        0.000        0.000        0.000
