File: C:\MED-PC IV\Data\Reyes\BB\BB5114.999


Start Date: 08/05/25
End Date: 08/05/25
Subject: 114
Experiment: BB
Group: 20_LONG
Box: 4
Start Time: 16:13:26
End Time: 16:45:35
MSN: DRRD_timeout_retract
C:       0.000
F:       3.000
G:       0.000
H:       0.000
I:       0.000
J:       0.000
K:   10000.000
L:       0.000
M:       0.000
N:     100.000
O:       0.000
P:   10000.000
Q:       0.000
R:       0.000
S:       0.000
U: 1802050.000
V:       0.000
X:       0.000
Y:     872.000
Z:       0.000
A:
     0:    10994.005    11026.009    14058.005    14517.009    15000.013
     5:    15000.011    15254.001    16059.003    16064.023    16064.021
    10:    16890.005    17346.009    21686.005    21703.009    26065.013
    15:    26065.011    26820.001    27195.003    27200.023    27200.021
    20:    27218.001    27359.003    36360.005    36606.009    36704.005
    25:    36722.009    36723.005    36738.009    37201.013    37201.011
    30:    37542.001    39274.003    39279.023    39279.021    39295.001
    35:    39307.003    39985.005    40191.009    40199.005    40319.009
    40:    49280.013    49280.011    49819.001    52231.003    52236.023
    45:    52236.021    55806.005    55945.009    55961.005    56189.009
    50:    56214.005    56857.009    59082.005    59281.009    62237.013
    55:    62237.011    62841.001    67439.003    67444.023    67444.021
    60:    67470.001    67549.003    69428.005    69672.009    70012.005
    65:    70208.009    75688.005    75870.009    75978.005    76130.009
    70:    77445.013    77445.011    78039.001    83039.018    83679.003
    75:    83685.016    83735.026    83940.005    84285.009    86968.005
    80:    87211.009    87716.001    92716.018    93015.003    93021.016
    85:    93071.026    93174.005    93561.009    94975.001    95055.003
    90:    95060.023    95060.021    97492.005    97810.009    98808.005
    95:    98845.009    99273.005    99301.009    99309.005    99337.009
   100:   105061.013   105061.011   105330.001   110330.018   110375.003
   105:   110381.016   110431.026   110664.005   111352.009   111362.005
   110:   111373.009   112570.001   112671.003   112676.023   112676.021
   115:   113842.005   114352.009   114640.005   114767.009   116099.005
   120:   116202.009   117469.005   117541.009   122677.013   122677.011
   125:   122880.001   126640.003   126645.023   126645.021   127883.005
   130:   128192.009   133592.005   133662.009   136646.013   136646.011
   135:   136817.001   141817.018   141986.003   141992.016   142042.026
   140:   142088.001   142121.003   142126.023   142126.021   142234.005
   145:   142912.009   152127.013   152127.011   152255.001   157255.018
   150:   158842.003   158848.016   158898.026   159100.005   159711.009
   155:   163335.005   163846.009   164244.001   169244.018   169958.003
   160:   169964.016   169996.001   170014.026   170053.003   170058.023
   165:   170058.021   170127.005   170682.009   173490.005   173524.009
   170:   173997.005   174076.009   179370.005   179477.009   179559.005
   175:   179568.009   180059.013   180059.011   180333.001   185333.018
   180:   185874.003   185880.016   185930.026   186123.005   186675.009
   185:   187270.001   187944.003   187949.023   187949.021   189971.005
   190:   190181.009   197950.013   197950.011   199420.001   204420.018
   195:   207497.003   207503.016   207553.026   207741.005   208239.009
   200:   212882.001   217882.018   219746.003   219752.016   219802.026
   205:   220014.005   220437.009   221221.001   226221.018   227664.003
   210:   227670.016   227720.026   227876.005   228607.009   228610.005
   215:   228616.009   229689.001   234689.018   235759.003   235765.016
   220:   235815.026   235936.005   236385.009   237784.001   237942.003
   225:   237947.023   237947.021   237954.001   238073.003   240010.005
   230:   240078.009   247948.013   247948.011   248158.001   253158.018
   235:   254460.003   254466.016   254516.026   254799.005   255512.009
   240:   256623.001   261623.018   265080.003   265086.016   265136.026
   245:   265300.005   265696.009   265799.005   265814.009   266867.001
   250:   271867.018   273086.003   273092.016   273142.026   273266.005
   255:   273647.009   274777.001   279777.018   282047.003   282053.016
   260:   282103.026   282107.001   282209.003   282214.023   282214.021
   265:   282259.001   282306.003   283782.005   284628.009   288442.005
   270:   288691.009   289529.005   289631.009   292215.013   292215.011
   275:   292699.001   293732.003   293737.023   293737.021   295424.005
   280:   295546.009   295552.005   295556.009   295664.005   295819.009
   285:   303738.013   303738.011   304059.001   309059.018   309733.003
   290:   309739.016   309789.026   310007.005   310546.009   311359.001
   295:   316359.018   316728.003   316734.016   316784.026   316938.001
   300:   316955.003   316960.023   316960.021   316983.005   317578.009
   305:   317581.005   317596.009   317604.005   317607.009   317610.005
   310:   317628.009   319723.005   319757.009   319891.005   320000.009
   315:   320972.005   321037.009   326961.013   326961.011   327397.001
   320:   332397.018   332428.003   332434.016   332484.026   332771.005
   325:   333214.009   333758.001   333818.003   333823.023   333823.021
   330:   335976.005   336049.009   343824.013   343824.011   344093.001
   335:   349093.018   349358.003   349364.016   349401.001   349414.026
   340:   349492.003   349497.023   349497.021   349579.005   350378.009
   345:   352607.005   352679.009   359498.013   359498.011   359797.001
   350:   360089.003   360094.023   360094.021   363587.005   363714.009
   355:   363804.005   363846.009   370095.013   370095.011   370366.001
   360:   375331.003   375336.023   375336.021   375339.001   375438.003
   365:   376858.005   377113.009   385337.013   385337.011   385831.001
   370:   390831.018   390889.003   390895.016   390945.026   391191.005
   375:   391804.009   392808.001   397808.018   399466.003   399472.016
   380:   399522.026   399531.001   399564.003   399569.023   399569.021
   385:   399614.001   399659.003   400208.005   400796.009   408548.005
   390:   408566.009   409570.013   409570.011   410378.001   415378.018
   395:   417612.003   417618.016   417668.026   417894.005   418505.009
   400:   418522.005   418564.009   419453.001   424453.018   424659.003
   405:   424665.016   424715.026   424981.005   425314.009   426151.001
   410:   426264.003   426269.023   426269.021   436270.013   436270.011
   415:   436469.001   441469.018   443614.003   443620.016   443670.026
   420:   443837.005   444763.009   446180.001   451180.018   451314.003
   425:   451320.016   451370.026   451559.005   452123.009   452965.001
   430:   457965.018   458499.003   458505.016   458555.026   458780.005
   435:   459414.009   460265.001   465265.018   466968.003   466974.016
   440:   467024.026   467121.005   467495.009   468703.001   468812.003
   445:   468817.023   468817.021   478442.005   478527.009   478818.013
   450:   478818.011   479210.001   484210.018   485482.003   485488.016
   455:   485538.026   485720.005   486297.009   486298.005   486335.009
   460:   487029.001   487061.003   487066.023   487066.021   497067.013
   465:   497067.011   497684.001   501579.003   501584.023   501584.021
   470:   501869.005   502477.009   510473.005   510640.009   511585.013
   475:   511585.011   512160.001   517160.018   518972.003   518978.016
   480:   519028.026   519348.005   519904.009   519929.005   520038.009
   485:   520666.001   520763.003   520768.023   520768.021   530769.013
   490:   530769.011   531386.001   532278.003   532283.023   532283.021
   495:   542284.013   542284.011   542730.001   547730.018   548717.003
   500:   548723.016   548773.026   548977.005   549285.009   550270.001
   505:   555270.018   559466.003   559472.016   559522.026   559801.005
   510:   560270.009   561448.001   566448.018   566790.003   566796.016
   515:   566813.001   566846.026   566897.003   566902.023   566902.021
   520:   566964.005   567345.009   568700.005   568859.009   568950.005
   525:   569094.009   569123.005   569622.009   576903.013   576903.011
   530:   577157.001   582157.018   586384.003   586390.016   586440.026
   535:   586620.005   587049.009   588044.001   593044.018   594147.003
   540:   594153.016   594203.026   594376.005   594688.009   595345.001
   545:   595444.003   595449.023   595449.021   596610.005   596816.009
   550:   596833.005   597005.009   605450.013   605450.011   605623.001
   555:   610623.018   614176.003   614182.016   614232.026   614431.005
   560:   614721.009   615321.001   620321.018   622614.003   622620.016
   565:   622670.026   623714.001   623857.003   623862.023   623862.021
   570:   624187.005   624522.009   633863.013   633863.011   634440.001
   575:   639440.018   641925.003   641931.016   641981.026   642160.005
   580:   642702.009   643520.001   648520.018   649952.003   649958.016
   585:   650008.026   650100.005   650791.009   650959.005   651028.009
   590:   651029.005   651034.009   651147.005   651236.009   652436.001
   595:   657436.018   659140.003   659146.016   659196.026   659297.005
   600:   659608.009   661207.001   666207.018   666798.003   666804.016
   605:   666854.026   666897.001   666926.003   666931.023   666931.021
   610:   666955.005   667369.009   675088.005   675124.009   676932.013
   615:   676932.011   677127.001   682127.018   683317.003   683323.016
   620:   683358.001   683373.026   683509.003   683514.023   683514.021
   625:   683559.005   683861.009   685392.005   685506.009   692823.005
   630:   692847.009   693515.013   693515.011   693959.001   698959.018
   635:   699658.003   699664.016   699714.026   699921.005   700591.009
   640:   701068.001   706068.018   708608.003   708614.016   708664.026
   645:   708735.005   709249.009   710431.001   710622.003   710627.023
   650:   710627.021   710643.001   710727.003   711478.005   711511.009
   655:   712569.005   712715.009   720628.013   720628.011   721079.001
   660:   726079.018   726897.003   726903.016   726953.026   727030.005
   665:   727355.009   728528.001   733528.018   736307.003   736313.016
   670:   736363.026   736370.005   736946.009   737863.001   742863.018
   675:   744260.003   744266.016   744316.026   744366.001   744470.003
   680:   744475.023   744475.021   744501.005   744951.009   749059.005
   685:   749100.009   750846.005   751193.009   751201.005   751278.009
   690:   751301.005   751684.009   754476.013   754476.011   755103.001
   695:   755863.003   755868.023   755868.021   755907.001   755965.003
   700:   757403.005   757437.009   765869.013   765869.011   766273.001
   705:   771273.018   772747.003   772753.016   772803.026   772968.005
   710:   773248.009   773756.001   773811.003   773816.023   773816.021
   715:   773859.001   773869.003   778189.005   778294.009   780530.005
   720:   780778.009   783817.013   783817.011   784284.001   784458.003
   725:   784463.023   784463.021   784472.001   784560.003   786859.005
   730:   786953.009   794243.005   794361.009   794464.013   794464.011
   735:   795528.001   799757.003   799762.023   799762.021   800047.005
   740:   800397.009   801410.005   801417.009   807786.005   807818.009
   745:   809763.013   809763.011   810251.001   815251.018   817922.003
   750:   817928.016   817978.026   818142.005   818498.009   819219.001
   755:   824219.018   825993.003   825999.016   826049.026   826132.005
   760:   826616.009   827646.001   832646.018   834318.003   834324.016
   765:   834374.026   834471.005   835116.009   837337.001   837608.003
   770:   837613.023   837613.021   837640.001   837896.003   847614.013
   775:   847614.011   848047.001   849138.003   849143.023   849143.021
   780:   849693.005   849816.009   859144.013   859144.011   859498.001
   785:   864498.018   866368.003   866374.016   866407.001   866424.026
   790:   866486.003   866491.023   866491.021   866535.005   867155.009
   795:   869115.005   869216.009   876492.013   876492.011   876910.001
   800:   881910.018   885840.003   885846.016   885896.026   885967.005
   805:   886360.009   887966.001   892966.018   897671.003   897677.016
   810:   897727.026   897842.005   898223.009   899002.001   904002.018
   815:   905924.003   905930.016   905980.026   906132.005   906642.009
   820:   906644.005   906662.009   907674.001   907802.003   907807.023
   825:   907807.021   913983.005   914009.009   917808.013   917808.011
   830:   918000.001   923000.018   927319.003   927325.016   927375.026
   835:   927543.005   927884.009   928333.001   930438.003   930443.023
   840:   930443.021   930479.001   930543.003   931691.005   931810.009
   845:   940444.013   940444.011   940603.001   945603.018   946432.003
   850:   946438.016   946488.026   946592.005   947173.009   948247.001
   855:   953247.018   955477.003   955483.016   955533.026   955595.005
   860:   956287.009   958304.001   963304.018   964313.003   964319.016
   865:   964369.026   964371.061   964372.061   964373.061   964374.061
   870:   964375.061   964376.001
B:
     0:        0.000      114.000        0.000      113.000        0.000
     5:      148.000        0.000        0.000        0.000      148.000
    10:        0.000       43.000        0.000       43.000        0.000
    15:        0.000       58.000        0.000       58.000        0.000
    20:        0.000       42.000        0.000       42.000        0.000
    25:        0.000       58.000        0.000        0.000        0.000
    30:        0.000
D:
     0:  2766362.000  2760354.000  2766363.000
E:
     0:     5000.000     5000.000
T:
     0:        0.000        0.000        0.000        0.000
W:
     0:        1.000        0.000        0.000
