File: C:\MED-PC IV\Data\Reyes\BB\BB5105.999


Start Date: 08/06/25
End Date: 08/06/25
Subject: 105
Experiment: BB
Group: 20_LONG
Box: 1
Start Time: 15:08:57
End Time: 15:43:11
MSN: DRRD_timeout_retract
C:       0.000
F:       1.000
G:       0.000
H:       0.000
I:       0.000
J:       0.000
K:   10000.000
L:       0.000
M:       0.000
N:     100.000
O:       0.000
P:   10000.000
Q:       0.000
R:       0.000
S:       0.000
U:  164876.000
V:       0.000
X:       0.000
Y:     897.000
Z:       0.000
A:
     0:     3700.005     3711.009     3719.005     3823.009    15000.013
     5:    15000.011    15344.001    18637.003    18642.023    18642.021
    10:    18659.001    19044.003    20057.005    20257.009    22148.005
    15:    22250.009    28643.013    28643.011    28812.001    29220.003
    20:    29225.023    29225.021    29231.001    29549.003    29984.005
    25:    30123.009    33465.005    33549.009    33805.005    33866.009
    30:    39226.013    39226.011    40165.001    43380.003    43385.023
    35:    43385.021    53386.013    53386.011    53864.001    57437.003
    40:    57442.023    57442.021    57899.005    58460.009    67443.013
    45:    67443.011    67635.001    71556.003    71561.023    71561.021
    50:    72050.005    72197.009    72220.005    72229.009    80352.005
    55:    80371.009    81562.013    81562.011    81730.001    86730.018
    60:    87879.003    87885.016    87935.026    88028.005    88424.009
    65:    88642.001    89989.003    89994.023    89994.021    90075.001
    70:    90126.003    96466.005    96571.009    99995.013    99995.011
    75:   100172.001   105172.018   106167.003   106173.016   106223.026
    80:   106393.005   107025.009   107207.001   110338.003   110343.023
    85:   110343.021   110407.001   110459.003   112764.005   113953.009
    90:   114811.005   114830.009   114910.005   114935.009   115002.005
    95:   115264.009   115372.005   115420.009   120344.013   120344.011
   100:   120840.001   125840.018   127198.003   127204.016   127254.026
   105:   127351.005   127579.009   127734.005   127750.009   127935.001
   110:   132935.018   133322.003   133328.016   133378.026   133442.001
   115:   133465.003   133470.023   133470.021   133510.005   133912.009
   120:   133918.005   133942.009   133958.005   134163.009   134820.005
   125:   136098.009   136124.005   136135.009   142769.005   142853.009
   130:   143471.013   143471.011   143617.001   148617.018   151261.003
   135:   151267.016   151317.026   151370.001   151384.003   151389.023
   140:   151389.021   151391.005   151728.009   152287.005   152453.009
   145:   160852.005   160931.009   160968.005   161238.009   161390.013
   150:   161390.011   161481.001   161982.003   161987.023   161987.021
   155:   161993.001   162327.003   162521.001   162810.003   171988.013
   160:   171988.011   172480.001   177480.018   178595.003   178601.016
   165:   178651.026   178723.005   179152.009   179419.001   179835.003
   170:   179840.023   179840.021   182355.005   182612.009   189841.013
   175:   189841.011   190483.001   195483.018   198102.003   198108.016
   180:   198158.026   198173.005   198528.009   198852.001   202597.003
   185:   202602.023   202602.021   203649.005   203947.009   210619.005
   190:   210921.009   212603.013   212603.011   213154.001   218154.018
   195:   218901.003   218907.016   218928.005   218957.026   219448.009
   200:   219779.001   220244.003   220249.023   220249.021   225452.005
   205:   225668.009   230250.013   230250.011   230409.001   235409.018
   210:   236017.003   236023.016   236073.026   236090.005   236527.009
   215:   236837.001   241837.018   244408.003   244414.016   244435.005
   220:   244464.026   245084.009   245390.001   245933.003   245938.023
   225:   245938.021   246001.001   246102.003   248868.005   249456.009
   230:   255939.013   255939.011   256434.001   261434.018   262039.003
   235:   262045.016   262095.026   262103.005   262652.009   262831.001
   240:   267831.018   269780.003   269786.016   269836.005   269836.026
   245:   270387.009   270740.001   271676.003   271681.023   271681.021
   250:   271709.001   271831.003   272324.005   272881.009   272916.005
   255:   272926.009   274935.005   275462.009   279486.005   279633.009
   260:   281682.013   281682.011   281902.001   286902.018   290970.005
   265:   290982.003   290988.016   291038.026   291702.009   292208.001
   270:   292754.003   292759.023   292759.021   292810.001   293093.003
   275:   293374.005   293996.009   302760.013   302760.011   302865.001
   280:   307865.018   310817.003   310823.016   310847.005   310873.026
   285:   312309.009   312651.001   316916.003   316921.023   316921.021
   290:   316945.001   317101.003   317485.005   317662.009   326922.013
   295:   326922.011   327413.001   332413.018   334821.003   334827.016
   300:   334869.005   334877.026   335573.009   335926.001   336497.003
   305:   336502.023   336502.021   336509.001   336650.003   342946.005
   310:   343104.009   346503.013   346503.011   346783.001   351783.018
   315:   352889.003   352895.016   352932.005   352945.026   353507.009
   320:   353824.001   358824.018   363259.003   363265.016   363283.001
   325:   363315.026   363344.003   363349.023   363349.021   363386.005
   330:   364070.009   367677.005   368018.009   373350.013   373350.011
   335:   373510.001   378510.018   383510.003   383516.016   383552.005
   340:   383566.026   384443.009   385117.001   385613.003   385618.023
   345:   385618.021   385671.001   385904.003   388898.005   389403.009
   350:   395619.013   395619.011   395772.001   400772.018   402990.003
   355:   402996.016   403046.026   403171.005   403647.009   404034.001
   360:   404679.003   404684.023   404684.021   404731.001   404960.003
   365:   405499.005   405604.009   405631.005   406149.009   414685.013
   370:   414685.011   414870.001   419870.018   423957.003   423963.016
   375:   423996.005   424013.026   424458.009   424489.005   424573.009
   380:   424820.001   425503.003   425508.023   425508.021   428725.005
   385:   429423.009   430356.005   430363.009   435509.013   435509.011
   390:   436049.001   441049.018   445548.003   445554.016   445587.005
   395:   445604.026   446093.009   446496.001   447781.003   447786.023
   400:   447786.021   447849.001   447966.003   452812.005   453080.009
   405:   457669.005   457706.009   457787.013   457787.011   457940.001
   410:   462940.018   465363.003   465369.016   465415.005   465419.026
   415:   465923.009   466245.001   467213.003   467218.023   467218.021
   420:   467265.001   467493.003   476814.005   476862.009   477219.013
   425:   477219.011   477363.001   482363.018   483883.003   483889.016
   430:   483939.026   483940.005   484896.009   485183.001   490183.018
   435:   492227.003   492233.016   492271.005   492283.026   493258.009
   440:   493311.005   493332.009   494790.001   495180.003   495185.023
   445:   495185.021   495197.001   495297.003   495841.005   496429.009
   450:   496453.005   496733.009   496792.005   496808.009   497967.005
   455:   498520.009   505186.013   505186.011   505380.001   510380.018
   460:   510930.003   510936.016   510986.026   510993.005   511396.009
   465:   511772.001   516704.003   516709.023   516709.021   516754.005
   470:   517707.009   526710.013   526710.011   527634.001   532634.018
   475:   533841.003   533847.016   533897.026   533905.005   534555.009
   480:   534784.001   539784.018   540414.003   540420.016   540467.005
   485:   540470.026   540911.009   540914.005   540993.009   541609.001
   490:   546609.018   547318.003   547324.016   547374.026   547383.005
   495:   547998.009   548051.005   548122.009   548419.001   553096.003
   500:   553101.023   553101.021   553155.005   553527.009   563102.013
   505:   563102.011   563181.001   563224.003   563229.023   563229.021
   510:   563235.001   563368.003   568537.005   568988.009   573230.013
   515:   573230.011   573410.001   578410.018   579411.003   579417.016
   520:   579443.005   579467.026   579961.009   580280.001   581377.003
   525:   581382.023   581382.021   581453.001   581667.003   582004.005
   530:   582157.009   585168.005   585201.009   585251.005   585265.009
   535:   588979.005   589014.009   589022.005   589278.009   591383.013
   540:   591383.011   591611.001   596611.018   597153.003   597159.016
   545:   597205.005   597209.026   597676.009   597897.001   599625.003
   550:   599630.023   599630.021   599696.001   599825.003   600344.005
   555:   600516.009   609631.013   609631.011   609870.001   614266.003
   560:   614271.023   614271.021   614325.005   614901.009   621882.005
   565:   621895.009   624272.013   624272.011   624458.001   629458.018
   570:   630604.003   630610.016   630660.026   630741.001   630763.003
   575:   630768.023   630768.021   630788.005   631257.009   635068.005
   580:   635084.009   640769.013   640769.011   641296.001   646296.018
   585:   646878.003   646884.016   646934.026   647106.005   647293.009
   590:   647533.001   649896.003   649901.023   649901.021   649944.001
   595:   650154.003   650896.005   650960.009   659902.013   659902.011
   600:   660402.001   664907.003   664912.023   664912.021   664919.001
   605:   664973.003   664984.001   665023.003   665554.005   665684.009
   610:   674913.013   674913.011   675422.001   680422.018   680747.003
   615:   680753.016   680793.005   680803.026   681299.009   681565.001
   620:   684736.003   684741.023   684741.021   685219.005   685332.009
   625:   694742.013   694742.011   695048.001   699015.003   699020.023
   630:   699020.021   699612.005   699808.009   708103.005   708145.009
   635:   709021.013   709021.011   709579.001   714196.003   714201.023
   640:   714201.021   714744.005   714803.009   724202.013   724202.011
   645:   724372.001   728405.003   728410.023   728410.021   728833.005
   650:   729007.009   738411.013   738411.011   738654.001   743638.003
   655:   743643.023   743643.021   743691.001   743917.003   744221.005
   660:   744308.009   753644.013   753644.011   754027.001   759027.018
   665:   763021.003   763027.016   763077.026   763160.005   763596.009
   670:   763924.001   765948.003   765953.023   765953.021   766006.001
   675:   766078.003   775954.013   775954.011   776175.001   777436.003
   680:   777441.023   777441.021   777444.001   777712.003   787442.013
   685:   787442.011   787571.001   792571.018   792968.003   792974.016
   690:   792990.005   793024.026   793583.009   793870.001   798870.018
   695:   799447.003   799453.016   799503.026   799583.005   800050.009
   700:   800423.001   805349.003   805354.023   805354.021   805423.005
   705:   805753.009   815355.013   815355.011   816311.001   821311.018
   710:   821639.003   821645.016   821695.026   821710.005   822202.009
   715:   823081.001   823858.003   823863.001   823863.023   823863.021
   720:   824137.003   824467.005   824606.009   827337.005   827359.009
   725:   833864.013   833864.011   834515.001   837998.003   838003.023
   730:   838003.021   838061.005   838367.009   846866.005   846945.009
   735:   848004.013   848004.011   848243.001   853243.018   853884.003
   740:   853890.016   853927.005   853940.026   854518.009   854812.001
   745:   859747.003   859752.023   859752.021   859802.005   860087.009
   750:   869753.013   869753.011   870252.001   875252.018   876823.003
   755:   876829.016   876879.026   876999.005   877596.009   877797.001
   760:   882797.018   883447.003   883453.016   883468.001   883503.026
   765:   884214.003   884219.023   884219.021   884281.001   884306.003
   770:   885021.005   885557.009   885754.005   886325.009   887041.005
   775:   887223.009   894220.013   894220.011   894960.001   899960.018
   780:   901060.003   901066.016   901116.026   901271.005   901451.009
   785:   901540.005   901800.009   902057.001   907057.018   908999.003
   790:   909005.016   909055.026   909162.005   909492.009   909958.001
   795:   914958.018   916177.003   916183.016   916233.026   916299.005
   800:   916713.009   917344.001   921244.003   921249.023   921249.021
   805:   921311.001   921354.003   921825.005   921896.009   931250.013
   810:   931250.011   931926.001   936926.018   937048.003   937054.016
   815:   937104.026   937214.005   937623.009   937901.001   942901.018
   820:   943580.003   943586.016   943636.026   943737.005   944338.009
   825:   944620.001   949444.003   949449.023   949449.021   949468.001
   830:   949569.003   950757.005   950850.009   950856.005   951008.009
   835:   959450.013   959450.011   959773.001   964375.003   964380.023
   840:   964380.021   965097.005   965303.009   969661.005   969762.009
   845:   974381.013   974381.011   974689.001   979689.018   979690.003
   850:   979696.016   979746.026   979829.001   979842.003   979847.023
   855:   979847.021   979852.005   981040.009   989848.013   989848.011
   860:   989986.001   994697.003   994702.023   994702.021   994715.005
   865:   995180.009  1000364.005  1000371.009  1002601.005  1002698.009
   870:  1004703.013  1004703.011  1005991.001  1010991.018  1011227.003
   875:  1011233.016  1011283.026  1011356.001  1011371.003  1011376.023
   880:  1011376.021  1011413.005  1011797.009  1012415.005  1012542.009
   885:  1021377.013  1021377.011  1021468.001  1026468.018  1027111.003
   890:  1027117.016  1027167.026  1027169.061  1027170.061  1027171.061
   895:  1027172.061  1027173.061
B:
     0:        0.000      129.000        0.000      129.000        0.000
     5:      140.000        0.000        0.000        0.000      140.000
    10:        0.000       53.000        0.000       53.000        0.000
    15:        0.000       48.000        0.000       48.000        0.000
    20:        0.000       52.000        0.000       52.000        0.000
    25:        0.000       48.000        0.000        0.000        0.000
    30:        0.000
D:
     0:  1191986.000  1186344.000  1191987.000
E:
     0:     5000.000     5000.000
T:
     0:        0.000        0.000        0.000        0.000
W:
     0:        0.000        0.000        0.000
