File: C:\MED-PC IV\Data\Reyes\BB\BB5109.999

Start Date: 08/04/25
End Date: 08/04/25
Subject: 109
Experiment: BB
Group: 20_LONG
Box: 5
Start Time: 15:05:22
End Time: 15:50:45
MSN: DRRD_timeout_retract
C:       0.000
F:       1.000
G:       0.000
H:       0.000
I:       0.000
J:       0.000
K:   10000.000
L:       0.000
M:       0.000
N:     100.000
O:       0.000
P:   10000.000
Q:       0.000
R:       0.000
S:       0.000
U:    5408.000
V:       0.000
X:       0.000
Y:     926.000
Z:       0.000
A:
     0:     1136.005     1235.009    15000.013    15000.011    17579.005
     5:    17617.009    17647.005    17719.009    18551.001    18694.003
    10:    18699.023    18699.021    18737.001    18799.003    19450.005
    15:    19477.009    19522.005    19524.009    28700.013    28700.011
    20:    29109.001    29722.003    29727.023    29727.021    29762.001
    25:    29828.003    30513.005    30606.009    37492.005    38642.009
    30:    39728.013    39728.011    40135.001    40310.003    40315.023
    35:    40315.021    40351.001    40414.003    50316.013    50316.011
    40:    52150.001    56036.003    56041.023    56041.021    57019.005
    45:    57061.009    57085.005    57620.009    66042.013    66042.011
    50:    68237.001    70179.003    70184.023    70184.021    70231.001
    55:    70282.003    72856.005    72895.009    72920.005    73040.009
    60:    80185.013    80185.011    80859.001    85859.018    86991.003
    65:    86997.016    87047.026    87210.005    88800.009    88817.005
    70:    89027.009    90221.001    91109.003    91114.023    91114.021
    75:    91138.001    91213.003   101115.013   101115.011   102139.001
    80:   107139.018   107938.003   107944.016   107994.026   108223.005
    85:   109789.009   110735.005   111098.009   111779.001   115900.003
    90:   115905.023   115905.021   121058.005   121075.009   121113.005
    95:   121155.009   121210.005   121496.009   125906.013   125906.011
   100:   126328.001   131310.003   131315.023   131315.021   132675.005
   105:   132682.009   132703.005   132808.009   136830.005   136999.009
   110:   137028.005   137374.009   141316.013   141316.011   141744.001
   115:   141768.003   141773.023   141773.021   141783.001   141852.003
   120:   143673.005   143850.009   151774.013   151774.011   152230.001
   125:   152679.003   152684.023   152684.021   152753.001   152782.003
   130:   153406.005   153589.009   153996.005   154006.009   154012.005
   135:   154328.009   159322.005   159348.009   162685.013   162685.011
   140:   163133.001   168133.018   168462.003   168468.016   168518.026
   145:   168671.005   170064.009   171879.001   176124.003   176129.023
   150:   176129.021   183350.005   183462.009   183943.005   184314.009
   155:   186130.013   186130.011   186627.005   186646.009   186658.005
   160:   186807.009   187278.001   191036.003   191041.023   191041.021
   165:   191943.005   192851.009   197195.005   197236.009   199059.005
   170:   199313.009   201042.013   201042.011   201490.001   206297.003
   175:   206302.023   206302.021   211306.005   211407.009   213932.005
   180:   213971.009   216303.013   216303.011   216902.001   221677.003
   185:   221682.023   221682.021   230641.005   230847.009   231683.013
   190:   231683.011   231909.005   232014.009   232428.001   237173.003
   195:   237178.023   237178.021   241382.005   241448.009   247179.013
   200:   247179.011   248202.005   248276.009   248778.001   252929.003
   205:   252934.023   252934.021   254804.005   254817.009   262180.005
   210:   262250.009   262935.013   262935.011   264557.001   269557.018
   215:   269839.003   269845.016   269895.026   270067.005   271147.009
   220:   271325.005   271342.009   271986.001   272776.003   272781.023
   225:   272781.021   272858.001   272880.003   278050.005   278598.009
   230:   282782.013   282782.011   283480.001   286209.003   286214.023
   235:   286214.021   286246.001   286313.003   287368.005   287403.009
   240:   288490.005   288505.009   292313.005   292339.009   296215.013
   245:   296215.011   300134.001   303659.003   303664.023   303664.021
   250:   305243.005   305492.009   313665.013   313665.011   318739.001
   255:   323265.003   323270.023   323270.021   325298.005   325508.009
   260:   333271.013   333271.011   334116.001   334190.003   334195.023
   265:   334195.021   344196.013   344196.011   355787.001   360787.018
   270:   360869.003   360875.016   360925.026   361115.005   361576.009
   275:   363327.001   366747.003   366752.023   366752.021   369688.005
   280:   369745.009   376753.013   376753.011   378055.001   383055.018
   285:   383597.003   383603.016   383653.026   383839.005   385078.009
   290:   385939.001   389113.003   389118.023   389118.021   390405.005
   295:   390446.009   397151.005   397389.009   399119.013   399119.011
   300:   400661.001   403774.003   403779.023   403779.021   412949.005
   305:   412979.009   413013.005   413228.009   413780.013   413780.011
   310:   414208.001   417529.003   417534.023   417534.021   424975.005
   315:   425048.009   427535.013   427535.011   428542.005   428577.009
   320:   429055.001   431979.003   431984.023   431984.021   433389.005
   325:   433394.009   436192.005   436202.009   441985.013   441985.011
   330:   442323.001   442986.003   442991.023   442991.021   443011.001
   335:   443090.003   445536.005   445828.009   446225.005   446474.009
   340:   449010.005   449048.009   451195.005   451425.009   452992.013
   345:   452992.011   453455.001   457213.003   457218.023   457218.021
   350:   465394.005   465478.009   467219.013   467219.011   468567.001
   355:   471776.003   471781.023   471781.021   481782.013   481782.011
   360:   482680.001   484145.003   484150.023   484150.021   484198.001
   365:   484254.003   486889.005   487038.009   488552.005   488562.009
   370:   488567.005   488708.009   494151.013   494151.011   495562.005
   375:   495582.009   496179.001   499489.003   499494.023   499494.021
   380:   501871.005   502353.009   507051.005   507116.009   509495.013
   385:   509495.011   512360.001   516122.003   516127.023   516127.021
   390:   526128.013   526128.011   526470.001   531332.003   531337.023
   395:   531337.021   533544.005   533680.009   533805.005   533860.009
   400:   541338.013   541338.011   545735.001   545862.003   545867.023
   405:   545867.021   545912.001   545980.003   548442.005   548467.009
   410:   555868.013   555868.011   557705.001   562705.018   562906.003
   415:   562912.016   562962.026   563186.005   563863.009   564999.001
   420:   568601.003   568606.023   568606.021   571058.005   571369.009
   425:   572021.005   572050.009   578607.013   578607.011   581936.001
   430:   586520.003   586525.023   586525.021   587019.005   587142.009
   435:   596526.013   596526.011   598119.001   601945.003   601950.023
   440:   601950.021   603203.005   603231.009   611951.013   611951.011
   445:   613271.001   617766.003   617771.023   617771.021   618323.005
   450:   618574.009   625069.005   625257.009   627772.013   627772.011
   455:   628489.001   632890.003   632895.023   632895.021   642896.013
   460:   642896.011   643739.001   648343.003   648348.023   648348.021
   465:   652691.005   652725.009   658349.013   658349.011   659112.001
   470:   663562.003   663567.023   663567.021   673568.013   673568.011
   475:   680714.001   685566.003   685571.023   685571.021   686251.005
   480:   686480.009   686507.005   686766.009   695572.013   695572.011
   485:   697075.001   701590.003   701595.023   701595.021   711596.013
   490:   711596.011   712273.001   717273.018   717978.003   717984.016
   495:   718034.026   718237.005   718801.009   718829.005   718842.009
   500:   719391.005   719490.009   720657.001   725069.003   725074.023
   505:   725074.021   735075.013   735075.011   735344.001   740344.018
   510:   741581.003   741587.016   741637.026   741800.005   742687.009
   515:   743628.001   743712.003   743717.023   743717.021   744309.005
   520:   745277.009   749500.005   749527.009   753718.013   753718.011
   525:   754992.001   759992.018   760051.003   760057.016   760107.026
   530:   760339.005   761581.009   762532.001   762914.003   762919.023
   535:   762919.021   762950.001   763018.003   769351.005   769416.009
   540:   771391.005   771522.009   772920.013   772920.011   773235.001
   545:   777989.003   777994.023   777994.021   787995.013   787995.011
   550:   789155.001   793571.003   793576.023   793576.021   794119.005
   555:   794367.009   794409.005   794441.009   796949.005   796965.009
   560:   798770.005   798855.009   803577.013   803577.011   803791.001
   565:   808771.003   808776.023   808776.021   809811.005   809866.009
   570:   810130.005   810147.009   810202.005   810466.009   818777.013
   575:   818777.011   820289.001   823782.003   823787.023   823787.021
   580:   824306.005   824422.009   833788.013   833788.011   836986.001
   585:   841986.018   842040.003   842046.016   842096.026   842249.005
   590:   843257.009   843302.005   843723.009   844619.001   848675.003
   595:   848680.023   848680.021   849299.005   849481.009   849622.005
   600:   849644.009   849683.005   849786.009   856049.005   856180.009
   605:   858681.013   858681.011   860087.001   863651.003   863656.023
   610:   863656.021   864190.005   864267.009   864349.005   864354.009
   615:   873657.013   873657.011   874374.001   879255.003   879260.023
   620:   879260.021   879966.005   880049.009   889261.013   889261.011
   625:   900328.001   904047.003   904052.023   904052.021   904471.005
   630:   904909.009   914053.013   914053.011   919999.001   921039.003
   635:   921044.023   921044.021   931045.013   931045.011   933707.001
   640:   938707.018   939263.003   939269.016   939319.026   939488.005
   645:   939960.009   947073.001   951067.003   951072.023   951072.021
   650:   961073.013   961073.011   961368.001   965763.003   965768.023
   655:   965768.021   975769.013   975769.011   976365.001   977291.003
   660:   977296.023   977296.021   977301.001   977395.003   977800.005
   665:   978103.009   981312.005   981501.009   987297.013   987297.011
   670:   988537.001   992630.003   992635.023   992635.021  1002636.013
   675:  1002636.011  1007273.001  1011158.003  1011163.023  1011163.021
   680:  1012003.005  1012195.009  1021164.013  1021164.011  1021868.001
   685:  1026866.003  1026871.023  1026871.021  1028037.005  1028322.009
   690:  1036872.013  1036872.011  1037889.001  1042889.018  1043375.003
   695:  1043381.016  1043431.026  1043646.005  1044484.009  1045500.001
   700:  1050138.003  1050143.023  1050143.021  1060144.013  1060144.011
   705:  1060974.001  1065046.003  1065051.023  1065051.021  1075008.005
   710:  1075040.009  1075052.013  1075052.011  1075366.001  1078356.003
   715:  1078361.023  1078361.021  1078366.001  1078461.003  1079264.005
   720:  1079298.009  1088362.013  1088362.011  1089393.001  1094222.003
   725:  1094227.023  1094227.021  1094828.005  1094903.009  1094959.005
   730:  1095062.009  1095123.005  1095184.009  1104228.013  1104228.011
   735:  1106554.001  1110551.003  1110556.023  1110556.021  1120557.013
   740:  1120557.011  1120956.001  1125591.003  1125596.023  1125596.021
   745:  1135597.013  1135597.011  1136181.001  1141181.018  1141758.003
   750:  1141764.016  1141814.026  1142059.005  1142947.009  1143711.001
   755:  1148711.018  1149098.003  1149104.016  1149154.026  1149401.005
   760:  1150558.009  1150644.005  1150755.009  1151397.001  1156397.018
   765:  1156655.003  1156661.016  1156711.026  1156913.005  1158284.009
   770:  1160219.001  1164963.003  1164968.023  1164968.021  1165925.005
   775:  1165943.009  1174969.013  1174969.011  1180011.001  1184294.003
   780:  1184299.023  1184299.021  1194300.013  1194300.011  1194695.001
   785:  1199695.018  1199879.003  1199885.016  1199935.026  1200114.005
   790:  1201136.009  1201258.005  1201302.009  1201305.005  1201309.009
   795:  1202534.001  1206360.003  1206365.023  1206365.021  1211980.005
   800:  1212047.009  1212298.005  1212305.009  1216366.013  1216366.011
   805:  1216722.001  1217483.003  1217488.023  1217488.021  1217521.001
   810:  1217588.003  1218246.005  1218250.009  1218276.005  1218294.009
   815:  1227489.013  1227489.011  1227807.001  1232807.018  1233160.003
   820:  1233166.016  1233216.026  1233435.005  1234148.009  1234585.001
   825:  1239339.003  1239344.023  1239344.021  1249345.013  1249345.011
   830:  1249776.001  1254449.003  1254454.023  1254454.021  1255533.005
   835:  1255555.009  1255572.005  1255763.009  1264279.005  1264386.009
   840:  1264455.013  1264455.011  1264847.001  1269366.003  1269371.023
   845:  1269371.021  1270155.005  1270206.009  1279372.013  1279372.011
   850:  1279903.001  1284903.018  1284943.003  1284949.016  1284999.026
   855:  1285234.005  1286057.009  1286844.001  1291844.018  1292426.003
   860:  1292432.016  1292482.026  1292688.005  1293722.009  1294282.001
   865:  1299282.018  1299360.003  1299366.016  1299416.026  1299501.005
   870:  1300343.009  1301131.001  1306102.003  1306107.023  1306107.021
   875:  1306869.005  1306880.009  1309737.005  1310101.009  1314645.005
   880:  1314679.009  1314698.005  1314726.009  1316108.013  1316108.011
   885:  1316447.001  1321447.018  1321506.003  1321512.016  1321562.026
   890:  1321826.005  1322165.009  1323521.001  1327138.003  1327143.023
   895:  1327143.021  1331642.005  1331746.009  1337144.013  1337144.011
   900:  1341211.001  1344960.003  1344965.023  1344965.021  1352094.005
   905:  1352171.009  1352407.005  1352493.009  1354544.005  1354566.009
   910:  1354587.005  1354626.009  1354966.013  1354966.011  1355062.005
   915:  1355256.009  1355661.001  1360661.018  1361472.003  1361478.016
   920:  1361528.026  1361530.061  1361531.061  1361532.061  1361533.061
   925:  1361534.061
B:
     0:        0.000      116.000        0.000      116.000        0.000
     5:      155.000        0.000        0.000        0.000      155.000
    10:        0.000       78.000        0.000       78.000        0.000
    15:        0.000       23.000        0.000       23.000        0.000
    20:        0.000       77.000        0.000       77.000        0.000
    25:        0.000       23.000        0.000        0.000        0.000
    30:        0.000
D:
     0:  1366879.000  1361069.000  1366880.000
E:
     0:     5000.000     5000.000
T:
     0:        0.000        0.000        0.000        0.000
W:
     0:        0.000        0.000        0.000
