File: C:\MED-PC IV\Data\Reyes\BB\BB5115.999


Start Date: 08/07/25
End Date: 08/07/25
Subject: 115
Experiment: BB
Group: 20_LONG
Box: 5
Start Time: 16:07:40
End Time: 16:39:10
MSN: DRRD_timeout_retract
C:       0.000
F:       6.000
G:       0.000
H:       0.000
I:       0.000
J:       0.000
K:   10000.000
L:       0.000
M:       0.000
N:     100.000
O:       0.000
P:   10000.000
Q:       0.000
R:       0.000
S:       0.000
U:    2350.000
V:       0.000
X:       0.000
Y:     800.000
Z:       0.000
A:
     0:     6521.005     6607.009     7709.005     7778.009    15000.013
     5:    15000.011    15817.001    16215.003    16220.023    16220.021
    10:    16282.001    16319.003    16877.005    16981.009    26221.013
    15:    26221.011    26466.001    31466.018    34464.003    34470.016
    20:    34520.026    34554.005    35045.009    35565.001    40565.018
    25:    40612.003    40618.016    40668.026    40834.001    44672.003
    30:    44677.023    44677.021    45688.005    46401.009    46817.005
    35:    46855.009    46869.005    46908.009    48698.005    48764.009
    40:    48772.005    48777.009    48814.005    49187.009    54678.013
    45:    54678.011    54900.001    55050.003    55055.023    55055.021
    50:    55613.005    55636.009    55648.005    55854.009    64105.005
    55:    64120.009    65056.013    65056.011    65243.001    70243.018
    60:    76548.003    76554.016    76604.026    76681.005    77234.009
    65:    78010.001    83010.018    85157.003    85163.016    85213.026
    70:    85219.005    85869.009    86256.001    87329.005    87450.009
    75:    91256.018    94979.003    94985.016    95035.026    95040.005
    80:    95056.009    95097.005    95489.009    95924.001   100924.018
    85:   104004.003   104010.016   104060.026   104144.005   104912.009
    90:   106755.005   106763.009   107280.001   112280.018   116924.003
    95:   116930.016   116980.026   117057.005   117377.009   118533.001
   100:   123533.018   125867.003   125873.016   125923.026   125960.005
   105:   126284.009   126644.001   131644.018   134887.003   134893.016
   110:   134943.026   135012.005   135334.009   136257.001   141257.018
   115:   143772.003   143778.016   143828.026   143914.005   144376.009
   120:   144390.005   144407.009   145217.001   150217.018   153514.003
   125:   153520.016   153570.026   153671.005   153984.009   154758.001
   130:   159758.018   160536.003   160542.016   160592.026   160701.005
   135:   160996.009   161710.001   166710.018   167007.003   167013.016
   140:   167063.026   167109.005   168279.009   168981.001   173981.018
   145:   175112.003   175118.016   175168.026   175236.005   176364.009
   150:   176893.001   177285.003   177290.023   177290.021   177335.001
   155:   177390.003   178773.005   178904.009   178954.005   179100.009
   160:   186347.005   186414.009   187291.013   187291.011   187437.001
   165:   187521.003   187526.023   187526.021   187591.001   187632.003
   170:   197527.013   197527.011   197760.001   202760.018   204118.003
   175:   204124.016   204174.026   204255.005   204934.009   205298.001
   180:   209791.003   209796.023   209796.021   217270.005   217275.009
   185:   219797.013   219797.011   220001.001   225001.018   226619.003
   190:   226625.016   226675.026   226733.005   227407.009   227839.001
   195:   232839.018   233772.003   233778.016   233828.026   233905.005
   200:   234490.009   234830.001   239830.018   240442.003   240448.016
   205:   240498.026   240557.005   240874.009   241476.001   246476.018
   210:   247056.003   247062.016   247112.026   247168.005   247511.009
   215:   248969.001   253969.018   254569.003   254575.016   254625.026
   220:   254683.005   254978.009   256225.001   260609.003   260614.023
   225:   260614.021   261661.005   262021.009   267272.005   267293.009
   230:   270615.013   270615.011   272730.001   277730.018   278469.003
   235:   278475.016   278525.026   278564.005   279080.009   279495.001
   240:   284495.018   286146.003   286152.016   286202.026   286248.005
   245:   286701.009   287263.001   292115.003   292120.023   292120.021
   250:   302121.013   302121.011   302421.001   307421.018   309143.003
   255:   309149.016   309199.026   309254.005   309585.009   310028.001
   260:   314659.003   314664.023   314664.021   315516.005   315778.009
   265:   317449.005   317484.009   324665.013   324665.011   324809.001
   270:   329809.018   332809.003   332815.016   332865.026   332933.005
   275:   333235.009   333503.001   338503.018   341100.003   341106.016
   280:   341156.026   341232.005   341776.009   342115.001   343300.003
   285:   343305.023   343305.021   344242.005   344331.009   353306.013
   290:   353306.011   353523.001   358523.018   360106.003   360112.016
   295:   360162.026   360233.005   360541.009   360919.001   361144.003
   300:   361149.023   361149.021   361194.001   361248.003   362353.005
   305:   362849.009   371150.013   371150.011   371279.001   376279.018
   310:   377919.003   377925.016   377975.026   377988.001   378630.003
   315:   378635.023   378635.021   378707.005   379369.009   388636.013
   320:   388636.011   389005.001   389563.003   389568.023   389568.021
   325:   389611.001   389625.003   389637.001   389668.003   390385.005
   330:   390658.009   399569.013   399569.011   399966.001   404966.018
   335:   406974.003   406980.016   407030.026   407088.005   407657.009
   340:   408005.001   409308.003   409313.023   409313.021   419314.013
   345:   419314.011   420302.001   425288.003   425293.023   425293.021
   350:   435294.013   435294.011   436366.001   441366.018   446394.003
   355:   446400.016   446418.001   446429.003   446450.026   446513.005
   360:   447123.009   447910.001   452910.018   454720.003   454726.016
   365:   454776.026   455265.001   455505.003   455510.023   455510.021
   370:   455532.001   455603.003   456490.005   457076.009   459640.005
   375:   459763.009   465511.013   465511.011   465859.001   470859.018
   380:   472655.003   472661.016   472711.026   472766.005   473597.009
   385:   474711.001   479711.018   481561.003   481567.016   481617.026
   390:   481676.005   482279.009   482847.001   487847.018   487906.003
   395:   487912.016   487962.026   488061.005   488411.009   488838.001
   400:   493838.018   496179.003   496185.016   496235.026   496326.005
   405:   496593.009   496962.001   498078.003   498083.023   498083.021
   410:   498138.001   498183.003   498229.001   498455.003   499068.005
   415:   499356.009   499715.005   500136.009   508084.013   508084.011
   420:   508344.001   508971.003   508976.023   508976.021   508994.001
   425:   509036.003   509047.001   509065.003   509748.005   509964.009
   430:   517797.005   517815.009   518977.013   518977.011   519287.001
   435:   524287.018   525587.003   525593.016   525643.026   525689.005
   440:   526040.009   526057.005   526070.009   526388.001   531388.018
   445:   533276.003   533282.016   533332.026   533384.005   533700.009
   450:   534146.001   534925.003   534930.023   534930.021   536207.005
   455:   536718.009   544931.013   544931.011   545549.001   550549.018
   460:   551538.003   551544.016   551594.026   551673.005   552285.009
   465:   553137.001   558137.018   559641.003   559647.016   559697.026
   470:   559777.005   560098.009   560473.001   565473.018   567121.003
   475:   567127.016   567177.026   567307.005   567997.009   568716.001
   480:   570105.003   570110.023   570110.021   570988.005   571097.009
   485:   580111.013   580111.011   580274.001   585274.018   587491.003
   490:   587497.016   587547.026   587643.005   588301.009   588770.001
   495:   593770.018   597482.003   597488.016   597538.026   597613.005
   500:   597995.009   598470.001   603470.018   603740.003   603746.016
   505:   603796.026   603823.005   604539.009   606520.001   606545.003
   510:   606550.023   606550.021   606623.001   606649.003   609057.005
   515:   609101.009   616551.013   616551.011   617180.001   622180.018
   520:   622389.003   622395.016   622445.026   622495.005   622832.009
   525:   623130.001   628130.018   628195.003   628201.016   628251.026
   530:   628309.005   628788.009   629621.001   634354.003   634359.023
   535:   634359.021   635072.005   635281.009   635398.005   635440.009
   540:   635710.005   635737.009   635758.005   635893.009   644360.013
   545:   644360.011   644497.001   649497.018   650675.003   650681.016
   550:   650731.026   650772.005   651426.009   651704.001   656704.018
   555:   656934.003   656940.016   656990.026   657063.005   657829.009
   560:   658311.001   663311.018   663586.003   663592.016   663642.026
   565:   663730.005   664181.009   664633.001   669509.003   669514.023
   570:   669514.021   670682.005   670823.009   673967.005   674041.009
   575:   679515.013   679515.011   679968.001   684968.018   685099.003
   580:   685105.016   685155.026   685200.005   685550.009   685860.001
   585:   690743.003   690748.023   690748.021   691840.005   691959.009
   590:   700749.013   700749.011   701784.001   706784.018   708748.003
   595:   708754.016   708804.026   708816.005   709775.009   710570.001
   600:   715570.018   718360.003   718366.016   718416.026   718437.005
   605:   718813.009   719518.001   724518.018   727065.003   727071.016
   610:   727121.026   727137.005   727634.009   728508.001   733508.018
   615:   734138.003   734144.016   734194.026   734233.005   734957.009
   620:   735978.001   740978.018   741081.003   741087.016   741137.026
   625:   741199.005   741608.009   741979.001   746979.018   748240.003
   630:   748246.016   748296.026   748378.005   748719.009   749543.001
   635:   751256.003   751261.023   751261.021   752446.005   752502.009
   640:   761262.013   761262.011   762769.001   767769.018   769558.003
   645:   769564.016   769614.026   769688.005   770036.009   770591.001
   650:   775591.018   776312.003   776318.016   776368.026   776444.005
   655:   776735.009   777950.001   782950.018   783647.003   783653.016
   660:   783703.026   783729.005   784388.009   785406.001   790406.018
   665:   790936.003   790942.016   790992.026   791071.005   791368.009
   670:   792673.001   797456.003   797461.023   797461.021   798067.005
   675:   798821.009   807462.013   807462.011   809044.001   814044.018
   680:   816749.003   816755.016   816805.026   816861.005   817233.009
   685:   817596.001   822596.018   825892.003   825898.016   825948.026
   690:   825973.005   826614.009   826619.005   826806.009   827981.001
   695:   832981.018   833964.003   833970.016   834020.026   834110.005
   700:   834431.009   835369.001   840369.018   842510.003   842516.016
   705:   842566.026   842668.005   843426.009   844195.001   849195.018
   710:   850522.003   850528.016   850578.026   850625.005   851481.009
   715:   852455.001   857455.018   857852.003   857858.016   857908.026
   720:   857937.005   858622.009   859126.001   864126.018   864581.003
   725:   864587.016   864637.026   864695.005   865087.009   866260.001
   730:   871260.018   871271.003   871277.016   871327.026   871402.005
   735:   871719.009   872295.001   877295.018   877841.003   877847.016
   740:   877897.026   877962.005   878883.009   879901.001   883965.003
   745:   883970.023   883970.021   885057.005   885495.009   885577.005
   750:   885617.009   885660.005   885821.009   893971.013   893971.011
   755:   894565.001   899565.018   901835.003   901841.016   901891.026
   760:   901953.005   902308.009   902677.001   907677.018   912109.003
   765:   912115.016   912165.026   912249.005   912787.009   913382.001
   770:   918382.018   919939.003   919945.016   919995.026   920075.005
   775:   920755.009   921387.001   926387.018   927801.003   927807.016
   780:   927857.026   927874.005   928295.009   929339.001   934339.018
   785:   934591.003   934597.016   934647.026   934739.005   935360.009
   790:   935911.001   940911.018   944788.003   944794.016   944844.026
   795:   944846.061   944847.061   944848.061   944849.061   944850.061
B:
     0:        0.000      113.000        0.000      113.000        0.000
     5:      120.000        0.000        0.000        0.000      120.000
    10:        0.000       28.000        0.000       28.000        0.000
    15:        0.000       73.000        0.000       73.000        0.000
    20:        0.000       27.000        0.000       27.000        0.000
    25:        0.000       73.000        0.000        0.000        0.000
    30:        0.000
D:
     0:   947137.000   938261.000   947138.000
E:
     0:     5000.000     5000.000
T:
     0:        0.000        0.000        0.000        0.000
W:
     0:        0.000        0.000        0.000
