File: C:\MED-PC IV\Data\Reyes\BB\BB5114.999


Start Date: 08/08/25
End Date: 08/08/25
Subject: 114
Experiment: BB
Group: 20_LONG
Box: 4
Start Time: 15:48:42
End Time: 16:19:50
MSN: DRRD_timeout_retract
C:       0.000
F:       0.000
G:       0.000
H:       0.000
I:       0.000
J:       0.000
K:   10000.000
L:       0.000
M:       0.000
N:     100.000
O:       0.000
P:   10000.000
Q:       0.000
R:       0.000
S:       0.000
U:    2858.000
V:       0.000
X:       0.000
Y:     766.000
Z:       0.000
A:
     0:    15000.013    15000.011    16931.005    17175.009    17582.001
     5:    22582.018    23218.003    23224.016    23274.026    23451.005
    10:    24163.009    24871.001    29692.003    29697.023    29697.021
    15:    29869.005    30145.009    39698.013    39698.011    40424.001
    20:    44973.003    44978.023    44978.021    45082.005    45357.009
    25:    54979.013    54979.011    55340.001    55360.003    55365.023
    30:    55365.021    65366.013    65366.011    65718.001    70718.018
    35:    71284.003    71290.016    71340.026    71417.005    71946.009
    40:    72926.001    77926.018    79232.003    79238.016    79288.026
    45:    79347.005    80028.009    80039.005    80051.009    81503.001
    50:    86503.018    87060.003    87066.016    87116.026    87193.005
    55:    87489.009    88437.005    88670.009    89415.001    94381.003
    60:    94386.023    94386.021    94456.001    94485.003    95131.005
    65:    95432.009   104387.013   104387.011   104890.001   109890.018
    70:   110939.003   110945.016   110995.026   111182.005   111660.009
    75:   112362.001   116549.003   116554.023   116554.021   126555.013
    80:   126555.011   127964.001   132964.018   133608.003   133614.016
    85:   133664.026   133737.005   134317.009   135278.001   140278.018
    90:   140358.003   140364.016   140414.026   140465.005   141521.009
    95:   143093.001   148093.018   150044.003   150050.016   150100.026
   100:   150172.005   150631.009   151761.001   156761.018   157335.003
   105:   157341.016   157391.026   157543.005   157913.009   159041.001
   110:   164041.018   164441.003   164447.016   164497.026   164592.005
   115:   165316.009   166499.001   171499.018   171802.003   171808.016
   120:   171858.026   171945.005   172339.009   173842.001   178842.018
   125:   180144.003   180150.016   180200.026   180283.005   180709.009
   130:   182273.001   187273.018   187463.003   187469.016   187519.026
   135:   187585.005   188119.009   189509.001   194509.018   194825.003
   140:   194831.016   194874.001   194881.026   195028.003   195033.023
   145:   195033.021   195048.005   195399.009   205034.013   205034.011
   150:   205563.001   210556.003   210561.023   210561.021   210624.001
   155:   210655.003   211239.005   211609.009   220562.013   220562.011
   160:   221100.001   225730.003   225735.023   225735.021   226148.005
   165:   226341.009   235736.013   235736.011   236230.001   241098.003
   170:   241103.023   241103.021   241452.005   241843.009   251104.013
   175:   251104.011   251547.001   256547.018   257719.003   257725.016
   180:   257775.026   257970.005   258506.009   259118.001   264118.018
   185:   265144.003   265150.016   265200.026   265498.005   266259.009
   190:   267725.001   272725.018   273353.003   273359.016   273409.026
   195:   273539.005   273814.009   275217.001   280217.018   281161.003
   200:   281167.016   281217.026   281319.005   281905.009   282857.001
   205:   287857.018   288142.003   288148.016   288198.026   288297.005
   210:   288905.009   289946.001   294946.018   295662.003   295668.016
   215:   295718.026   295910.005   296224.009   296909.001   301909.018
   220:   302422.003   302428.016   302478.026   302653.005   303090.009
   225:   304106.001   309106.018   309310.003   309316.016   309366.026
   230:   309488.005   309823.009   311021.001   316021.018   316990.003
   235:   316996.016   317046.026   317227.005   318343.009   319349.001
   240:   324349.018   324769.003   324775.016   324825.026   325008.005
   245:   325768.009   326795.001   331795.018   332129.003   332135.016
   250:   332185.026   332340.005   332691.009   334153.001   339153.018
   255:   339997.003   340003.016   340053.026   340203.005   340665.009
   260:   342235.001   347235.018   347449.003   347455.016   347505.026
   265:   347603.005   347876.009   348798.001   353798.018   354335.003
   270:   354341.016   354391.026   354573.005   355459.009   356683.001
   275:   361683.018   362000.003   362006.016   362056.026   362416.005
   280:   363037.009   363053.005   363070.009   364769.001   369769.018
   285:   370598.003   370604.016   370654.026   370744.005   371172.009
   290:   372354.001   377354.018   378296.003   378302.016   378352.026
   295:   378635.005   379376.009   380827.001   381262.003   381267.023
   300:   381267.021   381301.001   381358.003   382303.005   382379.009
   305:   391268.013   391268.011   392081.001   396967.003   396972.023
   310:   396972.021   397344.005   397660.009   397753.005   397769.009
   315:   406973.013   406973.011   407765.001   412765.018   413453.003
   320:   413459.016   413509.026   413699.005   414014.009   414718.001
   325:   419718.018   419730.003   419736.016   419786.026   419878.005
   330:   420344.009   421422.001   426389.003   426394.023   426394.021
   335:   427382.005   427797.009   436395.013   436395.011   437137.001
   340:   442137.018   444515.003   444521.016   444571.026   444729.005
   345:   445325.009   445496.005   445525.009   446503.001   451503.018
   350:   451641.003   451647.016   451697.026   451779.005   452280.009
   355:   453548.001   458548.018   458867.003   458873.016   458923.026
   360:   459046.005   459374.009   460601.001   465601.018   466168.003
   365:   466174.016   466224.026   466627.005   467113.009   468721.001
   370:   470268.003   470273.023   470273.021   473258.005   473625.009
   375:   480274.013   480274.011   480635.001   485635.018   487500.003
   380:   487506.016   487539.001   487556.026   487559.003   487782.001
   385:   487801.003   487806.023   487806.021   487815.005   488436.009
   390:   488444.005   488466.009   489397.005   489596.009   497807.013
   395:   497807.011   498470.001   503470.018   503640.003   503646.016
   400:   503696.026   503805.005   504273.009   505234.001   510234.018
   405:   511550.003   511556.016   511606.026   511700.005   512107.009
   410:   512982.001   517982.018   519838.003   519844.016   519894.026
   415:   519996.005   520351.009   521470.001   526470.018   527001.003
   420:   527007.016   527057.026   527148.005   527738.009   529371.001
   425:   534371.018   534881.003   534887.016   534937.026   535081.005
   430:   535671.009   536949.001   541949.018   542109.003   542115.016
   435:   542165.026   542269.005   542930.009   544367.001   549367.018
   440:   550054.003   550060.016   550110.026   550213.005   550689.009
   445:   551660.001   556660.018   556837.003   556843.016   556893.026
   450:   556976.001   557059.003   557064.023   557064.021   557083.005
   455:   557345.009   567065.013   567065.011   567683.001   572683.018
   460:   572912.003   572918.016   572968.026   573038.005   573556.009
   465:   574861.001   579861.018   580818.003   580824.016   580874.026
   470:   581128.005   581731.009   581873.005   581935.009   581951.005
   475:   581972.009   583493.001   588493.018   588924.003   588930.016
   480:   588980.026   589139.005   589382.009   591276.001   596276.018
   485:   596783.003   596789.016   596839.026   597164.005   598046.009
   490:   598481.005   599394.009   600304.001   605304.018   605784.003
   495:   605790.016   605840.026   606001.005   606010.009   606022.005
   500:   606031.009   606084.005   606801.009   607889.001   612889.018
   505:   613139.003   613145.016   613195.026   613361.005   613922.009
   510:   615086.001   620086.018   620731.003   620737.016   620787.026
   515:   620931.005   621379.009   622428.001   627290.003   627295.023
   520:   627295.021   627343.001   627357.003   627768.005   628127.009
   525:   629973.005   630121.009   637296.013   637296.011   637625.001
   530:   642625.018   644319.003   644325.016   644375.026   644471.001
   535:   644522.005   644529.003   644534.023   644534.021   644780.009
   540:   654535.013   654535.011   655299.001   660299.018   660905.003
   545:   660911.016   660961.026   661059.005   661481.009   662643.001
   550:   667643.018   668032.003   668038.016   668088.026   668185.005
   555:   668779.009   669818.005   669898.009   671116.001   676116.018
   560:   676403.003   676409.016   676459.026   676647.005   676968.009
   565:   678648.001   683648.018   684483.003   684489.016   684539.026
   570:   684708.005   685066.009   686125.001   691125.018   691634.003
   575:   691640.016   691690.026   691840.005   692107.009   693279.001
   580:   698279.018   698920.003   698926.016   698976.026   699072.001
   585:   699245.003   699250.023   699250.021   699297.005   699951.009
   590:   709251.013   709251.011   709638.001   714638.018   715992.003
   595:   715998.016   716048.026   716108.001   716147.003   716152.023
   600:   716152.021   716168.005   716535.009   726153.013   726153.011
   605:   726866.001   731310.003   731315.023   731315.021   731341.001
   610:   731436.003   732051.005   732125.009   741316.013   741316.011
   615:   743176.001   747677.003   747682.023   747682.021   747914.005
   620:   748287.009   748302.005   748319.009   748334.005   748818.009
   625:   757683.013   757683.011   758223.001   763223.018   766139.003
   630:   766145.016   766195.026   766324.005   766822.009   767699.001
   635:   772632.003   772637.023   772637.021   772961.005   773179.009
   640:   782638.013   782638.011   783049.001   788049.018   789096.003
   645:   789102.016   789152.026   789228.001   789256.003   789261.023
   650:   789261.021   789469.005   790365.009   799262.013   799262.011
   655:   799963.001   804963.018   805694.003   805700.016   805733.001
   660:   805750.026   805889.003   805894.023   805894.021   805914.005
   665:   806857.009   815895.013   815895.011   816225.001   821225.018
   670:   823418.003   823424.016   823474.026   823594.005   823826.009
   675:   824539.001   829539.018   829721.003   829727.016   829777.026
   680:   830009.005   830611.009   831493.001   836493.018   837034.003
   685:   837040.016   837090.026   837242.005   837619.009   838443.001
   690:   843443.018   843996.003   844002.016   844052.026   844202.005
   695:   844691.009   845868.001   850868.018   851287.003   851293.016
   700:   851343.026   851476.005   851887.009   854006.001   858743.003
   705:   858748.023   858748.021   858798.001   858827.003   859766.005
   710:   859776.009   859788.005   859892.009   868749.013   868749.011
   715:   869347.001   873868.003   873873.023   873873.021   873889.001
   720:   873964.003   874556.005   874745.009   883874.013   883874.011
   725:   884294.001   889294.018   889812.003   889818.016   889860.001
   730:   889868.026   889876.003   889881.023   889881.021   890071.005
   735:   890709.009   895546.005   895579.009   899882.013   899882.011
   740:   900243.001   905243.018   907888.003   907894.016   907944.026
   745:   908083.005   908488.009   908970.001   909038.003   909043.023
   750:   909043.021   919044.013   919044.011   919754.001   923806.003
   755:   923811.023   923811.021   923842.001   923909.003   933812.013
   760:   933812.011   933813.061   933814.061   933815.061   933816.061
   765:   933817.061
B:
     0:        0.000      109.000        0.000      109.000        0.000
     5:      106.000        0.000        0.000        0.000      106.000
    10:        0.000       30.000        0.000       30.000        0.000
    15:        0.000       71.000        0.000       71.000        0.000
    20:        0.000       29.000        0.000       29.000        0.000
    25:        0.000       71.000        0.000        0.000        0.000
    30:        0.000
D:
     0:   926663.000   922612.000   926664.000
E:
     0:     5000.000     5000.000
T:
     0:        0.000        0.000        0.000        0.000
W:
     0:        0.000        0.000        0.000
