File: C:\MED-PC IV\Data\Reyes\BB\BB5113.999


Start Date: 08/07/25
End Date: 08/07/25
Subject: 113
Experiment: BB
Group: 20_LONG
Box: 3
Start Time: 16:07:40
End Time: 16:37:49
MSN: DRRD_timeout_retract
C:       0.000
F:       1.000
G:       0.000
H:       0.000
I:       0.000
J:       0.000
K:   10000.000
L:       0.000
M:       0.000
N:     100.000
O:       0.000
P:   10000.000
Q:       0.000
R:       0.000
S:       0.000
U:    2350.000
V:       0.000
X:       0.000
Y:    1175.000
Z:       0.000
A:
     0:     3421.005     3551.009     3930.005     4039.009    15000.013
     5:    15000.011    15399.001    19723.003    19728.023    19728.021
    10:    19845.005    20606.009    23962.005    24051.009    28342.005
    15:    28380.009    28427.005    28475.009    29729.013    29729.011
    20:    29966.001    30282.003    30287.023    30287.021    30313.001
    25:    30992.003    34077.005    34095.009    34116.005    34443.009
    30:    34571.005    34601.009    34693.005    34759.009    39803.005
    35:    39899.009    40005.005    40041.009    40288.013    40288.011
    40:    40417.005    40433.009    40455.005    40491.009    40547.005
    45:    40662.009    41149.001    46149.018    46924.003    46930.016
    50:    46980.026    47092.005    47601.009    48127.001    53127.018
    55:    53920.003    53926.016    53976.026    54113.005    54688.009
    60:    55263.001    60263.018    60820.003    60826.016    60876.026
    65:    61035.005    61682.009    61722.005    61759.009    62405.001
    70:    67405.018    67451.003    67457.016    67507.026    67644.005
    75:    68065.009    68499.001    73499.018    74672.003    74678.016
    80:    74728.026    74926.001    75091.003    75096.023    75096.021
    85:    75163.005    75704.009    76647.005    76948.009    84749.005
    90:    84847.009    84971.005    85097.013    85097.011    85108.009
    95:    85582.001    85966.003    85971.023    85971.021    86011.001
   100:    86522.003    89136.005    89494.009    89578.005    89672.009
   105:    89747.005    89869.009    89999.005    90078.009    94241.005
   110:    94272.009    94287.005    94317.009    94358.005    94468.009
   115:    94594.005    94715.009    95972.013    95972.011    96072.001
   120:    96093.003    96098.023    96098.021    96174.001    96399.003
   125:   102913.005   102991.009   103034.005   103411.009   103584.005
   130:   103686.009   104820.005   104935.009   106099.013   106099.011
   135:   106495.001   111495.018   112061.003   112067.016   112117.026
   140:   112214.005   112593.009   112933.001   117933.018   117985.003
   145:   117991.016   118041.026   118141.005   118797.009   119672.001
   150:   124672.018   125720.003   125726.016   125776.026   125828.005
   155:   126327.009   126722.001   131722.018   132785.003   132791.016
   160:   132841.026   132934.005   133243.009   133617.001   138617.018
   165:   139873.003   139879.016   139929.026   140018.005   140349.009
   170:   140366.005   140375.009   140644.001   142379.003   142384.023
   175:   142384.021   142410.001   142467.003   142472.001   142518.003
   180:   150942.005   150961.009   150977.005   151182.009   152385.013
   185:   152385.011   152530.001   157530.018   158861.003   158867.016
   190:   158917.026   159043.005   159309.009   159566.001   164566.018
   195:   164956.003   164962.016   165012.026   165140.005   165827.009
   200:   166774.001   166957.003   166962.023   166962.021   167528.005
   205:   167539.009   167545.005   167653.009   176041.005   176255.009
   210:   176269.005   176294.009   176307.005   176329.009   176346.005
   215:   176371.009   176963.013   176963.011   177201.001   182201.018
   220:   183040.003   183046.016   183096.026   183222.005   183233.009
   225:   183235.005   183552.009   183908.001   184536.003   184541.023
   230:   184541.021   184564.001   184614.003   184648.001   184665.003
   235:   185223.005   185294.009   185336.005   185485.009   193517.005
   240:   193678.009   193761.005   193965.009   194542.013   194542.011
   245:   194740.001   199740.018   201243.003   201249.016   201299.026
   250:   201375.005   201728.009   201743.005   201749.009   201751.005
   255:   201758.009   202062.001   207062.018   208086.003   208092.016
   260:   208142.026   208250.005   208572.009   208622.005   208629.009
   265:   209082.001   214082.018   215503.003   215509.016   215559.026
   270:   215685.005   216205.009   216656.001   221656.018   222583.003
   275:   222589.016   222639.026   222873.005   223269.009   223830.001
   280:   228830.018   230466.003   230472.016   230522.026   230670.005
   285:   231206.009   232009.001   237009.018   237983.003   237989.016
   290:   238039.026   238224.005   238616.009   238624.005   238699.009
   295:   239645.001   239715.003   239720.023   239720.021   240534.005
   300:   240615.009   249721.013   249721.011   250431.001   250804.003
   305:   250809.023   250809.021   250815.001   250884.003   258236.005
   310:   258505.009   258532.005   258765.009   258967.005   258992.009
   315:   260810.013   260810.011   261061.001   266061.018   266983.003
   320:   266989.016   267039.026   267150.005   267452.009   267453.005
   325:   267576.009   268077.001   268182.003   268187.023   268187.021
   330:   268209.001   268622.003   270960.005   270975.009   270984.005
   335:   271036.009   271133.005   271247.009   271304.005   271397.009
   340:   271525.005   271555.009   271560.005   271622.009   272172.005
   345:   272303.009   272304.005   272344.009   272711.005   272733.009
   350:   272752.005   272841.009   276597.005   276727.009   277471.005
   355:   277551.009   277599.005   277759.009   277814.005   278107.009
   360:   278188.013   278188.011   278198.005   278405.009   278418.005
   365:   278664.009   279001.001   284001.018   284848.003   284854.016
   370:   284904.026   285011.005   285339.009   285344.005   285378.009
   375:   285671.001   290671.018   293736.003   293742.016   293792.026
   380:   293896.005   294163.009   294507.001   299507.018   300938.003
   385:   300944.016   300994.026   301132.005   301822.009   301846.005
   390:   301917.009   302747.001   307747.018   309161.003   309167.016
   395:   309217.026   309324.005   309700.009   310141.001   315141.018
   400:   316632.003   316638.016   316688.026   316844.005   317181.009
   405:   317849.001   322849.018   325626.003   325632.016   325682.026
   410:   325778.005   326203.009   326765.001   327815.003   327820.023
   415:   327820.021   327844.001   328183.003   336582.005   337065.009
   420:   337109.005   337147.009   337165.005   337290.009   337821.013
   425:   337821.011   337954.001   338217.003   338222.023   338222.021
   430:   338239.001   338520.003   344983.005   345528.009   345596.005
   435:   345801.009   345819.005   345826.009   346019.005   346043.009
   440:   346072.005   346180.009   346783.005   346815.009   346906.005
   445:   346945.009   347010.005   347218.009   348223.013   348223.011
   450:   348427.001   353427.018   354653.003   354659.016   354709.026
   455:   354820.005   355168.009   355201.005   355209.009   355517.001
   460:   360517.018   362930.003   362936.016   362986.026   363080.005
   465:   363375.009   363802.001   368802.018   371577.003   371583.016
   470:   371633.026   371679.005   372051.009   372839.001   377839.018
   475:   382506.003   382512.016   382562.026   382685.005   383155.009
   480:   383190.005   383221.009   384090.001   389090.018   390461.003
   485:   390467.016   390517.026   390625.005   391097.009   391120.005
   490:   391145.009   391783.001   396783.018   398211.003   398217.016
   495:   398267.026   398364.005   398954.009   398964.005   398995.009
   500:   399553.001   404184.003   404189.023   404189.021   404228.001
   505:   404311.003   406878.005   407158.009   407284.005   407445.009
   510:   407996.005   408087.009   408160.005   408367.009   408434.005
   515:   408550.009   414190.013   414190.011   414217.005   414320.009
   520:   414797.001   415504.003   415509.023   415509.021   415552.001
   525:   415912.003   416157.005   416270.009   425510.013   425510.011
   530:   425634.001   425669.003   425674.023   425674.021   426314.005
   535:   426754.009   430110.005   430141.009   432966.005   433141.009
   540:   433212.005   433273.009   433321.005   433430.009   434223.005
   545:   434329.009   434346.005   434368.009   434563.005   434638.009
   550:   435675.013   435675.011   435796.001   435826.003   435831.023
   555:   435831.021   435835.001   436214.003   437844.005   437875.009
   560:   437894.005   437909.009   437918.005   438121.009   438196.005
   565:   438228.009   438271.005   438345.009   438420.005   438584.009
   570:   438909.005   438986.009   439013.005   439141.009   442505.005
   575:   442662.009   442754.005   442791.009   442829.005   442985.009
   580:   443048.005   443298.009   443398.005   443430.009   443618.005
   585:   443688.009   444808.005   444868.009   445832.013   445832.011
   590:   446174.001   446323.003   446328.023   446328.021   446371.001
   595:   446676.003   453140.005   453242.009   453469.005   453496.009
   600:   453599.005   453614.009   454196.005   454328.009   454332.005
   605:   454385.009   455075.005   455130.009   455139.005   455156.009
   610:   455182.005   455199.009   456329.013   456329.011   456447.001
   615:   461447.018   462189.003   462195.016   462245.026   462306.005
   620:   462697.009   463302.001   468302.018   470317.003   470323.016
   625:   470373.026   470427.005   470957.009   471299.001   472525.003
   630:   472530.023   472530.021   472537.001   472923.003   473131.005
   635:   473236.009   482531.013   482531.011   482718.001   483432.003
   640:   483437.023   483437.021   483454.001   483880.003   489220.005
   645:   489306.009   489316.005   489338.009   489339.005   489474.009
   650:   489539.005   489728.009   492488.005   492531.009   492647.005
   655:   492689.009   492760.005   493229.009   493236.005   493243.009
   660:   493253.005   493266.009   493438.013   493438.011   493770.001
   665:   498770.018   500665.003   500671.016   500721.026   500789.005
   670:   501114.009   501608.001   506608.018   506786.003   506792.016
   675:   506842.026   506927.005   507258.009   507642.001   512642.018
   680:   513341.003   513347.016   513397.026   513474.005   513849.009
   685:   513862.005   513922.009   513941.005   513948.009   514630.001
   690:   518973.003   518978.023   518978.021   519538.005   520314.009
   695:   528576.005   528824.009   528926.005   528957.009   528979.013
   700:   528979.011   529037.005   529192.009   529858.001   534858.018
   705:   536498.003   536504.016   536554.026   536648.005   537104.009
   710:   537136.005   537144.009   537953.001   542953.018   544307.003
   715:   544313.016   544363.026   544492.005   545274.009   546027.001
   720:   551027.018   551642.003   551648.016   551698.026   551754.005
   725:   552135.009   552142.005   552240.009   552780.001   557780.018
   730:   558659.003   558665.016   558715.026   558838.005   559316.009
   735:   560130.001   565130.018   566147.003   566153.016   566203.026
   740:   566347.005   566880.009   566921.005   566947.009   567707.001
   745:   572153.003   572158.023   572158.021   573166.005   573216.009
   750:   573235.005   573254.009   576052.005   576064.009   576085.005
   755:   576499.009   576756.005   576927.009   577570.005   577622.009
   760:   577825.005   577867.009   581150.005   581258.009   581313.005
   765:   581477.009   581598.005   581715.009   581796.005   581940.009
   770:   581983.005   582011.009   582159.013   582159.011   582596.001
   775:   583084.003   583089.023   583089.021   583100.001   583476.003
   780:   589137.005   589445.009   589827.005   589862.009   589946.005
   785:   590362.009   590455.005   590475.009   590511.005   590556.009
   790:   593090.013   593090.011   593326.001   598326.018   598848.003
   795:   598854.016   598904.026   598971.005   599445.009   599447.005
   800:   599550.009   600165.001   605165.018   605522.003   605528.016
   805:   605578.026   605645.005   605900.009   605907.005   606010.009
   810:   606954.001   611743.003   611748.023   611748.021   611896.005
   815:   612121.009   612417.005   612465.009   620696.005   620782.009
   820:   621181.005   621245.009   621390.005   621489.009   621749.013
   825:   621749.011   622397.005   622493.009   622844.001   627844.018
   830:   630279.003   630285.016   630335.026   630418.005   630945.009
   835:   631799.001   636799.018   636981.003   636987.016   637037.026
   840:   637111.005   637433.009   638245.001   643245.018   644111.003
   845:   644117.016   644167.026   644307.005   644964.009   645007.005
   850:   645030.009   646141.001   651141.018   651273.003   651279.016
   855:   651329.026   651476.005   651983.009   652081.005   652104.009
   860:   652754.001   656650.003   656655.023   656655.021   656790.005
   865:   656885.009   656907.005   657274.009   657283.005   657298.009
   870:   665771.005   665936.009   666656.013   666656.011   667157.001
   875:   667253.003   667258.023   667258.021   667275.001   667431.003
   880:   674901.005   675092.009   675144.005   675231.009   675381.005
   885:   675456.009   675911.005   675954.009   676022.005   676067.009
   890:   677259.013   677259.011   677496.001   682496.018   683255.003
   895:   683261.016   683311.026   683378.005   683750.009   684091.001
   900:   689091.018   690453.003   690459.016   690509.026   690581.005
   905:   691098.009   691115.005   691174.009   692191.001   697191.018
   910:   697396.003   697402.016   697452.026   697540.005   697919.009
   915:   697949.005   697956.009   698953.001   703953.018   704018.003
   920:   704024.016   704074.026   704194.005   704643.009   704654.005
   925:   704702.009   704713.005   704779.009   705581.001   710581.018
   930:   711047.003   711053.016   711103.026   711245.005   711943.009
   935:   711962.005   712035.009   713015.001   718015.018   718519.003
   940:   718525.016   718575.026   718713.005   719680.009   719749.005
   945:   719866.009   719867.005   719909.009   720035.005   720074.009
   950:   721150.001   726150.018   726515.003   726521.016   726571.026
   955:   726732.005   727558.009   727637.005   727671.009   728243.001
   960:   733243.018   733544.003   733550.016   733600.026   733690.005
   965:   734297.009   735103.001   740103.018   741239.003   741245.016
   970:   741295.026   741351.005   741794.009   742296.001   747296.018
   975:   748275.003   748281.016   748331.026   748406.005   748962.009
   980:   749668.001   754668.018   756121.003   756127.016   756177.026
   985:   756216.005   756757.009   756779.005   756789.009   756796.005
   990:   756873.009   757638.001   762638.018   762838.003   762844.016
   995:   762894.026   762977.005   763537.009   764293.001   769127.003
  1000:   769132.023   769132.021   778907.005   779036.009   779112.005
  1005:   779133.013   779133.011   779277.009   779653.001   784653.018
  1010:   785004.003   785010.016   785060.026   785187.005   785619.009
  1015:   786307.001   791025.003   791030.023   791030.021   791623.005
  1020:   791782.009   798590.005   798612.009   798614.005   798889.009
  1025:   798936.005   799050.009   799177.005   799327.009   801031.013
  1030:   801031.011   801366.001   805793.003   805798.023   805798.021
  1035:   805906.005   806356.009   806380.005   806628.009   810824.005
  1040:   810858.009   810873.005   811067.009   811205.005   811443.009
  1045:   812176.005   812210.009   814544.005   814636.009   814726.005
  1050:   814873.009   815002.005   815133.009   815799.013   815799.011
  1055:   815914.001   820914.018   821362.003   821368.016   821418.026
  1060:   821577.005   821939.009   821940.005   821984.009   822567.001
  1065:   827567.018   827685.003   827691.016   827741.026   827868.005
  1070:   828266.009   829006.001   834006.018   835617.003   835623.016
  1075:   835673.026   835742.005   836105.009   836990.001   841024.003
  1080:   841029.023   841029.021   841615.005   841821.009   841840.005
  1085:   841869.009   841901.005   841918.009   848802.005   849049.009
  1090:   849251.005   849368.009   851030.013   851030.011   851138.001
  1095:   856138.018   857713.003   857719.016   857769.026   857833.005
  1100:   858222.009   858613.001   863613.018   864378.003   864384.016
  1105:   864434.026   864486.005   864885.009   865274.001   870274.018
  1110:   870478.003   870484.016   870534.026   870605.005   871651.009
  1115:   872380.001   876653.003   876658.023   876658.021   877257.005
  1120:   877316.009   883272.005   883300.009   883313.005   883363.009
  1125:   885697.005   885849.009   885917.005   885927.009   886020.005
  1130:   886146.009   886215.005   886247.009   886284.005   886310.009
  1135:   886397.005   886659.013   886659.011   886666.009   886723.005
  1140:   886894.009   886919.005   887148.009   887801.001   888829.003
  1145:   888834.023   888834.021   888842.001   889180.003   889836.005
  1150:   890063.009   896996.005   897268.009   897338.005   897396.009
  1155:   897471.005   897762.009   897827.005   897850.009   897894.005
  1160:   897932.009   898216.005   898375.009   898835.013   898835.011
  1165:   899223.001   904223.018   904273.003   904279.016   904329.026
  1170:   904331.061   904332.061   904333.061   904334.061   904335.061
B:
     0:        0.000      120.000        0.000      120.000        0.000
     5:      298.000        0.000        0.000        0.000      298.000
    10:        0.000       33.000        0.000       33.000        0.000
    15:        0.000       68.000        0.000       68.000        0.000
    20:        0.000       32.000        0.000       32.000        0.000
    25:        0.000       68.000        0.000        0.000        0.000
    30:        0.000
D:
     0:   906622.000   901573.000   906623.000
E:
     0:     5000.000     5000.000
T:
     0:        0.000        0.000        0.000        0.000
W:
     0:        0.000        0.000        0.000
