File: C:\MED-PC IV\Data\Reyes\BB\BB7109.999


Start Date: 08/12/25
End Date: 08/12/25
Subject: 109
Experiment: BB
Group: NO_TIMEOUT_RET
Box: 5
Start Time: 14:40:48
End Time: 15:30:48
MSN: DRRD_lin
C:       0.000
F:       0.000
G:       0.000
H:       0.000
I:       0.000
J:       0.000
K:    3000.000
L:       0.000
M:       0.000
N:       0.000
O:       0.000
P:       0.000
Q:       0.000
R:       0.000
S:       0.000
U:   49154.000
V:       0.000
X:       0.000
Y:     456.000
Z:       0.000
A:
     0:      616.005      638.009    15000.013    15000.011    15262.001
     5:    16252.003    16545.005    16769.009    17227.001    18727.018
    10:    18736.003    18742.016    18792.026    19985.005    20064.009
    15:    20100.005    20789.009    24763.005    24893.009    28151.001
    20:    28599.003    29356.005    29390.009    29404.005    29495.009
    25:    29531.005    29555.009    30833.001    31270.003    57528.001
    30:    58763.003    58843.001    58886.003    59393.001    60893.018
    35:    62228.003    62234.016    62284.026    62563.005    65299.009
    40:    67602.001    68574.003    71194.005    71222.009    71243.005
    45:    71271.009    71821.001    73321.018    74620.003    74626.016
    50:    74676.026    74776.005    77301.009    77496.005    77513.009
    55:    77577.005    77593.009    79362.001    80146.003    80840.001
    60:    81223.003    81469.005    81482.009    81501.005    81620.009
    65:    85580.005    85599.009    87101.001    88601.018    89225.003
    70:    89231.016    89281.026    89557.005    92298.009    99428.001
    75:    99920.003    99994.001   100203.003   100613.001   102113.018
    80:   102489.003   102495.016   102545.026   102613.005   103604.009
    85:   103766.005   103806.009   105372.001   106872.018   106997.003
    90:   107003.016   107053.026   107126.005   108589.009   111507.001
    95:   112022.003   112047.005   112583.009   114247.001   114594.003
   100:   114645.005   115142.009   115903.001   117403.018   118028.003
   105:   118034.016   118084.026   118394.005   119098.009   119334.005
   110:   119419.009   122838.001   123061.003   123277.005   123325.009
   115:   123731.001   125231.018   126131.003   126137.016   126187.026
   120:   126482.005   126996.009   127030.005   127036.009   127054.005
   125:   127060.009   129843.001   130412.003   130829.005   130944.009
   130:   131320.001   132820.018   133138.003   133144.016   133194.026
   135:   133425.005   134192.009   135111.001   136556.003   151324.001
   140:   151632.003   152649.001   154059.003   156253.001   157753.018
   145:   159732.003   159738.016   159788.026   159868.005   160386.009
   150:   160536.005   160573.009   160660.005   161010.009   162281.001
   155:   163781.018   165901.003   165907.016   165955.001   165957.026
   160:   165989.003   166037.005   166363.009   167357.001   168857.018
   165:   170033.003   170039.016   170089.026   170258.005   170310.009
   170:   170346.005   171333.009   174515.001   176015.018   177494.003
   175:   177500.016   177550.026   177805.005   178170.009   178207.005
   180:   178224.009   178313.005   178365.009   178378.005   178396.009
   185:   178469.005   179316.009   179348.005   179359.009   181300.001
   190:   182800.018   183894.003   183900.016   183950.026   183952.017
   195:   184265.005   184962.009   192227.001   193977.018   196419.003
   200:   196425.016   196475.026   196763.005   197192.009   198051.001
   205:   199801.018   201905.003   201911.016   201961.026   202147.005
   210:   202526.009   202560.005   202568.009   202587.005   202593.009
   215:   202629.005   202636.009   203174.001   204924.018   205849.003
   220:   205855.016   205905.026   205907.017   206180.005   206713.009
   225:   207718.005   207742.009   207783.005   207914.009   208491.001
   230:   210491.018   212079.003   212085.016   212135.026   212302.005
   235:   212747.009   212796.005   212837.009   213050.005   213496.009
   240:   213514.005   213524.009   215433.001   217433.018   218873.003
   245:   218879.016   218929.026   219114.005   219322.009   221442.001
   250:   222498.003   223228.005   223263.009   223288.005   223343.009
   255:   268901.001   269176.003   269302.001   271067.003   271909.001
   260:   273902.003   274534.001   276534.018   276748.003   276754.016
   265:   276804.026   277053.005   277407.009   278914.005   279178.009
   270:   280371.001   280962.003   282349.001   284349.018   285790.003
   275:   285796.016   285846.026   286131.005   286694.009   289081.001
   280:   291081.018   291203.003   291209.016   291259.026   291568.005
   285:   292852.009   295984.001   297984.018   300068.003   300074.016
   290:   300124.026   300126.017   300386.005   301493.009   302430.001
   295:   304680.018   305528.003   305534.016   305584.026   305813.005
   300:   306370.009   306387.005   306553.009   306697.005   306791.009
   305:   306928.005   306975.009   307498.005   307502.009   309164.001
   310:   311414.018   314112.003   314118.016   314168.026   314390.005
   315:   315187.009   317594.001   319844.018   320716.003   320722.016
   320:   320772.026   320774.017   321038.005   321540.009   321579.005
   325:   321602.009   321661.005   321666.009   321688.005   321698.009
   330:   321808.005   322035.009   322046.005   322069.009   322234.005
   335:   322238.009   323642.001   326142.018   326343.003   326349.016
   340:   326399.026   326680.005   327591.009   327634.005   327727.009
   345:   327731.005   327755.009   327758.005   327968.009   328053.005
   350:   328060.009   329655.001   332155.018   332793.003   332799.016
   355:   332849.026   333158.005   333784.009   340020.005   340084.009
   360:   340106.005   340167.009   341929.001   344429.018   345804.003
   365:   345810.016   345860.026   345862.017   346183.005   346674.009
   370:   346729.005   346860.009   352218.001   354968.018   355901.003
   375:   355907.016   355957.026   356236.005   356677.009   358687.005
   380:   358772.009   360064.001   362814.018   364152.003   364158.016
   385:   364208.026   364487.005   364873.009   366280.001   369030.018
   390:   370078.003   370084.016   370134.026   370136.017   370400.005
   395:   371046.009   371083.005   371098.009   371103.005   371255.009
   400:   371316.005   371340.009   377062.001   380062.018   381638.003
   405:   381644.016   381694.026   382138.005   382543.009   383637.005
   410:   383677.009   411780.005   411860.009   414868.001   416639.003
   415:   418504.001   421504.018   422952.003   422958.016   423008.026
   420:   423070.001   423133.003   423226.005   423852.009   423913.005
   425:   424162.009   429233.001   432233.018   432553.003   432559.016
   430:   432609.026   432838.005   433260.009   448676.005   448711.009
   435:   448721.005   448757.009   463138.005   463239.009   558496.005
   440:   558539.009   950893.005   951861.009  1377698.005  1377786.009
   445:  1377812.005  1378379.009  1467707.005  1467927.009  1493577.005
   450:  1493606.009  1495304.001  1496171.003  1496219.001  1496460.003
   455:  1498551.001
B:
     0:        0.000       63.000        0.000       62.000        0.000
     5:      109.000        0.000        0.000        0.000      109.000
    10:        0.000        1.000        0.000        1.000        0.000
    15:        0.000       35.000        6.000       35.000        0.000
    20:        0.000        0.000        0.000        0.000        0.000
    25:        0.000       35.000        0.000        0.000        0.000
    30:        0.000
D:
     0:  1549159.000  1547705.000  1545614.000
E:
     0:     1500.000     3000.000
T:
     0:        0.000        0.000        0.000        0.000
W:
     0:        2.000        0.000        0.000
